# This file has been produced by extranormal (v 1.0.1 - February 23, 2017)
# O. Roudenko - Synchrotron SOLEIL. Covered by GPL licence.
#Data from HDF File: /nfs/ruche-rock/rock-soleil/com-rock/2021/Projets/20210209_Hilde/InSitu/10Ni-10Fe_50BN/10Ni-10Fe_50BN_RWGS750_CO2pulses_H2cst_ratio1/10Ni-10Fe_50BN_RWGS750_CO2pulses_H2cst_ratio1_01133.nxs to 10Ni-10Fe_50BN_RWGS750_CO2pulses_H2cst_ratio1_01134.nxs
#Time at start=2021-02-10 14:42:38.997
#Time from start (seconds)=5664.47850246
#Sample temperature (C)=25.0
# Normalization -------------
# pivot spectrum: Pivot_Fe_10Ni-10Fe_50BN_RT_air_av2000_00001.txt
# E0=7112.0   Eshift=1.54113779477
# E0_pivot = 7112.0
# pre-edge params: from E0_pivot-140.0 to E0_pivot-20.0
# pre-edge range: [6972.0, 7092.0]
# post-edge params: from E0_pivot+100.0 to E0_pivot+1140.0
# post-edge range: [7212.0, 8250.0]
# I jump at E0_pivot = 1.24800007698
# shifted energy	normalized	reference	ref.derivative	I0
        6970  0.001449739     1.678512 -0.002607181     18813.76
        6972  0.001449739     1.678512 -0.002607181     18813.76
        6974  0.001314429     1.673222 -0.002564905     18822.46
        6976   0.00151173     1.668376 -0.001854483     18830.38
        6978  0.001658832     1.666327 -0.001038939     18835.56
        6980  0.001311253     1.663676 -4.656231e-05     18847.96
        6982 0.0008489341     1.664911 -0.0008188726     18856.27
        6984 0.0004274445     1.668004 -0.001909101     18863.11
        6986 0.0007777527     1.659776 -0.002443654     18871.43
        6988 0.0005809968     1.648404 -0.002970718     18876.27
        6990  0.000271097     1.645362 -0.001592186      18882.8
        6992 0.0004616109     1.644238 -0.0007479487     18891.42
        6994 0.0003045376     1.647039 -0.001144375     18900.34
        6996 0.0005179091      1.64242   -0.0012768     18911.94
        6998 0.0001490868     1.636207 -0.001763905     18920.09
        7000 0.0002455054     1.634024 -0.002112047     18928.73
        7002 9.144997e-05     1.632928 -0.001367985     18936.11
        7004 0.0001908848     1.625524 -0.001803274      18944.9
        7006 -0.0001476334     1.625263 -0.002043892      18951.3
        7008 -0.000421244     1.619598 -0.001131169     18958.04
        7010 -0.0004505396     1.616577 -0.001270086     18964.71
        7012 -0.0007040683     1.616474 -0.001070685     18973.78
        7014 -0.0005544323     1.615102 -0.001712559     18982.72
        7016 -0.0004473248     1.611032  -0.00167519     18991.14
        7018 -0.0008914992     1.602876 -0.001749035     18996.53
        7020 -0.001085543     1.603073 -0.001391721     19007.32
        7022 -0.0004750834      1.60111 -0.001303136     19016.26
        7024 -0.0007177357     1.599898 -0.002042416     19024.22
        7026 -0.0006138908     1.592451 -0.001682895     19031.65
        7028 -0.000965429     1.586733 -0.002022666      19039.7
        7030  -0.00108945     1.587647 -0.001383764     19047.74
        7032 -0.0008876636     1.583717 -0.0009590466     19052.85
        7034 -0.0009882131     1.581381 -0.001090335      19060.9
        7036 -0.001071689     1.579061 -0.000889204     19066.56
        7038 -0.0009336265     1.578924 -0.001057933     19073.32
        7040 -0.001187338     1.576603 -0.001709271     19082.49
        7042 -0.0008387826     1.572917 -0.001824577     19093.98
        7044  -0.00124406     1.565387 -0.001889887     19105.31
        7046 -0.001150929     1.564327 -0.002266822     19111.51
        7048 -0.001197563     1.561484 -0.001501401     19117.55
        7050 -0.0007431005     1.554783 -0.001601138     19127.45
        7052 -0.0002885345     1.553376 -0.001467083     19138.72
        7054 -0.0004699528     1.551518 -0.001563358     19144.67
        7056 -0.0004556417     1.549748 -0.001601808     19151.28
        7058 -0.0008430244     1.542276 -0.002000748     19159.45
        7060 -0.0006326426     1.540561 -0.002136077      19165.9
        7062 -0.0008196851     1.535512 -0.001219969     19175.31
        7064 -0.0002640827     1.532659 -0.001841535     19182.24
        7066 9.304035e-05     1.532516 -0.0005456571     19190.73
        7068 -0.0001206417     1.525829 -0.0006487805      19196.2
        7070 -8.449698e-05     1.531147 -0.001369057      19203.4
        7072 -6.173182e-05     1.527469 -0.0006388915     19212.76
        7074 4.750287e-05     1.521564  -0.00209274     19218.29
        7076 0.0002043949     1.520718 -0.001181184     19229.58
        7078 0.0009581405     1.514405 -0.001138085     19234.94
        7080 0.0008308362     1.518019 -0.001596547     19245.43
        7082 0.0006490624     1.512459 -0.0007973338     19250.72
        7084  0.001502249     1.507945 -0.001643751     19259.21
        7086  0.001732789     1.508026 -0.001745536     19267.03
        7088  0.001552053     1.504869 -0.001128068     19269.43
        7090  0.002279646     1.498495 -0.001326981     19280.21
        7092  0.002761807     1.498921 -0.001328139     19289.69
        7094  0.003311295     1.497411 -0.0006921221     19295.97
        7096  0.004149772     1.494244 -0.0007007161     19303.89
        7098  0.005142615     1.492958 -0.0001886407     19313.46
        7100  0.005875369     1.493315 0.0005871758     19321.34
      7100.2   0.00603015     1.493569 0.0006575455     19322.21
      7100.4  0.006184931     1.493823 0.0007279152     19323.07
      7100.6  0.006339712     1.494077 0.0007982848     19323.94
      7100.8  0.006494493     1.494331 0.0008686545      19324.8
        7101  0.006649274     1.494585 0.0009390242     19325.66
      7101.2  0.006804055     1.494839  0.001009394     19326.53
      7101.4  0.006958836     1.495093  0.001079764     19327.39
      7101.6  0.007001456     1.495854  0.001505026     19327.92
      7101.8  0.006814164     1.497467  0.002739999     19327.67
        7102   0.00679976     1.498287  0.001796288     19327.19
      7102.2  0.007012826     1.498728 -0.004057643     19327.36
      7102.4  0.007392483     1.497291 -0.008896019     19330.04
      7102.6  0.007817809     1.494221 -0.009751897     19330.64
      7102.8   0.00790724      1.49117 -0.005725291     19329.96
        7103  0.008089335     1.490926 -0.001139077      19331.5
      7103.2  0.008416227      1.49271  0.003130913     19334.09
      7103.4  0.008552656     1.493309  0.003290072     19334.24
      7103.6   0.00864926     1.493674 0.0002123553     19336.15
      7103.8  0.008610408     1.493558 -0.001599153      19334.9
        7104  0.008692185      1.49288 -0.003025737     19335.34
      7104.2  0.008800294      1.49203 0.0002050338     19337.56
      7104.4  0.009200613     1.491254 0.0006717594      19337.6
      7104.6  0.009541064     1.493722  0.003232718     19337.28
      7104.8  0.009762376     1.493418  0.003511792     19337.96
        7105  0.009880012     1.494616 -0.002983379     19339.26
      7105.2  0.009722846     1.494063 -0.002189239     19341.09
      7105.4  0.009889898     1.491336 -0.0005885122      19343.6
      7105.6   0.01038034     1.491666  0.001017824     19345.15
      7105.8   0.01090903     1.494145  0.005090714     19345.83
        7106   0.01125706     1.494878  0.003700157     19346.69
      7106.2   0.01156362     1.495408 -4.379964e-05     19347.51
      7106.4   0.01180788     1.494626 0.0009080945     19346.41
      7106.6    0.0121789      1.49411 -0.0005041837     19346.33
      7106.8   0.01243346     1.495604 -0.004243834     19347.29
        7107   0.01272075     1.495005 -0.002148179     19348.18
      7107.2    0.0131145     1.491231  0.001768552     19349.37
      7107.4   0.01353792     1.492392  0.003002442     19352.13
      7107.6   0.01400198     1.497019  0.006964387     19352.93
      7107.8   0.01457545     1.497407  0.006438249     19353.39
        7108   0.01510227     1.496803 -7.975314e-05     19354.22
      7108.2   0.01561154     1.497542  0.002306268     19354.23
      7108.4   0.01614359     1.496955  0.009076919     19354.16
      7108.6   0.01664859     1.499252   0.01809057     19355.13
      7108.8   0.01739495     1.504064   0.03119612     19357.04
        7109   0.01835596     1.512015   0.03454808     19357.71
      7109.2   0.01948401     1.521912   0.03058349     19357.04
      7109.4   0.02063093      1.52689   0.02380419     19356.03
      7109.6   0.02160318     1.528531   0.01669783      19356.4
      7109.8   0.02258741     1.531058   0.01465397     19355.37
        7110   0.02377661      1.53527   0.02027096     19354.14
      7110.2   0.02522031     1.538613   0.02923841     19354.85
      7110.4   0.02707296     1.544748   0.03720893     19353.47
      7110.6    0.0296267     1.554449    0.0497388     19353.16
      7110.8   0.03275035     1.565037   0.06645032     19352.46
        7111    0.0369178     1.578404   0.09278319     19352.23
      7111.2   0.04190992     1.597908    0.1231907     19350.79
      7111.4   0.04767215     1.628676    0.1480665     19348.88
      7111.6   0.05472789      1.66359    0.1643958      19346.2
      7111.8   0.06333724     1.696858     0.166474     19345.18
        7112   0.07312341     1.729425    0.1646733     19346.11
      7112.2   0.08256634     1.761855    0.1573849     19344.51
      7112.4   0.09159462     1.795329    0.1454154     19343.77
      7112.6    0.1002322     1.822766    0.1336071     19341.89
      7112.8    0.1085402     1.845757    0.1281981     19338.89
        7113    0.1163292      1.86874     0.122714     19337.67
      7113.2    0.1234939     1.897887    0.1099128     19334.74
      7113.4    0.1302436     1.920937    0.1004823      19333.8
      7113.6    0.1363424     1.933688   0.08051528     19334.73
      7113.8    0.1416659     1.949126   0.07370945     19332.66
        7114    0.1467795     1.962299   0.07939346     19335.29
      7114.2    0.1518842     1.979904   0.07528564     19337.56
      7114.4    0.1562858     1.997202   0.06864841     19338.63
      7114.6     0.159846     2.009355   0.05161229     19337.09
      7114.8    0.1628827     2.017218   0.03548018     19339.14
        7115    0.1653614     2.021194   0.02861858     19336.58
      7115.2     0.167401     2.025586   0.03065832     19335.23
      7115.4    0.1694103      2.03225   0.03162473     19336.27
      7115.6    0.1717558     2.041745   0.03498755     19336.96
      7115.8    0.1743588     2.046494   0.03723897     19338.23
        7116    0.1775536     2.053576   0.03074221     19340.88
      7116.2    0.1811408     2.062041   0.03389838     19339.48
      7116.4    0.1856342     2.066338   0.03187464      19339.6
      7116.6    0.1911691     2.073613   0.02114808     19340.99
      7116.8    0.1975374     2.079076   0.02674246     19340.11
        7117    0.2047207     2.078959   0.02971748     19338.75
      7117.2    0.2127929     2.087732   0.03562449      19338.3
      7117.4    0.2220224     2.097387   0.05518372     19338.71
      7117.6    0.2324627     2.107576   0.06376036     19339.51
      7117.8     0.243813     2.123106   0.07605698     19340.65
        7118    0.2565856     2.138741    0.0892831     19340.61
      7118.2    0.2710657     2.158232   0.09251094     19339.51
      7118.4    0.2869977     2.179002    0.1021559     19340.21
      7118.6    0.3044441     2.197115    0.1056992     19340.44
      7118.8    0.3229415     2.220465    0.1059799     19337.16
        7119    0.3429917     2.242792    0.1130442     19336.18
      7119.2    0.3650697     2.263786    0.1112477     19337.55
      7119.4    0.3885056      2.28755     0.113764     19337.65
      7119.6    0.4128625     2.309464     0.116824        19338
      7119.8    0.4376439     2.333803    0.1146609     19337.29
        7120     0.462803     2.357245    0.1205228     19336.75
      7120.2    0.4873315     2.379279     0.135891      19336.6
      7120.4    0.5102399     2.405882    0.1364717     19335.76
      7120.6    0.5316945     2.442516     0.134303     19335.86
      7120.8    0.5516328     2.466423    0.1369548     19336.79
        7121    0.5698136     2.486722    0.1246686     19335.36
      7121.2    0.5862274     2.515446    0.1303222        19335
      7121.4    0.6014712      2.54225    0.1446123     19334.85
      7121.6    0.6159324     2.570681    0.1275606     19332.62
      7121.8    0.6304633     2.602411    0.1184589     19333.19
        7122    0.6451748     2.617494    0.1219665     19335.06
      7122.2    0.6596961     2.637018     0.109691     19333.98
      7122.4    0.6744502     2.668254   0.09261266     19334.11
      7122.6    0.6901217     2.690164   0.07533759      19334.5
      7122.8    0.7062531     2.691584   0.07222523     19332.59
        7123    0.7234641     2.697288   0.04557934     19332.13
      7123.2    0.7415562     2.726034   0.04240023     19332.27
      7123.4    0.7596892     2.726628   0.03988754      19331.3
      7123.6    0.7780769     2.725505 -0.004124967     19331.57
      7123.8    0.7962171     2.729198 -0.004699614     19328.86
        7124    0.8144135     2.722734 -0.0002966102     19330.05
      7124.2    0.8321453     2.722868  0.009234552     19331.06
      7124.4    0.8496056     2.725267   0.06378813      19329.8
      7124.6      0.86647     2.736585   0.09625065     19329.37
      7124.8     0.882444     2.773764    0.1037464     19330.45
        7125    0.8972337     2.799868    0.1217378     19330.43
      7125.2    0.9113524     2.808264    0.0947557     19329.82
      7125.4    0.9251609     2.833976   0.06261821     19328.46
      7125.6    0.9383011     2.849569   0.06323778     19327.72
      7125.8    0.9504331     2.849963   0.04709367     19329.03
        7126    0.9620626     2.858855   0.01800384     19328.42
      7126.2    0.9734637     2.871651   0.03557034     19325.64
      7126.4    0.9850443     2.863972   0.02743355     19323.96
      7126.6    0.9971439     2.878419 -0.007636555     19323.72
      7126.8     1.009133     2.880801  0.009363585     19323.28
        7127     1.021226     2.865541  0.001326416     19323.69
      7127.2     1.033885     2.871463  0.007505433     19321.77
      7127.4     1.047143      2.87948   0.04006003     19318.41
      7127.6     1.060912     2.886806   0.02808439     19316.99
      7127.8     1.074775     2.897589   0.02116167     19316.49
        7128     1.088953      2.89393   0.01352398     19317.01
      7128.2      1.10368      2.89641   0.01156713     19317.59
      7128.4     1.118568     2.897625   0.06320867     19317.84
      7128.6     1.132969     2.906843    0.0453531     19316.68
      7128.8     1.146202     2.944497   0.06038944     19314.43
        7129      1.15865     2.932692   0.06416681     19313.19
      7129.2     1.170649     2.945937   0.01104105     19314.03
      7129.4     1.181333     2.958176    0.0507068     19315.98
      7129.6     1.190402      2.95333    0.0675186     19315.28
      7129.8     1.197942     2.973258    0.1260472     19315.02
        7130      1.20357     2.999951    0.1886776     19313.72
      7130.2     1.208238     3.059014    0.2279438     19311.39
      7130.4     1.212224     3.104272     0.221553     19308.94
      7130.6     1.214749     3.155613   0.09022922     19308.39
      7130.8     1.216078     3.177194  -0.01973895     19307.45
        7131     1.216668     3.131198  -0.09115977     19310.04
      7131.2     1.216512     3.088481    -0.115389     19309.28
      7131.4     1.216647     3.082685  -0.09533204     19307.99
      7131.6     1.216607     3.084883  -0.03157146     19309.31
      7131.8     1.215939     3.054932  -0.01785517      19307.2
        7132     1.215462     3.063224  -0.04523681     19305.55
      7132.2     1.214411     3.068401  -0.03834174     19303.67
      7132.4     1.213523     3.048693  -0.02521626     19302.48
      7132.6     1.212392     3.024259  -0.05455233     19304.35
      7132.8     1.211243     3.043051  -0.05830642     19305.89
        7133     1.208708     3.024759 -0.008745784      19305.4
      7133.2      1.20538     3.002048  -0.02410806     19304.82
      7133.4     1.201459     3.017262  0.008195479     19305.74
      7133.6     1.196764     3.023765   0.05051592     19306.72
      7133.8     1.191007     3.031315  -0.02400723     19306.83
        7134     1.184644     3.042461  -0.06264659     19305.47
      7134.2     1.177891     2.998056  -0.07979143     19307.35
      7134.4     1.170387     2.973647   -0.1052862     19309.24
      7134.6     1.162466     2.967482  -0.05877436     19309.71
      7134.8     1.154793     2.958232  -0.05238125     19309.96
        7135     1.147295     2.951037  -0.05372675     19309.14
      7135.2     1.140033     2.931742  -0.03132481     19309.95
      7135.4     1.132999     2.924501  -0.02994238     19313.19
      7135.6     1.125965     2.933172  -0.03402318     19315.23
      7135.8     1.119147     2.927083  -0.05539247     19316.52
        7136     1.112539     2.904524  -0.07105931     19318.09
      7136.2     1.106619     2.880187  -0.04642788     19318.86
      7136.4     1.101169     2.876325 -0.006071986     19319.45
      7136.6     1.095495      2.88994   0.04237444     19317.11
      7136.8      1.09017     2.899666    0.0141169     19311.67
        7137     1.085343     2.914086  -0.03024656     19304.27
      7137.2     1.081106     2.887618  -0.01079019     19289.49
      7137.4     1.076665     2.865743  -0.02165029     19263.57
      7137.6     1.072932     2.891034 -0.009054541     19229.23
      7137.8     1.069118     2.896766   0.02336104      19187.5
        7138     1.065362     2.880374    0.0116497     19144.36
      7138.2     1.062175     2.884432   0.04795895     19107.94
      7138.4     1.059369     2.900354   0.05939189     19084.79
      7138.6     1.056154     2.935133    0.0706803     19079.48
      7138.8     1.053292     2.927888   0.03420494     19087.47
        7139     1.050506     2.940976   0.00925271     19105.15
      7139.2     1.048349     2.927718   0.03442191     19130.71
      7139.4     1.047172     2.942535   0.02058124     19159.91
      7139.6     1.045597     2.955425   0.04396034     19189.81
      7139.8     1.044433     2.957441   0.02451324     19217.04
        7140     1.043545     2.962886  0.009186876     19243.81
      7140.2      1.04252     2.962146    0.0171632     19267.79
      7140.4     1.041989     2.962775   0.01084663     19287.38
      7140.6     1.042016     2.971172  0.009489947      19300.1
      7140.8     1.041707     2.971563   0.00442644     19310.61
        7141     1.040974     2.969738   0.01187893      19315.7
      7141.2     1.040276     2.966316   0.01030645     19315.72
      7141.4     1.039442     2.980675   0.02822754     19312.53
      7141.6     1.038329     2.979808   0.04930293     19301.11
      7141.8     1.037423      2.99232 -0.001325236     19284.24
        7142     1.036763     3.005758   -0.0285035     19258.06
      7142.2     1.036093     2.979615   -0.0312673     19222.19
      7142.4     1.035164     2.957006  -0.03155494      19179.5
      7142.6     1.034255     2.967306 -0.005702248        19136
      7142.8     1.033565     2.980514   0.01820776     19102.35
        7143      1.03274     2.975053    0.0172711     19081.62
      7143.2      1.03158     2.971572   0.01508013     19076.08
      7143.4     1.030233     2.981123   0.02361133     19087.99
      7143.6     1.029042     2.992579  0.007129346     19113.97
      7143.8     1.027988     2.993942  -0.02497137     19150.15
        7144     1.027136     2.977275  -0.04933037     19193.29
      7144.2     1.026215     2.961146  -0.09206068     19234.35
      7144.4     1.025054     2.953114   -0.1012652      19266.1
      7144.6     1.024348     2.920294  -0.04700452     19291.15
      7144.8     1.023467     2.896263  -0.03317246      19310.1
        7145     1.022518     2.923542   0.03748972     19320.29
      7145.2     1.021021     2.926576   0.05751459     19327.12
      7145.4     1.019204     2.950285    0.0187429     19333.01
      7145.6     1.017647     2.942275   0.03000905     19335.39
      7145.8      1.01595     2.938537   0.05086159     19338.07
        7146     1.014679     2.950584   0.04051826     19342.95
      7146.2     1.013054     2.990975   0.03987572     19344.13
      7146.4     1.011465     2.974689   0.04212984     19346.52
      7146.6       1.0097     2.970437   0.01715064     19349.83
      7146.8     1.007916     2.984287   0.04732548     19353.13
        7147     1.005739     3.004695   0.06353467     19355.27
      7147.2     1.002752      3.01255     0.035336     19356.97
      7147.4    0.9994854     3.021265 0.0003796674     19356.51
      7147.6    0.9965911     3.012556  0.002869885     19356.78
      7147.8    0.9937607     3.004999  -0.04145942     19359.22
        7148    0.9908403     3.014846   -0.0201792     19362.65
      7148.2    0.9876562     2.988097   0.04125495     19363.37
      7148.4    0.9843145     2.996413   0.04761631     19364.41
      7148.6    0.9814549     3.038003   0.05742268     19367.84
      7148.8    0.9786657     3.052939  0.008976098     19371.31
        7149    0.9757864     3.034036  -0.01132696     19373.29
      7149.2    0.9726879     3.003594   0.02384813      19374.6
      7149.4    0.9692278     3.028941   0.05130894     19376.93
      7149.6    0.9658779     3.072017   0.07916283     19377.83
      7149.8    0.9628928     3.075083   0.07178654     19378.86
        7150    0.9600588     3.066924   0.04368974     19381.11
      7150.2    0.9573056      3.08637  0.006711797     19381.44
      7150.4    0.9546955     3.106969   0.01417935     19381.98
      7150.6    0.9519262     3.080452   0.01595809     19383.53
      7150.8    0.9492208     3.078267   0.03790412     19385.08
        7151    0.9467849     3.099137   0.07359149     19385.14
      7151.2    0.9443712     3.137292   0.02736758     19385.79
      7151.4    0.9419396     3.139325  -0.04949678     19386.68
      7151.6    0.9396008     3.100162  -0.08815165      19387.2
      7151.8    0.9382154      3.05954  -0.08398335     19388.01
        7152    0.9372502     3.066771  -0.05048572     19387.89
      7152.2    0.9359949     3.072139  -0.02966998     19389.87
      7152.4      0.93495     3.059773  -0.03781186     19391.08
      7152.6    0.9337212     3.035804    -0.038834     19390.27
      7152.8    0.9325578     3.036522  -0.02862796     19391.38
        7153    0.9315654     3.041071 -0.007810902      19394.3
      7153.2    0.9315852     3.036871   0.01860943     19397.42
      7153.4    0.9316228     3.029555   0.04642538     19398.89
      7153.6    0.9311422     3.051409   0.07661299     19397.89
      7153.8    0.9307836     3.078212   0.09445012     19397.28
        7154    0.9307212     3.098161   0.08322663     19400.03
      7154.2    0.9310793     3.105115    0.0808045     19401.49
      7154.4    0.9314961      3.11799   0.08688561     19401.92
      7154.6    0.9319121     3.142855   0.05150862     19403.32
      7154.8    0.9324754     3.167669 0.0002013275     19403.79
        7155    0.9330758     3.146322  -0.04706709     19404.37
      7155.2    0.9342146     3.118152  -0.08070966     19407.77
      7155.4    0.9355341     3.105202  -0.05262839     19411.06
      7155.6    0.9367075     3.103102  -0.04862779     19412.45
      7155.8    0.9374334     3.104219  -0.04295587     19412.58
        7156     0.938079     3.079249 -0.009437688     19411.37
      7156.2    0.9393303     3.070837  -0.02182629     19411.14
      7156.4    0.9407365     3.095552 -0.008940634     19410.66
      7156.6    0.9419838     3.086758  0.001284457     19409.89
      7156.8    0.9432813     3.072097  -0.07898262     19412.34
        7157    0.9448636     3.071865  -0.07248652     19414.97
      7157.2    0.9460832     3.032366  -0.01100064     19415.73
      7157.4    0.9469296     3.028769 -0.002131041     19415.68
      7157.6      0.94808     3.063296   0.05898379     19416.52
      7157.8    0.9492569      3.07016   0.07420698     19416.02
        7158    0.9504189     3.079553   0.01971983      19415.3
      7158.2    0.9515739     3.088134 -0.004046357     19416.51
      7158.4    0.9526179     3.079072  -0.04715119     19415.78
      7158.6    0.9536818     3.066923  -0.05085232     19415.75
      7158.8    0.9545419     3.041832  -0.01348011     19417.07
        7159    0.9551785     3.047453  -0.01028928     19417.18
      7159.2    0.9562937     3.068288   0.03533933     19417.19
      7159.4    0.9572953     3.058691   0.05400446     19418.67
      7159.6    0.9584673     3.070103   0.03246069     19420.77
      7159.8    0.9593315     3.090656   0.01343364     19422.29
        7160     0.960413     3.094257  -0.05103879     19426.53
      7160.2    0.9615978     3.069438   -0.1051336     19428.03
      7160.4    0.9623372     3.029272  -0.05881483     19426.88
      7160.6    0.9627974     3.006549  -0.01173143     19426.55
      7160.8    0.9634813     3.047205   0.02464642     19426.99
        7161    0.9641673     3.060053   0.05955956     19426.47
      7161.2    0.9652523     3.048989  0.009200442     19428.36
      7161.4    0.9661729     3.054197 -0.008925184     19428.07
      7161.6    0.9664943     3.054565 -0.009861611     19427.72
      7161.8    0.9666623     3.052913  -0.03946425      19430.1
        7162    0.9666844       3.0411  -0.04007473     19431.55
      7162.2    0.9668275     3.022625  -0.03437681     19431.39
      7162.4    0.9670922     3.022505  -0.01748818      19431.3
      7162.6    0.9674226     3.025411   0.02880805     19430.76
      7162.8    0.9677966     3.027109   0.04288633     19429.65
        7163    0.9678772     3.045672   0.04867204     19430.25
      7163.2    0.9681546     3.056814   0.06263338     19430.56
      7163.4    0.9685728     3.064349   0.01379302      19432.7
      7163.6    0.9693403     3.077216  -0.03595585     19433.69
      7163.8    0.9700805     3.056706  -0.03060925     19435.02
        7164    0.9701517      3.02805  -0.06657491     19436.41
      7164.2    0.9711206     3.039862  -0.03433889     19437.05
      7164.4    0.9720233     3.023956   0.01769056     19438.04
      7164.6    0.9724711     3.029235    0.0156127     19437.52
      7164.8    0.9733128     3.042202   0.02633187     19438.65
        7165    0.9739293     3.052352   0.00165902     19439.13
      7165.2    0.9744796     3.045022  -0.02333265     19438.14
      7165.4    0.9751823     3.030562  -0.04187851     19436.78
      7165.6    0.9759223     3.023536  -0.04130528      19437.1
      7165.8    0.9766024     3.018849  -0.02013914     19438.47
        7166    0.9769756     3.011977  -0.04870374        19437
      7166.2    0.9774855     3.014451   -0.0326479     19437.35
      7166.4    0.9781046     2.984573  0.007157291     19435.48
      7166.6    0.9790516     2.992731 -0.009940458     19434.79
      7166.8    0.9800527     3.017703   0.04412232     19435.21
        7167    0.9806588     3.006499   0.05063983     19436.33
      7167.2    0.9813246     3.019871   0.01358436     19439.18
      7167.4    0.9825109     3.033243   0.03877307     19440.93
      7167.6    0.9836208     3.028571   0.01472839     19440.71
      7167.8    0.9841046     3.037517  -0.01990614     19439.25
        7168     0.984565     3.031654  -0.02311205     19438.83
      7168.2    0.9856323     3.017318  -0.03082541     19439.69
      7168.4    0.9865034     3.010081 -0.008407803      19439.2
      7168.6     0.987006     3.012857  0.007441421     19440.35
      7168.8    0.9878762     3.024927     0.026356     19443.63
        7169    0.9887003     3.023271   0.01461515     19444.99
      7169.2    0.9894848     3.031166  -0.02182388     19445.59
      7169.4    0.9897462     3.024549   -0.0243795     19445.98
      7169.6     0.990176     3.007468  -0.02043944     19446.43
      7169.8    0.9906209     3.003767  -0.01692031     19446.32
        7170    0.9908424     3.014814   0.05794186     19447.41
      7170.2    0.9916001     3.011013    0.1255193     19446.79
      7170.4    0.9925557     3.053822    0.1139077     19445.56
      7170.6    0.9940904     3.104183   0.06345889      19445.8
      7170.8    0.9953913     3.105941 -0.005716061     19449.93
        7171    0.9963255      3.06178  -0.02056586     19453.38
      7171.2    0.9967794     3.049249  -0.06689027     19453.42
      7171.4    0.9969941      3.08773  -0.09226487     19452.99
      7171.6    0.9975322     3.052428   -0.1431125     19453.05
      7171.8    0.9984174     2.987968   -0.2186096     19454.76
        7172    0.9994057     2.934759   -0.1665899      19457.4
      7172.2     1.000191     2.912842   -0.0667967      19458.3
      7172.4     1.000697     2.919156   0.02054883     19456.69
      7172.6     1.001038     2.934531   0.05125811     19454.56
      7172.8     1.001331     2.951198   0.05821786     19453.92
        7173     1.001625     2.953849   0.05837096     19454.67
      7173.2     1.002195     2.965731   0.02105472     19457.29
      7173.4     1.002961     2.981227 -0.008684072     19459.37
      7173.6     1.003324     2.968042   -0.0191269     19459.16
      7173.8     1.003523     2.946901   0.01138754     19459.13
        7174      1.00403     2.950429   0.06990825     19458.95
      7174.2     1.004677     2.990337   0.05008693      19459.6
      7174.4     1.005548     3.023968  -0.06296316     19461.52
      7174.6     1.005946     2.986971   -0.1262351     19461.22
      7174.8     1.005415     2.900059   -0.1296397     19461.12
        7175     1.005442     2.889349  -0.05077246     19463.14
      7175.2     1.006176     2.920257    0.0658212      19464.6
      7175.4     1.007076     2.946353   0.06372136     19465.76
      7175.6     1.007655     2.952716   -0.0248431     19465.02
      7175.8     1.008132     2.940326  -0.06931095     19466.08
        7176     1.008244     2.900382  -0.09919305     19467.15
      7176.2     1.008864     2.890904   -0.1222303     19467.95
      7176.4     1.009445     2.873361  -0.04899092     19470.94
      7176.6     1.009793     2.842542 -0.003717452     19470.77
      7176.8     1.010013     2.861189   0.02063282     19470.52
        7177     1.009678      2.88793   0.01361277      19469.9
      7177.2     1.009391     2.889867  -0.03928244     19470.35
      7177.4     1.009525     2.853432   -0.0719815     19469.82
      7177.6     1.009294     2.829763  -0.07767745     19471.09
      7177.8     1.008995     2.830345  -0.02063161     19471.44
        7178     1.008785     2.827725   0.01597883     19472.43
      7178.2     1.008479     2.836927   0.02025175     19474.08
      7178.4     1.008235     2.842546   0.04443945     19475.49
      7178.6     1.008175     2.846546   0.02046023     19477.68
      7178.8     1.008185     2.863277  -0.01242824      19479.6
        7179     1.008107     2.853295  -0.01860625     19479.63
      7179.2     1.008055     2.832604  -0.04681853     19479.03
      7179.4     1.008162     2.831661  -0.04056956     19480.55
      7179.6     1.008398     2.825822  -0.01047429     19480.37
      7179.8     1.008499      2.82084 -0.004935954     19479.16
        7180     1.008486     2.824224  0.002340403     19480.23
      7180.2     1.008624     2.827713  0.003859174     19483.14
      7180.4      1.00887     2.827694   0.01281601     19484.01
      7180.6     1.009232     2.823927  0.008628186     19483.47
      7180.8     1.009569     2.834477   0.01513879     19483.77
        7181     1.009482     2.834615   0.01921745     19483.58
      7181.2     1.009225     2.839805  -0.01024987     19485.16
      7181.4     1.009113     2.839301 -0.0005062356     19485.09
      7181.6     1.009368     2.826277  -0.02614973     19486.09
      7181.8     1.009271      2.83421  -0.00816837     19485.81
        7182     1.009111     2.818886   0.02509684     19485.54
      7182.2       1.0092     2.832766  -0.01904988      19487.3
      7182.4     1.009184     2.846355 -0.002553073     19488.85
      7182.6     1.009262      2.81897   0.02913883     19490.28
      7182.8     1.009632     2.816843   0.03509992     19491.61
        7183     1.010197     2.856077   0.05955705     19492.87
      7183.2     1.010687     2.874435   0.03983201     19493.56
      7183.4     1.010705     2.866616  -0.01844745     19493.18
      7183.6     1.010724     2.848709  -0.03061674     19493.13
      7183.8     1.010796     2.841319  -0.02313541     19493.19
        7184     1.010836     2.849941  -0.01121764     19493.83
      7184.2     1.010952     2.848108 -0.002759625     19495.07
      7184.4     1.010965     2.839735   0.01752359     19495.72
      7184.6     1.011161     2.839112   0.04988477     19497.16
      7184.8     1.011381      2.86396   0.05285015     19498.15
        7185     1.011897     2.888016   0.02572645     19499.81
      7185.2     1.012189     2.882015 -0.009356883     19501.98
      7185.4      1.01251     2.859693  -0.04109665     19502.05
      7185.6      1.01266     2.856475  -0.04361792     19503.03
      7185.8     1.012673     2.855138 -0.009345628     19503.91
        7186     1.013187     2.847121  -0.01342715     19507.55
      7186.2     1.013532     2.852216  0.003190101     19508.57
      7186.4     1.013901     2.845733   0.02360641     19508.56
      7186.6     1.013956      2.85769   0.01616855     19508.18
      7186.8     1.013773     2.866006   0.04114783     19510.01
        7187      1.01395     2.865151   0.03236098     19511.03
      7187.2     1.014142     2.878651   0.03596137     19509.96
      7187.4     1.014188     2.883579   0.05191156     19511.24
      7187.6     1.013836     2.894775   0.01242748     19514.08
      7187.8     1.013844      2.90668   0.02587882     19513.73
        7188     1.014087     2.888593   0.03359968     19514.53
      7188.2     1.014141     2.904282 -0.002052408     19514.32
      7188.4     1.014072     2.921654   0.02180067     19511.92
      7188.6     1.014025     2.905038   0.01765647     19511.08
      7188.8     1.013986     2.906034 -0.0008663779     19510.98
        7189     1.013872     2.918407   0.01553402      19512.5
      7189.2     1.013937     2.920961    0.0282101     19514.02
      7189.4     1.014133     2.917466   0.02091821     19514.06
      7189.6     1.014208     2.928602   0.01893487     19515.32
      7189.8     1.014171     2.935142   0.03398033     19516.31
        7190     1.014263     2.936109   0.01410676     19518.46
      7190.2     1.014282      2.94465 -0.006247756     19520.97
      7190.4     1.014005     2.939887  0.003706084     19522.69
      7190.6     1.014024     2.930144  0.003242779     19524.04
      7190.8     1.013936     2.939074   0.03892611      19527.3
        7191     1.013753     2.947244    0.0734123     19529.87
      7191.2     1.013638     2.971028   0.05108966     19529.85
      7191.4     1.013605     2.988873   0.03525445     19529.54
      7191.6     1.013815     2.979946   0.03008894     19528.72
      7191.8     1.013357     2.975448   0.04447254     19528.53
        7192     1.012902     2.995099   0.06027934     19528.42
      7192.2     1.012439     3.024452   0.08117849     19526.91
      7192.4     1.012674     3.028169   0.06088737     19528.21
      7192.6     1.013055      3.04039 -0.003221296      19529.4
      7192.8     1.013478     3.043809  -0.02639858     19530.08
        7193      1.01409     3.021874  -0.04649586     19532.12
      7193.2     1.014448      3.00705  -0.05724324     19533.66
      7193.4      1.01446     3.003194  -0.02403331     19534.87
      7193.6     1.014433     2.998015   0.01670005     19536.54
      7193.8     1.014528     3.002648  0.009964766     19537.24
        7194     1.014492     3.020411  -0.02308596     19537.12
      7194.2     1.014632     3.011166  -0.03679827     19537.81
      7194.4     1.014709     2.979546  -0.04899939     19538.32
      7194.6     1.014117     2.973209  -0.03062631     19538.69
      7194.8     1.014113     2.981211   0.01822614     19540.88
        7195     1.014434     2.986665   0.03341728      19542.2
      7195.2      1.01467     2.994127   0.02481346     19541.97
      7195.4     1.015106     2.999943   0.01684659     19542.89
      7195.6      1.01536     3.001062   0.01421153     19544.83
      7195.8     1.015582     3.000142   0.02946603      19546.3
        7196     1.015502     3.005496   0.03828355     19546.87
      7196.2     1.015732     3.023516   0.03047875     19546.52
      7196.4     1.016225     3.031689  0.001460971     19546.66
      7196.6     1.016632     3.024525  -0.02817034     19547.38
      7196.8       1.0169     3.006665  -0.02986647     19548.72
        7197     1.016933      3.00098   -0.0146145     19549.22
      7197.2     1.016863     3.007795  -0.01760352     19548.63
      7197.4     1.016592     3.012833  -0.01615638     19549.14
      7197.6     1.016472     2.992582  -0.02314321      19550.8
      7197.8      1.01669     2.988054  -0.06479444     19553.97
        7198     1.016744     2.989281  -0.05373814     19557.16
      7198.2     1.016827     2.960998   -0.0373672     19558.03
      7198.4     1.017324     2.949591  -0.05543728     19558.28
      7198.6     1.017662     2.958161  -0.05152874     19558.81
      7198.8     1.017651     2.944931  -0.03307607     19559.37
        7199     1.017603     2.919775  -0.04705247     19559.33
      7199.2     1.017488     2.923131  -0.04953319     19558.49
      7199.4      1.01747     2.920519  -0.02429303     19558.89
      7199.6     1.017269     2.905304 -0.009820552     19559.08
      7199.8     1.017579      2.90034  -0.02481549     19559.95
        7200     1.017804     2.915274 -0.002378139     19560.77
      7200.2      1.01774     2.900666  0.006183379     19562.49
      7200.4     1.017773     2.903402  -0.01909303     19562.59
      7200.6     1.017821     2.905287 -0.002180208     19562.82
      7200.8     1.018017          2.9   0.01066429     19565.41
        7201     1.018209     2.898922   0.02279701     19565.12
      7201.2     1.018452     2.911933   0.04271505     19564.13
      7201.4      1.01849     2.923525   0.03660332     19564.01
      7201.6     1.018295     2.934172 -0.006126226     19564.87
      7201.8     1.018127     2.928205  -0.03904278     19566.03
        7202     1.018338     2.907032  -0.05437673     19569.02
      7202.2     1.018606      2.89229  -0.03749941     19571.15
      7202.4     1.018895      2.89067 -0.009334935     19570.84
      7202.6     1.018799     2.898205  -0.01153245     19570.08
      7202.8     1.018678     2.899564  -0.01537058      19571.5
        7203     1.019099     2.883064  -0.01039137     19574.19
      7203.2     1.019181     2.878374  -0.04013596     19573.98
      7203.4     1.019349     2.889892  -0.05732923     19574.46
      7203.6     1.019436     2.867456  -0.06642157     19575.87
      7203.8     1.019337     2.837201   -0.0950474     19575.55
        7204     1.019584     2.825237  -0.08027415     19577.05
      7204.2     1.019688     2.813854  -0.03596737     19580.43
      7204.4     1.019589     2.803236  0.005136311     19581.23
      7204.6     1.019678     2.808427    0.0167128     19582.52
      7204.8     1.019578     2.829346   0.01785994     19583.91
        7205     1.019338     2.827225   0.00310636     19583.68
      7205.2     1.019664     2.817524  -0.01731958     19582.11
      7205.4     1.019715     2.810912  -0.01801002     19581.58
      7205.6     1.019874      2.81549 -0.009045861     19582.81
      7205.8     1.019636     2.812817   0.01192332     19581.52
        7206     1.019561     2.810288    0.0122129     19581.27
      7206.2     1.019419     2.820451   0.01852785     19583.05
      7206.4     1.019206      2.82526   0.02584797     19584.07
      7206.6     1.019276     2.827639   0.01141992     19586.03
      7206.8      1.01922     2.830966  0.009740933     19587.56
        7207     1.019055     2.829587 -0.002760308     19588.97
      7207.2     1.019368     2.833053  -0.03542337      19592.4
      7207.4     1.019863     2.825431  -0.03213191     19593.92
      7207.6     1.019922     2.802627  -0.01950043     19592.28
      7207.8     1.019825     2.803881  -0.02868852     19591.31
        7208      1.01939     2.817453  -0.03006149     19591.89
      7208.2     1.018792      2.80248  -0.03400905     19591.68
      7208.4     1.018478     2.778578  -0.05192004     19594.54
      7208.6     1.018211     2.776674  -0.03648801     19596.25
      7208.8     1.018423     2.775917 -0.002472342     19595.85
        7209     1.018824     2.773289  0.003929586      19597.6
      7209.2     1.019323       2.7766 -0.009679212      19598.6
      7209.4     1.019374     2.779818   0.00762912     19598.67
      7209.6     1.019532     2.768173   0.01253818     19599.25
      7209.8     1.019359     2.779393   0.03111672     19598.15
        7210     1.018936     2.786631   0.06760448     19598.29
      7210.2     1.018478     2.804711   0.02986868     19598.25
      7210.4     1.018396     2.822257    0.0266651     19599.39
      7210.6     1.018526     2.803288    0.0368942     19601.25
      7210.8     1.018504     2.807963   0.02324858     19603.81
        7211     1.018311     2.834226   0.06555543     19604.97
      7211.2     1.017839     2.840856   0.08135537     19604.01
      7211.4     1.017562     2.855732   0.05152272     19604.29
      7211.6     1.017771     2.873047   0.04813336     19605.36
      7211.8      1.01783     2.875445   0.04917065     19605.99
        7212     1.017605     2.879363   0.04591851     19607.15
      7212.2      1.01741     2.895068   0.03273585     19608.37
      7212.4     1.017329     2.909782   0.02650948     19606.85
      7212.6     1.017197     2.901633  0.009159374     19607.53
      7212.8     1.017299      2.90057  -0.01638144     19610.54
        7213     1.016881     2.902396   0.02362783     19611.36
      7213.2     1.016417     2.896677  0.009994039     19612.42
      7213.4     1.015819     2.920536  0.001928207      19612.8
      7213.6     1.015338     2.908565    0.0338805      19610.5
      7213.8     1.015337     2.903939    0.0330936      19609.7
        7214     1.015038     2.923781   0.04787203     19609.79
      7214.2     1.014617      2.94701   0.05781653     19612.59
      7214.4     1.014274     2.946863   0.04577436     19612.51
      7214.6      1.01388     2.950192   0.04149442     19611.48
      7214.8     1.013931     2.960401   0.03875288     19613.08
        7215     1.014121     2.980206    0.0349657     19615.18
      7215.2     1.013738     2.977865   0.05742256     19615.53
      7215.4     1.013324     2.978164    0.0416195     19616.37
      7215.6     1.012928     3.006339   0.05033561     19618.94
      7215.8     1.012163     3.013502   0.07394794     19618.93
        7216     1.011598     3.018134   0.08408507     19617.55
      7216.2     1.011439     3.037323   0.08342618     19617.69
      7216.4      1.01166     3.073607   0.07345214      19617.3
      7216.6     1.011797     3.080243   0.01676843     19619.19
      7216.8     1.011634     3.076895  -0.02871854     19621.54
        7217       1.0112     3.050737 0.0005888331     19622.53
      7217.2     1.010582     3.050632   0.02428289      19623.6
      7217.4     1.009815     3.080714   0.05133536     19623.96
      7217.6     1.008954     3.096322    0.0311826     19624.72
      7217.8     1.008568     3.091806  0.009988044     19625.37
        7218     1.008501     3.075578  -0.01525505     19625.01
      7218.2     1.009038     3.088704  -0.01147723     19624.93
      7218.4     1.009082     3.084118   0.02500978     19624.27
      7218.6      1.00879     3.082624  0.005140093     19626.25
      7218.8     1.008441     3.095586   0.01519657     19628.25
        7219     1.007973     3.092816  0.007105867     19628.18
      7219.2     1.007958     3.096275  -0.01691393     19629.22
      7219.4     1.008115     3.088309   0.01841394     19630.97
      7219.6     1.008031     3.082055   0.03155037     19631.23
      7219.8     1.008036     3.107547   0.03409234     19630.05
        7220     1.007814     3.121515  0.006426025     19629.81
      7220.2     1.007338     3.115582  -0.04372634     19632.45
      7220.4     1.007242     3.087196  -0.07644138     19635.35
      7220.6     1.007198     3.072566  -0.02960406     19635.84
      7220.8     1.006924     3.060362   0.03729779     19634.36
        7221     1.006782     3.091899   0.01999063      19635.2
      7221.2     1.006789     3.117034   0.03877597     19637.89
      7221.4      1.00671     3.088559   0.03324478     19638.47
      7221.6       1.0065     3.091383 -0.002356096     19638.97
      7221.8      1.00635     3.118495 -0.006522453      19639.3
        7222     1.005834     3.115149   0.01156942     19639.61
      7222.2     1.005531     3.083341 -0.003368669     19642.05
      7222.4     1.005323     3.100639  -0.02599745     19642.91
      7222.6       1.0051       3.1158   0.02953102     19642.28
      7222.8     1.005052     3.094351   0.05005529     19643.45
        7223     1.004807     3.106966   0.03972074     19645.07
      7223.2     1.004621     3.140683   0.05553009     19645.35
      7223.4     1.004411     3.147577   0.02096956     19645.88
      7223.6     1.004271     3.138775  -0.05471721     19647.27
      7223.8     1.004522     3.123741  -0.08461439     19647.74
        7224     1.004474     3.096909  -0.04713525     19647.16
      7224.2     1.004091     3.079885  -0.03639448     19647.21
      7224.4     1.003592     3.101067  -0.05036805     19647.95
      7224.6     1.003646     3.094626  -0.04635984     19649.46
      7224.8     1.003412     3.056615  -0.09035248     19651.35
        7225     1.002847     3.042797  -0.09992846     19650.68
      7225.2     1.002496     3.028785  -0.04652494     19651.08
      7225.4     1.002567     3.014683  -0.03001226     19653.36
      7225.6     1.002558     3.019395   -0.0118697     19653.81
      7225.8      1.00232     3.018788 -0.007380404     19654.19
        7226     1.002001     3.019289  -0.02633748     19656.07
      7226.2     1.001525     3.008779  -0.04096031     19653.72
      7226.4     1.000905     2.998325  -0.04142862      19651.3
      7226.6     1.000552     2.986019  -0.01901841     19653.54
      7226.8     1.000546     2.986146 -0.002650012     19656.04
        7227      1.00044     2.993564   0.02023146     19656.65
      7227.2     1.000195     2.996205  0.003024204     19656.48
      7227.4     1.000059     3.002204  -0.02214277      19657.4
      7227.6    0.9998078     2.988566   -0.0124141     19659.09
      7227.8    0.9995424      2.97585   -0.0341396     19659.96
        7228    0.9994303     2.986273  -0.02225283      19660.9
      7228.2    0.9990249     2.974893  -0.01189151     19660.69
      7228.4    0.9985655     2.970763  -0.03546504     19661.37
      7228.6    0.9981804     2.966336  -0.04702979     19662.51
      7228.8    0.9981435     2.957901  -0.03869661     19664.54
        7229    0.9979743     2.937269  -0.04377442     19665.86
      7229.2    0.9976887     2.939806  -0.03136337      19665.9
      7229.4    0.9972636     2.931317  -0.02545214     19664.58
      7229.6    0.9969656     2.932811  -0.05383603     19664.21
      7229.8    0.9965884     2.916907  -0.06603709     19665.25
        7230     0.996339     2.896737   -0.0883862     19665.79
      7230.2     0.996055     2.878487  -0.07875852     19665.09
      7230.4    0.9957016     2.862102  -0.06169284     19666.99
      7230.6    0.9954874       2.8539  -0.05532966     19670.02
      7230.8    0.9950441     2.847383  -0.03404938      19671.2
        7231    0.9947444     2.834223  -0.01426587     19672.98
      7231.2    0.9948618     2.834862  -0.02268886      19674.6
      7231.4    0.9947584     2.842488  -0.01668053     19674.23
      7231.6    0.9945122     2.829232  -0.01540752     19674.58
      7231.8    0.9943223     2.820879  -0.02876253     19675.34
        7232    0.9942039     2.822536 -0.008608316     19674.72
      7232.2    0.9942118     2.819478   0.01377142     19674.44
      7232.4    0.9942547     2.822345  0.004009626     19676.17
      7232.6    0.9942867     2.831896  0.000165623     19677.59
      7232.8    0.9936935     2.825744  -0.01530646     19676.15
        7233    0.9933012      2.81961  -0.02361607     19676.87
      7233.2    0.9928683       2.8101 -0.007185589     19677.69
      7233.4    0.9926932     2.813003 -0.001305956     19678.59
      7233.6     0.992415     2.819995  0.005508962     19677.07
      7233.8    0.9919782     2.818565  -0.01948854     19676.08
        7234    0.9916509     2.814507  -0.04030645     19675.35
      7234.2    0.9915507     2.797412  -0.02528191     19677.31
      7234.4    0.9915199      2.78775  -0.02886133     19679.49
      7234.6    0.9916287      2.79834  -0.03861083     19680.47
      7234.8    0.9916837     2.791418  -0.03607806     19682.48
        7235    0.9915254     2.766524  -0.04696599     19684.17
      7235.2    0.9914249     2.758888  -0.04517853     19684.48
      7235.4    0.9912407     2.760767    -0.019056     19683.94
      7235.6    0.9910259     2.755275  -0.01178859     19683.86
      7235.8    0.9911153     2.751279  -0.03104761     19683.83
        7236    0.9912827     2.749457  -0.02878188     19683.86
      7236.2    0.9912726     2.735929  -0.01889088     19686.61
      7236.4     0.991332      2.73225   -0.0124681     19689.63
      7236.6    0.9913994     2.736166   0.01776383     19689.46
      7236.8     0.991093     2.739482  0.009619639     19690.72
        7237    0.9910342      2.75014 -0.005086961     19691.06
      7237.2    0.9908229     2.739946  -0.03224055     19692.33
      7237.4     0.990725     2.732097   -0.0614089        19693
      7237.6    0.9905056      2.71369  -0.03333179     19693.06
      7237.8    0.9904403     2.701013  -0.01158377     19692.37
        7238    0.9907845      2.71328   0.00485273     19692.27
      7238.2    0.9909304      2.72283   0.01577264     19693.44
      7238.4    0.9908626     2.717572 -0.002056185     19694.79
      7238.6    0.9909516     2.713631  -0.02218742     19694.43
      7238.8    0.9909908     2.711635 -0.008051518     19693.05
        7239    0.9909004      2.70508   0.01249706     19693.65
      7239.2    0.9908887     2.711131   0.00765137     19695.55
      7239.4    0.9909949     2.723629   0.02740133     19697.39
      7239.6    0.9911437     2.717756   0.01475684     19698.95
      7239.8    0.9912176     2.727001 -0.001840793        19701
        7240    0.9912182     2.722936  0.002563892     19701.92
      7240.2     0.991519     2.722156  -0.01419182     19704.08
      7240.4    0.9917227     2.719807  -0.01794106     19705.28
      7240.6    0.9913805     2.715647  -0.04353358     19702.54
      7240.8    0.9912417     2.708584  -0.04569605     19702.47
        7241    0.9914219     2.687329  -0.06116305     19703.55
      7241.2    0.9917703     2.683251  -0.08679925     19704.64
      7241.4    0.9918628     2.666717  -0.07325488     19704.23
      7241.6    0.9921892     2.639144  -0.03183314     19705.07
      7241.8    0.9924237     2.628725   0.05300097     19706.28
        7242    0.9923212     2.657784    0.1171269     19705.41
      7242.2    0.9922752     2.709118    0.1369125     19705.24
      7242.4    0.9925396     2.732846    0.1054314     19706.64
      7242.6    0.9931656     2.738255    0.0336532     19708.48
      7242.8    0.9933367     2.742129 -0.007108135     19710.48
        7243    0.9932035      2.73604   -0.0101383     19711.28
      7243.2    0.9931522     2.727159   0.01209667     19711.16
      7243.4    0.9930633     2.730145   0.02131072      19711.7
      7243.6    0.9932395     2.751806   0.02797574     19710.81
      7243.8    0.9939026     2.753089   0.02466249     19712.86
        7244    0.9945383      2.74954  -0.02107366     19714.84
      7244.2    0.9946094     2.749875 -0.009322657     19715.56
      7244.4    0.9949288     2.734948   0.05123053     19716.87
      7244.6    0.9952164     2.745631   0.05987488     19718.24
      7244.8    0.9956466     2.790524   0.03808642     19718.51
        7245    0.9961466     2.797775   0.01995641     19719.94
      7245.2     0.996441     2.765417  -0.02905627     19720.38
      7245.4    0.9965999     2.761596  -0.02793963     19719.38
      7245.6    0.9968729     2.767279   0.02926589     19719.83
      7245.8    0.9970666     2.775423   0.01023112     19720.71
        7246    0.9967884     2.788829  -0.02053002     19720.59
      7246.2     0.996712     2.769781  -0.04034687     19721.48
      7246.4    0.9970343     2.750855  -0.02380983      19723.7
      7246.6    0.9971684     2.743145   0.03356083     19725.15
      7246.8    0.9976714     2.769782     0.070586     19725.74
        7247    0.9978664     2.796629   0.08878268     19723.81
      7247.2    0.9980849     2.807324   0.04760119     19725.26
      7247.4    0.9984211     2.814172 -0.007521049     19727.18
      7247.6    0.9986226     2.807862  -0.04207508     19728.52
      7247.8    0.9989827     2.790613    -0.045485     19727.87
        7248     0.999155     2.773664  -0.03583057     19728.47
      7248.2    0.9991631     2.777784  -0.01880998     19728.52
      7248.4     0.999413     2.779198   0.02018838      19729.4
      7248.6    0.9995374     2.775565   0.04699909     19730.32
      7248.8    0.9994169     2.789815   0.08722756     19730.73
        7249    0.9992204     2.815383   0.09129496     19730.56
      7249.2    0.9993244      2.84898   0.02434465      19731.4
      7249.4    0.9996931     2.848601  -0.01662356     19733.51
      7249.6     1.000101      2.80929   -0.0575937     19733.72
      7249.8     1.000565     2.802084  -0.05960658     19734.11
        7250     1.000511     2.802905  -0.04223034     19734.49
        7252     1.003535      2.78796  -0.01640021     19741.62
        7254     1.004933     2.743904 -0.009658416     19748.35
        7256     1.007944     2.769099 -0.002173049        19759
        7258     1.010285     2.766147  0.002225394     19765.94
        7260     1.013061     2.770576 -0.0002364607     19769.57
        7262     1.015175     2.761707   0.00221432     19776.08
        7264     1.017151     2.767208  0.002027542     19784.77
        7266     1.017693     2.783862 0.0001472043      19790.2
        7268     1.018258     2.786796  0.006047097     19798.53
        7270     1.018991     2.762885  0.006570557     19804.28
        7272     1.019183     2.815585  0.006465276     19809.17
        7274     1.019402     2.836426   0.01316325     19819.31
        7276     1.018733     2.838518  0.005920146     19829.42
        7278     1.017806     2.868191  0.006278604      19833.5
        7280     1.016613     2.862946  0.005880717     19834.94
        7282     1.014867     2.886655  0.001279288     19843.45
        7284     1.013256     2.885564  0.006564842     19849.99
        7286     1.011747     2.878425  0.001504309     19856.35
        7288     1.010049     2.915464 -0.002758662     19863.16
        7290     1.008999      2.89869 -0.004141106     19870.62
        7292       1.0076     2.863495  -0.01400372     19878.43
        7294     1.006094     2.845296  -0.01489207     19887.21
        7296     1.004255     2.803435  -0.01582407     19889.63
        7298     1.003922     2.779553   -0.0143316     19897.26
        7300     1.003678     2.736902  -0.01410571     19902.56
        7302     1.003764     2.730644  -0.01384688     19912.45
        7304     1.003424     2.690589 -0.009963243     19918.08
        7306     1.002765     2.668778   -0.0101741     19924.51
        7308     1.002772     2.657196 -0.002329802     19926.71
        7310      1.00234     2.649251 -0.001078345      19933.9
        7312     1.002888     2.671951 -0.002839155     19941.95
        7314     1.002622     2.660151  0.001289602     19951.36
        7316     1.002398     2.634483  -0.00408212     19953.41
        7318     1.002186     2.659568 -0.001245557      19962.1
        7320     1.001968     2.639294  0.008490787     19967.55
        7322     1.002001     2.650187 -0.006095809     19974.37
        7324     1.002267     2.702409 -0.003134428     19982.81
        7326     1.001449     2.610801 -0.0001729583     19991.67
        7328      1.00134     2.614218 -0.007516961     19993.99
        7330     1.001615     2.648803 -0.004467448     20000.23
        7332      1.00147     2.642274 -0.004726739     20007.17
        7334     1.001107     2.575062 -0.008023723     20013.83
        7336     1.000718     2.576404 -0.008873744     20022.16
        7338     1.000286     2.584613 -0.001157783     20026.68
        7340     1.000379     2.571284  0.002566615     20032.49
        7342     1.000068     2.565799  0.004199423     20038.58
        7344    0.9996847     2.596937   0.01214364     20043.99
        7346     1.000076     2.618209   0.01133336     20051.64
        7348    0.9999602     2.668433  0.008852961     20053.09
        7350    0.9997802     2.656466  0.009305292     20059.27
        7352     1.000336     2.667761  0.004617119     20066.51
        7354    0.9999353     2.692651  0.004357525     20070.67
        7356    0.9993866      2.70537   0.00411459     20078.38
        7358     1.000283     2.691326  0.001897296     20083.94
        7360     1.000383     2.700678 0.0008013376     20090.87
        7362      1.00035      2.70783  0.005042974      20096.4
        7364     1.000304     2.711781  0.001334656     20100.29
        7366      1.00065      2.73167 -0.001588103     20107.59
        7368     1.000473     2.711355 -0.003370527     20112.91
        7370    0.9999189     2.695125 -0.006609813      20120.7
        7372    0.9999703     2.684816  -0.01177427     20125.18
        7374      1.00065     2.678792  -0.01180256     20129.56
        7376    0.9999509     2.617161  -0.01321604     20135.05
        7378    0.9999978     2.600704  -0.01673147      20139.4
        7380    0.9992793     2.579088  -0.01432279     20146.97
        7382    0.9993958      2.54494   -0.0115696     20155.92
        7384    0.9993879     2.502578  -0.01018795     20161.07
        7386    0.9999284     2.508147 -0.007009881     20170.65
        7388    0.9997184     2.497584  -0.00180408     20172.73
        7390    0.9988882     2.488861 -0.0002064214     20178.63
        7392    0.9984942     2.488146  0.000514354     20185.16
        7394    0.9983435     2.506496  0.001484726     20189.02
        7396    0.9988208     2.501699 0.0007336121     20197.53
        7398    0.9987137     2.500739 -0.001060732     20201.92
        7400    0.9987654     2.494015 -0.001056125     20205.33
        7402    0.9983567      2.49801 -0.001686469     20211.78
        7404    0.9983595      2.49325 -0.0006625701     20218.97
        7406    0.9981967     2.487247 -0.002747359     20225.68
        7408     0.997764     2.488714 -0.001453332     20229.84
        7410    0.9980553     2.476031 0.0002045861     20239.69
        7412    0.9969284     2.481624 0.0004773111     20246.57
        7414    0.9970356     2.488884  0.004154283     20253.27
        7416    0.9964525     2.492533 -0.0008920562     20258.11
        7418    0.9967354     2.509266 0.0001954395     20261.71
        7420    0.9969254     2.474487 -0.0008734177     20269.09
        7422    0.9968608     2.490447 -0.005732863     20272.55
        7424    0.9962189     2.485545 -0.001596666     20277.02
        7426    0.9960768     2.463403 -0.003591359     20283.75
        7428    0.9955115     2.461714 -0.004728857     20289.42
        7430    0.9954297     2.461716 0.0004809762     20296.45
        7432    0.9961034     2.447714 -0.001630322     20302.59
        7434    0.9956349     2.467251 -0.001983991     20305.85
        7436    0.9954971     2.448671   0.00160045     20312.92
        7438    0.9947501     2.445844 -0.0003135036      20319.8
        7440    0.9953035     2.460518  0.001169694     20323.42
        7442    0.9951325     2.464742  0.003766185     20328.52
        7444    0.9949272     2.458029  0.001733505     20334.51
        7446    0.9952761     2.475974 0.0009098307     20340.56
        7448     0.994929     2.474386 0.0007704029      20345.7
        7450    0.9946477     2.472021 -0.001217699     20351.09
        7452    0.9951144     2.464192 0.0003923259     20358.16
        7454    0.9949242     2.466232 7.097835e-05     20362.01
        7456    0.9947596     2.477525  0.001417862     20366.91
        7458    0.9945503     2.472589 -0.0003172605     20375.49
        7460    0.9948888     2.475535 -0.002332347     20379.63
        7462     0.995049     2.463694 -0.003277931     20383.67
        7464    0.9947778     2.458866 -0.004072827     20391.13
        7466    0.9946832     2.446366 -0.004917004     20393.17
        7468    0.9947092     2.442952 -0.005646397      20404.9
        7470     0.995019     2.424358 -0.005779361     20410.56
        7472    0.9946331     2.413695 -0.006368874     20413.75
        7474    0.9950632     2.400131 -0.003650517     20421.16
        7476    0.9951165     2.392001 -0.003935002     20426.82
        7478    0.9955602     2.395154 -0.003052784     20430.53
        7480    0.9957262     2.382215 -0.002425577     20436.04
        7482    0.9957681     2.375708  -0.00478595     20442.27
        7484    0.9951407     2.372597 -0.002503142      20443.7
        7486    0.9946682     2.356866 -0.003009075     20448.38
        7488    0.9944093      2.36219 -0.004420801     20453.78
        7490    0.9955045     2.351636 -0.003742255     20461.31
        7492    0.9952003      2.33723 -0.003938941     20462.98
        7494     0.994875     2.326928 -0.002740652     20468.11
        7496    0.9948156     2.330678 -0.001456981      20473.7
        7498     0.994308     2.329711 -0.000186459     20479.58
        7500    0.9944056     2.325574 -0.0003371614     20485.44
        7502     0.994328     2.325437 -0.001196074     20487.68
        7504    0.9948348     2.327981 -6.767478e-05     20495.26
        7506    0.9942386     2.320142 -0.0005735844     20498.04
        7508    0.9942271     2.325033 -0.001541151     20503.44
        7510    0.9941596     2.320848 -0.002732826     20505.85
        7512    0.9949155     2.315651 -0.002466879     20510.59
        7514    0.9943832     2.298279 -0.002857048     20514.69
        7516    0.9942566     2.305298 -0.004402104     20515.67
        7518    0.9944521     2.297992  -0.00137232     20503.62
        7520     0.994446     2.280435 -0.0008688868      20492.9
        7522    0.9939731     2.287301 -0.002267192     20488.56
        7524    0.9953186     2.298347 -0.0008988499        20410
        7526    0.9962711     2.279854 0.0004325743     20173.07
        7528    0.9930635     2.273244 -0.002055154     20259.82
        7530    0.9953417     2.290761 0.0006798644     20226.02
        7532    0.9946065     2.281906  0.003563796     20349.69
        7534    0.9952392     2.285293 -0.0004483519      20552.6
        7536    0.9948608     2.301754 -0.0006428034     20541.51
        7538    0.9946886     2.287175 -0.001046808     20547.65
        7540    0.9953758     2.276763 -0.002631714     20571.49
        7542    0.9951109     2.276919 -0.001926559     20588.88
        7544    0.9944309     2.280701 -0.001365062     20592.67
        7546    0.9946079     2.271762 -0.001549678     20596.47
        7548    0.9949124     2.265843 -0.002044448     20607.63
        7550    0.9949893     2.264521 -0.002581964     20610.54
        7552    0.9953941     2.264345 -0.001042257     20615.66
        7554     0.995471     2.251106 5.987799e-05     20616.58
        7556     0.994656     2.257505 0.0001092592     20622.94
        7558     0.995308        2.265  0.001022266     20628.31
        7560    0.9951353     2.265219 -0.0006515644     20632.72
        7562    0.9953854     2.259284 -0.001171564     20640.26
        7564    0.9953658     2.252292 -0.002700142     20642.65
        7566    0.9956031     2.255628 -0.001632229     20652.11
        7568    0.9950865     2.243618 -0.002177657     20652.44
        7570     0.994841     2.246227 -0.004040771        20655
        7572    0.9951118     2.234871  -0.00263179      20661.7
        7574    0.9951234     2.223302 -0.002436594     20664.85
        7576    0.9953351     2.222564 -0.002731612     20667.73
        7578    0.9957206     2.226734 -0.002536114     20672.13
        7580    0.9953465     2.213018 -0.002621503     20680.58
        7582    0.9955669     2.203013 -0.003317937     20681.84
        7584     0.995361     2.201592 -0.003513966     20682.92
        7586    0.9950356      2.20019  -0.00245279     20691.46
        7588    0.9954842     2.184906 -0.002840046     20691.52
        7590    0.9955311      2.18339 -0.002647181     20693.13
        7592    0.9957614     2.178871 -0.0008627592     20697.64
        7594     0.996158     2.179013 -0.0002925332     20703.48
        7596    0.9960428     2.178004 -0.001368528     20705.07
        7598    0.9954583      2.18105 -0.001764705     20707.51
        7600    0.9959574     2.167923 -0.001478117     20711.82
        7602      0.99638     2.164895 -0.002799459      20719.5
        7604    0.9960238     2.166179 -0.001919951     20718.03
        7606    0.9960573     2.158654 -0.001199742     20722.14
        7608    0.9963258     2.152563 -0.001296178     20727.39
        7610    0.9968282     2.155297 -0.003097582     20728.88
        7612    0.9968909      2.15581 -0.000842277     20735.74
        7614     0.996713     2.133874 -0.002688455     20739.71
        7616    0.9965588     2.145825 -0.001446799     20744.77
        7618    0.9970211      2.13379 0.0008132713     20747.62
        7620    0.9970222     2.144236 -0.0009420018     20752.38
        7622    0.9964501      2.14038 0.0001924229     20754.07
        7624    0.9961283     2.138289 -0.001948905     20760.85
        7626    0.9969341     2.135329 -0.001331652     20762.22
        7628    0.9966275     2.128644 -0.0009425669     20765.35
        7630    0.9966475     2.129727 -0.001458043     20770.93
        7632    0.9970766     2.130749 -0.001871313     20778.94
        7634    0.9970223     2.123665 -0.002234733     20782.41
        7636    0.9970714     2.113674 -0.003132759     20784.36
        7638     0.997091     2.111849  -0.00232476     20786.42
        7640     0.997009     2.105686 -0.002963275     20793.98
        7642       0.9973     2.105067 -0.003223622     20795.87
        7644    0.9972228     2.089968 -0.003222917     20801.37
        7646    0.9968573      2.08606 -0.003304195     20806.83
        7648    0.9968609     2.079903 -0.001809791     20807.59
        7650    0.9970622     2.078633 -0.001357466     20812.96
        7652     0.997459     2.075489 -0.0003784287     20816.79
        7654    0.9971047       2.0752 -0.0007629957        20819
        7656    0.9974572     2.076876 -0.0009624348     20824.86
        7658    0.9972794     2.072529 -0.001813748     20828.09
        7660    0.9969885      2.06779 -0.001426335     20831.46
        7662    0.9973286      2.06069 -0.000376597     20838.16
        7664    0.9971295     2.065465 -0.0005889783      20842.3
        7666    0.9973184     2.069516 -7.226413e-05     20849.27
        7668    0.9974133     2.063078 -0.0008670721     20851.44
        7670    0.9976918     2.060112 -0.001501186     20851.58
        7672    0.9976313     2.058528 -0.001263316      20857.6
        7674    0.9978434     2.057507 -0.0008969003      20862.4
        7676    0.9975489     2.052971 -0.0006157788     20864.16
        7678    0.9975488     2.052937 -0.001018313     20868.32
        7680    0.9980222     2.053602 -0.0004759949     20876.54
        7682    0.9982181      2.04936 -0.001219961     20879.76
        7684    0.9981362     2.049163 -0.002039885     20881.49
        7686    0.9986261     2.043177 -0.001216759     20887.11
        7688    0.9984649     2.037283 -0.001526741     20891.96
        7690    0.9982152     2.039626 -0.001520029     20894.27
        7692    0.9986807      2.03695 -0.001226276     20898.18
        7694    0.9989165     2.031017 -0.002325142     20898.22
        7696    0.9987205     2.027473 -0.002293966     20904.79
        7698    0.9983777     2.021025 -0.001564672     20905.76
        7700     0.998603     2.018598 -0.002280675     20910.45
        7702    0.9990569     2.018499 -0.001776415     20915.97
        7704    0.9986926     2.009228 -0.002613376     20919.79
        7706    0.9992961     2.006814 -0.002275867     20927.03
        7708    0.9996548     1.997691 -0.0007020536     20930.63
        7710    0.9996158     2.000293 -0.0004794661     20931.58
        7712    0.9997709     2.003611 0.0002222676     20933.62
        7714    0.9997075     2.002978 -0.0008081807     20938.86
        7716     1.000102     1.999469 -0.001298334     20941.54
        7718    0.9996296     1.993827 -0.0009032784      20948.5
        7720    0.9998651     1.993224 7.521614e-05     20950.93
        7722    0.9997127     1.995752 -0.0003444055      20949.3
        7724     1.000157     2.000071 -0.0003162451      20954.6
        7726    0.9999426     1.991072 -0.000838525     20956.97
        7728     1.000313     1.990694 -0.002869344     20959.67
        7730    0.9998233     1.989044  -0.00209163     20963.45
        7732    0.9996476     1.977116 -0.003212334     20969.93
        7734    0.9999091     1.974339 -0.002905415     20971.68
        7736    0.9997378     1.964996 -0.001737634     20974.08
        7738    0.9999155       1.9658 -0.002201384     20974.36
        7740     1.000281     1.963215 -0.0002153233      20975.4
        7742     1.000436     1.956728 -0.0007033439     20982.82
        7744     0.999936     1.963273 -0.001312359     20987.23
        7746    0.9995236     1.960174 -0.0009589102      20988.7
        7748    0.9999352     1.952716 -0.001888581     20995.12
        7750     1.000255     1.949056 -0.001298799     20999.27
        7752     1.000207     1.948165  -0.00057867     20998.65
        7754     1.000627     1.949783 -0.0006708738     21002.22
        7756     1.000558     1.948087 -0.0008690358     21008.99
        7758     1.000626     1.943689 -0.001541725     21009.16
        7760     1.000672     1.941212 -0.002015073     21013.74
        7762     1.000512     1.937449 -0.002334213     21017.58
        7764     1.000817     1.931966  -0.00204755     21021.44
        7766     1.000757     1.925016 -0.001872925     21021.12
        7768      1.00064     1.924832 -0.001860599     21020.26
        7770     1.001227     1.922466 -0.001373468     21023.82
        7772     1.001498     1.917081 -0.001882358     21028.87
        7774      1.00162     1.914028  -0.00217323     21027.77
        7776     1.001308     1.909773 -0.001888685     21023.38
        7778     1.001217      1.90508 -0.001418256     21021.39
        7780     1.001347     1.901972 -0.001448791     21010.38
        7782     1.001704     1.902682 -0.0006912118     20979.26
        7784     1.002587     1.898183 -0.001515775     20744.99
        7786     1.004353     1.899551 -0.002602362     20126.42
        7788    0.9991027     1.889846 -0.001474188     20060.95
        7790    0.9989746     1.881863 -0.001791738     20224.86
        7792     1.001243     1.886389 -0.0009441127     21034.99
        7794      1.00179     1.885217    0.0001269     21070.94
        7796      1.00203     1.882293  -0.00100719     21082.02
        7798     1.002523     1.882878 -0.001553157     21092.45
        7800     1.002259     1.878332 -0.001594541     21095.67
        7802     1.001877     1.872791 -0.001612557     21093.64
        7804     1.002207     1.869536 -0.001977046     21099.57
        7806     1.002424     1.869978 -0.0008569547     21102.45
        7808     1.002246     1.862515 -0.000730794     21104.91
        7810       1.0024     1.865936 -0.001716372     21110.67
        7812     1.002648      1.86369 -0.001049973     21113.61
        7814     1.002734     1.856247 -0.001465232     21113.86
        7816      1.00308     1.854116 -0.002178531     21116.73
        7818     1.002564     1.854214 -0.001833939     21117.97
        7820     1.002599     1.846262 -0.001912321     21120.54
        7822     1.002866     1.841575 -0.001791591     21123.63
        7824     1.003023     1.838817 -0.0005898925     21126.74
        7826     1.003203     1.839881 -0.001084683     21127.74
        7828     1.002742     1.841543 -0.001433388     21128.29
        7830     1.002968     1.832898  -0.00197487     21132.02
        7832     1.003091      1.82735 -0.001868795     21136.75
        7834     1.003266     1.824082 -0.001154477     21139.24
        7836     1.003056     1.826592  -0.00150545     21143.97
        7838      1.00295     1.823662 -0.001432409     21147.35
        7840      1.00334     1.815306 -0.001973431     21150.42
        7842      1.00323     1.812623   -0.0015575     21150.74
        7844     1.002887     1.810805 -0.001072054     21152.68
        7846     1.002924     1.811202  -0.00106144     21155.18
        7848     1.002873      1.80673 -0.001132816     21160.33
        7850     1.003112     1.804131 -0.001345843     21165.31
        7852     1.003385     1.801742 -0.0007757396     21164.47
        7854     1.003478     1.800435 -0.001430734     21171.27
        7856     1.003189     1.800524 -0.001599123     21172.39
        7858     1.003037     1.792686 -0.001247674     21174.39
        7860      1.00313     1.788949 -0.001209848     21177.03
        7862     1.002915     1.790454 -0.001015295      21179.5
        7864     1.003265     1.790845 -0.0006969898     21181.78
        7866      1.00349     1.784563 -0.001465098     21182.99
        7868     1.003798     1.783373 -0.002528981     21186.34
        7870     1.003922     1.778733 -0.001632974     21192.62
        7872     1.004129     1.770613 -0.001921878     21195.89
        7874     1.003616     1.771499 -0.001611754     21197.43
        7876      1.00336     1.767998 -0.0008029857     21202.02
        7878     1.003326     1.765839 -0.001720373     21202.89
        7880     1.003302     1.764189 -0.001799548     21205.17
        7882     1.003598     1.757736 -0.001967159     21209.26
        7884      1.00393     1.753602 -0.002191052     21213.27
        7886     1.003713     1.750102 -0.001875362     21214.38
        7888     1.004008     1.746661 -0.001516079     21217.14
        7890     1.003976     1.742733 -0.001445092     21224.87
        7892      1.00366     1.741473 -0.001593559      21222.6
        7894     1.003787     1.738541 -0.001669722     21222.95
        7896     1.004018     1.733912 -0.001459251     21231.16
        7898     1.004225     1.729376 -0.001185565     21233.33
        7900     1.004333     1.729799  -0.00125278     21235.71
        7902     1.004379     1.729057 -0.001015232     21236.49
        7904     1.004347      1.72389 -0.001607597     21243.61
        7906     1.004312     1.721254 -0.002121701     21248.31
        7908     1.004401     1.716938 -0.001467665     21252.49
        7910     1.004613     1.712083 -0.001531476     21253.61
        7912     1.004564     1.712149 -0.001014805     21251.97
        7914     1.004846     1.709002 -0.0007404423     21202.05
        7916     1.005557      1.70882 -0.001670963     20933.44
        7918       1.0058     1.706159 -0.001466005     20639.49
        7920     1.004387     1.698781 -0.001528484     20957.89
        7922     1.004557     1.697274 -0.001570779     21183.65
        7924     1.004925     1.696592 -0.0008617662     21231.39
        7926     1.005134     1.693593 -0.001090865     21244.89
        7928     1.005167     1.691887 -0.001357537        21251
        7930     1.005164     1.688547 -0.001739877     21255.48
        7932     1.005122     1.685732 -0.001714619     21257.71
        7934     1.005457     1.679674 -0.001271713     21261.39
        7936     1.004931      1.67817 -0.001395192     21265.24
        7938     1.005008     1.678373 -0.0007044738     21269.69
        7940     1.004751      1.67457 -0.001035628     21271.18
        7942     1.004643     1.674038 -0.001391573     21274.15
        7944     1.005205     1.669885  -0.00142261     21279.52
        7946     1.005216     1.667241 -0.001552581     21281.89
        7948     1.005384     1.663189 -0.001607595     21283.38
        7950      1.00529     1.661618 -0.001158417     21285.66
        7952     1.005344     1.657024 -0.0008383226     21292.37
        7954     1.005569     1.657973 -0.0006805053     21290.39
        7956     1.005462     1.656483 -0.0009686309     21293.29
        7958     1.005143     1.656174 -0.001544631     21299.77
        7960     1.005181     1.649275 -0.001476249     21301.63
        7962     1.005217     1.645616  -0.00177132     21303.01
        7964     1.005418     1.644673 -0.001312156     21305.89
        7966     1.005327     1.642003 -0.000835014     21310.41
        7968     1.005219     1.638778 -0.001576432     21307.06
        7970     1.004885     1.638936 -0.001813608     21311.65
        7972     1.004951     1.632061  -0.00149495     21313.23
        7974     1.005184     1.627494 -0.001600927     21315.77
        7976     1.005207     1.626818 -0.001417118     21318.48
        7978     1.005333     1.626129 -0.0005503919     21322.06
        7980     1.005177     1.620724 -0.001370337     21320.93
        7982     1.004896     1.623091 -0.001789032     21325.77
        7984     1.004943     1.615856 -0.001160592     21328.73
        7986     1.004766     1.611817 -0.001934226     21329.65
        7988     1.004943      1.61144 -0.001561331     21332.37
        7990     1.005147     1.607617 -0.001123848     21337.54
        7992     1.005136     1.603365  -0.00115607     21338.89
        7994     1.005102     1.602826 -0.001105698     21339.83
        7996     1.004992     1.602191 -0.0008953263     21340.62
        7998     1.005156     1.598772 -0.001199989     21343.74
        8000     1.004784     1.596203 -0.001600817     21344.88
        8002     1.005071     1.593226 -0.001338386     21351.52
        8004     1.005107     1.589385 -0.001031725     21353.91
        8006     1.005033     1.588065 -0.001327562     21354.42
        8008     1.004805     1.587949 -0.000843516     21358.06
        8010     1.004651     1.582605 -0.001135136     21356.43
        8012     1.004761     1.582637 -0.001423656     21360.39
        8014      1.00469     1.578984 -0.001452011     21363.07
        8016     1.005151     1.576559 -0.002186422     21364.68
        8018     1.005248     1.570989 -0.001274312     21364.64
        8020     1.005049     1.565145 -0.001685319     21366.46
        8022     1.004791     1.568789 -0.001366392     21369.08
        8024     1.004785     1.563077 -0.001095978     21368.97
        8026     1.004744     1.560058 -0.001560056     21370.91
        8028     1.004577     1.556377 -0.0008365888     21375.28
        8030     1.004202     1.556309 -0.001068861     21375.43
        8032     1.004204     1.556384  -0.00112172     21377.81
        8034     1.004464     1.551507 -0.001357913     21385.85
        8036     1.004481     1.547404 -0.002202919     21385.74
        8038     1.004256     1.545445  -0.00170943      21387.3
        8040     1.004771     1.538761 -0.001677503     21390.88
        8042     1.004475     1.537832  -0.00107232     21391.42
        8044     1.003992     1.533984 -0.0006952561     21391.66
        8046     1.004376     1.536867 -0.001335287     21394.31
        8048     1.004042     1.533199 -0.0008076181     21397.86
        8050     1.004222      1.52715  -0.00178949      21399.7
        8052      1.00411     1.527523 -0.001445653     21402.11
        8054      1.00388     1.522551 -0.001336336     21402.61
        8056     1.004045     1.521634 -0.001798166     21406.53
        8058     1.003744     1.516459 -0.001347244     21408.52
        8060      1.00395     1.513137 -0.001501481     21410.56
        8062     1.003789     1.511773 -0.0008052189      21414.3
        8064     1.003389     1.509622 -0.001037168     21414.11
        8066     1.003562     1.510017 -0.001597921     21416.89
        8068     1.003377      1.50484 -0.001626343     21417.46
        8070      1.00325      1.49899 -0.001790832     21418.45
        8072     1.003455     1.496611 -0.001612701     21421.36
        8074     1.003185      1.49569 -0.001119015     21427.15
        8076     1.002917     1.491938 -0.001369091     21422.28
        8078     1.002779     1.490037 -0.001403376      21422.5
        8080     1.003189     1.485658 -0.001183157     21424.95
        8082     1.003122     1.484463 -0.001469531     21429.75
        8084     1.003073     1.482473 -0.001563114     21432.75
        8086     1.002841     1.478281  -0.00147226      21430.8
        8088     1.002954     1.473153 -0.001379855     21434.17
        8090     1.002527     1.472685  -0.00121095     21434.65
        8092     1.002148     1.471434 -0.0004703065     21437.64
        8094     1.002066     1.468594 -0.0009244579     21439.09
        8096     1.002044     1.469391 -0.001322387      21443.1
        8098     1.002205      1.46529 -0.0009373114     21446.71
        8100     1.002051     1.460855 -0.001835967     21445.32
        8102     1.001998     1.461095 -0.0009953488     21443.59
        8104     1.001915     1.454703 -0.000723535     21441.84
        8106     1.002157     1.457327 -0.001035992     21450.82
        8108     1.001952     1.455067 -0.000821171     21452.04
        8110     1.001616     1.452807  -0.00123583     21451.86
        8112     1.001404     1.448134  -0.00102608      21451.1
        8114     1.001229      1.44744 -0.001192935     21457.24
        8116     1.000918     1.446858 -0.001305065     21453.68
        8118     1.001151     1.443264   -0.0013736     21456.45
        8120     1.001338     1.437693 -0.001369138      21458.7
        8122     1.001077     1.436452 -0.001403587     21459.72
        8124     1.000936     1.435905 -0.0006990461     21463.35
        8126     1.000518     1.432035 -0.001338055     21463.97
        8128     1.000619     1.432101 -0.001462861     21465.59
        8130     1.000418     1.425747 -0.001190369     21465.53
        8132     1.000269     1.424202 -0.001733509     21467.27
        8134      1.00014     1.422512 -0.001496474     21470.04
        8136    0.9998247     1.418233 -0.001333112      21471.9
        8138    0.9994357     1.413775 -0.001319679      21470.1
        8140    0.9994647     1.413537 -0.001239348     21473.93
        8142    0.9993061     1.411955 -0.001133897     21476.61
        8144    0.9992354     1.408318 -0.001735859     21475.71
        8146    0.9989742     1.404704  -0.00161541     21475.43
        8148    0.9988712      1.39965 -0.001287027     21477.26
        8150    0.9987209     1.399031 -0.001236926     21476.96
        8152    0.9985782     1.398022 -0.0007256733     21476.21
        8154    0.9986702     1.394809 -0.0008528759     21478.55
        8156     0.998203     1.393845 -0.0009651424     21476.23
        8158    0.9979037     1.392208 -0.0008384986     21475.85
        8160    0.9979191     1.390301 -0.001215797     21477.68
        8162     0.997557     1.388101 -0.001186022     21479.55
        8164    0.9974614     1.384119 -0.001363091     21482.55
        8166    0.9972892      1.38272 -0.001456547     21483.65
        8168    0.9968989     1.379396 -0.001314663     21482.14
        8170    0.9968181     1.376448 -0.001635216     21485.39
        8172    0.9966711     1.373601 -0.001364746     21487.44
        8174    0.9965074     1.369638  -0.00143539     21491.33
        8176    0.9963743     1.368478 -0.001282858     21488.75
        8178    0.9963128     1.364965 -0.001017077     21490.21
        8180    0.9960355     1.363339 -0.001369323     21489.61
        8182    0.9959149     1.361502 -0.001351468     21490.98
        8184    0.9958868     1.357523  -0.00137245     21492.45
        8186    0.9956561     1.354153 -0.001418535     21496.27
        8188    0.9956525     1.352359 -0.000998969     21494.61
        8190    0.9953385     1.350153 -0.0008354525     21494.39
        8192    0.9951999     1.349532 -0.0008949042     21498.35
        8194    0.9952008      1.34747 -0.0009207865     21500.03
        8196    0.9946779       1.3452 -0.001475364      21502.8
        8198    0.9943796     1.342787 -0.001376048     21499.61
        8200    0.9945036     1.337729 -0.001409806     21501.09
        8202    0.9944037     1.336461  -0.00129798     21502.63
        8204    0.9942183     1.333921 -0.001068437     21500.59
        8206    0.9942755     1.332403  -0.00118809     21503.01
        8208    0.9937517     1.329181 -0.001139643      21501.3
        8210    0.9933209     1.326957 -0.001432958     21500.23
        8212    0.9933522     1.324804  -0.00153048     21504.89
        8214    0.9933679      1.32094 -0.001393833     21509.58
        8216    0.9931072     1.316937 -0.001182999     21508.32
        8218    0.9925799     1.315806 -0.001035804     21504.55
        8220    0.9924321      1.31534 -0.0007016944     21506.45
        8222    0.9924618     1.312653 -0.0009341023     21507.23
        8224    0.9920408     1.311324 -0.001236263     21510.56
        8226    0.9917404     1.308333 -0.001248127     21512.71
        8228    0.9918089      1.30545 -0.001544762     21515.36
        8230    0.9914713     1.302668 -0.001325434     21515.12
        8232    0.9911499     1.298966 -0.001256485     21511.33
        8234    0.9906448      1.29773 -0.001379925     21511.95
        8236    0.9904142     1.295398  -0.00113596     21516.29
        8238    0.9903753     1.291629 -0.001459762      21517.8
        8240    0.9901727     1.289878 -0.001446471     21516.62
        8242    0.9898734     1.286052 -0.001484347     21516.91
        8244    0.9899676     1.283826 -0.001495216     21520.52
        8246    0.9898595     1.279754 -0.001049456     21523.17
        8248    0.9891129     1.277916 -0.001214987     21520.14
        8250    0.9889626     1.277656 -0.001161301     21519.04
