# This file has been produced by extranormal (v 1.0.1 - February 23, 2017)
# O. Roudenko - Synchrotron SOLEIL. Covered by GPL licence.
#Data from HDF File: /nfs/ruche-rock/rock-soleil/com-rock/2021/Projets/20210209_Hilde/InSitu/10Ni-10Fe_50BN/10Ni-10Fe_50BN_RWGS750_CO2pulses_H2cst_ratio1/10Ni-10Fe_50BN_RWGS750_CO2pulses_H2cst_ratio1_00757.nxs to 10Ni-10Fe_50BN_RWGS750_CO2pulses_H2cst_ratio1_00758.nxs
#Time at start=2021-02-10 14:42:38.997
#Time from start (seconds)=3783.79716333
#Sample temperature (C)=24.9
# Normalization -------------
# pivot spectrum: Pivot_Fe_10Ni-10Fe_50BN_RT_air_av2000_00001.txt
# E0=7112.0   Eshift=1.66656756348
# E0_pivot = 7112.0
# pre-edge params: from E0_pivot-140.0 to E0_pivot-20.0
# pre-edge range: [6972.0, 7092.0]
# post-edge params: from E0_pivot+100.0 to E0_pivot+1140.0
# post-edge range: [7212.0, 8250.0]
# I jump at E0_pivot = 1.24640379044
# shifted energy	normalized	reference	ref.derivative	I0
        6970  0.001056845     1.674344 -0.001574153     18813.36
        6972  0.001056845     1.674344 -0.001574153     18813.36
        6974  0.001015824     1.671754 -0.0002866942     18820.18
        6976  0.001273297     1.674284 -0.0009905146      18826.8
        6978  0.001062934     1.673429 -0.001748138     18837.66
        6980  0.001045321      1.66642 -0.001476536     18847.46
        6982  0.001062265     1.657769 -0.001628172     18855.34
        6984 0.0007507236     1.662471 -0.003208308     18861.81
        6986  0.000685762     1.660403 -0.001317002        18865
        6988 0.0001528096     1.640754 -0.001764084     18874.82
        6990 0.0005362568     1.647233 -0.001915856     18883.95
        6992 -3.787993e-05     1.648359 4.413865e-05     18892.99
        6994   0.00053589     1.645077 -0.001530582     18901.98
        6996 0.0004386467     1.641107 -0.001785677     18912.35
        6998  0.000367527     1.634989 -0.002193876     18917.57
        7000 2.219076e-05     1.634073 -0.001997298     18921.49
        7002 6.329001e-05     1.627526 -0.0008875139     18931.38
        7004 0.0001983341     1.625128 -0.001183806     18940.68
        7006 -2.462891e-06     1.627889 -0.001246469     18949.29
        7008 -0.0003701223     1.624603 -0.001445726     18952.37
        7010 -0.0002054029     1.617554 -0.001828435     18960.01
        7012 -0.000300285     1.613562 -0.002319755     18969.83
        7014 -0.0006067884     1.613261 -0.001645936      18979.6
        7016 -0.0009746763     1.606045 -0.0002258232     18989.24
        7018 -0.0007824089     1.604386  -0.00154533     18997.75
        7020 -0.0004019209     1.611756 -0.001056271     19007.69
        7022 -0.0003221426     1.600898 -0.001220974     19015.28
        7024 -0.000414172     1.597595 -0.003142149     19025.12
        7026 -0.0002309608     1.594619 -0.001926331     19032.44
        7028 -0.0008309628     1.586619 -0.001826654      19042.2
        7030 -0.001071364     1.585488 -0.001475347     19047.01
        7032 -0.0004202267     1.582981 -0.0006000394     19057.46
        7034 -0.0009001146     1.582816 -0.0009543686     19064.85
        7036 -0.001279415     1.581818 -0.001909842     19067.76
        7038 -0.001077295     1.577853 -0.002017062     19075.02
        7040  -0.00125697     1.567703  -0.00195634     19085.07
        7042 -0.0009459743     1.566679 -0.001978575     19092.46
        7044 -0.0007636684     1.566168 -0.0005029019     19100.07
        7046 -0.0007977472     1.562024 -0.001271267     19111.21
        7048   -0.0011058     1.563679 -0.001456004     19116.58
        7050 -0.0008357464     1.556509  -0.00126899     19124.97
        7052 -0.0007102702      1.55452 -0.001454445     19134.17
        7054 -0.0004680103     1.551872 -0.001178425     19143.38
        7056 -0.000495011     1.552044  -0.00182179     19152.48
        7058 -0.0005884543     1.547082  -0.00216813     19159.04
        7060 -0.0004321026     1.539945  -0.00207499     19166.93
        7062 -0.0003807174     1.534527 -0.001776252     19176.24
        7064 -0.0003183688     1.535444 -0.001209968     19184.69
        7066 -0.0001936958     1.532872 -0.0007156111     19188.42
        7068 -9.197411e-05     1.530266  -0.00109884      19197.8
        7070 -2.206811e-05     1.528802 -0.0005309156     19204.39
        7072  0.000122822     1.526653 -0.0006824752     19210.08
        7074 -0.0001883688     1.528624   -0.0012084     19217.27
        7076 0.0006099377     1.524806 -0.001666661     19230.29
        7078 0.0006875711     1.519135 -0.002374338     19236.33
        7080 9.156845e-05      1.51332 -0.002014629     19242.34
        7082 0.0003203319      1.50963 -0.001641207     19248.73
        7084 0.0009938451     1.508689 -0.000878813     19254.72
        7086  0.001670452     1.506006  -0.00100887     19263.97
        7088  0.001840389     1.506289 -0.001457308     19270.98
        7090  0.002037969     1.501559 -0.001570231     19279.64
        7092  0.002589376      1.49703 -0.001225939      19285.5
        7094  0.003195468     1.493444 -0.0006670955     19295.77
        7096  0.004020618     1.496482 -0.0003626519     19304.09
        7098   0.00498653     1.496222 -0.0001508668     19311.45
        7100  0.005591752     1.494129 -0.0005218358     19318.03
      7100.2  0.005745456     1.493898 -0.0005307278     19318.73
      7100.4  0.005899161     1.493667 -0.0005396199     19319.43
      7100.6  0.006052866     1.493435 -0.0005485119     19320.12
      7100.8  0.006206571     1.493204 -0.000557404     19320.82
        7101  0.006360275     1.492973 -0.000566296     19321.52
      7101.2   0.00651398     1.492742 -0.0005751881     19322.21
      7101.4  0.006667685      1.49251 -0.0005840802     19322.91
      7101.6   0.00682139     1.492279 -0.0005929722     19323.61
      7101.8  0.007066417     1.492949 -0.001378728     19324.48
        7102  0.007365938     1.493735 -0.001009245     19325.99
      7102.2  0.007477706     1.491255 -0.002756408      19328.5
      7102.4  0.007413212     1.491104 -0.001948796     19329.55
      7102.6  0.007345508     1.490744  0.003706508     19329.25
      7102.8  0.007477545     1.492176   0.00397678     19332.16
        7103  0.007743442      1.49422  0.006237469     19332.18
      7103.2  0.007931076     1.494286   0.00635496     19333.61
      7103.4  0.008284866     1.495734  0.001883829     19335.49
      7103.6  0.008524628      1.49726 -0.003768899     19334.46
      7103.8  0.008638895     1.495727 -0.004765381     19332.45
        7104  0.008748526     1.491271 -0.004880924     19333.26
      7104.2  0.008762288     1.491922 -0.003952664     19334.35
      7104.4  0.008655692     1.493356 -0.0004459689     19334.68
      7104.6  0.009095337     1.492565 -0.002706204     19338.26
      7104.8  0.009599007     1.490914 -0.004665264     19339.64
        7105  0.009837082     1.489757 -0.003230115     19340.97
      7105.2  0.009872442     1.489623  0.001554443     19341.26
      7105.4    0.0100656     1.489981  0.004398056     19341.55
      7105.6   0.01031062     1.492158  0.004500019     19342.33
      7105.8   0.01061323     1.493275  0.005160385     19343.97
        7106   0.01091757     1.493223  0.006896141     19344.64
      7106.2   0.01099621     1.494109  0.009168049      19342.5
      7106.4    0.0113039     1.497674  0.009313366     19341.09
      7106.6   0.01193141      1.50061  0.008662744     19343.26
      7106.8   0.01232725     1.500674  0.005152758     19344.92
        7107   0.01267059     1.501039  0.002976804     19345.87
      7107.2   0.01321077     1.501797  0.003578684     19349.14
      7107.4   0.01375649     1.502991  0.001325681     19349.06
      7107.6   0.01431528     1.503537 -0.001492321     19349.07
      7107.8   0.01455401       1.5021 -0.004558349     19349.97
        7108   0.01470889     1.500603 -0.005790912     19350.33
      7108.2   0.01523581     1.499345 -0.002826897     19350.11
      7108.4   0.01596482     1.498904  0.001488302     19348.39
      7108.6   0.01688001     1.499838  0.006965803      19350.2
      7108.8   0.01769039     1.501793   0.01227425     19352.36
        7109   0.01832374     1.504917   0.01467349     19351.94
      7109.2   0.01891449     1.508724   0.01467544     19353.38
      7109.4    0.0195795     1.511577   0.01369725     19354.05
      7109.6   0.02060513     1.513534   0.01242506      19352.9
      7109.8    0.0217544     1.515875   0.01665744     19352.58
        7110   0.02321171     1.518664   0.02447819     19352.92
      7110.2    0.0251868     1.524903    0.0315944     19353.14
      7110.4   0.02745853     1.533116     0.045476      19352.7
      7110.6   0.03010581      1.54115   0.06796163     19353.23
      7110.8   0.03316492     1.555044   0.09426382     19351.72
        7111   0.03672151     1.579272    0.1162857     19349.02
      7111.2   0.04133833     1.608527    0.1312638     19347.32
      7111.4   0.04727766     1.634179    0.1393893        19347
      7111.6   0.05437835     1.660055     0.143589     19345.95
      7111.8   0.06256148     1.690784    0.1438072     19345.37
        7112   0.07167499     1.723399    0.1500887     19344.67
      7112.2   0.08119815     1.749225    0.1493807     19344.57
      7112.4   0.09068445     1.780126    0.1481875     19343.12
      7112.6   0.09994208     1.810288    0.1450675     19340.16
      7112.8    0.1087974     1.841949    0.1290044     19338.25
        7113    0.1168554     1.865279    0.1126688     19337.62
      7113.2    0.1240211      1.88333   0.09240586      19336.5
      7113.4     0.130512     1.900423   0.09753759      19336.4
      7113.6    0.1364336     1.915873   0.09865221     19335.03
      7113.8    0.1421671     1.943309   0.09365213      19334.2
        7114     0.147716     1.962252   0.09077306     19334.23
      7114.2    0.1528194     1.975345   0.07114517     19333.53
      7114.4    0.1573108     1.988492   0.05762711     19331.56
      7114.6    0.1611207     2.000225   0.05183208     19332.05
      7114.8    0.1641518     2.008353   0.06069005     19331.36
        7115    0.1667564     2.016811   0.06730771     19330.26
      7115.2    0.1689486     2.037044   0.07048553     19332.04
      7115.4    0.1712323     2.054071   0.06044704     19334.42
      7115.6    0.1738201     2.064742   0.03452534     19333.85
      7115.8    0.1767663     2.065168   0.02079617     19332.54
        7116     0.179901     2.064664   0.01316873     19333.34
      7116.2    0.1835019     2.070708   0.01181312     19333.17
      7116.4    0.1878449     2.075277   0.01335591     19334.26
      7116.6    0.1932842     2.074619   0.01356157     19335.79
      7116.8    0.1996181     2.075349   0.01773125     19334.33
        7117     0.206787     2.081557   0.02675859     19333.46
      7117.2    0.2147808     2.089462    0.0371684     19334.05
      7117.4    0.2237097     2.096026   0.04668802     19335.03
      7117.6    0.2338887     2.105084    0.0552945     19335.32
      7117.8     0.245236     2.118908   0.07142677     19335.72
        7118    0.2576965     2.133697   0.08044689        19336
      7118.2    0.2717575     2.153167    0.0830378     19337.19
      7118.4    0.2875608     2.169441   0.09265273     19338.15
      7118.6    0.3047575     2.185338   0.09786518     19338.28
      7118.8    0.3229712      2.20782    0.1100415     19339.25
        7119    0.3426098     2.231459    0.1189751      19340.6
      7119.2    0.3643152     2.257474    0.1240591     19341.17
      7119.4    0.3874207     2.280518    0.1321213     19339.92
      7119.6    0.4109541     2.307067    0.1311625     19338.69
      7119.8    0.4347336     2.337156    0.1364023     19337.11
        7120    0.4590765     2.362404    0.1501962     19335.95
      7120.2    0.4833863      2.38964    0.1399527     19335.73
      7120.4    0.5064547     2.427224    0.1215384     19335.55
      7120.6    0.5280656     2.449118    0.1153091     19335.62
      7120.8    0.5482415     2.459635    0.1007319     19336.03
        7121    0.5662498     2.481887    0.1015415     19336.53
      7121.2    0.5826899     2.507809    0.1223368     19336.34
      7121.4    0.5982304     2.530352    0.1229396     19335.08
      7121.6    0.6132001     2.557504    0.1206934     19334.67
      7121.8    0.6275769     2.580239    0.1390959     19334.27
        7122    0.6419434     2.604364    0.1273015     19333.95
      7122.2    0.6564681     2.641628    0.1101654     19335.56
      7122.4    0.6714611     2.659346    0.0921809     19334.58
      7122.6    0.6871449     2.668371   0.06150065      19333.3
      7122.8     0.703214     2.678109   0.07096307     19331.48
        7123    0.7201128     2.690829    0.0834024     19329.49
      7123.2    0.7376614     2.716116   0.08353075     19327.11
      7123.4    0.7552701     2.735093    0.0797977     19327.56
      7123.6    0.7735707     2.744933   0.06138916     19328.03
      7123.8    0.7923572     2.754667   0.08712216     19327.92
        7124    0.8105366     2.765227    0.1077088     19329.87
      7124.2     0.828114     2.804791   0.08195666     19330.19
      7124.4    0.8456447       2.8311   0.05703548     19329.46
      7124.6    0.8630663     2.820232    0.0107025     19329.65
      7124.8    0.8796265     2.810856 -0.007020759     19330.72
        7125    0.8947905     2.813353  -0.01650382     19331.08
      7125.2    0.9086872     2.825484  -0.01794772     19329.23
      7125.4    0.9218707     2.807029 -0.001512844     19326.27
      7125.6    0.9344872     2.796498  -0.02498419     19323.92
      7125.8    0.9469791     2.812143  -0.01648432        19324
        7126    0.9591935     2.805496   0.03834088     19324.15
      7126.2    0.9712387     2.793842   0.03574996     19324.49
      7126.4    0.9832649      2.82717   0.04796111     19323.63
      7126.6      0.99539     2.840743   0.09175143     19321.75
      7126.8     1.007638     2.843865    0.0534798     19320.81
        7127     1.019832     2.867243   0.03264357     19321.83
      7127.2     1.031996     2.869954   0.05056676     19321.59
      7127.4      1.04456     2.866857   0.04793236     19321.36
      7127.6      1.05784     2.884319    0.0622254      19321.7
      7127.8     1.071478     2.905589   0.07401999     19319.69
        7128     1.085405     2.919735    0.0645823     19317.87
      7128.2     1.099672     2.926073    0.0717605     19315.91
      7128.4     1.114127     2.935985   0.03374416     19315.04
      7128.6     1.128687     2.962997   0.02142765      19315.1
      7128.8     1.142864      2.94673   0.05734332     19315.97
        7129     1.156249     2.943216    0.0676876     19317.09
      7129.2     1.168504     2.981859   0.07070755     19316.91
      7129.4     1.179282     3.017147   0.05065202     19316.86
      7129.6     1.188364     3.003296  0.005906864     19317.11
      7129.8     1.195773     2.983737  -0.06094862     19316.36
        7130     1.201605     2.986585  -0.02078424     19315.57
      7130.2     1.205895     2.968389   0.04209804     19314.03
      7130.4     1.208853     2.986668   0.04391063     19311.85
      7130.6     1.210913     3.017416   0.09873079     19312.29
      7130.8     1.212644     3.021713    0.1243388     19311.96
        7131     1.213583     3.047373    0.0899928     19308.02
      7131.2     1.214162      3.08614   0.09534191        19307
      7131.4     1.214527      3.08941    0.1245937     19305.61
      7131.6     1.214781     3.097987   0.07117744     19305.06
      7131.8     1.214548     3.147048   0.01338702     19305.97
        7132     1.213555     3.143082  0.009288474     19306.08
      7132.2     1.212846      3.10012  -0.02375259     19306.17
      7132.4     1.212283     3.105418  -0.04785215     19305.94
      7132.6     1.211669     3.128046  -0.07009319     19303.48
      7132.8     1.210338       3.1048   -0.1337571     19302.36
        7133     1.207817     3.044045   -0.1825156     19302.84
      7133.2     1.204276     2.998412   -0.1425748     19301.68
      7133.4     1.199917     2.982034  -0.09917004     19301.69
      7133.6      1.19508      2.99074  -0.07055169      19302.7
      7133.8     1.189802     2.964709  -0.03452698     19302.65
        7134      1.18404     2.941971  -0.03835451     19303.17
      7134.2     1.177736     2.954412  -0.03112357     19305.29
      7134.4     1.171062     2.960056  -0.01927078     19308.98
      7134.6     1.164136      2.93981   -0.0245393     19310.53
      7134.8      1.15642     2.926554  -0.02126561     19311.23
        7135     1.148699     2.934781   0.03175874     19313.03
      7135.2     1.141566     2.943044   0.04214484     19313.13
      7135.4     1.134791     2.965217  -0.01420731     19313.55
      7135.6     1.128366      2.96027  -0.02362415     19313.97
      7135.8     1.121822     2.923415  -0.04489223     19315.84
        7136     1.115124     2.924145  -0.03919525     19318.17
      7136.2     1.108593     2.929303 0.0008047007     19315.91
      7136.4     1.102483     2.928914  -0.02767957     19314.64
      7136.6     1.096732     2.924058  -0.01565157     19313.56
      7136.8     1.091218     2.902001    0.0147375      19310.6
        7137     1.086186     2.916782   0.01289279     19303.75
      7137.2     1.081984     2.940704   0.02086591      19289.9
      7137.4      1.07786     2.934373  -0.02386575     19265.36
      7137.6      1.07377     2.918694  -0.06225939     19231.07
      7137.8     1.070084     2.897689  -0.02526747     19191.57
        7138     1.067088     2.890896   0.04444196     19151.42
      7138.2     1.063961     2.914159   0.08404867     19116.89
      7138.4      1.06076     2.954247   0.06641806     19091.11
      7138.6     1.057452     2.964928   0.01968746     19081.42
      7138.8     1.054313     2.944031  -0.01892778     19086.91
        7139     1.051474     2.929909  -0.03816694     19105.03
      7139.2     1.049265     2.939105   -0.0424849     19132.15
      7139.4     1.047808     2.934395 -0.002903593     19161.48
      7139.6       1.0467     2.910043  0.002607937     19191.35
      7139.8     1.045157     2.927586 -0.005644712     19220.03
        7140     1.043897     2.941191   0.03240396     19243.86
      7140.2     1.042968     2.929879   0.01959094     19268.34
      7140.4      1.04231     2.935966   0.02551228     19288.68
      7140.6     1.041847     2.943259    0.0449166     19299.72
      7140.8     1.040834     2.961601   0.02478943     19305.15
        7141      1.03985     2.965812  0.004491076     19311.04
      7141.2     1.039399     2.955797   -0.0186761     19313.99
      7141.4     1.038931     2.946851  -0.02094675     19311.93
      7141.6     1.038255      2.94666   0.02315875     19302.55
      7141.8     1.037768     2.949055   0.07665002     19284.42
        7142      1.03715     2.974324   0.07775481     19256.61
      7142.2     1.036232     3.008171    0.0553972     19221.91
      7142.4     1.035232     3.008864   0.01019145     19181.45
      7142.6      1.03429     2.993373  -0.04281946     19139.56
      7142.8     1.033302     2.982478  -0.04322089     19105.61
        7143     1.032169     2.973916  -0.02097268     19082.86
      7143.2     1.031184     2.974287  -0.02411122      19075.5
      7143.4     1.030259     2.976595  -0.01525156     19086.29
      7143.6     1.029445     2.963189   0.01184397     19110.53
      7143.8     1.028596     2.961715     0.010489     19145.89
        7144      1.02751     2.983763  -0.01060151     19190.85
      7144.2     1.026661     2.984986   0.01642288     19232.27
      7144.4      1.02595     2.954707  0.001796819     19268.13
      7144.6     1.025402     2.974853  -0.04497216     19295.11
      7144.8     1.024318       2.9852  -0.02385502     19310.72
        7145     1.022895     2.949008  -0.06030371     19321.26
      7145.2      1.02166     2.935623  -0.09851185     19328.82
      7145.4     1.020242      2.92661  -0.04185761     19332.08
      7145.6     1.018692     2.906391  -0.03469379     19334.86
      7145.8     1.017107     2.915522  -0.00481062     19338.24
        7146       1.0156     2.907868    0.0612487     19343.39
      7146.2     1.013743     2.922761   0.07152141     19344.97
      7146.4     1.011724     2.955389   0.05410633     19348.66
      7146.6     1.009874     2.972739   0.05895177     19352.55
      7146.8     1.007826     2.951153   0.06313526     19354.37
        7147     1.005635     2.969923   0.03768968        19356
      7147.2     1.003567     3.005898    0.0605237     19356.91
      7147.4     1.000939     3.002891   0.07997249     19356.77
      7147.6    0.9981374     2.999572    0.0531823     19358.86
      7147.8    0.9955048     3.033901     0.059838     19361.18
        7148    0.9921597     3.048444   0.07701701     19361.95
      7148.2    0.9888321     3.050761   0.04496042     19365.02
      7148.4    0.9856437     3.061186  0.002397156     19368.87
      7148.6    0.9824785     3.069869 -0.009885186     19370.76
      7148.8    0.9795176     3.050361   -0.0231908     19373.29
        7149    0.9763857     3.042853  -0.05860465      19375.6
      7149.2    0.9729208     3.042633  -0.03080019     19375.26
      7149.4    0.9696723     3.022986  -0.01104982     19375.06
      7149.6    0.9669769     3.025721  -0.01612289     19377.08
      7149.8    0.9641465     3.034013  0.003958909     19378.97
        7150    0.9610515     3.029735  0.005517693     19378.68
      7150.2    0.9583777     3.026153   0.02675579     19378.42
      7150.4    0.9558844     3.030135   0.04709135     19380.94
      7150.6    0.9533978     3.055418   0.03941565     19382.28
      7150.8    0.9511719     3.067408   0.08041702      19380.7
        7151    0.9483246     3.057685   0.08067846     19381.01
      7151.2    0.9455107     3.094469   0.06733592     19382.12
      7151.4    0.9436254     3.119961   0.08633809     19385.04
      7151.6    0.9416351     3.121277   0.03222059     19387.34
      7151.8    0.9397006     3.126756  0.007847934     19389.36
        7152    0.9379158     3.120245 -0.008665246      19389.5
      7152.2    0.9363526     3.126239  -0.01043414     19391.17
      7152.4    0.9351985     3.114345  0.005087219     19393.42
      7152.6    0.9343931     3.118408  -0.01277879     19394.07
      7152.8    0.9339028     3.124315  -0.03452926     19394.63
        7153     0.933058     3.116016   -0.0253177     19394.28
      7153.2    0.9326161     3.086721 -0.005630158     19395.21
      7153.4    0.9325687     3.098154   -0.0142904     19399.02
      7153.6    0.9323225     3.119811  0.001487361     19399.96
      7153.8    0.9320248     3.104584  -0.03399741     19398.86
        7154    0.9323348     3.087911  -0.08244994     19399.55
      7154.2     0.932502     3.070956   -0.0651893     19399.25
      7154.4    0.9328184     3.053851    -0.037675     19399.44
      7154.6    0.9331796     3.052432 0.0002021012     19400.89
      7154.8    0.9337142     3.057771   0.03155438        19402
        7155    0.9346045     3.071118   0.03345096     19401.59
      7155.2    0.9358682     3.079095   0.04845186     19401.71
      7155.4    0.9372794     3.079193   0.05088877      19404.6
      7155.6    0.9383156     3.096533    0.0432669     19407.62
      7155.8    0.9395367     3.111829   0.03731806     19408.37
        7156    0.9408293     3.113708  -0.01385062     19408.71
      7156.2    0.9416737     3.109047  -0.05377303     19409.26
      7156.4    0.9425734     3.085452  -0.04736352     19410.14
      7156.6    0.9436228      3.06881  -0.02119793     19411.18
      7156.8    0.9450406     3.075817   0.01388651     19411.27
        7157    0.9467162     3.092089  0.002010903     19413.84
      7157.2    0.9484884     3.096561 -0.006516297     19415.94
      7157.4      0.95018     3.070419   0.01423418     19416.89
      7157.6    0.9509994     3.070604  -0.01730432      19420.2
      7157.8    0.9516385     3.103476  -0.02008059     19420.39
        7158    0.9519709     3.082718  -0.01756301     19417.93
      7158.2    0.9529509     3.054355   -0.0284132     19418.01
      7158.4    0.9540125     3.056554    0.0198502     19418.68
      7158.6    0.9549494     3.080746   0.06152302     19417.77
      7158.8    0.9562209     3.098598   0.03252972     19419.77
        7159    0.9573986     3.103573  0.005058287     19422.19
      7159.2    0.9582786     3.082578 -0.005221866     19422.84
      7159.4    0.9586641     3.084792  -0.02563776     19422.73
      7159.6    0.9592596      3.09442  -0.02686304        19422
      7159.8    0.9602932     3.083063  -0.03558562     19422.15
        7160    0.9613506     3.061087  -0.06993274      19423.1
      7160.2    0.9620933     3.056324  -0.05969039      19424.9
      7160.4    0.9627362     3.038474  -0.01560113     19426.67
      7160.6    0.9633479     3.035311 -0.004354251      19429.3
      7160.8    0.9637544     3.048606  0.003049531     19430.37
        7161    0.9646449     3.052841  -0.02058678     19430.09
      7161.2    0.9655282     3.040914  -0.03993036      19429.8
      7161.4    0.9660968     3.018841  -0.02342272     19428.52
      7161.6    0.9667626     3.016662   0.01201486     19426.89
      7161.8     0.967178     3.034102   0.02661174     19426.54
        7162    0.9675696     3.050526   0.02997033        19426
      7162.2    0.9683043     3.040131   0.02652422     19425.18
      7162.4    0.9687246     3.040638  -0.02928185     19425.95
      7162.6    0.9690544     3.055322   0.01007502     19427.52
      7162.8    0.9698886       3.0271   0.03446181      19429.6
        7163    0.9703703     3.048191   -0.0256907     19431.03
      7163.2    0.9705127     3.068208  -0.01521134     19431.49
      7163.4    0.9706625     3.034769  -0.05400167     19431.91
      7163.6    0.9711983     3.014931  -0.07052786     19435.49
      7163.8    0.9717639     3.004989 -0.005320666     19436.24
        7164    0.9722734     3.011785   0.04153014     19432.69
      7164.2    0.9726573     3.030513   0.06842055     19433.75
      7164.4    0.9727727     3.048155   0.04573933     19433.91
      7164.6    0.9730537     3.059726   0.02303363     19432.87
      7164.8    0.9735337     3.048377  -0.01103686     19433.74
        7165    0.9740996      3.04894  -0.01385319     19434.96
      7165.2    0.9745089     3.039326  -0.01195941     19435.25
      7165.4    0.9748146     3.048643    -0.029244     19434.64
      7165.6    0.9757108     3.038809  -0.01973349     19436.39
      7165.8    0.9766494     3.025544  -0.01871909     19437.45
        7166    0.9772755     3.023539  -0.01480397     19437.79
      7166.2    0.9778349     3.033668  -0.03300402     19436.04
      7166.4    0.9785893     3.026966  -0.02408569     19436.78
      7166.6     0.979331     2.999141  -0.01461459     19438.51
      7166.8    0.9801674     3.004271  -0.02214406     19438.73
        7167     0.981303     3.021976 -0.009480489     19440.44
      7167.2    0.9820173     3.009251  -0.01249201     19439.71
      7167.4    0.9825963     2.991557  -0.01111576     19437.71
      7167.6    0.9833696     2.994277   0.02307564     19438.54
      7167.8    0.9838197     3.013084    0.0576091     19439.26
        7168    0.9842325     3.027711   0.08037679     19439.22
      7168.2    0.9850643     3.037644   0.05072782     19440.95
      7168.4    0.9861274     3.058578   -0.0109469      19444.5
      7168.6    0.9870094     3.053666  -0.02847018     19446.87
      7168.8    0.9879805     3.018954  -0.05996893     19447.45
        7169    0.9890344     3.014868   -0.0798677     19446.92
      7169.2    0.9900904     3.010603  -0.02719885     19446.18
      7169.4     0.990975     2.989772  -0.01778394     19444.37
      7169.6    0.9916255     2.997195 -0.007969875     19444.43
      7169.8     0.992232     3.000641 -0.009332313     19445.33
        7170    0.9928033     3.004227  -0.02382871      19445.7
      7170.2    0.9935225     2.982306   -0.0166302     19447.23
      7170.4    0.9942574     2.978132  -0.01476018     19448.88
      7170.6    0.9950764     2.987337   0.02648968     19449.27
      7170.8    0.9961423     2.992419   0.06428119      19449.6
        7171    0.9967744     3.003498   0.08549241      19449.3
      7171.2    0.9971086     3.029557   0.09928781     19449.43
      7171.4    0.9976189      3.05573    0.0848829     19449.84
      7171.6      0.99829     3.071849   0.03831098     19449.35
      7171.8    0.9987274     3.071404   0.02217247     19449.33
        7172    0.9992478     3.060206  5.03314e-05     19449.12
      7172.2    0.9998001     3.073468  -0.02470079      19447.8
      7172.4     1.000218      3.07189 -0.006942428     19448.31
      7172.6     1.001203     3.051643  -0.00598563     19451.67
      7172.8     1.002466     3.054652 -0.008106947     19454.55
        7173     1.003243      3.06868  -0.01490101      19456.3
      7173.2     1.003643     3.065404    -0.065407     19458.42
      7173.4     1.003814     3.039722   -0.1212614     19459.47
      7173.6     1.003872     3.002326   -0.1309053     19459.28
      7173.8     1.004091     2.971671   -0.1083748     19460.04
        7174     1.004689      2.96068  -0.08471242     19460.24
      7174.2      1.00551     2.953023  -0.05241257     19460.31
      7174.4     1.006038     2.934556 -0.006265931     19462.48
      7174.6     1.006365     2.929741  -0.07268938     19461.81
      7174.8      1.00697     2.955667   -0.1413308      19461.5
        7175     1.007199     2.894871   -0.1452415     19462.28
      7175.2     1.007359     2.821491   -0.1492714     19462.74
      7175.4      1.00762     2.813548   -0.0164287      19463.3
      7175.6     1.007821      2.83625   0.09741805     19464.47
      7175.8     1.007691     2.881728     0.126466     19465.37
        7176     1.007974     2.899426    0.1255481     19465.87
      7176.2     1.008291      2.91472   0.09660439     19466.28
      7176.4     1.008511     2.936689   0.06516725     19466.77
      7176.6     1.008724     2.959012   0.02782336     19465.85
      7176.8     1.008754      2.95156   -0.0389661     19466.05
        7177     1.008818     2.936979   -0.1073121     19468.73
      7177.2     1.008621     2.905516   -0.1202238     19468.57
      7177.4     1.008619     2.873162  -0.08484947     19469.84
      7177.6     1.009103     2.855381   0.00160765     19470.33
      7177.8      1.00917       2.8691   0.06639456     19470.31
        7178     1.008643     2.906802   0.03753682     19471.53
      7178.2     1.008308     2.926278  -0.07788606     19472.37
      7178.4     1.008035      2.88541   -0.1602601     19472.99
      7178.6     1.007904     2.806791   -0.1726801     19474.68
      7178.8     1.007977     2.778594   -0.1390485     19475.87
        7179     1.007858     2.788134  -0.04407035     19475.23
      7179.2     1.007899     2.774171   0.00579098     19476.06
      7179.4     1.007807     2.771534  0.006441952     19476.63
      7179.6      1.00762     2.783226   0.03926111     19477.64
      7179.8     1.007641     2.793287    0.0631556     19478.37
        7180     1.008112      2.80558   0.07598344     19480.31
      7180.2     1.008003     2.822059   0.06994725     19481.93
      7180.4     1.008096     2.844013   0.05435386     19481.21
      7180.6     1.008326     2.849245    0.0327223     19480.73
      7180.8     1.008127     2.849063  0.002082225     19481.46
        7181     1.008015     2.848237  -0.02176842     19481.78
      7181.2     1.008474     2.845679  -0.03048002     19482.54
      7181.4     1.009415      2.83183 -0.009501365     19485.07
      7181.6     1.010082     2.824679 -0.004017683     19485.43
      7181.8      1.01056     2.840636 -0.002011898     19485.44
        7182     1.010926     2.842465   0.01423312     19486.81
      7182.2     1.010343     2.830221  -0.02421982     19488.71
      7182.4     1.009818     2.836066  -0.01494593     19490.07
      7182.6     1.009947      2.82126   0.01918967     19491.09
      7182.8     1.010445     2.830508  -0.01336404     19491.83
        7183      1.01052     2.845572  0.004253048     19492.33
      7183.2      1.01038     2.825375   0.01780813     19493.17
      7183.4      1.01036     2.824662 -0.002145112     19493.37
      7183.6     1.010333     2.844755 0.0003521091     19493.53
      7183.8      1.01077     2.843856  0.002878254     19494.66
        7184     1.011479     2.825656  0.008797801      19496.2
      7184.2     1.012089     2.826965   0.01816354     19497.39
      7184.4      1.01224     2.851793   0.02532994     19497.11
      7184.6     1.011714     2.858387   0.03651319     19497.35
      7184.8     1.011493      2.84592   0.02218935     19498.05
        7185     1.011964     2.856175    0.0144058     19499.21
      7185.2     1.012574     2.869544   0.02323424     19502.63
      7185.4     1.012947     2.869912 -0.005315045     19504.09
      7185.6     1.012992     2.864508  -0.04415033     19502.86
      7185.8     1.012685     2.851923   -0.0381398     19503.22
        7186     1.012828     2.834224   -0.0404875     19504.78
      7186.2     1.012767       2.8394  -0.01620306      19505.2
      7186.4     1.012535     2.832118   0.01886579     19505.86
      7186.6     1.012677     2.838961    0.0161565     19505.71
      7186.8     1.012628     2.849317   0.04191603     19504.19
        7187     1.012597     2.852325   0.03184846      19503.2
      7187.2      1.01306      2.86565   0.01513598     19505.48
      7187.4     1.013384      2.86444   0.02586816     19508.04
      7187.6      1.01335     2.861425   0.01201203     19507.89
      7187.8     1.013413      2.87302   0.02403503     19508.45
        7188     1.013354      2.87526   0.04776388     19510.07
      7188.2     1.013378     2.883668   0.04474956     19510.35
      7188.4     1.013474     2.899637   0.06207683     19510.46
      7188.6     1.013435     2.908819   0.06156889     19511.14
      7188.8     1.013594     2.924921   0.04170553     19512.77
        7189      1.01367     2.932923   0.03775073     19514.67
      7189.2     1.013349     2.933001   0.01756742     19514.24
      7189.4     1.013184      2.93902  0.007412409     19513.99
      7189.6     1.013654     2.938975  0.008908849     19515.31
      7189.8       1.0137     2.938853   0.01477528     19516.35
        7190     1.013853     2.940128   0.01987756     19518.51
      7190.2     1.014137      2.95084   0.01225149     19520.81
      7190.4     1.014233     2.954877 -0.001745094     19522.33
      7190.6      1.01398     2.948654  -0.01477718     19520.61
      7190.8     1.013635     2.938732   0.01528882     19523.21
        7191     1.013444     2.939018   0.02994418     19525.17
      7191.2     1.013113     2.967109   0.03387072     19524.62
      7191.4      1.01325     2.972609   0.04162818     19524.84
      7191.6     1.013301     2.965829   0.02108097     19526.76
      7191.8     1.013477     2.972321   0.02940767      19527.7
        7192     1.013778     2.983973    0.0204328     19527.94
      7192.2     1.014023     2.996135  0.005923764     19527.77
      7192.4     1.014044     2.982175   0.02429416     19528.46
      7192.6     1.013847      2.97706   0.04060732     19528.43
      7192.8     1.013788     3.003409   0.06551176     19528.96
        7193     1.013978     3.028621   0.05471139     19529.75
      7193.2     1.014167     3.034584   0.01872169     19531.86
      7193.4     1.014218     3.020829   0.00435656      19534.4
      7193.6     1.013896     3.018386 -0.009264115     19533.24
      7193.8     1.013481     3.032106 -0.003179488     19534.01
        7194     1.013717     3.027173  0.003541317     19537.25
      7194.2     1.014112     3.018285  -0.00440864     19538.71
      7194.4     1.014451     3.021219 -0.004783907     19540.14
      7194.6     1.014609      3.02858 -0.004444105     19541.95
      7194.8      1.01432     3.023346 -0.004905994     19540.93
        7195     1.014488      3.01473 -0.009456631     19540.18
      7195.2     1.014781     3.017294  0.001342916     19539.39
      7195.4     1.014768     3.021014  -0.01533302     19539.77
      7195.6     1.014756      3.02442  -0.03847257     19541.54
      7195.8     1.014582     3.002464  -0.07836832     19542.79
        7196     1.014881     2.986516  -0.06558401     19545.78
      7196.2     1.015253      2.95832  0.001079724     19550.59
      7196.4     1.015781     2.971953   0.01814288      19551.1
      7196.6     1.016094     3.003328   0.04375648     19547.74
      7196.8     1.016178      3.00103   0.02596742     19546.57
        7197     1.016268     2.993325   -0.0209767     19548.52
      7197.2     1.016134     2.992727  -0.02543685      19548.8
      7197.4      1.01647     2.986546 -0.008229074     19549.89
      7197.6      1.01695     2.980681   0.00605875     19551.48
      7197.8     1.016723     2.986742   0.01895714     19550.16
        7198     1.016523     2.997574    0.0146665     19549.61
      7198.2     1.016649     3.001712  -0.01749429     19551.67
      7198.4     1.016651     2.992414  -0.04424938     19552.92
      7198.6     1.016855     2.972746  -0.06332956     19552.91
      7198.8      1.01741     2.962174  -0.08386277     19554.37
        7199     1.018001     2.951048  -0.08405408     19555.57
      7199.2     1.018654     2.925324  -0.05006315     19557.67
      7199.4     1.018629     2.905503  -0.02481864     19556.78
      7199.6     1.018697     2.922124  0.008551553     19555.42
      7199.8     1.018255     2.931193   0.02602948     19555.77
        7200     1.018489     2.932165  -0.01443791     19557.67
      7200.2     1.018847     2.926326  -0.01418574     19558.95
      7200.4      1.01892     2.910574 -0.005929265     19560.23
      7200.6      1.01916     2.919845 -0.008123549     19561.36
      7200.8     1.019313     2.927422  -0.02050631     19563.89
        7201     1.019383     2.919828   -0.0124886     19566.53
      7201.2      1.01969     2.894168 -0.003360015     19567.17
      7201.4     1.019878     2.909854 -0.002707212     19567.76
      7201.6     1.019775     2.924734   0.02573574      19567.1
      7201.8     1.019867     2.917662 -0.009466664     19567.31
        7202     1.019792     2.914757  -0.05041418     19569.37
      7202.2     1.019441     2.902281   -0.0527339     19571.08
      7202.4     1.019247     2.884402  -0.05436661     19574.11
      7202.6     1.019034     2.875475  -0.04829758      19577.1
      7202.8     1.018958     2.871264  -0.03491143     19578.25
        7203     1.019335     2.863642  -0.03996803     19578.83
      7203.2      1.01981     2.856473  -0.03357469     19577.37
      7203.4     1.019901       2.8435  -0.01865058     19576.02
      7203.6     1.019653     2.844404  -0.01762169     19576.73
      7203.8     1.019412     2.848722  -0.01696638     19578.12
        7204     1.019161     2.842376 -0.004871509     19578.72
      7204.2     1.019018     2.829927  -0.01230384     19579.85
      7204.4     1.019501     2.840507   -0.0234121     19580.96
      7204.6     1.020341     2.838879 -0.009610534     19581.41
      7204.8     1.020808     2.823646  -0.03149249     19581.23
        7205     1.020499     2.822239  -0.02431112     19582.03
      7205.2     1.019921     2.815313  0.009718426     19583.14
      7205.4     1.019646      2.81943 -0.009110681     19583.96
      7205.6     1.019373     2.831421   0.00186523     19583.88
      7205.8     1.019471      2.81495  0.008948609     19581.07
        7206     1.019651     2.816805  -0.02422351     19581.35
      7206.2     1.019598     2.826589  -0.01207564     19582.35
      7206.4     1.019486     2.812042   -0.0282072     19582.31
      7206.6     1.019774      2.80529  -0.05428756     19583.32
      7206.8     1.020149     2.794239  0.001019566     19582.41
        7207     1.020118     2.783159   0.02204769     19582.02
      7207.2     1.020529     2.812858  -0.01228131     19585.11
      7207.4      1.02096     2.822928 -0.009867443     19588.72
      7207.6     1.020503     2.784414   -0.0516152     19591.21
      7207.8     1.020154     2.775265   -0.0678271      19592.6
        7208     1.020141     2.771566 -0.009030482     19593.01
      7208.2     1.019942     2.768666   0.01609492     19591.92
      7208.4     1.019783      2.77719   0.01960092     19590.55
      7208.6     1.019538     2.788141   0.04036455     19591.85
      7208.8     1.019637     2.787246   0.07406471     19593.83
        7209     1.019937     2.800958   0.08410348     19595.87
      7209.2     1.020061     2.836442   0.07638891     19594.55
      7209.4     1.019741     2.855424   0.02895251     19595.14
      7209.6     1.019825     2.848358  -0.02970352      19597.6
      7209.8     1.020146      2.82412  -0.04096424        19598
        7210      1.02014     2.812679   -0.0284199     19597.74
      7210.2     1.019553     2.822652 -0.008642036     19598.16
      7210.4     1.019291     2.825622  0.002122726     19599.44
      7210.6     1.019618     2.817206  0.005665757     19600.75
      7210.8     1.019904     2.814377   0.01460218      19601.4
        7211     1.019837     2.827185   0.01647497     19600.58
      7211.2     1.019565     2.837303   0.02533371      19599.4
      7211.4     1.019198     2.830386    0.0230552     19600.73
      7211.6     1.018652     2.834644   0.01083095     19603.37
      7211.8     1.018249     2.845629   0.03755792     19604.82
        7212      1.01781     2.845968    0.0487214     19605.71
      7212.2     1.017697     2.860432   0.03502125     19607.58
      7212.4     1.017463     2.873621   0.04961097     19607.58
      7212.6     1.016933     2.873646   0.05375887     19606.44
      7212.8     1.016841     2.885657   0.05553281     19606.38
        7213     1.016434      2.90344   0.06947638     19607.84
      7213.2      1.01588     2.918047    0.0658771     19609.35
      7213.4     1.015291     2.929227   0.07445092     19610.75
      7213.6     1.014882     2.938359   0.08468212     19610.07
      7213.8     1.015006        2.963   0.09980554     19609.97
        7214     1.015186     2.985793    0.1004029     19612.09
      7214.2     1.015136     3.009072   0.06350497     19610.81
      7214.4     1.014811     3.018681   0.02684064     19607.84
      7214.6     1.014151     3.013804 -0.002997714     19609.71
      7214.8     1.013325     3.007266  -0.01697528     19611.66
        7215     1.012868     3.006673  -0.01734853     19611.09
      7215.2     1.013014     3.005101 -0.008532034     19611.99
      7215.4      1.01323     2.999925 -0.005885838     19613.26
      7215.6     1.013256      3.00044   0.01197727     19615.61
      7215.8     1.013223     3.001965   0.02222206     19618.83
        7216     1.013089     3.014683   0.01254197     19619.25
      7216.2      1.01299     3.017703 -0.004523583     19620.13
      7216.4     1.012582     3.010473  -0.02876637     19619.95
      7216.6     1.011752     2.998346  -0.01677247     19619.16
      7216.8     1.011024     2.991669  0.004427755     19621.43
        7217     1.010715     3.004285   0.03195736     19624.13
      7217.2     1.010575     3.014016   0.07424782      19625.2
      7217.4     1.010457     3.023912   0.08976811     19623.89
      7217.6     1.009908     3.051068   0.09567932     19623.82
      7217.8     1.009728       3.0761   0.07201181     19623.09
        7218     1.009985     3.090559   0.03327833     19624.06
      7218.2     1.009787     3.081521   0.05029412     19626.56
      7218.4     1.009438      3.07769   0.06105606     19626.73
      7218.6     1.009333     3.116335   0.07078784     19627.57
      7218.8     1.009157     3.139404    0.1020372     19628.99
        7219     1.009266     3.138151   0.06929448     19628.16
      7219.2     1.009097      3.15932   0.01504507     19627.64
      7219.4     1.008327     3.171771  -0.02242152     19628.64
      7219.6     1.008063      3.15144  -0.07389458     19630.68
      7219.8     1.007925     3.120214  -0.08992944     19632.81
        7220     1.007495     3.100204   -0.0645346     19632.31
      7220.2     1.007284     3.099827  -0.00959078     19632.57
      7220.4     1.007317     3.099812   0.02760732      19634.9
      7220.6     1.007264     3.112542  0.003852579     19635.64
      7220.8     1.007379      3.12229  -0.00372342     19637.07
        7221     1.007228     3.102909  -0.04490425     19637.59
      7221.2     1.006844     3.096834  -0.07219239     19636.92
      7221.4     1.006583     3.076618  -0.05112307     19636.48
      7221.6     1.006089     3.064536  -0.04185858     19636.59
      7221.8     1.005518     3.062011   0.01478644     19638.38
        7222     1.005036     3.063347   0.03813683     19639.05
      7222.2     1.005017     3.088447   0.04683805     19641.03
      7222.4     1.005272     3.095046   0.06766609     19643.55
      7222.6     1.005571     3.099481   0.04064472     19646.17
      7222.8     1.005575      3.11748   0.01531987     19647.47
        7223     1.005596     3.120963 0.0004271127      19648.4
      7223.2     1.005512     3.107302  -0.01872558     19648.48
      7223.4     1.005101     3.099823    -0.039566      19646.9
      7223.6     1.004902     3.102499  -0.03289774     19647.49
      7223.8     1.004481      3.08931  -0.01751832     19648.72
        7224     1.003971     3.080984  -0.01849553     19649.74
      7224.2     1.003746     3.085808  -0.01467359     19650.25
      7224.4     1.003673     3.087703  -0.01009827     19651.53
      7224.6     1.003261     3.077571  -0.02720691     19650.79
      7224.8     1.003061     3.072905  -0.06146191     19649.68
        7225     1.003144     3.064043  -0.04627646      19650.3
      7225.2     1.002878     3.038533  -0.03274185     19649.99
      7225.4     1.002216      3.04055  -0.03211493     19649.92
      7225.6     1.001837     3.046711  -0.02038344     19651.01
      7225.8     1.001627     3.038351  -0.03941901     19653.66
        7226     1.001356     3.022226  -0.04450053     19655.68
      7226.2     1.000926     3.009015   -0.0481346     19655.71
      7226.4     1.000395     3.011111  -0.02894789      19656.7
      7226.6     1.000082     2.999843  -0.01355054     19656.51
      7226.8     0.999993     2.999068  -0.03137882      19655.4
        7227    0.9999579     2.998175  -0.01900053     19655.06
      7227.2     0.999995     2.986008  -0.03643971     19655.12
      7227.4     1.000033     2.984642  -0.03231324     19656.19
      7227.6    0.9998752     2.969916 -0.009182164     19657.64
      7227.8    0.9995046     2.972324  -0.00143327     19659.82
        7228    0.9990665     2.978662   0.01590196     19660.14
      7228.2    0.9985165     2.983496   0.01124477      19658.4
      7228.4    0.9981001     2.982638  -0.04507728     19657.81
      7228.6    0.9982784      2.98132  -0.07744404     19662.96
      7228.8    0.9982765       2.9426  -0.08823366     19666.24
        7229    0.9980593     2.921541  -0.09334647      19665.8
      7229.2    0.9976477     2.912051  -0.04442145     19664.71
      7229.4    0.9970747     2.906643  -0.02302726     19665.37
      7229.6    0.9968709     2.907063  -0.03170341     19666.55
      7229.8    0.9965962     2.903119  -0.02671205     19667.86
        7230    0.9964908     2.886688  -0.02278852     19668.03
      7230.2    0.9965514     2.885273  -0.03805193     19669.21
      7230.4    0.9960797     2.888832  -0.03786209      19670.7
      7230.6    0.9952739     2.872677  -0.04724339     19671.08
      7230.8    0.9947624     2.856399  -0.06532275     19671.77
        7231    0.9943535     2.847478  -0.05006991     19672.63
      7231.2    0.9938533     2.836574  -0.02930306      19672.7
      7231.4    0.9938141     2.832621  -0.02774185     19672.02
      7231.6    0.9940445     2.832956  -0.01624344      19671.3
      7231.8    0.9938371     2.825285  -0.01373451     19671.49
        7232    0.9935501     2.823579  -0.02012251     19673.74
      7232.2    0.9932744     2.821634  -0.01034629     19673.71
      7232.4    0.9932308     2.816858  0.004890789     19673.47
      7232.6    0.9933521     2.817008   -0.0186727     19674.27
      7232.8    0.9935486     2.827492  -0.03085295     19674.65
        7233    0.9932595     2.806696   -0.0262206     19673.98
      7233.2    0.9928818     2.792176  -0.04520156     19675.48
      7233.4    0.9926432     2.796031  -0.02214571     19677.32
      7233.6      0.99253     2.791331 -0.004830486     19677.92
      7233.8    0.9925841     2.788979 -0.005447433     19679.66
        7234    0.9927261     2.788311 -0.001431827     19680.48
      7234.2    0.9924536     2.791673  -0.01228519     19681.11
      7234.4    0.9919099     2.790185  -0.02627902     19681.41
      7234.6    0.9917333     2.779151  -0.03250724     19681.58
      7234.8    0.9916807     2.767288  -0.01290552     19682.29
        7235    0.9914962     2.765668 -0.008699152     19681.57
      7235.2    0.9914228     2.779861  -0.01559361     19682.94
      7235.4    0.9913046     2.772192  -0.01748112     19686.51
      7235.6    0.9910104     2.754813  -0.03600909     19687.94
      7235.8    0.9908338     2.751683  -0.03033486     19687.08
        7236    0.9910907     2.751054  -0.02654532     19685.95
      7236.2    0.9909116     2.747924  -0.05089208     19686.04
      7236.4    0.9904546     2.733577  -0.03363626     19687.78
      7236.6    0.9904219     2.710969   -0.0211409     19689.71
      7236.8    0.9904363     2.724145  -0.01065132     19691.18
        7237     0.990367     2.731011   0.01364557     19691.05
      7237.2    0.9902456     2.725056 -0.001912023     19691.26
      7237.4    0.9904771     2.721886  -0.00939479     19691.84
      7237.6    0.9905409     2.722615 -0.001937733     19692.91
      7237.8    0.9901308     2.723495   0.01674185     19692.99
        7238    0.9898996     2.723506   0.02743588      19690.4
      7238.2    0.9900945     2.735279   0.01143245     19688.33
      7238.4    0.9905064     2.744564 -0.007150146     19689.09
      7238.6      0.99081     2.732641  -0.02846763     19690.65
      7238.8    0.9907468     2.717786  -0.04060138     19691.31
        7239    0.9906432     2.712505  -0.03876566     19692.15
      7239.2    0.9908005     2.712083  -0.02671245     19694.55
      7239.4    0.9909209     2.701629  -0.01134817     19696.77
      7239.6    0.9910044     2.696416 -0.003975487     19698.11
      7239.8    0.9911011     2.703426  0.006431848     19700.04
        7240    0.9914887     2.708902  0.002638773     19702.54
      7240.2    0.9915785     2.706774 -0.001729446     19701.41
      7240.4    0.9917182     2.698527 -0.0002709397     19701.58
      7240.6    0.9919664     2.702043  0.005312118     19702.37
      7240.8    0.9923331     2.708686   0.01569095     19702.99
        7241    0.9925868     2.711024 0.0009025816     19703.68
      7241.2    0.9926847     2.711079  -0.01372617     19704.39
      7241.4    0.9927138     2.702765  -0.02524137     19705.77
      7241.6    0.9925588     2.697705  -0.04407422     19707.24
      7241.8    0.9925478     2.690831  -0.03703624     19707.06
        7242    0.9926247      2.67582  -0.01167636     19705.79
      7242.2    0.9926217     2.673136   0.03488802     19705.98
      7242.4    0.9928911     2.688364   0.08393152     19706.44
      7242.6    0.9931559     2.718741   0.08869707      19705.4
      7242.8    0.9933448     2.742965   0.08192371     19705.61
        7243    0.9935796     2.744094   0.05425169     19707.77
      7243.2    0.9939896     2.753902 -0.002898317     19711.39
      7243.4    0.9944014     2.762142  -0.02520855     19713.14
      7243.6    0.9947028     2.740647  -0.02468779     19713.86
      7243.8    0.9949902     2.723927  -0.05688438     19714.92
        7244    0.9950627     2.734152  -0.06574566     19716.14
      7244.2    0.9950033     2.716635  -0.01685152     19716.05
      7244.4    0.9951659      2.68805   0.01881638     19717.51
      7244.6     0.995403     2.710446   0.05061819     19717.13
      7244.8    0.9957329     2.749205   0.08292052      19715.3
        7245    0.9960552     2.757129    0.0470394     19716.53
      7245.2    0.9961976     2.754387    -0.019377     19718.12
      7245.4    0.9961881     2.748077  -0.04194688     19718.73
      7245.6    0.9961385     2.733704  -0.04805529     19720.97
      7245.8    0.9962139     2.723572   -0.0226071     19722.64
        7246    0.9961699     2.715942   0.06480272     19721.94
      7246.2    0.9961726     2.729991    0.1269187     19722.71
      7246.4    0.9967587     2.785546    0.1259304     19724.41
      7246.6    0.9970592     2.825107   0.06304427     19722.56
      7246.8    0.9974336     2.816687  -0.01813986     19722.78
        7247    0.9978093     2.780427  -0.02606892     19723.23
      7247.2    0.9979567     2.771034   0.02018512     19722.53
      7247.4    0.9981659     2.804252   0.05188222     19723.43
      7247.6    0.9980127     2.832835   0.04583661     19725.73
      7247.8    0.9982682     2.821933 -0.003204525     19727.35
        7248    0.9988838     2.807703  -0.06226265     19727.81
      7248.2    0.9994082     2.801688  -0.07211246     19728.82
      7248.4    0.9997266     2.783025  -0.05047947     19729.55
      7248.6    0.9997982     2.764243  -0.03446999     19730.28
      7248.8    0.9998332      2.76732  -0.02081196     19731.91
        7249    0.9999471     2.774112   0.01228006     19732.45
      7249.2      1.00004     2.766375   0.03774583     19733.24
      7249.4     1.000116     2.774067   0.03245619     19735.42
      7249.6     1.000301     2.797516    0.0523419      19735.8
      7249.8     1.000463     2.800077    0.0432565     19735.81
        7250     1.000379     2.808249   0.01128486     19735.15
        7252     1.003512     2.856014   -0.0174947     19742.07
        7254     1.005296     2.805569  -0.01405965     19750.76
        7256     1.007354     2.771913  -0.01115494     19758.47
        7258      1.01099     2.766439 -0.002195472      19765.1
        7260     1.013393     2.766774  0.001214121     19772.23
        7262     1.014705     2.788005 -0.001213517     19776.23
        7264     1.016779     2.781626 -0.0002899801     19786.57
        7266     1.017868     2.756731 -0.002029457     19792.22
        7268     1.018342     2.764454  0.006091271     19796.53
        7270     1.018014      2.77177  0.008107907     19804.28
        7272     1.018705     2.830356    0.0109487     19810.77
        7274     1.019089     2.821594   0.01281281     19815.41
        7276     1.018531     2.852044  0.006678439     19824.79
        7278     1.017784     2.874272  0.004212725     19830.58
        7280     1.016887     2.883783 0.0007724361     19834.82
        7282     1.015845     2.855296 0.0009229555     19844.95
        7284     1.014412     2.858223  0.003446894     19851.05
        7286     1.013623     2.881656  0.005479087     19855.95
        7288     1.010527     2.911359  0.001495857     19861.74
        7290     1.008658     2.899129 -0.003860281     19871.32
        7292     1.007478      2.87019  -0.01382878     19874.73
        7294     1.006096     2.850773  -0.02079593     19884.69
        7296     1.005742     2.800728  -0.01730058     19891.16
        7298     1.004767     2.732761  -0.01696321     19900.15
        7300     1.003984     2.731785  -0.01325553     19904.18
        7302     1.003438     2.715068 -0.006305384     19911.21
        7304     1.002838     2.694684 -0.007913801     19912.24
        7306     1.003012     2.682318 -0.006577743     19921.25
        7308     1.002888     2.668475  -0.00663398     19927.51
        7310     1.002789     2.662446 -0.006306696     19933.54
        7312     1.002718     2.641612 -0.002646612     19940.03
        7314     1.003001     2.631865 -0.001834911     19952.92
        7316     1.002782     2.647302 -0.001402136     19957.81
        7318     1.003158     2.647767  0.002035188     19963.78
        7320     1.002433     2.630395  0.002585844     19967.98
        7322     1.001964     2.648146  -0.00169409     19974.57
        7324     1.001603     2.667989 -0.001093477     19979.12
        7326     1.001945     2.634214 -0.002603386     19988.11
        7328     1.001499     2.621647 -0.009598684     19996.12
        7330     1.001505     2.627319 -0.007434832     20001.41
        7332     1.000904     2.591199 -0.006229336     20006.45
        7334     1.000776     2.574735 -0.007609029     20010.66
        7336     1.000537     2.571813 -6.887254e-05     20018.88
        7338     1.000283     2.566447  0.001621816     20024.49
        7340     1.000163     2.590648  0.002978994     20029.23
        7342    0.9998498      2.58771  0.007024926     20034.78
        7344    0.9998887     2.595644  0.005917042     20041.77
        7346    0.9993645     2.622646  0.008722457     20043.96
        7348    0.9999872     2.637985   0.01118033     20050.29
        7350    0.9994578     2.657489  0.008005927     20057.25
        7352     1.000054     2.685087  0.009807388     20063.68
        7354     1.000068     2.686694  0.006639494     20071.35
        7356     1.000317     2.716444  0.002522989     20077.82
        7358     0.999975     2.710605  0.001224976     20086.21
        7360     1.000105     2.705271  0.003398897     20089.36
        7362     1.000278     2.696493  0.001560246     20093.47
        7364     1.000252     2.743635 -0.001202993     20101.11
        7366    0.9999664     2.723087 0.0004306721     20106.14
        7368    0.9993658     2.695647  -0.00691965     20113.39
        7370     1.000145     2.699939 -0.007183021      20122.5
        7372     1.000021     2.688278 -0.006870648     20123.11
        7374    0.9997775     2.665623    -0.011647     20131.76
        7376    0.9993807     2.640682  -0.01519908     20138.83
        7378    0.9997423     2.606763  -0.01738649     20144.83
        7380     1.000165     2.566685  -0.01592186     20149.25
        7382    0.9992734     2.526531  -0.01230919     20154.08
        7384     0.999623     2.513307  -0.01070905     20164.18
        7386    0.9997801     2.508289 -0.004829246     20168.55
        7388     1.000036     2.481013 -0.001832926     20173.85
        7390    0.9997481     2.487897 -0.001712181     20181.72
        7392    0.9992558     2.498644  0.001774469     20188.82
        7394    0.9987299     2.494592  0.003454609     20191.66
        7396    0.9983915     2.495209 0.0007415217     20194.38
        7398    0.9980035     2.515534 0.0006513389     20202.71
        7400    0.9987755     2.504576 0.0003717886     20208.94
        7402    0.9978716     2.499802 -0.002117443     20214.75
        7404     0.998155     2.498183 -0.002663126     20220.07
        7406    0.9978454     2.498595 -0.001838753     20227.88
        7408    0.9977107     2.483271 -0.0006385058     20232.89
        7410    0.9974212     2.485092 -0.0008852442     20236.73
        7412    0.9971894     2.493075 -0.002679837     20242.55
        7414    0.9976889     2.491513 -0.001896609     20252.15
        7416    0.9963284     2.461832 -0.004010628     20259.76
        7418    0.9977119      2.46992  -0.00416713      20265.8
        7420    0.9963856      2.46099  0.001210857     20266.13
        7422    0.9961836     2.458176  0.001017792     20271.44
        7424    0.9960657     2.471519 0.0005219878     20275.87
        7426    0.9963602     2.478062 -0.002111553     20282.42
        7428    0.9962723     2.465166   -0.0019427     20290.12
        7430    0.9961409     2.441283 -0.003060701     20294.82
        7432    0.9954989     2.455977 -0.001554178     20298.88
        7434    0.9961661     2.453576 0.0008778221     20307.29
        7436    0.9962337     2.452732 0.0003674693     20314.09
        7438    0.9956995     2.448306 0.0004697211     20321.42
        7440      0.99546     2.458917 -0.001158425     20326.24
        7442    0.9955459     2.457334   0.00312393     20331.35
        7444    0.9950708     2.443465 0.0009781614     20335.82
        7446    0.9949976     2.473297  0.001565657     20340.83
        7448    0.9952882     2.466742  0.005863921     20348.74
        7450    0.9951548     2.469859 0.0007200752      20354.9
        7452    0.9947885     2.490376 0.0007882346     20360.65
        7454    0.9953845     2.479058 0.0009022068     20365.43
        7456    0.9948846     2.473048 -0.003269096      20369.5
        7458    0.9954373     2.477077 -0.002950136     20376.99
        7460    0.9954169     2.464223 -0.002581866     20379.02
        7462    0.9952804     2.455457 -0.003955864     20386.98
        7464    0.9952282     2.452393 -0.003941797     20393.35
        7466    0.9948932      2.44543 -0.004741289     20401.94
        7468    0.9951547     2.432689 -0.003732991     20401.25
        7470    0.9949925     2.417526 -0.004438185     20404.53
        7472    0.9948662     2.422529   -0.0023634     20410.56
        7474    0.9953318     2.409925 -0.002502337     20420.48
        7476    0.9951961     2.413782 -0.003466315     20426.09
        7478    0.9953713     2.397508  -0.00203431     20431.16
        7480    0.9942635     2.394799 -0.003794348     20435.13
        7482    0.9946598      2.39365 -0.003813927     20443.64
        7484    0.9946129     2.383427 -0.005721979     20443.96
        7486    0.9951402     2.366996  -0.00735734     20449.25
        7488    0.9949874     2.349023 -0.006604541     20451.31
        7490    0.9947745     2.334791 -0.004751112     20458.76
        7492    0.9950464     2.330591 -0.003402708     20463.76
        7494    0.9948379     2.328987 -0.001237853     20470.92
        7496    0.9947702     2.321801 1.283034e-05     20476.06
        7498    0.9945472     2.324889 -0.0005305539     20477.02
        7500    0.9948448     2.330693 0.0004261873     20486.72
        7502    0.9950062     2.324743 0.0005625978      20488.8
        7504    0.9949756     2.325211 0.0008643489     20495.93
        7506     0.994349     2.329389 -0.002239279     20497.92
        7508    0.9943025     2.337608 -0.001035313     20503.84
        7510    0.9948004     2.306829 -0.0007024643     20509.58
        7512    0.9949972     2.316928 -0.004481982     20515.03
        7514     0.995083      2.32377  -0.00294266     20515.05
        7516    0.9944437     2.301752 -0.004021187     20515.55
        7518    0.9936789     2.283287 -0.004385796     20501.14
        7520     0.994229     2.284759  -0.00257202     20489.87
        7522    0.9940667     2.288683 0.0003451735     20488.84
        7524    0.9951725     2.281176 -0.0001762701      20422.4
        7526    0.9961086     2.286049 -0.0007107152     20129.85
        7528    0.9931606     2.283349 -0.0007296205     20282.98
        7530    0.9946859     2.282998 -0.001500179     20187.54
        7532    0.9935925     2.275339 -0.000181331     20370.02
        7534    0.9946367     2.274047 -0.0007600888     20549.47
        7536    0.9948524     2.281898 -0.0006273947     20542.64
        7538    0.9944305     2.276917 0.0009700194     20549.68
        7540    0.9940556      2.27032 -0.0002279418     20569.16
        7542    0.9941411     2.281807 -0.0001673734     20585.01
        7544    0.9945447     2.280075 -0.0003421106     20593.46
        7546     0.994908     2.275578 -0.002433931     20597.11
        7548    0.9946836     2.267583 -0.002791171     20602.85
        7550    0.9950921     2.262336 -0.002534369     20605.95
        7552    0.9950492     2.257745 -0.0008160307     20613.62
        7554    0.9949021     2.255303 0.0007190978     20619.54
        7556    0.9949699     2.261055 0.0002256647     20623.52
        7558    0.9948927     2.268089 0.0004431644     20629.38
        7560     0.994863      2.25955 -0.0005221305     20634.53
        7562    0.9949485     2.258848 -0.001518358      20640.5
        7564    0.9952227     2.256878 -0.0001918801     20646.04
        7566    0.9955071     2.255942  -0.00119015     20647.09
        7568    0.9953389     2.258015 -0.002281659     20651.02
        7570    0.9949963     2.249327  -0.00287132     20653.19
        7572    0.9951871     2.238625 -0.003392794     20663.42
        7574    0.9951577     2.232971 -0.003689959     20668.84
        7576    0.9957602     2.230873 -0.003409277     20671.95
        7578    0.9953788     2.219807 -0.003064537     20678.64
        7580    0.9953415      2.21135 -0.003241609     20682.26
        7582    0.9956204     2.208455 -0.003027006     20683.64
        7584    0.9953805      2.20494 -0.003118509     20684.84
        7586     0.995199     2.195591 -0.002844929     20685.46
        7588    0.9957262     2.186402 -0.003293439     20692.15
        7590    0.9962139     2.185696 -0.002123203     20698.27
        7592    0.9955743     2.178593 -0.0004177965      20696.3
        7594    0.9955443     2.178606 -0.001112164     20699.33
        7596    0.9951779      2.18306 -0.001249483     20702.57
        7598    0.9955691     2.176798 -0.001038329     20704.61
        7600    0.9957336     2.168597 -0.001237517     20712.25
        7602    0.9953682     2.170299 -0.002546311     20714.82
        7604    0.9960208      2.17316 -0.001582916     20717.13
        7606    0.9967366     2.156428  -0.00229703     20726.18
        7608    0.9967935     2.155933 -0.003561195     20728.88
        7610    0.9965939     2.151923 -0.002166409     20729.99
        7612    0.9962202      2.14467 -0.002171279     20732.77
        7614    0.9966319     2.139097 -0.003079852     20740.66
        7616    0.9964861     2.138563 -0.002044169     20745.02
        7618    0.9955337     2.127284 -0.001115691     20745.62
        7620    0.9966222     2.128317  0.001667961      20751.9
        7622    0.9970583     2.130171  0.001330644     20754.85
        7624    0.9965616     2.151907  0.001768939     20755.75
        7626    0.9968389     2.137929 -0.0004395527     20761.16
        7628    0.9970106     2.142468 -0.004414502     20767.46
        7630    0.9972798     2.126655 -0.001361175     20769.85
        7632    0.9973227     2.116591 -0.002406799     20774.21
        7634    0.9970566      2.12704 -0.002242575     20781.75
        7636    0.9972508     2.123214 -0.002151625     20784.82
        7638    0.9975732     2.108714 -0.003954466     20791.82
        7640     0.997596     2.099378 -0.003642199     20794.55
        7642    0.9975731     2.095404 -0.003209226     20797.14
        7644    0.9978239     2.094076  -0.00229049     20800.87
        7646    0.9974762      2.08304 -0.001273004     20806.42
        7648    0.9971591     2.081054 -0.002595109     20807.49
        7650    0.9976843      2.08522 -0.002018993     20812.71
        7652    0.9981724     2.073316 -0.001123165     20814.53
        7654    0.9974075     2.066888 -0.001143297     20819.16
        7656    0.9976524     2.072069 -0.0004224494     20821.51
        7658    0.9979364     2.076074 -0.001248606     20823.84
        7660    0.9976789     2.069936 -0.001365631     20830.27
        7662     0.997502     2.056899 -0.001756488     20837.37
        7664    0.9979477     2.061144   -0.0016188     20837.35
        7666    0.9975891     2.062022 0.0003214863     20842.24
        7668    0.9969859     2.056986 6.801731e-06     20846.42
        7670    0.9975395     2.059471 -0.001000827     20847.26
        7672    0.9973465     2.061198 -0.0007501917     20851.79
        7674    0.9981055     2.054015 -0.0007433236     20857.12
        7676    0.9980575     2.050984 -0.001283307     20861.96
        7678    0.9982566     2.053525 -0.001437869     20863.34
        7680    0.9984329     2.050932 -0.001255311     20868.96
        7682    0.9980687     2.042512 -0.0008539084     20871.95
        7684    0.9980054     2.040942 -0.0009437317     20881.31
        7686    0.9984116     2.046693 -0.0005054581     20881.62
        7688     0.998575     2.043382 -0.0006177071     20882.46
        7690    0.9988761     2.038468 -0.001818865     20891.78
        7692    0.9993059        2.036 -0.002361651     20892.69
        7694    0.9991959     2.032143  -0.00279084     20895.95
        7696    0.9990983     2.024489 -0.002706852      20899.6
        7698    0.9994132     2.016142 -0.002463559     20904.41
        7700    0.9998698     2.014345 -0.001865516     20909.35
        7702    0.9992957     2.012434 -0.001155814     20914.12
        7704    0.9994733     2.009564 -0.001200208     20919.44
        7706    0.9999802     2.006895 -0.001290029     20921.96
        7708    0.9998415     2.004743 -0.001606857     20922.86
        7710     1.000158     2.002114 -0.0001798322     20931.36
        7712     1.000159      1.99671 -0.001321403     20934.99
        7714     1.000126     2.005457 -0.001399523     20935.94
        7716    0.9998662     1.994172 -0.001192678     20941.97
        7718    0.9995367     1.990918 -0.0006922738      20945.3
        7720     0.999976     1.987168 9.121189e-05     20944.17
        7722     1.000165     1.999918 -0.0002230263     20950.15
        7724    0.9997716     1.994902  0.001198428     20952.05
        7726    0.9998777     1.989133 -0.0004721417      20955.4
        7728     0.999555     1.996756 -0.001965275     20957.31
        7730    0.9992651     1.996141 -0.001220688     20962.55
        7732    0.9995677      1.97918 -0.004355671     20965.42
        7734    0.9992258     1.979368 -0.003733483     20966.73
        7736    0.9996261      1.96191  -0.00186018     20970.95
        7738    0.9997502     1.966273  -0.00311087     20972.35
        7740     1.000027     1.964298 -0.001763858     20977.91
        7742    0.9997024     1.954481 -0.001617549      20981.1
        7744    0.9995474     1.947799   -0.0018664     20982.93
        7746    0.9996223     1.953333 -0.0003087835     20989.07
        7748    0.9992811     1.949367 -0.0005600967     20992.59
        7750    0.9990771     1.952011 -0.000850255     20997.49
        7752    0.9992993     1.943319 -9.801614e-05     20998.82
        7754    0.9993779     1.946531 -0.0009125248     20997.31
        7756    0.9996822     1.948583 -0.0009035015     21005.03
        7758      1.00005     1.944711 -0.001280868     21005.92
        7760     1.000076     1.936091 -0.001283807     21010.76
        7762    0.9996702     1.936284 -0.001554903     21014.81
        7764    0.9998426     1.938312 -0.001012272     21016.92
        7766    0.9997577     1.932271 -0.001566474      21016.5
        7768    0.9999162     1.927992 -0.002450619     21014.99
        7770     1.000131     1.923752 -0.002223308      21023.6
        7772     1.000341     1.918708 -0.002660902     21025.62
        7774     1.000894     1.914485 -0.002570261     21024.95
        7776     1.000349     1.906705 -0.001299093     21020.11
        7778     1.000647      1.90319 -0.001774442     21020.62
        7780      1.00052     1.908315 -0.001363133     21011.48
        7782     1.000668     1.900289 -0.0001343282     20982.49
        7784     1.002415       1.8958  -0.00199138     20771.68
        7786     1.005104     1.902116 -0.003184796     20055.65
        7788    0.9998367     1.892384 -0.001395219     20088.86
        7790    0.9988262     1.874811 -0.002111381     20242.79
        7792     1.002131     1.884638 -0.0007772635     21039.69
        7794     1.002146     1.885224 0.0008546543     21073.99
        7796     1.001672     1.886166 -0.001847665     21082.04
        7798     1.002245     1.881648 -0.001831936     21087.65
        7800     1.002693     1.869857 -0.001801387     21092.09
        7802      1.00284     1.870569  -0.00137219     21094.51
        7804     1.002993     1.871755 -0.0005555943     21096.66
        7806     1.002804     1.870671 -0.001012421     21097.53
        7808     1.002659     1.865412 -0.002064439     21100.03
        7810     1.002736      1.86247 -0.001754176     21107.44
        7812     1.002834     1.855239 -0.0008612372     21106.44
        7814     1.002778     1.856637 -0.002023229     21110.04
        7816     1.002797     1.858522  -0.00103934     21112.43
        7818       1.0031     1.846284 -0.001260322     21112.94
        7820     1.003018     1.846924 -0.001663924      21112.3
        7822     1.003179     1.846555 -0.001448651     21119.65
        7824     1.003182     1.845211 -0.001296877      21121.9
        7826     1.003339     1.834695 -0.001389618     21124.57
        7828     1.003525     1.836549 -0.001343671     21126.94
        7830     1.003146     1.835438 -0.0007930059     21127.78
        7832     1.003183     1.834462 -0.001819555     21134.63
        7834     1.003621     1.828351 -0.002201427     21139.52
        7836     1.003851     1.821993 -0.002007594     21139.87
        7838     1.003868     1.817826 -0.001110845     21143.38
        7840      1.00355     1.818401 -0.001250826     21148.58
        7842     1.003459     1.819464 -0.001351497     21147.19
        7844     1.003765     1.811986 -0.001032316     21151.47
        7846     1.003833     1.807014 -0.002442814     21158.19
        7848     1.003541     1.810142 -0.001512473     21158.59
        7850     1.003472     1.799921 -0.001152215     21160.69
        7852     1.003674     1.799886 -0.001821035     21160.73
        7854     1.003595     1.797797 -0.0006751839     21161.89
        7856     1.004063     1.795574 -0.0003411418     21168.99
        7858     1.004131      1.79452 -0.0008279038     21171.46
        7860       1.0032     1.797157 -0.0005277512     21168.69
        7862     1.003425     1.791173   -0.0013306     21175.39
        7864     1.002757     1.791352 -0.001944287     21176.72
        7866     1.003394     1.783875 -0.001566079     21181.67
        7868     1.003825     1.781603  -0.00164118     21185.33
        7870     1.003558     1.778645 -0.001577867     21185.84
        7872     1.003332     1.778223  -0.00147681     21187.83
        7874     1.003486     1.771252 -0.001959888     21191.87
        7876     1.004147     1.769789  -0.00192776     21199.19
        7878     1.003949     1.762966 -0.001553771     21201.78
        7880     1.003607       1.7628 -0.002422105     21202.21
        7882     1.004341     1.758822 -0.002240374     21209.48
        7884     1.003904     1.750412 -0.001841198     21210.56
        7886     1.004054     1.745043 -0.001562515     21216.78
        7888     1.003871     1.748071 -0.001357919     21218.04
        7890     1.003524     1.746322 -0.001336484     21217.55
        7892     1.003923     1.739548 -0.001554443     21219.75
        7894     1.004005     1.734351 -0.001381579     21223.41
        7896     1.003612     1.735635 -0.001383945     21222.77
        7898     1.003902     1.735269 -0.0008223278     21227.99
        7900     1.004162     1.728477 -0.001803207     21235.41
        7902     1.004131     1.727772 -0.002070353      21239.7
        7904     1.004393      1.72121  -0.00132761      21242.7
        7906      1.00411     1.718706 -0.001538799      21243.8
        7908     1.004234     1.717856 -0.001318984     21248.36
        7910     1.004254     1.715462 -0.001189145     21253.19
        7912       1.0045     1.710658 -0.001185047     21255.39
        7914     1.004393     1.709193 -0.001885552      21206.5
        7916     1.005255     1.708376 -0.001555973     20936.54
        7918     1.005219     1.700377 -0.001093119     20597.15
        7920     1.004111      1.69821 -0.001351669     20956.98
        7922     1.004359     1.700448 -0.001545953     21186.87
        7924     1.004826     1.697562 -0.001673398     21231.29
        7926     1.004502      1.68801 -0.001574131     21241.57
        7928     1.004402     1.684823 -0.001378063     21247.93
        7930     1.004575     1.687855 -0.0002155636      21254.9
        7932     1.004431     1.686538 -0.0004477829     21258.64
        7934     1.004604     1.686285 -0.001056034     21257.53
        7936     1.004329     1.681241 -0.0007753411     21262.82
        7938     1.004355     1.679407 -0.001674437      21267.3
        7940     1.004419     1.680335 -0.001304803     21272.95
        7942     1.004715      1.67289 -0.001336193     21274.23
        7944     1.004913     1.670802 -0.001162877      21276.2
        7946     1.004687     1.668717 -0.0009690613     21282.99
        7948      1.00476     1.671032 -0.001261429     21282.43
        7950     1.004476     1.665137 -0.001799465     21284.05
        7952     1.004617     1.660711 -0.002079487     21286.14
        7954     1.005064     1.654322 -0.001985871     21291.63
        7956     1.005072     1.654396 -0.002309045     21294.96
        7958     1.005066      1.64925 -0.001482866     21294.19
        7960     1.005137     1.642238 -0.0005821736     21297.39
        7962     1.005087     1.642459 -0.001043404     21299.43
        7964      1.00534     1.649739 -0.0005711281     21303.02
        7966     1.005133     1.640903 -0.0001366716     21305.22
        7968     1.004914     1.637669 -0.001979311     21303.12
        7970     1.005122     1.641365 -0.001385035     21310.73
        7972     1.004684     1.633904  -0.00121211     21309.03
        7974     1.004401     1.629823 -0.002068619     21309.21
        7976     1.004783     1.627972 -0.001446954     21317.88
        7978      1.00502     1.624816 -0.001322507     21322.27
        7980     1.004862     1.622329  -0.00165247     21321.37
        7982     1.004354     1.619243 -0.001720358      21321.9
        7984     1.004529     1.614753 -0.001579065     21327.61
        7986     1.004523     1.611053 -0.001885369     21327.66
        7988     1.004865     1.609696 -0.0009579334     21331.76
        7990     1.004577      1.60416 -0.0005297834     21334.59
        7992      1.00454     1.607089 -0.001226841     21335.97
        7994     1.004477     1.606815 -0.001210107     21337.25
        7996     1.004597     1.599881 -0.002109455     21342.88
        7998     1.004798     1.594479 -0.001579038     21343.86
        8000     1.004677     1.590214 -0.001262646     21347.19
        8002     1.004939     1.594183 -0.0006733154     21347.86
        8004     1.004635      1.58978 -0.0009240556      21350.2
        8006     1.005195     1.589092 -0.001688844     21355.75
        8008     1.004493     1.582821 -0.001264205     21354.39
        8010     1.004772     1.580672  -0.00160323     21354.63
        8012     1.004684     1.579666 -0.001028413     21359.32
        8014     1.004667     1.576266 -0.001113555     21363.98
        8016     1.004687     1.574594 -0.001386624     21366.01
        8018     1.004456     1.571764 -0.001221339     21366.72
        8020     1.004533     1.568573 -0.001452591     21366.68
        8022      1.00431     1.566496 -0.001318951     21368.54
        8024     1.004559     1.562973 -0.001310342     21372.42
        8026     1.004226     1.561212 -0.001497383     21372.17
        8028     1.004008     1.558091 -0.001285458     21374.48
        8030     1.004049     1.554517 -0.001194409     21377.36
        8032     1.004083     1.552689 -0.001436917     21381.07
        8034     1.003825     1.551657 -0.001243693     21379.46
        8036     1.003859     1.546595 -0.001170066      21380.1
        8038     1.003751     1.544567 -0.001269426     21381.69
        8040     1.003812     1.543329 -0.001058244     21386.05
        8042     1.003367     1.541501 -0.001556975     21385.22
        8044     1.003296     1.538129 -0.001423505     21388.74
        8046     1.004016     1.532111 -0.001658423     21392.69
        8048     1.003652     1.531941 -0.001528717     21395.99
        8050     1.004033     1.528234 -0.001259898     21398.77
        8052     1.003653       1.5259 -0.001728243     21400.91
        8054     1.003788     1.522032 -0.001155793     21402.02
        8056     1.003596     1.518115 -0.001456836     21404.78
        8058     1.003715     1.518988 -0.001633101     21407.43
        8060     1.003622     1.514245 -0.001412174     21408.72
        8062     1.003614     1.508967 -0.001916334     21409.41
        8064     1.003509     1.506818 -0.001266531      21410.6
        8066     1.003565     1.503657 -0.001138353      21413.5
        8068     1.003924     1.504113  -0.00165491     21415.95
        8070     1.003767     1.499861 -0.001009474     21417.54
        8072     1.003612     1.493578 -0.001303057     21417.45
        8074     1.003473     1.495581 -0.001536083     21422.07
        8076     1.003519     1.493688 -0.0008926646     21422.37
        8078     1.003396     1.487572 -0.0009072341     21422.49
        8080     1.003495     1.486437 -0.001495692      21424.8
        8082     1.003477     1.488323 -0.001105575     21423.61
        8084     1.003117     1.481723 -0.001308984     21424.81
        8086     1.003597     1.478727 -0.001935812     21428.73
        8088     1.003372     1.475965 -0.001029757     21426.83
        8090     1.003454     1.472837 -0.001067862     21433.32
        8092     1.003359     1.473485 -0.001293481     21431.81
        8094     1.003183     1.470184 -0.0008418991     21435.67
        8096      1.00342     1.465617 -0.001274619     21438.53
        8098      1.00334     1.466102 -0.001203036     21442.54
        8100     1.003478     1.463288 -0.0009044327     21441.51
        8102     1.003155      1.46056  -0.00165289     21441.49
        8104     1.003081     1.458382 -0.001543815     21442.69
        8106     1.003226     1.452879 -0.0008031365     21442.32
        8108     1.002689     1.450937 -0.0009693872      21447.1
        8110     1.002937     1.454135 -0.0009607368     21449.18
        8112     1.002865     1.450627 -0.0004446921     21451.06
        8114     1.002441     1.445193 -0.001301491     21451.13
        8116     1.002189      1.44738 -0.001295432     21451.18
        8118      1.00194     1.443723 -0.000943245     21455.32
        8120     1.001342     1.440263 -0.001624216     21451.52
        8122     1.001672     1.437647 -0.001286654     21453.83
        8124     1.001491     1.434386 -0.001047454     21454.69
        8126     1.001378      1.43343 -0.001432452     21459.15
        8128     1.001211     1.431884 -0.001208549     21460.03
        8130     1.000708     1.426187 -0.001429776     21457.96
        8132     1.000501     1.424718 -0.001457973     21457.41
        8134     1.000336     1.421992 -0.001190612     21458.42
        8136     1.000029      1.42022 -0.001259967     21464.61
        8138    0.9999375     1.416662 -0.001434557     21463.46
        8140    0.9999153     1.414638  -0.00188443     21463.35
        8142    0.9999011     1.410515 -0.0009875108     21463.19
        8144    0.9993327     1.405144 -0.001529799     21460.34
        8146    0.9992184     1.408762 -0.001274878      21463.9
        8148    0.9991042     1.402399 -0.0006753004     21462.14
        8150    0.9989072     1.400316 -0.001447077     21467.39
        8152    0.9984405     1.399742 -0.001324951     21467.76
        8154     0.998274     1.397186 -0.001101023     21468.66
        8156    0.9982797       1.3918 -0.001425682     21469.72
        8158    0.9979158     1.391508 -0.001238707     21473.66
        8160    0.9980952     1.388337 -0.001199054     21474.85
        8162    0.9979398     1.387276 -0.001362168     21475.14
        8164    0.9979541     1.382207  -0.00125319     21480.05
        8166    0.9974269     1.380611 -0.001325769     21477.36
        8168    0.9973338     1.378311 -0.001371683     21482.25
        8170    0.9969387      1.37667  -0.00126636     21482.85
        8172    0.9969522     1.371234  -0.00135056     21487.21
        8174    0.9966742      1.37048 -0.001250058     21486.76
        8176    0.9965562     1.367507 -0.0007783195     21486.77
        8178    0.9962816     1.366669 -0.001200943     21489.64
        8180    0.9961769     1.365007 -0.001499919     21488.67
        8182    0.9958789     1.360872 -0.001383448     21487.29
        8184    0.9958485     1.355507 -0.001232535     21489.29
        8186    0.9954908     1.355602 -0.001112396     21493.56
        8188    0.9951241     1.355147 -0.0004840991     21490.85
        8190    0.9953045     1.351973 -0.0009185162     21493.96
        8192    0.9950703     1.351634 -0.001457651     21494.46
        8194    0.9946077     1.348254 -0.001119723     21495.06
        8196    0.9946263     1.343486  -0.00147047     21497.11
        8198    0.9946264     1.343015 -0.001448429     21497.44
        8200    0.9944024     1.339871 -0.0009786238     21497.44
        8202    0.9943182     1.336666 -0.001593106     21498.15
        8204    0.9935782     1.335657 -0.001445178     21497.05
        8206    0.9937668      1.33027   -0.0012137     21499.61
        8208    0.9936049     1.328309 -0.001086473     21501.65
        8210    0.9934111     1.326956 -0.001018316      21500.6
        8212    0.9928513     1.326965 -0.001151019     21500.84
        8214    0.9928189     1.322124 -0.001308457     21502.15
        8216    0.9926332     1.319101 -0.001561676     21503.59
        8218    0.9924565     1.316489  -0.00143022     21507.31
        8220    0.9923476     1.314472 -0.001386107     21509.87
        8222    0.9921991     1.310682 -0.001158675     21507.16
        8224     0.992171     1.308012 -0.001106494     21508.51
        8226    0.9917301     1.307219 -0.001251221     21508.83
        8228    0.9911249      1.30562 -0.0007666823     21506.88
        8230    0.9914171     1.300672 -0.0009155114     21507.62
        8232    0.9910465     1.301879 -0.001387345     21505.91
        8234    0.9907533     1.299895 -0.001308805     21507.85
        8236    0.9903973     1.294521  -0.00153584     21510.23
        8238    0.9896158     1.290202 -0.001506326     21503.75
        8240    0.9897986     1.289592 -0.001088732     21510.46
        8242     0.989601     1.287845 -0.0007944513      21505.8
        8244    0.9893837     1.285811 -0.001475263     21507.57
        8246    0.9892969     1.283846 -0.001339004     21509.86
        8248    0.9888374      1.27779  -0.00112228     21510.02
        8250    0.9887834     1.277133 -0.0005168274     21513.79
