# This file has been produced by extranormal (v 1.0.1 - February 23, 2017)
# O. Roudenko - Synchrotron SOLEIL. Covered by GPL licence.
#Data from HDF File: /nfs/ruche-rock/rock-soleil/com-rock/2021/Projets/20210209_Hilde/InSitu/10Ni-10Fe_50BN/10Ni-10Fe_50BN_RWGS750_CO2pulses_H2cst_ratio1/10Ni-10Fe_50BN_RWGS750_CO2pulses_H2cst_ratio1_00593.nxs to 10Ni-10Fe_50BN_RWGS750_CO2pulses_H2cst_ratio1_00594.nxs
#Time at start=2021-02-10 14:42:38.997
#Time from start (seconds)=2963.50048486
#Sample temperature (C)=24.6
# Normalization -------------
# pivot spectrum: Pivot_Fe_10Ni-10Fe_50BN_RT_air_av2000_00001.txt
# E0=7112.0   Eshift=1.71125006974
# E0_pivot = 7112.0
# pre-edge params: from E0_pivot-140.0 to E0_pivot-20.0
# pre-edge range: [6972.0, 7092.0]
# post-edge params: from E0_pivot+100.0 to E0_pivot+1140.0
# post-edge range: [7212.0, 8250.0]
# I jump at E0_pivot = 1.24535484799
# shifted energy	normalized	reference	ref.derivative	I0
        6970  0.001861954     1.683088 -0.001404877     18814.54
        6972  0.001861954     1.683088 -0.001404877     18814.54
        6974  0.001652567      1.67954 -0.003347293      18819.1
        6976   0.00149127     1.668786 -0.002012984     18824.77
        6978  0.001073981     1.667551 -0.002638634     18834.52
        6980  0.001153546     1.666984 -0.002019675      18847.4
        6982  0.001218229      1.65843 -0.001638156     18856.07
        6984 0.0009665744     1.652629 -0.0009400172     18859.89
        6986 0.0005642083     1.654446 -0.0007514454      18870.5
        6988 0.0008083051     1.659464 -0.0009501018     18877.17
        6990 0.0007365442     1.652419 -0.001620914     18884.91
        6992  0.000604647     1.645028 -0.002538945     18892.57
        6994 0.0003561811     1.641479 -0.001852758     18895.21
        6996 -7.932001e-05     1.639152 -0.001737705     18904.66
        6998 7.728186e-05     1.637597 -0.001058723     18914.17
        7000 0.0006639812     1.631126 -0.001204379     18924.39
        7002 9.765558e-05     1.633009  -0.00180409     18931.96
        7004 -9.926142e-05     1.629517 -0.0009039251     18941.28
        7006 -0.0003995072     1.623164 -0.001215363     18948.59
        7008 -0.000363335     1.623895  -0.00152813     18958.28
        7010 -0.0005362107     1.623286 -0.001161241     18965.46
        7012 -0.0005769357     1.617292 -0.002322528     18971.64
        7014 -0.0003000045     1.613874 -0.002680618     18981.82
        7016 -0.001328064     1.605315 -0.002267512     18989.72
        7018 -0.0007790019     1.601841 -0.001900601     18997.52
        7020 -0.001240518     1.599152 -0.001584195     19000.88
        7022 -0.001306307     1.598669 -0.0005828817     19007.08
        7024 -0.001125315     1.592641 -0.0005133267     19020.11
        7026 -0.001050046     1.597178 -0.001672699     19028.84
        7028 -0.0007710482     1.595045 -0.0008400995     19038.14
        7030 -0.0007547705     1.585288 -0.001922856     19046.05
        7032 -0.0009927388      1.58592 -0.002199165     19052.43
        7034 -0.0006131664     1.581795 -0.0009462477     19062.51
        7036 -0.001013242     1.577452 -0.001303031      19068.7
        7038 -0.0009018351     1.577718 -0.001543707      19075.8
        7040 -0.001030999     1.575496  -0.00165592     19086.97
        7042 -0.0006498346     1.569446 -0.002174026     19096.15
        7044 -0.0007968963     1.564205 -0.002085756     19102.11
        7046 -0.0005033628     1.560326 -0.001409986     19114.73
        7048 -0.001263724      1.55881 -0.0008906702     19119.05
        7050 -0.0006322587     1.558166  -0.00122373     19127.52
        7052 -0.0003047547     1.557079 -0.001079177     19132.45
        7054 -0.0004223721     1.550536 -0.001039152     19144.07
        7056 -0.0002843091     1.550177 -0.001439318     19153.53
        7058 -0.0006695312     1.549853 -0.0006942652     19160.49
        7060 -0.0005545701     1.545565 -0.001203584     19163.09
        7062 -0.0004972573     1.544982 -0.001439392     19175.62
        7064 -0.0005267307     1.540548 -0.002003782     19181.39
        7066 -0.0006257802     1.538337  -0.00225049     19186.64
        7068 -0.000630156     1.529535 -0.002031042     19195.56
        7070 -0.0002715593     1.526978 -0.002053456     19205.83
        7072 4.186438e-05       1.5243 -0.001397753     19216.47
        7074 0.0001297792      1.52191 -0.001139484     19222.39
        7076 0.0005157835     1.518353 -0.001189454     19229.85
        7078 0.0005483048     1.517862 -0.001188671     19238.35
        7080 0.0008815224     1.514784  -0.00124764     19244.85
        7082  0.001176352       1.5124 -0.001374213      19253.6
        7084  0.001397628     1.508371 -0.0009991559     19259.98
        7086  0.001564681     1.506868 -0.0008853801     19268.48
        7088  0.001908474     1.506791 -0.0007255414     19271.63
        7090  0.002125979     1.505317 -0.0008775787     19279.98
        7092   0.00233886     1.502567 -0.001503412     19286.44
        7094  0.003167799     1.499848 -0.001712003      19296.2
        7096   0.00393574     1.494764 -0.001143837     19299.02
        7098  0.004530388     1.491621 -0.0006306764     19311.33
        7100   0.00583044     1.493416 -0.0001287672     19318.62
      7100.2  0.005883106     1.493576 -0.0001837346     19319.56
      7100.4  0.005935771     1.493735 -0.0002387019     19320.49
      7100.6  0.005988437     1.493894 -0.0002936693     19321.43
      7100.8  0.006041103     1.494053 -0.0003486367     19322.37
        7101  0.006093768     1.494212 -0.0004036041     19323.31
      7101.2  0.006146434     1.494371 -0.0004585714     19324.25
      7101.4    0.0061991     1.494531 -0.0005135388     19325.19
      7101.6  0.006251765      1.49469 -0.0005685062     19326.13
      7101.8  0.006394941     1.494891  -0.00106488      19326.7
        7102  0.006747022     1.492232 -0.004283336     19325.91
      7102.2  0.007196298       1.4888 -0.006377278     19325.42
      7102.4  0.007489719     1.488815 -0.0003035587     19326.29
      7102.6  0.007451241     1.489789  0.005508944     19326.71
      7102.8  0.007338105     1.491989  0.005462898     19326.97
        7103  0.007482711     1.493208  0.002598951     19327.79
      7103.2  0.007706333     1.493186 -0.0009226251     19328.45
      7103.4  0.008010787     1.491868 -0.0009980641     19328.76
      7103.6  0.008337021     1.491251 0.0001455485      19330.1
      7103.8  0.008477236     1.492409   0.00547849     19331.52
        7104  0.008629433     1.493302   0.01036523     19332.98
      7104.2  0.008705034     1.496251    0.0088628     19332.65
      7104.4  0.008765001     1.499543  0.005146363     19333.17
      7104.6  0.008940384     1.499499 -0.001600771     19335.03
      7104.8  0.009030472     1.497419  -0.00637903     19336.27
        7105  0.009363125      1.49497 -0.005911752      19337.1
      7105.2  0.009867442      1.49444 -0.003250807     19338.92
      7105.4   0.01011586      1.49477 -0.0005128374     19340.96
      7105.6   0.01026998     1.494819  -0.00106493     19341.43
      7105.8   0.01050433      1.49456 -0.003756427     19341.32
        7106   0.01074189     1.493588 -0.004288189     19341.52
      7106.2   0.01109122     1.491765  0.001833736     19342.85
      7106.4   0.01151787     1.491388  0.005234507     19342.45
      7106.6    0.0121824     1.496027   0.00651761     19342.64
      7106.8   0.01263903     1.497775   0.01186919     19344.38
        7107   0.01288898     1.496979   0.01018437     19346.52
      7107.2   0.01335244     1.500883  0.007079936     19348.36
      7107.4   0.01384909     1.504175   0.00716947     19348.83
      7107.6   0.01432961     1.503439  0.003928532     19350.27
      7107.8    0.0148491     1.502715 -0.001330847     19352.61
        7108   0.01531078     1.504026  0.001068896     19353.08
      7108.2   0.01571511      1.50311  0.009094914     19350.92
      7108.4   0.01613059     1.504294   0.01159979     19349.23
      7108.6   0.01657458      1.50999   0.01148739     19348.71
      7108.8   0.01705479     1.513306   0.01151274      19347.2
        7109   0.01764734       1.5123  0.008844095     19346.03
      7109.2   0.01864481     1.513505   0.00735745     19347.27
      7109.4   0.01980931     1.517066   0.01478337     19349.77
      7109.6   0.02083747     1.519192   0.02057887      19351.5
      7109.8   0.02207065     1.524127   0.02360613      19352.5
        7110   0.02355419     1.529968    0.0338545     19353.72
      7110.2    0.0251426     1.535951   0.04152938     19353.31
      7110.4    0.0271249     1.546276   0.04906242     19350.96
      7110.6   0.02966393      1.55735   0.06212417     19349.42
      7110.8   0.03268666     1.569218   0.07440243     19348.63
        7111   0.03645631      1.58565   0.09245581     19347.99
      7111.2   0.04132836     1.605798    0.1187513     19346.94
      7111.4   0.04738791     1.631315    0.1401654     19346.24
      7111.6   0.05428288     1.664219    0.1541513     19345.79
      7111.8   0.06203378     1.697782    0.1598846     19343.83
        7112   0.07089507     1.729119    0.1523097     19341.76
      7112.2   0.08046259     1.759222    0.1423924      19340.1
      7112.4   0.08990356     1.786066     0.134169     19339.14
      7112.6   0.09877138     1.811696    0.1274334     19338.25
      7112.8    0.1069671     1.836454    0.1235897     19335.87
        7113    0.1143762     1.861169    0.1141813     19333.91
      7113.2    0.1213527     1.884938    0.1061466     19333.76
      7113.4    0.1281104     1.903041    0.1009949     19333.58
      7113.6    0.1346484     1.921371   0.09839848     19333.28
      7113.8    0.1407834     1.941965   0.08647924     19333.08
        7114    0.1462132     1.963657   0.06209924      19334.5
      7114.2    0.1508882     1.972225    0.0481086     19333.56
      7114.4    0.1552204     1.971051   0.03932076     19332.03
      7114.6    0.1589836     1.980452   0.04591604      19332.8
      7114.8    0.1618991     1.995114   0.06135651      19332.9
        7115    0.1641369     2.008957   0.06313314     19333.46
      7115.2    0.1663181     2.020136   0.05938922     19333.49
      7115.4    0.1684803     2.030958   0.04752395     19332.26
      7115.6    0.1709072     2.042625   0.03894796     19333.17
      7115.8    0.1735148     2.046977   0.03114935     19335.05
        7116    0.1765606     2.051294   0.01836536     19335.94
      7116.2    0.1805486     2.055878   0.02136576     19337.95
      7116.4    0.1853589     2.057317   0.02033734      19337.6
      7116.6    0.1909056     2.064069   0.01492321     19336.52
      7116.8    0.1971899     2.067564    0.0183968     19338.19
        7117    0.2045323     2.067816     0.019403      19340.3
      7117.2    0.2129818     2.072035   0.03324042     19340.76
      7117.4    0.2225053     2.079592   0.05040659     19340.55
      7117.6    0.2328089     2.094156   0.05940879     19339.63
      7117.8    0.2439499     2.108142   0.07216457     19338.96
        7118    0.2566163     2.119562   0.08160067     19339.51
      7118.2    0.2708531     2.137323   0.08965967     19339.01
      7118.4    0.2864935     2.159437   0.09910112     19338.63
      7118.6    0.3034721     2.179869    0.1051572     19338.87
      7118.8    0.3217101     2.198843     0.111926     19338.15
        7119    0.3412442     2.221449    0.1209351     19338.32
      7119.2    0.3625397     2.248978    0.1314328     19338.75
      7119.4    0.3854826     2.276618    0.1397846      19337.9
      7119.6    0.4093363     2.303989    0.1331189     19338.43
      7119.8    0.4335407     2.333277    0.1184133      19339.3
        7120    0.4578771     2.355473     0.110508     19337.89
      7120.2    0.4821652     2.371348    0.1028835     19336.89
      7120.4    0.5053953     2.392395    0.1087194     19337.44
      7120.6    0.5268291     2.415584    0.1273425      19337.3
      7120.8    0.5467297     2.442448    0.1333658     19336.68
        7121     0.565264     2.473222    0.1227788     19335.77
      7121.2    0.5821858     2.499088    0.1109939     19334.74
      7121.4    0.5977023     2.513807    0.1079987     19335.26
      7121.6    0.6122805     2.531243     0.107829     19336.64
      7121.8    0.6266451     2.559621    0.1254544      19338.5
        7122    0.6413155     2.585351    0.1430453     19339.68
      7122.2    0.6565096      2.61417    0.1412415     19339.35
      7122.4    0.6721902      2.64568    0.1242453     19337.48
      7122.6    0.6882132     2.672614    0.1022496     19336.18
      7122.8    0.7048242     2.684747   0.08827739     19335.69
        7123    0.7222378      2.69597   0.06670408     19334.21
      7123.2    0.7398896     2.716302   0.05595993     19333.75
      7123.4    0.7575058     2.725978   0.05488001     19332.66
      7123.6    0.7754627     2.729515   0.06037773     19330.35
      7123.8    0.7944875     2.739874   0.06721566     19330.48
        7124    0.8135083     2.764604   0.06614323     19330.95
      7124.2    0.8313294      2.77975   0.06974252     19331.59
      7124.4    0.8484342      2.78243   0.04992171     19331.09
      7124.6    0.8649171     2.795668   0.01439085     19329.52
      7124.8    0.8808996     2.804541  0.004733763     19330.49
        7125     0.896221     2.791263   0.03083847     19332.95
      7125.2    0.9107442     2.786217   0.07451059     19333.02
      7125.4     0.924337     2.820338    0.1187378     19332.64
      7125.6    0.9371428      2.86415    0.1208477     19331.66
      7125.8    0.9493155     2.886253   0.06697099     19329.89
        7126    0.9611925     2.882895   0.01810629     19328.92
      7126.2    0.9733998     2.873915 -0.000788853     19327.36
      7126.4    0.9857224     2.878635 -0.008915063     19326.22
      7126.6     0.997768     2.885622   0.00230048     19324.99
      7126.8     1.009819     2.875763   0.03122206     19323.35
        7127     1.021971     2.875756   0.05675764     19321.47
      7127.2     1.034419     2.903612   0.08607192     19320.02
      7127.4      1.04744     2.931028    0.1022879     19320.27
      7127.6     1.060887      2.94462   0.08185182     19320.66
      7127.8     1.074485     2.957586   0.06670692     19320.71
        7128     1.088798     2.969094   0.05778057     19321.89
      7128.2     1.103816     2.984394     0.036462     19321.46
      7128.4     1.118465     2.990845   0.02609016     19319.74
      7128.6     1.132446     2.986756  -0.01098224     19318.82
      7128.8     1.145936     2.989966 -0.003740179     19318.69
        7129     1.158659     2.975608   0.08398461     19318.64
      7129.2     1.170312     2.987853    0.1492899     19318.07
      7129.4     1.180887     3.053943    0.1721939     19317.89
      7129.6     1.189778     3.109398    0.1097469      19315.9
      7129.8     1.196924     3.113363   0.02633412     19314.55
        7130     1.203114      3.07565   0.01647903     19315.29
      7130.2     1.208131     3.075011   0.05329977     19314.27
      7130.4     1.211295     3.122581    0.1089501     19312.08
      7130.6     1.212957     3.156003    0.1156381     19310.68
      7130.8     1.213916      3.16281   0.05001172     19309.56
        7131     1.214325     3.167521   0.03490274     19308.76
      7131.2     1.214802      3.16259   0.02710246     19306.75
      7131.4     1.215796     3.183925  -0.04554928     19306.03
      7131.6     1.216813     3.184492  -0.03494793     19305.49
      7131.8     1.216868     3.131082  -0.02284656     19304.96
        7132     1.216088     3.134632  -0.03547846        19305
      7132.2     1.215227     3.165648  -0.03130958     19303.85
      7132.4     1.213964      3.15611   -0.0842261     19303.39
      7132.6     1.212665     3.106034   -0.1399181     19302.04
      7132.8     1.210773     3.067251   -0.1347305     19302.11
        7133     1.208143     3.053713    -0.104764     19302.97
      7133.2     1.204491     3.048325  -0.08966328     19303.85
      7133.4      1.20018     3.022223  -0.07966481      19303.8
      7133.6     1.195589     2.995521   -0.1176984     19305.01
      7133.8     1.190158     2.989981    -0.141782      19305.8
        7134      1.18374     2.954166   -0.1061132     19305.35
      7134.2      1.17668     2.908797  -0.06131781     19305.73
      7134.4     1.169315      2.91063  -0.01681906     19303.92
      7134.6     1.161879     2.940927   0.04535341     19303.11
      7134.8     1.154631     2.940711   0.07767442     19305.57
        7135     1.147819      2.94508   0.06006072     19309.68
      7135.2     1.140854      2.97277   0.06661915     19312.06
      7135.4     1.133755     2.988976   0.05214358     19313.89
      7135.6     1.127078     2.994006 -0.009859977     19315.99
      7135.8      1.12036     2.986795  -0.04495485     19315.33
        7136     1.113699     2.964882  -0.06287204     19313.89
      7136.2      1.10746     2.953012  -0.07571237     19314.92
      7136.4     1.101545     2.943709  -0.05780968     19316.38
      7136.6     1.095819     2.926225  -0.04621151      19316.1
      7136.8     1.090335     2.918634  -0.03301545      19312.3
        7137     1.085611     2.916043  -0.02381175     19303.31
      7137.2     1.081442     2.917296  -0.03969178     19287.47
      7137.4     1.077486     2.907175  -0.02287251     19261.66
      7137.6     1.073739      2.88688 -0.004289628     19227.29
      7137.8     1.070496     2.897745 -0.005782056     19188.64
        7138     1.067247     2.913865  0.004715137     19149.65
      7138.2     1.063591      2.90255   0.01245225     19114.78
      7138.4     1.059975     2.890652   0.02845299     19091.49
      7138.6     1.056442     2.907706   0.07208888     19083.93
      7138.8     1.053632     2.936627      0.10476     19091.11
        7139     1.050829     2.960221   0.05631674     19108.65
      7139.2     1.048487      2.97446   0.01249247     19133.59
      7139.4     1.046798      2.95276  -0.01918353     19160.73
      7139.6     1.045355     2.946621   -0.0500313     19189.31
      7139.8      1.04433     2.944874 -0.007455769     19218.33
        7140     1.043284     2.934435   0.00719742     19243.78
      7140.2     1.042607     2.946795   0.01513263     19268.87
      7140.4     1.042064     2.952379   0.04724688     19290.55
      7140.6     1.041478      2.95698   0.03553369     19303.94
      7140.8     1.041023     2.972233  0.001844189     19310.42
        7141      1.04042     2.975222 -0.0009700146     19311.85
      7141.2     1.039693     2.953854 -0.0009549473     19313.27
      7141.4     1.038859     2.956204 -0.001957886     19310.55
      7141.6     1.038114     2.971469   0.03063675     19298.23
      7141.8     1.037165     2.973656   0.04424649     19278.89
        7142     1.036094     2.978364   0.03721552     19252.17
      7142.2     1.035754     2.991601   0.02154616     19216.19
      7142.4     1.035486     3.001241 -0.002606633     19175.43
      7142.6     1.034574     2.990893 -0.004104127     19136.41
      7142.8     1.033398     2.976279  -0.01104208     19104.76
        7143     1.032273     2.988318  -0.03279086     19084.91
      7143.2     1.031284     2.992408  -0.05453203     19080.67
      7143.4     1.030328      2.96466  -0.06396142     19091.65
      7143.6     1.029383     2.932653  -0.03697127     19115.55
      7143.8     1.028426     2.937149 -0.001727927     19150.42
        7144     1.027206     2.962831   0.02933828     19191.42
      7144.2     1.026111     2.963278  0.009256379     19232.02
      7144.4     1.025328     2.956124  -0.05279664     19265.68
      7144.6     1.024716     2.944554  -0.05429831     19292.03
      7144.8     1.023782     2.920593 -0.005269571     19311.05
        7145     1.022294     2.919839   0.02179852     19322.77
      7145.2     1.021105     2.951908   0.02381504     19330.43
      7145.4     1.019657     2.961993  0.008874093      19334.8
      7145.6     1.018329     2.939645  0.007821458      19338.2
      7145.8     1.016992     2.926938   0.02697877     19341.87
        7146      1.01505     2.958165   0.05041995     19345.61
      7146.2     1.013163     2.983576   0.06111442     19349.09
      7146.4     1.011367     2.979981   0.03472806     19351.08
      7146.6     1.009307      2.97583  0.004541149     19351.29
      7146.8     1.006887     2.985947  0.002511999     19352.98
        7147     1.004295     2.987209  0.007711381     19355.33
      7147.2     1.001692     2.981991   0.01680682     19355.54
      7147.4    0.9994088     2.981999   0.01278661     19356.12
      7147.6    0.9968784     2.999393 -0.006773153     19360.91
      7147.8    0.9939843     2.997438   0.02746459     19364.55
        7148    0.9909824     2.976572   0.03664582     19364.52
      7148.2    0.9881251     3.003971   0.02339346     19365.15
      7148.4    0.9850558      3.02871   0.03067239     19366.91
      7148.6    0.9815613     3.016153   0.02390865     19369.13
      7148.8    0.9781101      3.00111  0.008739431     19371.58
        7149    0.9749439     3.023098   0.01377529     19374.89
      7149.2    0.9716646     3.035701   0.03363937     19376.47
      7149.4     0.968271     3.027173   0.01905177      19375.3
      7149.6    0.9649398     3.028022 -0.001389739     19375.06
      7149.8    0.9617948     3.038339    0.0159354     19376.42
        7150    0.9589706     3.034589   0.03434207     19378.04
      7150.2    0.9563688     3.039921   0.02578526     19379.32
      7150.4    0.9538835     3.055496   0.04352389     19380.85
      7150.6    0.9515046     3.058967   0.04518735      19382.4
      7150.8     0.949128     3.069408   0.02135997     19383.02
        7151    0.9469314     3.076071 -0.005587432     19384.11
      7151.2    0.9451671     3.072584  -0.03034677     19386.02
      7151.4    0.9431721     3.054497 -0.005653309     19387.75
      7151.6    0.9408008     3.045131  0.004322557     19387.76
      7151.8    0.9388151     3.071549 -0.002199832        19387
        7152    0.9371942     3.076042   0.01732396      19387.8
      7152.2    0.9357018     3.052737  -0.01402805     19389.92
      7152.4    0.9344188      3.05899 -0.009324737     19391.99
      7152.6    0.9333405     3.060326   0.02609795     19393.45
      7152.8    0.9326221     3.068582   0.01318797     19395.32
        7153    0.9321888     3.073616   0.02843399     19396.76
      7153.2    0.9317542     3.069541   0.03000127     19396.64
      7153.4    0.9315871     3.083073  -0.02246535     19395.54
      7153.6    0.9316849     3.092583  -0.06598159     19396.07
      7153.8    0.9314354     3.055643  -0.06405846     19397.15
        7154    0.9310093     3.016755  -0.02621174     19398.15
      7154.2    0.9311337     3.031827   0.02555229     19400.87
      7154.4    0.9313382     3.071613   0.05210046     19401.21
      7154.6    0.9317849     3.076085   0.02528794     19401.28
      7154.8    0.9325545     3.058436  -0.01378134     19402.94
        7155    0.9331641     3.052057  -0.01602429     19403.68
      7155.2    0.9338876     3.060588  0.004012941     19402.63
      7155.4    0.9351513     3.063266   0.03317786     19403.61
      7155.6     0.936709     3.061646   0.03618013     19406.42
      7155.8    0.9379611     3.078599   0.02548225     19407.99
        7156     0.938897     3.089532   0.01687952     19409.41
      7156.2    0.9398595     3.083652  -0.01038178     19410.62
      7156.4    0.9410449      3.07515  -0.02424928     19410.81
      7156.6    0.9425403     3.070294   -0.0158098     19411.23
      7156.8    0.9436652     3.070133 -0.0008433662     19411.36
        7157    0.9445047     3.071004   -0.0146282     19411.41
      7157.2    0.9455044     3.074475  -0.03255909     19412.84
      7157.4    0.9465228     3.058591  -0.02504881        19415
      7157.6    0.9476603     3.044086  -0.03924371     19416.45
      7157.8    0.9489458     3.050965  -0.02930007     19418.07
        7158    0.9503248      3.04308  -0.01810546     19419.53
      7158.2    0.9513842     3.035151  -0.03744445     19419.25
      7158.4    0.9527384     3.029601  -0.01735341     19419.17
      7158.6    0.9540273     3.021009    0.0220227     19418.41
      7158.8    0.9547461     3.029197   0.03597339     19417.63
        7159    0.9552717     3.052769   0.01985489      19417.4
      7159.2    0.9560182      3.05838   0.01582111      19417.6
      7159.4    0.9571891     3.036893 -0.006073943     19419.25
      7159.6    0.9584182     3.041854  -0.01875447     19420.27
      7159.8    0.9595762      3.04791   0.02059161     19419.87
        7160    0.9605539     3.043377   0.02987264     19420.36
      7160.2    0.9614141     3.053366   0.02903352     19421.86
      7160.4    0.9620326     3.065752   0.02146868     19422.45
      7160.6    0.9621723     3.071137   0.02041845     19424.18
      7160.8     0.962241     3.060551  0.007617885     19425.23
        7161    0.9627263     3.069701  -0.03641667     19426.28
      7161.2    0.9631929     3.071847  -0.03831194     19428.25
      7161.4    0.9636791     3.042004  -0.04655169     19428.94
      7161.6    0.9644353     3.029902  -0.06751758     19428.39
      7161.8    0.9653419      3.03246  -0.02903348     19429.06
        7162    0.9662072     3.017833    0.0193779     19430.24
      7162.2    0.9667902     3.018777   0.02032716     19430.04
      7162.4    0.9674053     3.045404  0.009895325      19429.9
      7162.6    0.9681354     3.048722  0.006424716     19430.57
      7162.8     0.968939     3.025749 -0.007502964     19432.66
        7163     0.969426     3.023917  -0.02092769     19435.56
      7163.2    0.9692942     3.039402  -0.02281335     19436.46
      7163.4    0.9694787     3.031979  -0.03062613      19436.1
      7163.6    0.9702009     3.007498  -0.03604408     19435.92
      7163.8    0.9711248     2.999416  0.002468839      19435.3
        7164    0.9716928     3.010567   0.07018994     19434.48
      7164.2    0.9717668     3.033954   0.08290952     19434.26
      7164.4    0.9721247      3.06365   0.01395804     19434.62
      7164.6     0.972727     3.065743  -0.05068655     19435.26
      7164.8    0.9732097     3.021733  -0.07245018     19434.67
        7165    0.9734876     2.993405  -0.06872883     19435.35
      7165.2    0.9739721      3.00569  -0.01306366     19437.21
      7165.4    0.9747957      3.01076  0.002559067     19438.12
      7165.6    0.9753494     3.011282  -0.01408503     19439.07
      7165.8    0.9760879     2.995452 -0.006178026     19439.51
        7166    0.9769487     2.994422 -0.003297474     19438.96
      7166.2    0.9774456     3.005818  0.002562591     19437.78
      7166.4    0.9777168     3.008644  0.001327802     19436.98
      7166.6    0.9783335     2.997503 -0.002660491     19437.81
      7166.8     0.979308     2.995484  -0.01301977     19439.09
        7167    0.9800741      3.00369 -0.006114709      19438.5
      7167.2     0.980604     2.998228 -0.004261374     19438.03
      7167.4    0.9811353     2.992611  -0.01994685     19437.65
      7167.6     0.981936     2.992075  -0.05497968     19438.97
      7167.8    0.9830181     2.987732  -0.08087689     19440.88
        7168    0.9840036     2.954245  -0.06489553     19443.23
      7168.2    0.9849507     2.927909  -0.02281654     19447.44
      7168.4    0.9857118     2.940159   0.04713441     19450.32
      7168.6     0.986222     2.969479   0.06885414     19450.18
      7168.8     0.986967     2.991952    0.0364202     19447.15
        7169    0.9880216     2.982993 -0.001787803     19444.83
      7169.2    0.9890607     2.969295  0.001726814     19444.99
      7169.4    0.9896815     2.968049   0.03143046     19444.53
      7169.6    0.9904136     2.993334   0.02887604     19444.39
      7169.8    0.9914409     3.008137   0.01759501     19445.38
        7170    0.9918924     2.992396  -0.03816948     19447.45
      7170.2    0.9920772     2.982125  -0.05219815     19448.48
      7170.4    0.9929055     2.962798  -0.01656675     19449.04
      7170.6    0.9938727     2.966378  -0.01195969     19450.79
      7170.8    0.9944213     2.979142  -0.01208687     19449.63
        7171    0.9950157     2.972557 -0.007213881     19447.87
      7171.2    0.9958095     2.953128 -0.007959049     19449.96
      7171.4    0.9969365     2.960607  -0.03890881     19451.85
      7171.6    0.9978639     2.972775  -0.04077416     19452.22
      7171.8    0.9987127      2.94143   0.01225478     19453.81
        7172    0.9994163     2.920509    0.0956942     19454.38
      7172.2    0.9998594     2.970411    0.1564862     19453.81
      7172.4     1.000711      3.04933    0.1770224     19454.56
      7172.6     1.001696     3.066619    0.1071818      19457.6
      7172.8     1.002374     3.062127  -0.01586088     19459.98
        7173     1.002772     3.056157  -0.04435316     19461.51
      7173.2     1.003061     3.036642  -0.07046863     19462.31
      7173.4     1.003284     3.031136   -0.1211153     19462.11
      7173.6     1.003709     3.005752   -0.1333373     19462.49
      7173.8     1.004153     2.959264   -0.1727821     19462.06
        7174     1.004639     2.929972   -0.1626551     19460.77
      7174.2      1.00528     2.892911  -0.08095682        19462
      7174.4     1.005884     2.875628   -0.0264857     19464.44
      7174.6     1.006304     2.894499   0.05621163     19464.28
      7174.8     1.006354     2.908783    0.1282218     19463.13
        7175     1.006714      2.93788     0.116255      19463.7
      7175.2     1.007492     2.978206   0.07834703     19464.88
      7175.4      1.00817     2.987503   0.02497644     19466.15
      7175.6     1.008494     2.971461  -0.04313887     19468.21
      7175.8     1.008355     2.957861  -0.05703209     19469.39
        7176      1.00792     2.943694  -0.03680378     19469.21
      7176.2     1.007746     2.941877  -0.01806433     19470.05
      7176.4     1.007887     2.942018  -0.03861455     19470.89
      7176.6     1.008127      2.94341  -0.09902296     19471.14
      7176.8     1.008228     2.912803   -0.1165201     19470.22
        7177     1.008504     2.862659   -0.1037898     19470.41
      7177.2     1.008915     2.848802  -0.02340665     19471.89
      7177.4     1.009193     2.860378   0.07278398      19472.6
      7177.6     1.009237     2.894077   0.08734473     19473.69
      7177.8     1.009145     2.920886   0.03799284     19474.71
        7178     1.008722     2.918677  -0.03374584     19476.75
      7178.2     1.008347     2.890772  -0.01154178     19478.18
      7178.4     1.008352     2.867081   0.04556437     19478.58
      7178.6     1.008527     2.911653   0.04681102     19479.14
      7178.8     1.008499     2.955129   0.04287331     19479.41
        7179     1.008421     2.928221  -0.01818287     19479.89
      7179.2     1.008438     2.901379  -0.08164796     19480.05
      7179.4      1.00834     2.897106  -0.03796375     19479.82
      7179.6     1.008282     2.889811   0.02058527     19479.64
      7179.8      1.00852      2.89785  0.009011099        19480
        7180     1.008856     2.917848 -0.003345509     19482.14
      7180.2     1.008917     2.904315   0.01242773     19482.64
      7180.4     1.008845     2.887134 -0.002724818     19482.17
      7180.6     1.008774     2.907792  0.007310746     19483.76
      7180.8     1.008647     2.915668   0.03183473     19485.14
        7181     1.008441     2.910164    0.0062757     19485.34
      7181.2     1.008287     2.912602 -0.007416676     19484.71
      7181.4     1.008229     2.912813 -0.006715652     19485.45
      7181.6     1.008035     2.909734  0.009330548     19486.11
      7181.8     1.007867     2.904791  0.002478577     19485.63
        7182      1.00806     2.920066  -0.03166272     19485.58
      7182.2      1.00846     2.914795  -0.04525994     19487.44
      7182.4     1.009007     2.884404  -0.05086627     19488.25
      7182.6     1.009545     2.868583  -0.05464713     19488.05
      7182.8     1.009927     2.879373  -0.03585253     19488.79
        7183     1.009904     2.871078  -0.01587961     19489.35
      7183.2     1.009702     2.855722  -0.01278789     19491.03
      7183.4     1.010047      2.85588   0.01459137     19493.44
      7183.6     1.010587     2.869143   0.01648377     19495.03
      7183.8      1.01093     2.882751  0.001141557     19496.54
        7184     1.011067     2.868909  0.006426862     19496.21
      7184.2     1.011247     2.856793  0.006916273     19495.77
      7184.4     1.011395     2.874285   0.03061629     19496.95
      7184.6     1.011445     2.888284   0.05410253     19497.02
      7184.8     1.011535     2.893402   0.04192939     19496.89
        7185     1.011504     2.900075   0.01114276     19497.29
      7185.2     1.011228     2.907828  -0.03291457     19497.58
      7185.4     1.010977     2.897198  -0.03284799     19499.36
      7185.6     1.011418     2.867071 -0.001814924     19501.95
      7185.8     1.012132     2.873796   0.01918442     19504.16
        7186     1.012853     2.906376   0.04885387     19506.31
      7186.2     1.013252     2.912546   0.04007882     19505.97
      7186.4     1.013305     2.906154 -0.004796434     19507.29
      7186.6     1.013259      2.90586  -0.01362891     19511.16
      7186.8     1.013126     2.902539  -0.01405951     19510.76
        7187     1.012972     2.901642  -0.02542243     19508.56
      7187.2     1.013289     2.894906  -0.02456586     19508.98
      7187.4      1.01355     2.885522  -0.01799434     19508.52
      7187.6     1.013385     2.882886  0.008504674     19505.32
      7187.8     1.013419     2.887247   0.03171134     19504.62
        7188     1.013594      2.90171   0.03548667     19507.15
      7188.2     1.013746     2.910891   0.03472575     19508.43
      7188.4     1.013771     2.911276   0.03287985     19508.76
      7188.6     1.013856     2.915028   0.02432214     19509.36
      7188.8     1.014091     2.928014     0.022849     19511.12
        7189     1.014279     2.930348   0.02232097     19514.08
      7189.2     1.014409     2.929555  0.009088768     19516.59
      7189.4     1.014295     2.932884  0.008493513     19518.53
      7189.6     1.013924     2.935285  -0.03112968     19519.46
      7189.8     1.013666     2.937143   -0.0730114     19520.11
        7190     1.013538     2.904651  -0.04542699      19521.3
      7190.2     1.013364     2.874475  -0.01790787     19521.32
      7190.4     1.013202     2.898943  0.009813019     19521.34
      7190.6      1.01315     2.922817    0.0708881     19522.78
      7190.8      1.01315     2.912502    0.0742259     19525.12
        7191      1.01304     2.931186   0.04210468     19526.24
      7191.2     1.012903     2.958324   0.05237833      19526.2
      7191.4     1.012752     2.956501   0.01265739     19526.51
      7191.6     1.012521     2.954404  -0.03460397     19524.99
      7191.8     1.012508     2.941312  -0.03651255     19524.13
        7192     1.012664     2.930641  -0.02857447     19524.76
      7192.2     1.012527     2.927291 -0.006742578     19527.24
      7192.4     1.012368     2.931545   0.01997887     19529.96
      7192.6     1.012718     2.935918   0.04001802     19530.01
      7192.8     1.013262     2.946624   0.04004686     19529.89
        7193     1.013887     2.959305   0.04917684     19530.36
      7193.2     1.014213     2.963582   0.04988764     19530.71
      7193.4     1.013727     2.975259    0.0296179     19529.72
      7193.6     1.013206     2.986534  0.002258884     19530.29
      7193.8     1.013211     2.982999  -0.02760061     19532.41
        7194     1.013593     2.965389 -0.006521076      19533.5
      7194.2     1.014155     2.953179   0.06523767     19534.45
      7194.4     1.014295     2.981317   0.08456541     19534.53
      7194.6     1.014234     3.035189   0.03799254     19535.04
      7194.8      1.01443     3.033042 -0.003680826     19537.57
        7195     1.014608     2.983573  -0.05332617     19539.94
      7195.2     1.014957     2.978372  -0.05564638     19540.62
      7195.4     1.015373     2.992529    -0.031362      19540.9
      7195.6     1.015274     2.988524  -0.05838888      19541.7
      7195.8     1.014999     2.958483  -0.06598615     19542.24
        7196      1.01487     2.931661   -0.0692129     19542.87
      7196.2     1.014921      2.93974  -0.06146024     19544.84
      7196.4     1.015329     2.933154  -0.01891429     19546.34
      7196.6     1.015524     2.909315  -0.01702506     19546.61
      7196.8     1.015669      2.91653  -0.01212061     19546.06
        7197     1.016127      2.92612  0.005348526     19546.26
      7197.2     1.016422     2.923458   0.01554811     19547.39
      7197.4     1.016435     2.913594   0.02666773     19548.34
      7197.6      1.01649     2.928968    0.0247035     19549.76
      7197.8     1.016611     2.947454   0.05419485     19551.52
        7198     1.017022      2.94322   0.06747367      19553.5
      7198.2     1.017611     2.956949   0.04652256     19556.17
      7198.4     1.017809     2.982947   0.03276695     19558.14
      7198.6     1.017616     2.984672 -0.007738614     19558.35
      7198.8     1.017532     2.969434  -0.03809274     19558.98
        7199     1.017764     2.950759  -0.01601248     19559.88
      7199.2     1.018067     2.952473  0.007170236     19560.35
      7199.4     1.018189     2.971862  0.009028915     19561.82
      7199.6     1.018525      2.97517  -0.02756328     19563.72
      7199.8     1.018742     2.957982   -0.0669371     19564.82
        7200     1.018523     2.930422  -0.05453492     19565.48
      7200.2     1.018588     2.918312  -0.01763171     19566.79
      7200.4     1.018498     2.931542  0.006347342     19566.59
      7200.6     1.018607     2.943876  -0.01111936     19566.54
      7200.8      1.01876       2.9355  -0.06518919     19566.77
        7201     1.018585     2.909417  -0.09599466        19567
      7201.2     1.018534     2.879391  -0.08660171     19567.05
      7201.4     1.018375     2.867081  -0.04488516     19567.07
      7201.6     1.018192     2.866219 -0.007503841     19568.84
      7201.8     1.018313     2.873508  0.002850328     19570.33
        7202     1.018576     2.873388   0.01271801      19570.6
      7202.2     1.018789     2.869361   0.01210248     19570.41
      7202.4     1.018997     2.876393   0.01086167     19571.13
      7202.6     1.018813      2.88319  0.005971057     19572.23
      7202.8     1.018691     2.882077 -0.007345795     19574.75
        7203     1.019015     2.874138 -0.008369774     19577.41
      7203.2     1.019225     2.870517 -0.005301428     19576.97
      7203.4     1.019404     2.876495 -0.007989517     19577.43
      7203.6     1.019735     2.877836  -0.02991631     19578.84
      7203.8     1.019864     2.867746  -0.04750656     19576.93
        7204     1.019726     2.846584  -0.03283713        19576
      7204.2     1.019755     2.838489  -0.01392849     19577.01
      7204.4     1.019886     2.851566 -0.006276532     19578.19
      7204.6     1.019825     2.856603  -0.01682161     19579.29
      7204.8     1.019533     2.841562  -0.03632026     19578.12
        7205     1.019376     2.825032  -0.05797824     19579.24
      7205.2     1.019504      2.82251  -0.06803017     19581.26
      7205.4     1.019574     2.810221  -0.05750201     19581.01
      7205.6     1.019644     2.787138  -0.05683672     19581.68
      7205.8     1.019618      2.77903  -0.04950179     19582.34
        7206     1.019556     2.777041  -0.02386724     19581.47
      7206.2     1.019423     2.770619  0.002119334     19582.12
      7206.4     1.019232     2.768045   0.02050467     19583.77
      7206.6     1.019032     2.780726   0.01857781     19583.67
      7206.8     1.018919     2.793444   0.01649946      19583.9
        7207     1.018934     2.785482   0.02118069     19584.55
      7207.2       1.0191     2.781244   0.02155894     19584.94
      7207.4      1.01957     2.797671   0.02414156     19587.41
      7207.6     1.020008     2.810692   0.01859742     19589.19
      7207.8     1.020141     2.804795   0.01364393     19590.31
        7208     1.020197     2.796122   0.02461645     19591.75
      7208.2     1.020228     2.808586   0.03141054     19592.76
      7208.4     1.020194     2.830385   0.01656524     19594.77
      7208.6      1.01979     2.829923 -0.007071014      19595.9
      7208.8     1.019211     2.809374  -0.02032155     19597.58
        7209     1.019235     2.802929  -0.02342794     19597.49
      7209.2     1.019682     2.814128  -0.01739718     19595.75
      7209.4     1.019817     2.811181 -0.003649145     19595.49
      7209.6     1.019706     2.795457 -0.004976936     19596.12
      7209.8     1.019866      2.80001  -0.02268968     19596.82
        7210     1.020261     2.810146 0.0007013334     19599.08
      7210.2     1.020242     2.793029   0.03716387     19600.25
      7210.4     1.019746     2.796018    0.0187814     19599.94
      7210.6     1.019338     2.829741   0.02328217     19600.26
      7210.8     1.019187     2.825171   0.02344992     19600.03
        7211     1.019146     2.811655 -0.005543253     19600.75
      7211.2     1.018884     2.814778   0.04100409     19602.63
      7211.4     1.018454     2.825306   0.09034691     19604.37
      7211.6      1.01807     2.857974   0.08234231     19605.38
      7211.8     1.017808     2.883932   0.07899124     19604.69
        7212     1.017781     2.880651   0.06335612     19605.25
      7212.2     1.017831     2.888499   0.04358902      19608.9
      7212.4     1.017632     2.908659   0.05825238     19611.07
      7212.6     1.017195     2.918804   0.03147935     19610.65
      7212.8     1.016821     2.927253 -0.004952614     19610.59
        7213     1.016494     2.913683  0.009608234     19610.93
      7213.2     1.016465     2.904697   0.01243026     19610.93
      7213.4     1.016696      2.92649   0.02249118     19610.74
      7213.6     1.016527     2.937197   0.05790994     19611.22
      7213.8      1.01621     2.931675   0.05215229     19612.17
        7214     1.015821     2.951025   0.03296857     19614.47
      7214.2      1.01515     2.968212   0.02296839     19616.68
      7214.4      1.01469     2.963572 -0.008956454      19616.4
      7214.6     1.014243      2.95005  0.004596409     19615.45
      7214.8     1.013804      2.94386   0.03156962     19616.04
        7215     1.013531     2.971889   0.02912277     19616.48
      7215.2      1.01339     2.988828   0.02778037     19616.33
      7215.4     1.013493     2.973348 -0.004396594     19618.12
      7215.6      1.01314     2.966084  -0.01806461     19618.78
      7215.8      1.01238     2.968372   0.04154353     19618.23
        7216     1.011903     2.974376    0.1144077     19619.08
      7216.2     1.011627     3.006583    0.1595329      19618.9
      7216.4     1.011607      3.05761    0.1817611     19618.68
      7216.6     1.011671     3.095998    0.1524611     19618.82
      7216.8     1.011761     3.119785   0.09356031     19619.32
        7217     1.011803     3.128552   0.06117999      19619.9
      7217.2     1.011498     3.132459    0.0326555     19619.35
      7217.4      1.01094     3.144942 -0.0008688744     19620.75
      7217.6     1.010414      3.14591   -0.0177739     19622.49
      7217.8     1.010233     3.127857  -0.01559241     19623.55
        7218     1.010126      3.11824 -0.009868025     19625.02
      7218.2     1.009719     3.132468 -0.004990832     19626.75
      7218.4     1.009266     3.138015  0.008690915     19627.26
      7218.6     1.008848     3.123864   0.01229022     19626.67
      7218.8     1.008553     3.125192  -0.01045627     19627.93
        7219     1.008484       3.1423  -0.02265905     19629.26
      7219.2     1.008578      3.12965 -0.008504418     19629.27
      7219.4     1.008811     3.105737  -0.01373515     19629.15
      7219.6     1.008981     3.118389  0.008805675     19630.76
      7219.8     1.008676     3.131312   0.06902132      19632.9
        7220     1.008213     3.136695   0.03071009     19634.26
      7220.2     1.007973     3.160954  -0.02237631     19635.08
      7220.4     1.007547     3.142957  0.007682763     19634.06
      7220.6      1.00693     3.113411  -0.01491684     19633.43
      7220.8     1.006742     3.142841  -0.02633161     19635.61
        7221     1.006511     3.149021  0.002102761     19637.74
      7221.2     1.006011     3.121892   -0.0420638     19638.08
      7221.4     1.006163     3.115094  -0.05607423     19639.09
      7221.6     1.006371      3.10919   0.01101773     19640.89
      7221.8     1.006268     3.104161   0.04697127      19642.7
        7222     1.006062     3.130706   0.03151675     19643.57
      7222.2     1.005965     3.152671   0.02790714      19644.5
      7222.4     1.005885     3.134403   0.01237241     19645.47
      7222.6     1.005549     3.126487  -0.01606535     19643.77
      7222.8     1.005326     3.140604 -0.005585082     19644.21
        7223     1.005175     3.139818   0.01730998     19647.07
      7223.2     1.004949     3.129935  0.003088479     19647.58
      7223.4     1.004814     3.140335  -0.01527921     19646.66
      7223.6      1.00465     3.143074 -0.005818254     19646.89
      7223.8     1.004533     3.127595  -0.02326316     19647.42
        7224     1.004634     3.125281  -0.03861712     19649.48
      7224.2      1.00451     3.121724  -0.03744643     19651.87
      7224.4     1.004067     3.112181  -0.06131546     19651.48
      7224.6     1.003793     3.097638  -0.06400976      19651.4
      7224.8     1.003507     3.076228  -0.06769519     19653.69
        7225      1.00317     3.070517  -0.07156019     19656.27
      7225.2     1.002943     3.058025  -0.04151303     19656.24
      7225.4     1.002851      3.04039  -0.02456823     19655.95
      7225.6     1.002925     3.043018  -0.03901532     19655.66
      7225.8     1.002708     3.050862  -0.04851047     19654.77
        7226     1.002417     3.026812  -0.05754705     19655.21
      7226.2     1.002127     3.001581   -0.0770934     19654.99
      7226.4     1.001942      2.99698   -0.0347869     19654.67
      7226.6     1.001593     2.989187  0.003577752     19653.59
      7226.8     1.001019     2.998983 -0.001815296      19654.7
        7227     1.000781     3.004443 -0.008331395     19658.05
      7227.2      1.00091     2.995528  -0.02657722     19660.23
      7227.4     1.000808     2.982522  -0.03955482     19662.82
      7227.6     1.000446     2.977721  -0.04389124     19663.62
      7227.8     1.000175       2.9728  -0.03008682     19663.46
        7228    0.9999256     2.960415  -0.04442132      19665.6
      7228.2    0.9994454     2.958453  -0.05607815     19666.95
      7228.4    0.9987842     2.942184  -0.02400517     19667.09
      7228.6     0.998505     2.927937   0.01259925     19667.61
      7228.8    0.9986797     2.941211   0.04475482     19669.52
        7229    0.9987252     2.968532   0.02849602     19670.93
      7229.2    0.9982749     2.977988  -0.01722376     19671.37
      7229.4    0.9975722     2.950734  -0.07311593     19671.29
      7229.6    0.9968249     2.927432  -0.08647512     19670.54
      7229.8    0.9962465     2.910039   -0.0550414     19671.75
        7230    0.9962523     2.908808  -0.03690204     19673.85
      7230.2    0.9958329     2.906701  -0.03245065     19673.37
      7230.4    0.9953888      2.89791  -0.04206371     19672.49
      7230.6    0.9951566     2.884079  -0.03211811     19672.22
      7230.8    0.9948315     2.875157  -0.03057011     19672.49
        7231    0.9949951     2.881006  -0.04636937      19673.4
      7231.2    0.9953577     2.873454  -0.04975343     19674.47
      7231.4    0.9953266     2.846983    -0.054473      19675.7
      7231.6    0.9953047     2.835354  -0.03913724     19675.86
      7231.8    0.9950407     2.837428 -0.005891049     19675.38
        7232    0.9942713     2.842144  0.002776914     19674.76
      7232.2    0.9937439     2.842271  -0.01148225     19674.44
      7232.4    0.9937237     2.837576  -0.03711217     19676.13
      7232.6    0.9935549     2.828242  -0.03548665     19677.03
      7232.8    0.9930334     2.812455  -0.03546222     19677.23
        7233    0.9926108     2.813881   -0.0440976     19679.62
      7233.2    0.9922675     2.809206  -0.03090545     19681.63
      7233.4    0.9920852     2.792964  -0.04454242     19680.82
      7233.6    0.9922371      2.78773  -0.05835526     19681.12
      7233.8    0.9924492     2.778247  -0.03021293      19682.9
        7234    0.9922743     2.762522 -0.008384127     19683.41
      7234.2    0.9919644     2.768794 -0.001435204     19683.38
      7234.4    0.9917065     2.781023 -0.006575583     19682.84
      7234.6    0.9913664     2.777099  -0.03711064     19682.93
      7234.8    0.9911631     2.757261  -0.04391211     19684.97
        7235    0.9913148     2.739105  -0.01718438     19686.89
      7235.2    0.9915054     2.745893  0.004344638     19686.94
      7235.4    0.9914307     2.763352   0.01165856     19684.83
      7235.6    0.9912033     2.760737   0.01225203     19683.24
      7235.8      0.99112     2.748432 -0.004192096     19683.57
        7236    0.9910865     2.755695 -0.005412462      19684.2
      7236.2    0.9909681     2.759998   0.02667589     19686.45
      7236.4    0.9907249     2.756407   0.01950128     19687.91
      7236.6    0.9904523     2.769773  -0.00607384     19687.42
      7236.8    0.9904562     2.771296  -0.01788218     19687.42
        7237    0.9904583     2.755139  -0.02967518      19687.9
      7237.2    0.9905876     2.742101  -0.02396666     19688.15
      7237.4    0.9906704     2.746033  -0.00362497     19688.37
      7237.6    0.9905957     2.752123  0.008671056     19690.69
      7237.8    0.9908384     2.752239   0.01778443     19692.93
        7238    0.9911697     2.749038   0.02677225     19694.95
      7238.2    0.9910489      2.76026    0.0135862     19697.21
      7238.4    0.9909072      2.77354   -0.0316082     19697.42
      7238.6    0.9909317     2.763108  -0.07165174     19695.73
      7238.8     0.990855     2.723751  -0.07517212     19695.92
        7239    0.9907941     2.702939  -0.05667731     19696.24
      7239.2    0.9910309     2.713403 -0.007692672     19695.74
      7239.4    0.9913754     2.717766   0.01757783     19697.37
      7239.6    0.9915761     2.717597   0.01934442     19699.68
      7239.8    0.9917937     2.717001   0.04385288     19701.36
        7240      0.99165     2.728878   0.04672266     19701.22
      7240.2    0.9912793     2.752848  0.008002939     19700.22
      7240.4    0.9913659     2.754975  -0.04035637     19701.36
      7240.6    0.9917797     2.723403  -0.06915556     19703.97
      7240.8    0.9922539     2.696593  -0.05004604     19704.82
        7241     0.992605     2.697524   0.01422542     19704.13
      7241.2    0.9927669     2.714939   0.06159274     19704.77
      7241.4    0.9927943     2.734784   0.05157081     19705.46
      7241.6    0.9928449     2.745867   0.02373423      19705.4
      7241.8    0.9929337      2.73878  0.007989306      19706.7
        7242    0.9930349     2.733926   0.01703769     19708.97
      7242.2    0.9930429     2.741175   0.04345153     19710.41
      7242.4    0.9929871     2.759497   0.03375035     19709.63
      7242.6    0.9933026     2.773542   0.01699847     19709.84
      7242.8    0.9936837     2.760926   0.02479566     19711.45
        7243    0.9936416     2.754774 -0.0008379489      19711.1
      7243.2    0.9937353     2.779334  -0.05064802     19711.35
      7243.4    0.9939529     2.772871  -0.06935147     19712.96
      7243.6    0.9939086     2.720408  -0.07253379     19712.73
      7243.8    0.9936492     2.699293  -0.04818909     19711.23
        7244    0.9936713     2.721307    0.0138685     19711.67
      7244.2    0.9939857      2.73432   0.04737307      19712.1
      7244.4    0.9940544     2.731503   0.02850413     19713.49
      7244.6    0.9943087     2.737191   0.02529068     19715.29
      7244.8    0.9947883      2.74411   0.04056246     19714.92
        7245    0.9955607     2.754553   0.04455526     19715.25
      7245.2    0.9962254     2.763953   0.05309617     19716.72
      7245.4    0.9963472     2.772835   0.05455773     19718.53
      7245.6    0.9961093     2.786587    0.0406295     19719.29
      7245.8    0.9960663     2.798199   0.02895418     19718.47
        7246    0.9963138     2.796456   0.01928713     19717.91
      7246.2    0.9966295     2.795999  -0.03647388     19718.35
      7246.4    0.9970142     2.802017  -0.09491058     19718.17
      7246.6    0.9972754      2.76902   -0.1087432     19718.92
      7246.8    0.9972293     2.720528   -0.1118319      19721.9
        7247    0.9974878     2.709004   -0.0684005     19724.43
      7247.2     0.998003     2.712551 -0.001630384     19725.28
      7247.4    0.9983095     2.714299   0.02760898      19725.8
      7247.6    0.9986731     2.719223   0.03494581     19728.48
      7247.8    0.9987171     2.731091   0.06061945     19729.38
        7248    0.9987359     2.740508   0.07434898     19729.08
      7248.2    0.9988919     2.762795   0.07211577     19729.19
      7248.4    0.9989339     2.778703   0.07414925     19728.41
      7248.6    0.9992269     2.788784   0.06232475     19729.58
      7248.8    0.9997091     2.799827   0.07266302     19731.07
        7249      0.99993     2.812655   0.08348494     19731.51
      7249.2     1.000127     2.836833   0.02733663     19731.81
      7249.4       1.0002     2.855572  -0.05885306     19732.52
      7249.6    0.9999102     2.821697   -0.1047054      19734.6
      7249.8    0.9998991     2.765572   -0.1174006     19736.31
        7250     1.000132     2.753069  -0.06432816     19736.05
        7252      1.00237     2.737549  0.008706938     19739.15
        7254     1.004563     2.733438  0.001560262     19747.98
        7256     1.006688     2.767988  0.003114575     19751.82
        7258     1.009654     2.748242  0.005587872     19761.89
        7260     1.012175     2.762465  0.004967091     19767.78
        7262     1.014323     2.778141  0.004773874      19776.7
        7264      1.01652     2.807724   0.00347797     19782.87
        7266     1.017973     2.786433  0.005475913     19788.64
        7268     1.018192     2.790289   0.00673165     19795.24
        7270     1.019024     2.821948  0.005789098     19806.01
        7272     1.018997     2.861578  0.006939373     19807.86
        7274     1.018735     2.832746  0.005008816     19818.94
        7276     1.018139     2.845804 -0.0002564689     19824.78
        7278     1.017528     2.862019  0.002836894     19832.03
        7280     1.017797     2.859526  0.006773296     19839.63
        7282     1.015802     2.855441  0.005914223     19844.36
        7284     1.013545      2.89999  0.004220084     19851.85
        7286     1.011966     2.909332  0.002244108      19859.8
        7288     1.010432     2.893287 -0.005580457     19866.07
        7290     1.009762     2.873394 -0.009068619     19874.22
        7292      1.00799     2.855347  -0.01002495     19880.33
        7294      1.00639     2.836783  -0.01456083     19888.52
        7296     1.005406     2.813087  -0.01582467     19893.25
        7298     1.004768     2.756907   -0.0147817     19898.04
        7300     1.004708     2.728749  -0.01671012     19906.07
        7302     1.003966      2.71853  -0.01119018     19911.07
        7304     1.003004     2.679406 -0.006886179     19916.83
        7306     1.003308     2.667386 -0.007600131     19924.36
        7308     1.002839      2.67366 -0.005718267      19928.7
        7310     1.002518     2.657729 -0.001670971      19933.5
        7312     1.002044      2.63366 -0.002139201     19939.29
        7314     1.001744     2.654018 -0.006231246     19949.51
        7316     1.002365     2.656546 -0.001954145     19961.85
        7318     1.002182     2.607879 0.0006727134     19964.89
        7320     1.001588     2.618027 -0.005436607     19970.22
        7322      1.00153       2.6594  0.008607257     19977.38
        7324     1.001021     2.613053  0.003107018     19983.71
        7326     1.001026     2.676737 -0.002419663      19990.4
        7328     1.000918     2.642883 -0.001438922        19996
        7330     1.001686     2.640042 -0.008725573     20006.28
        7332     1.001269     2.601542 -0.001077635     20008.42
        7334    0.9998952     2.606932 -0.002798253     20014.25
        7336     1.000142     2.634262 -0.0004966746     20017.57
        7338     1.000193     2.617656 -0.0002159039     20026.95
        7340     1.000335     2.597569 -0.002486211     20030.03
        7342     1.000223     2.605205 0.0007990923     20038.86
        7344     1.000007     2.614372  0.006037882     20045.26
        7346    0.9999403     2.624049  0.007749592     20051.16
        7348     1.000535     2.645872  0.003613044     20055.28
        7350     1.000084     2.667202  0.004509679     20060.71
        7352     1.000172     2.643276  0.006320602     20067.81
        7354     1.000261     2.660126  0.002128852     20076.32
        7356    0.9998669     2.696437  0.004600758     20077.45
        7358     1.000658     2.684233  0.009325193     20086.63
        7360     1.000591     2.680083  0.002946992     20094.67
        7362     1.000231     2.734728  0.002524665     20101.17
        7364     1.000257     2.720012  0.004456384     20107.89
        7366     1.000751      2.70443 -0.006747622     20113.51
        7368     1.000794     2.715734 -0.003036459     20117.09
        7370     1.000386     2.680747 -0.002509728     20121.77
        7372     1.000884     2.695721 -0.007338167     20129.53
        7374     1.000128     2.684352 -0.007858532     20131.16
        7376     1.000404     2.657028  -0.01699768     20140.33
        7378     1.000139     2.617879  -0.01631033     20146.25
        7380    0.9996638     2.559739  -0.01486474      20151.4
        7382     1.000143     2.553869   -0.0129917     20157.53
        7384    0.9996948      2.53811 -0.005833088     20161.15
        7386    0.9991819     2.513945 -0.006717025     20170.65
        7388    0.9985476     2.513075  -0.00311842     20177.52
        7390    0.9980052     2.500133 -0.001491868     20180.41
        7392    0.9986702     2.513163 -0.0004903486     20184.17
        7394    0.9979763      2.50201  0.001269967     20189.41
        7396    0.9982471     2.509152 0.0003333077     20200.82
        7398    0.9973709     2.510293 -0.0002867325      20205.1
        7400    0.9973768     2.515829  3.38555e-05     20212.23
        7402    0.9977767     2.499716 0.0007444195     20220.44
        7404     0.997061     2.509423 -0.002015294     20221.36
        7406    0.9970034     2.516248 -0.003185242     20229.36
        7408    0.9970647     2.499707 -0.002749442     20233.03
        7410    0.9966256     2.474234 -0.001300732      20239.5
        7412    0.9969136     2.487427 -0.002280886     20246.94
        7414    0.9964852     2.505843 0.0004743216     20253.28
        7416    0.9962395      2.48146 -0.003831615     20257.83
        7418    0.9957357     2.478029 -0.0008689314     20261.49
        7420    0.9953818     2.456774 -0.003836419     20269.68
        7422    0.9955438     2.498891 -0.005125371     20271.87
        7424    0.9949558     2.450769  0.001257239     20280.03
        7426    0.9953962     2.437026 -0.006664985     20283.95
        7428    0.9960715     2.466832 -0.002562187     20291.26
        7430    0.9953726     2.445571  0.001187581     20297.37
        7432    0.9952013     2.430271 -0.001326552     20301.62
        7434    0.9945786     2.446527 0.0004142798     20308.93
        7436    0.9943656      2.45622  0.003905996     20312.02
        7438    0.9943129     2.448885  0.002907484     20322.39
        7440    0.9953442     2.461519  0.002498151     20327.43
        7442    0.9952347     2.469787  0.002397415      20336.7
        7444    0.9950021     2.476205  0.003276513     20340.36
        7446    0.9948107     2.468065  0.003139359     20343.46
        7448    0.9953516     2.487731 -0.0007236991     20347.87
        7450    0.9955435     2.494901  0.000604724     20356.03
        7452    0.9954669     2.470415 -0.001143916     20361.05
        7454    0.9954432     2.472903 -0.002054584     20363.85
        7456    0.9952602      2.47858 -0.001352799     20370.41
        7458    0.9952882     2.478465 -0.001768453     20372.35
        7460    0.9953228     2.459593 -0.002608482     20379.87
        7462    0.9954458     2.458755 -0.004580319     20386.68
        7464     0.995627     2.457712 -0.002344621     20391.37
        7466    0.9945471     2.441822 -0.003106385     20395.26
        7468    0.9950414     2.440836 -0.004714866     20403.89
        7470    0.9953831     2.433904 -0.004327598     20408.61
        7472    0.9952589     2.419993 -0.005546628     20411.19
        7474    0.9952035     2.407201 -0.006989318     20418.99
        7476    0.9953184     2.396463 -0.005430493     20423.96
        7478    0.9950844     2.377989 -0.004519767     20429.91
        7480    0.9948294     2.376549 -0.004554415     20433.17
        7482    0.9951211     2.371043 -0.0009948999     20442.99
        7484    0.9953398     2.360028 -0.004150166     20445.85
        7486    0.9955859      2.37003 -0.005206165     20449.32
        7488    0.9958189     2.343348 -0.003766992     20456.87
        7490    0.9956327     2.329394   -0.0042675     20462.55
        7492    0.9953126     2.329892 -0.002318188     20465.83
        7494    0.9953717      2.33589 -0.001912886     20473.46
        7496    0.9955312     2.324802 -0.001388591     20478.88
        7498    0.9953694     2.314091 -0.001131963     20480.87
        7500    0.9951876     2.318783 -0.000766015     20486.95
        7502     0.995575     2.326834 -0.0005912899      20495.2
        7504    0.9957715     2.318674 0.0007846773     20500.03
        7506    0.9948942     2.309361 -0.0003395495     20504.64
        7508    0.9946031      2.32506 -0.0009087057     20508.93
        7510    0.9950425     2.324118 -0.0002008043     20510.94
        7512    0.9945155     2.311405 -0.002895786     20516.84
        7514    0.9945872     2.307754 -0.001989108     20523.39
        7516    0.9941922     2.301894 -0.001643576      20523.3
        7518    0.9952218     2.308205 -0.0006039583     20511.35
        7520    0.9942236     2.298256  0.001866637     20494.81
        7522    0.9934883     2.302922 -0.0001032432     20491.98
        7524    0.9943541     2.316827  0.000151961      20423.5
        7526    0.9964318     2.307379 -0.0003930969     20108.92
        7528    0.9924229     2.299472 -0.002419031     20297.47
        7530    0.9948091     2.299778  -0.00212868      20166.1
        7532     0.992886     2.297475 -0.002200563     20382.84
        7534    0.9945313      2.29035 -0.0008625897     20553.06
        7536    0.9937687     2.281867 -0.003231185     20540.37
        7538    0.9938489     2.292877  -0.00338848     20548.58
        7540    0.9939701     2.271625 -0.001210271     20572.41
        7542    0.9944763     2.263242 -0.003152053     20588.91
        7544    0.9940545     2.272185 -0.0009599964      20594.3
        7546    0.9936292     2.267661 -0.001540607     20599.24
        7548    0.9939227     2.263946 -0.002467033     20606.71
        7550    0.9946403     2.250917 -0.000771766      20607.2
        7552    0.9952348     2.252449 -0.0006466276     20614.78
        7554    0.9947845     2.261486   0.00058319     20617.89
        7556    0.9946305     2.258773 0.0006512513     20621.01
        7558    0.9946039     2.255583 -0.0005867486     20626.12
        7560    0.9949278     2.257659 -0.0008908798     20633.48
        7562    0.9952699     2.256792 0.0004108903     20637.81
        7564    0.9954334     2.251645 -0.0005202019     20642.42
        7566    0.9953612      2.25887 -0.002135469     20648.23
        7568    0.9953029     2.253497 -0.001708937     20649.45
        7570    0.9957184     2.239709 -0.003056148      20656.7
        7572    0.9961288     2.237974 -0.002633351      20662.5
        7574     0.995937     2.234421 -0.002256716     20664.88
        7576    0.9953722      2.23243 -0.002807355      20668.8
        7578    0.9962624     2.221655 -0.002908025     20672.71
        7580    0.9962403     2.215515 -0.003206637     20676.89
        7582    0.9965702     2.211156 -0.002929323     20682.64
        7584    0.9962109     2.206777 -0.003758992     20683.68
        7586     0.996682      2.19822 -0.003318942     20688.34
        7588    0.9964977     2.185443 -0.002030415     20688.82
        7590     0.996539     2.184605 -0.001947389     20693.59
        7592    0.9954454     2.190534 -0.000344776     20695.67
        7594    0.9960092     2.182641 -0.001354053     20697.32
        7596     0.996344     2.182685 -0.003520478      20702.2
        7598    0.9964087     2.173772  -0.00201972     20705.73
        7600    0.9963263      2.16237 -0.001012582     20709.87
        7602    0.9961429     2.166483 -0.0001022126     20714.82
        7604    0.9959075     2.174584 0.0009475683     20714.41
        7606    0.9960142     2.172955 -0.0001327149     20722.24
        7608    0.9960315     2.169951 -0.003969084     20724.01
        7610    0.9963979     2.165422 -0.004073066     20729.17
        7612     0.996328     2.142832 -0.002188062     20732.96
        7614     0.996549      2.14037 -0.003284633        20735
        7616    0.9957612     2.152446 -0.0008298254     20738.91
        7618    0.9955027     2.139145 -0.001077978      20745.4
        7620    0.9952748     2.136193 -0.003196049     20746.79
        7622    0.9953138     2.131746 -0.002546126     20754.32
        7624    0.9955834     2.126878 -0.001655975     20760.03
        7626    0.9955695     2.118776 -0.002136982     20764.03
        7628    0.9958072     2.122945 -0.001904816     20766.68
        7630    0.9956226      2.11465 -0.000948847     20771.22
        7632     0.995968     2.111639 -0.001517892     20779.37
        7634    0.9956916     2.111185 -0.0004276154     20779.01
        7636    0.9959448     2.110802 -0.001019282     20783.76
        7638    0.9957164      2.11123 -0.001742703     20785.35
        7640    0.9954003     2.103485 -0.002326545     20789.36
        7642    0.9962174     2.097243 -0.002647705     20790.81
        7644    0.9964257      2.09219 -0.001559985     20800.01
        7646    0.9966953     2.090048 -0.0006247645     20804.65
        7648    0.9964412     2.091005 -0.001202223     20806.28
        7650    0.9963807     2.092245 -0.001466719     20810.26
        7652      0.99623     2.082572 -0.002079576     20815.53
        7654    0.9964209     2.078314 -0.002668434     20817.73
        7656    0.9967295     2.074368 -0.001383419     20824.85
        7658    0.9968712     2.070898 -0.001479174     20826.83
        7660    0.9970462     2.071505  -0.00145053      20834.3
        7662    0.9972644     2.066481 -0.0006662871     20839.82
        7664     0.997105     2.062764 -0.001008685     20840.51
        7666    0.9970881     2.065567 -0.0003449386     20845.83
        7668    0.9975613     2.063435 -0.0006259812     20851.61
        7670    0.9980862     2.063721 -0.001483525     20854.18
        7672    0.9976011     2.057756 -0.0006867371     20855.86
        7674    0.9981757     2.053699 -0.0004572239     20860.33
        7676     0.998341     2.057941 -0.0008042739     20864.68
        7678    0.9985163     2.060063 -0.0009380728     20867.52
        7680      0.99834     2.051322 -0.002824257     20871.77
        7682     0.998761     2.046195 -0.002340113     20877.92
        7684     0.998338     2.035347 -0.0008672456      20879.1
        7686    0.9978862     2.041343 -0.002357855     20883.62
        7688    0.9984975     2.044384 -0.001508861     20885.57
        7690    0.9987372     2.027332 -0.002045264     20891.16
        7692    0.9985526     2.023276 -0.002675548     20895.93
        7694    0.9989121      2.02498 -0.0009542529     20899.98
        7696    0.9987121      2.02298  -0.00037611     20905.59
        7698    0.9991036     2.019698 -0.001357259     20905.34
        7700    0.9988618     2.020267 -0.002442298     20908.25
        7702    0.9990064     2.014122 -0.002046167      20914.6
        7704    0.9986863     2.003441 -0.002153887     20916.87
        7706    0.9991556     2.003328 -0.001125391     20919.75
        7708    0.9992416     2.003036 -0.0005810068      20920.5
        7710    0.9992618     2.005119 -0.0003016192     20922.87
        7712    0.9992746     1.998793 -0.0005769466     20929.58
        7714    0.9995409     2.000915 -0.001059334     20933.93
        7716    0.9996405     1.998421 -0.001421902     20936.83
        7718    0.9996997     1.996645 -0.002844347     20940.25
        7720     1.000057     1.987418 -0.0009744975     20944.44
        7722     1.000048     1.978161 -0.0006771735     20949.06
        7724    0.9999316     1.990625 -0.0009050062     20949.34
        7726     1.000768     1.991227 -0.0005533739     20956.43
        7728    0.9999844     1.980178 -0.0009572745     20956.39
        7730     1.000154     1.973734 -0.001443762     20961.73
        7732    0.9997511     1.982967  0.000130784     20965.99
        7734    0.9999949     1.979677  0.000221796     20967.91
        7736     1.000153     1.981224 -0.001330627     20971.65
        7738     1.000191     1.975508 -0.002271323     20975.35
        7740     1.000437     1.972322 -0.001899747     20979.82
        7742      1.00035     1.961506 -0.001678387     20978.95
        7744     1.000144     1.966026 -0.002649032     20980.91
        7746      1.00043     1.962081 -0.0004617901     20986.64
        7748     1.000499     1.951129 -0.001757488     20992.05
        7750     1.000601     1.957812 -0.001816263     20993.85
        7752     1.000795     1.951966 -0.001224212     20999.71
        7754     1.000429     1.947551  -0.00122899     20998.78
        7756     1.000805     1.941336 -0.001277813     21002.91
        7758     1.001028      1.94798 -0.001346624     21006.38
        7760     1.001077     1.941744 -0.001727554     21010.39
        7762     1.001053     1.936778  -0.00316695     21016.82
        7764     1.000627     1.927515 -0.002141136     21018.84
        7766     1.001127     1.922645 -0.002678077     21020.37
        7768     1.001632     1.924615 -0.001923957      21021.7
        7770     1.001019     1.915353 -0.001135952     21024.55
        7772     1.001086     1.912124 -0.001649227     21025.34
        7774     1.001605     1.913557 -0.0008330269     21029.44
        7776     1.001455     1.911421 -0.001180962     21026.02
        7778     1.001708     1.908689 -0.001655599     21021.58
        7780     1.001314     1.902676 -0.0009504336     21011.62
        7782     1.001686     1.900312 -0.001643515     20984.08
        7784     1.002893     1.903818  -0.00111928     20771.64
        7786     1.005683     1.895541 -0.002575059     19998.22
        7788     1.000982     1.893722 -0.001639259     20098.55
        7790    0.9988676     1.879712 -0.001456952      20289.1
        7792     1.001734     1.890704 -0.001479724     21038.39
        7794     1.002014     1.883885 0.0001046501     21070.15
        7796     1.001919     1.881884 -0.001739127     21076.07
        7798     1.002214     1.880549 -0.001719344     21084.09
        7800     1.002184     1.876791 -0.0007575051     21089.78
        7802     1.002381     1.870131 -0.0006093188     21091.46
        7804     1.002698     1.875824 -0.0006238461     21097.47
        7806     1.003155     1.875674 -0.0005901757     21102.04
        7808     1.002819       1.8718 -0.001413275      21103.2
        7810     1.002749     1.865409 -0.002099469     21107.59
        7812     1.003073     1.864518  -0.00199412     21106.53
        7814      1.00279     1.858879 -0.002467307     21106.99
        7816      1.00332     1.855847 -0.002023117     21107.46
        7818     1.003051     1.845671 -0.001512533     21114.42
        7820     1.003089     1.848333 -0.001175494     21113.24
        7822     1.003058     1.846778 -0.001098643     21115.04
        7824      1.00342     1.846443 -0.001542572      21118.7
        7826      1.00351     1.836882 -0.0006957591     21122.56
        7828     1.003709     1.835992 -0.001288834     21128.97
        7830     1.003894     1.841212 -0.001133063     21135.32
        7832     1.003793     1.836132 -0.001197831     21132.09
        7834     1.004065     1.827817 -0.002274938     21133.46
        7836     1.004046     1.826409 -0.001599902     21139.75
        7838     1.003748     1.823013 -0.0004777385     21145.73
        7840     1.004648     1.823333 -0.001644322     21146.99
        7842     1.003924     1.823995 -0.002073977     21146.14
        7844     1.003703     1.813255 -0.001453018     21151.28
        7846     1.004313     1.806421 -0.001529455     21154.11
        7848     1.004261     1.811709  -0.00127441     21158.19
        7850     1.003888     1.811759  -0.00113727     21161.67
        7852     1.003599      1.80306 -0.001830612     21162.46
        7854     1.003652     1.797323 -0.002326607     21165.99
        7856     1.003176     1.797064  -0.00234222     21163.94
        7858     1.003648     1.793147 -0.001179132      21167.5
        7860     1.004161     1.784322 -0.001827532     21173.44
        7862     1.003576      1.78789 -0.001308364     21173.86
        7864     1.003824     1.782444 -0.0008619387      21181.3
        7866     1.004005      1.78268  -0.00137569     21182.95
        7868     1.003811     1.777426 -0.000564158     21185.05
        7870     1.003913     1.776884  -0.00186369     21190.74
        7872     1.003947      1.77793 -0.001313059     21189.48
        7874     1.003701      1.76777 -0.001237688     21196.09
        7876     1.003795     1.766922 -0.001948022     21197.41
        7878     1.004215     1.766983 -0.0005605299     21202.28
        7880     1.003612     1.762346 -0.001488141     21203.87
        7882     1.003576     1.763286 -0.001801412     21206.84
        7884     1.003681     1.755017 -0.001363036      21210.6
        7886     1.003353     1.752571 -0.001990567     21210.01
        7888     1.004149     1.751442 -0.001490158     21218.92
        7890        1.004     1.747361 -0.001864398     21221.13
        7892     1.003616     1.743095 -0.002353806     21218.21
        7894      1.00365     1.737656  -0.00196355     21222.61
        7896     1.003368     1.732611 -0.001674416     21229.47
        7898     1.003972     1.731653 -0.001116497     21231.46
        7900     1.003866       1.7297 -0.001101431     21232.92
        7902     1.004092     1.728724 -0.001029476     21238.43
        7904     1.004318       1.7238  -0.00169989     21243.05
        7906     1.004042     1.723417 -0.002119249     21244.35
        7908     1.004113     1.716101 -0.001475776     21249.97
        7910     1.004521      1.71177 -0.002009549     21251.28
        7912      1.00412     1.711994 -0.001028011     21251.84
        7914     1.004694     1.707341 -0.0008890612      21207.6
        7916     1.005573     1.707877 -0.001400725     20932.95
        7918     1.004894     1.704658 -0.0009559867     20582.13
        7920     1.004432     1.700788  -0.00185941     20962.04
        7922     1.005115     1.699693 -0.001383807     21197.49
        7924     1.005298     1.693002 -0.001429242     21229.62
        7926     1.004842     1.693587  -0.00200952     21242.08
        7928     1.004898     1.689354 -0.001141497     21249.44
        7930     1.004737     1.683617 -0.001717441     21257.36
        7932     1.004791      1.68387 -0.001680077     21259.58
        7934     1.005079     1.679848 -0.0009477853     21265.51
        7936     1.005456     1.675913 -0.001455838     21268.62
        7938     1.005151     1.676034 -0.0006604488      21265.8
        7940     1.005133     1.672223 -0.0008644054     21273.83
        7942     1.004691     1.674564 -0.001370914     21273.35
        7944     1.005159     1.668998 -0.0008558871     21280.53
        7946     1.004901     1.665067 -0.001656756     21280.07
        7948     1.005205     1.665376  -0.00107158     21283.85
        7950     1.005208      1.66131 -0.0006563061     21289.27
        7952     1.005396     1.660426  -0.00103922     21287.19
        7954     1.005272     1.659817 -0.0008459547      21289.7
        7956     1.005509     1.657062  -0.00122827     21295.67
        7958     1.005512     1.654543 -0.001360914     21296.74
        7960     1.005294     1.650599 -0.002241355     21296.87
        7962     1.005223     1.648929 -0.001706413     21301.54
        7964     1.005445     1.639131 -0.001399552     21304.12
        7966     1.005452     1.640891 -0.001293645     21309.78
        7968     1.005487     1.639403 -0.0003898733     21308.33
        7970     1.005379      1.63858 -0.001584683     21309.19
        7972     1.005517     1.636012 -0.001067485     21310.51
        7974     1.005257     1.628214 -0.001735211     21318.73
        7976     1.005238     1.630863 -0.001623899     21322.01
        7978     1.005323     1.624699 -0.0005863477     21320.59
        7980     1.004967     1.623021 -0.001062073     21321.74
        7982     1.005233     1.623523 -0.001232206     21325.48
        7984     1.005242     1.622367 -0.0008746999     21329.91
        7986     1.005076     1.614841 -0.001923185      21332.5
        7988     1.004994     1.616023 -0.001639236     21337.87
        7990      1.00503     1.608138 -0.001169403     21335.35
        7992     1.004874     1.609253 -0.001991417     21342.09
        7994     1.005068     1.605486 -0.001063537     21341.43
        7996      1.00501     1.600092 -0.001607724     21339.57
        7998     1.005038     1.599629 -0.001509776      21341.7
        8000     1.004667     1.596391  -0.00134907     21343.96
        8002     1.004671     1.593407 -0.001309593     21347.55
        8004     1.005222       1.5893 -0.001521732     21352.89
        8006     1.004679     1.589152 -0.001433575     21353.36
        8008      1.00433     1.584217 -0.001047009      21353.3
        8010     1.004326     1.581939 -0.001486546      21353.6
        8012     1.004923     1.580923 -0.001255382     21359.33
        8014     1.004592      1.57726 -0.001375994     21362.39
        8016     1.004434     1.574174 -0.001011654      21365.1
        8018       1.0046     1.570931 -0.001433842     21367.37
        8020     1.004322      1.57283 -0.001227082     21367.94
        8022     1.004097     1.565789 -0.001239311     21368.35
        8024     1.004442     1.564357 -0.001682153     21374.41
        8026     1.004405     1.561016 -0.0009309458     21376.77
        8028     1.004463     1.559373 -0.001519318     21379.24
        8030     1.004288     1.558342 -0.001360691     21381.23
        8032     1.004501     1.552203  -0.00171119     21383.57
        8034     1.004655     1.550131 -0.001767087     21383.76
        8036     1.004657     1.545684 -0.0007824952     21388.99
        8038     1.004726     1.544205 -0.0008372089      21389.2
        8040     1.004282     1.545943 -0.0008452555     21389.31
        8042     1.004051     1.543433 -0.001638858     21393.08
        8044      1.00399     1.538921   -0.0019155     21395.62
        8046     1.004281     1.531094 -0.001892201     21393.73
        8048     1.004277     1.530619 -0.001756995     21396.47
        8050     1.004239     1.528296 -0.001084639      21398.7
        8052     1.004247     1.524866 -0.000877662      21400.9
        8054     1.004235     1.522417 -0.001120803      21401.1
        8056     1.004332     1.523597 -0.001274045     21404.75
        8058     1.004106     1.519329 -0.001177699     21403.09
        8060     1.003969     1.514673 -0.001581654     21409.74
        8062     1.004168     1.512996 -0.001371684     21412.91
        8064     1.003703     1.510944 -0.001538184     21416.61
        8066     1.003763     1.508356 -0.001501938      21416.2
        8068     1.003626     1.502368 -0.001405229     21415.55
        8070     1.003213      1.50098 -0.001434281     21415.38
        8072     1.003382     1.499702 -0.0009928885     21417.25
        8074     1.003155     1.496881 -0.0009308854     21421.48
        8076     1.003284     1.494425 -0.001434279      21425.5
        8078      1.00284     1.493533 -0.001750127     21424.12
        8080     1.002671     1.488228 -0.001470821     21423.42
        8082     1.002431      1.48288 -0.001671044     21421.79
        8084     1.002824     1.482658 -0.001462064     21433.11
        8086     1.002007     1.480165 -0.0008402709     21431.12
        8088     1.002429     1.476532 -0.001273695     21430.76
        8090     1.002364     1.476158 -0.0006740833     21433.82
        8092     1.002197     1.472468 -0.0006558549     21429.17
        8094     1.002315     1.474772   -0.0013272     21434.43
        8096     1.001963     1.471285 -0.001198234     21437.95
        8098     1.002238     1.465541 -0.002027602     21438.08
        8100     1.001879     1.462883  -0.00143253      21437.4
        8102     1.001861     1.458551 -0.0008066758     21441.49
        8104     1.001644     1.459825 -0.001426471     21440.66
        8106     1.001788     1.459087 -0.001296052     21441.13
        8108     1.001109     1.451471  -0.00139494     21447.51
        8110     1.001545     1.448183 -0.001996322     21447.84
        8112     1.001174     1.448665 -0.000979348     21448.35
        8114     1.001025     1.443117 -0.001324477      21449.7
        8116     1.001087     1.443636 -0.001553759     21451.76
        8118     1.000365     1.437587 -0.000930188     21453.39
        8120     1.000651     1.436235 -0.001380558     21453.22
        8122     1.000243     1.435675 -0.001020415     21455.47
        8124    0.9998629     1.432592 -0.0009802226     21456.92
        8126    0.9999054     1.429424 -0.001397599     21456.33
        8128    0.9997805     1.428393 -0.0008390756     21460.61
        8130    0.9999491     1.424494 -0.0009535692     21461.17
        8132    0.9997048     1.425879 -0.001162319     21459.32
        8134     0.999865     1.421795 -0.001356378     21462.52
        8136    0.9995526     1.419095 -0.001736511     21464.13
        8138    0.9994274     1.413643 -0.001186333     21465.87
        8140    0.9988912     1.411987 -0.001322713     21465.73
        8142    0.9992065     1.412304 -0.001012066     21463.37
        8144    0.9989202     1.408513 -0.0005726031     21466.23
        8146    0.9989428     1.405547 -0.001416636     21466.74
        8148    0.9989402     1.407406 -0.001156114     21467.28
        8150    0.9989859     1.400971 -0.001209755     21470.14
        8152    0.9988785     1.399264 -0.001761653     21473.53
        8154    0.9983348     1.395869 -0.001496781     21473.08
        8156    0.9983173     1.393313 -0.001350228     21475.37
        8158    0.9979649     1.388997 -0.0007586477     21473.75
        8160    0.9973208     1.388462 -0.0005226519     21470.12
        8162    0.9973878       1.3898 -0.0004334306     21476.15
        8164    0.9973495     1.389132  -0.00115836     21479.29
        8166    0.9970259      1.38553 -0.001624073     21476.88
        8168    0.9972892     1.379195  -0.00145925     21480.17
        8170    0.9971935     1.376807 -0.001861551     21485.16
        8172    0.9968371     1.377458 -0.001510611     21480.79
        8174    0.9968256     1.370637  -0.00132448     21487.15
        8176    0.9962513      1.36711 -0.001601024     21485.56
        8178    0.9964078     1.366211 -0.001140299     21484.84
        8180    0.9963771     1.364649 -0.001270596     21487.67
        8182    0.9959946     1.361515 -0.001565695     21483.62
        8184    0.9959756     1.356946 -0.001518675     21484.08
        8186    0.9959581     1.353686 -0.001402879        21489
        8188    0.9955438       1.3525 -0.000936332     21490.99
        8190    0.9955233     1.350292 -0.000732184     21491.14
        8192    0.9951502     1.349455 -0.001079463     21494.02
        8194    0.9949741     1.347828 -0.001137689     21494.53
        8196    0.9953294     1.343864 -0.001336897     21497.06
        8198    0.9948127      1.34119 -0.001349833     21495.19
        8200    0.9948527      1.33876 -0.001185097        21496
        8202    0.9943277      1.33703 -0.001323446     21496.02
        8204     0.994321     1.334384  -0.00128907     21496.12
        8206    0.9942078     1.330603 -0.001208373     21500.22
        8208    0.9941303     1.328447 -0.001203476     21500.32
        8210    0.9936062     1.327363 -0.0008718949     21496.98
        8212    0.9932696     1.324756 -0.000991557     21498.16
        8214    0.9930827     1.323628 -0.001532452     21500.84
        8216    0.9930416     1.320515 -0.001269756     21503.49
        8218     0.992673     1.315103 -0.001793934     21502.66
        8220    0.9921222     1.314598 -0.001662442     21507.13
        8222    0.9920842     1.309276 -0.001120659     21507.03
        8224    0.9920617     1.307215  -0.00140007     21509.39
        8226    0.9915682     1.306138 -0.0009779083     21507.92
        8228    0.9916119     1.303397 -0.0009558872     21506.76
        8230    0.9915193     1.301453 -0.001117529      21508.1
        8232    0.9911425     1.299568 -0.001054289     21509.05
        8234    0.9908454     1.297197 -0.0009455567     21509.22
        8236    0.9907657     1.294963 -0.001010078     21510.38
        8238    0.9905494     1.293888 -0.001418212     21513.49
        8240    0.9904287     1.291488 -0.001414034     21513.97
        8242    0.9903017     1.285852 -0.001261912     21510.91
        8244    0.9901498     1.283651 -0.001337188     21512.31
        8246    0.9899416     1.283793 -0.0006801201     21513.28
        8248    0.9896624      1.28079 -0.001072179     21512.95
        8250    0.9895212     1.280411 -0.001579491     21513.26
