# This file has been produced by extranormal (v 1.0.1 - February 23, 2017)
# O. Roudenko - Synchrotron SOLEIL. Covered by GPL licence.
#Data from HDF File: /nfs/ruche-rock/rock-soleil/com-rock/2021/Projets/20210209_Hilde/InSitu/10Ni-10Fe_50BN/10Ni-10Fe_50BN_RWGS750_CO2pulses_H2cst_ratio1/10Ni-10Fe_50BN_RWGS750_CO2pulses_H2cst_ratio1_00456.nxs to 10Ni-10Fe_50BN_RWGS750_CO2pulses_H2cst_ratio1_00457.nxs
#Time at start=2021-02-10 14:42:38.997
#Time from start (seconds)=2278.25208711
#Sample temperature (C)=24.6
# Normalization -------------
# pivot spectrum: Pivot_Fe_10Ni-10Fe_50BN_RT_air_av2000_00001.txt
# E0=7112.0   Eshift=1.76334579221
# E0_pivot = 7112.0
# pre-edge params: from E0_pivot-140.0 to E0_pivot-20.0
# pre-edge range: [6972.0, 7092.0]
# post-edge params: from E0_pivot+100.0 to E0_pivot+1140.0
# post-edge range: [7212.0, 8250.0]
# I jump at E0_pivot = 1.2449954307
# shifted energy	normalized	reference	ref.derivative	I0
        6970  0.001650929     1.683044  -0.00189549     18814.37
        6972  0.001650929     1.683044  -0.00189549     18814.37
        6974  0.001324933     1.679022 -0.002667561     18822.24
        6976  0.001539952     1.671781 -0.001984907     18830.33
        6978  0.001059939     1.666955 -0.001833368     18836.33
        6980  0.001332301     1.667165 -0.001598421     18844.92
        6982 0.0008361947     1.664355 -0.001271876     18853.03
        6984  0.001073915     1.658993 -0.001283064     18861.62
        6986 0.0009719127      1.65678  -0.00218041     18868.41
        6988 0.0006712517       1.6569 -0.003060963     18872.99
        6990 0.0005615541     1.646911 -0.002970758     18882.89
        6992 0.0002386914     1.634506 -0.001964995     18891.55
        6994 0.0003055038     1.633013  -0.00157572     18898.62
        6996 0.0002581072      1.64118 -0.0006097892     18910.81
        6998 0.0001207447     1.634306 -0.0002970434     18920.98
        7000 8.269371e-06     1.629627 -0.001583685      18923.2
        7002 -0.000263948     1.630637 -0.001372069     18932.35
        7004 -0.0003577096     1.628511 -0.001034455     18938.71
        7006 -0.0004711018     1.623329 -0.0008428121     18947.08
        7008 -0.0004101107     1.621352 -0.001408159     18957.58
        7010 -0.0006121356     1.623895 -0.001824321     18965.34
        7012 -0.0005257965     1.617245 -0.002298186     18972.42
        7014 -0.0003048269     1.608734 -0.002188369     18982.08
        7016 -0.0003389484     1.602966  -0.00209268     18993.46
        7018 -0.0009814888     1.606388 -0.0004121265     18996.84
        7020  -0.00086736     1.600504 -0.001720752      19005.3
        7022 -0.0007690866     1.605437 -0.001843766     19012.19
        7024 -0.0003439018       1.5892 -0.001813249     19021.06
        7026 -0.0007701001     1.591638 -0.001482362     19029.35
        7028 -0.0005511979     1.585998 -0.0005677108     19038.81
        7030 -0.0009180898     1.593579 -0.001384901      19044.9
        7032 -0.000888726     1.584658 -0.001106119     19052.14
        7034 -0.0007241069     1.580558 -0.002222551     19060.15
        7036 -0.0009424216     1.577149 -0.001347093      19066.5
        7038 -0.0007014642     1.575798 -0.001264171     19075.22
        7040 -0.000924177     1.573882 -0.001191448     19083.58
        7042 -0.001198264     1.570445 -0.001870456     19091.18
        7044 -0.001086055     1.567617 -0.001732615     19103.27
        7046 -0.0008473264     1.560835 -0.001259465     19111.36
        7048 -0.0005713352     1.560021 -0.001483458     19118.87
        7050 -0.0005560789     1.560369 -0.001123434     19126.81
        7052 -0.0007317341      1.55575 -0.001329347     19136.59
        7054 -0.0009330487     1.551847 -0.001933454     19142.52
        7056 -0.000662119     1.549386 -0.001355377     19151.54
        7058 0.0001686526     1.544902 -0.001774934     19162.99
        7060 -0.0005979322     1.544907 -0.001875064     19168.81
        7062 -0.0002852719     1.537648 -0.001546631     19175.18
        7064 -0.0001983237     1.534386 -0.002038244     19181.54
        7066 -0.0002056072     1.532529 -0.001230087     19186.46
        7068 -0.0004633528     1.528601 -0.001190096     19194.36
        7070 -5.273562e-05     1.527807 -0.001631126     19201.49
        7072 -0.0001681132     1.524865 -0.001665928     19211.31
        7074 0.0001105458      1.51948 -0.001142757     19215.74
        7076 -0.0003094607     1.515273  -0.00130948     19224.79
        7078 0.0003456421     1.518665 -0.0009222799     19234.18
        7080 0.0004840624     1.514389 -0.0007377767     19242.09
        7082 0.0009365328     1.512101 -0.001449614     19249.48
        7084   0.00120519     1.509371 -0.0009866166     19257.75
        7086  0.001376188     1.507068 -0.001359962     19261.36
        7088  0.001715978     1.506496 -0.0009969125     19269.75
        7090  0.002022819     1.501222 -0.0008080008      19278.5
        7092  0.003151335     1.501396  -0.00133943     19289.75
        7094  0.003754718     1.500604 -0.0008795716     19296.29
        7096   0.00413971     1.495781 -0.001360423      19303.9
        7098  0.004658786     1.494185 -0.001176504     19309.22
        7100  0.005866156     1.490512 -0.001285666     19320.23
      7100.2  0.006061568     1.490669 -0.001321088     19321.31
      7100.4  0.006256979     1.490825 -0.001356511     19322.39
      7100.6  0.006452391     1.490982 -0.001391933     19323.46
      7100.8  0.006647803     1.491138 -0.001427355     19324.54
        7101  0.006843215     1.491295 -0.001462778     19325.62
      7101.2  0.007038626     1.491451   -0.0014982     19326.69
      7101.4  0.007234038     1.491608 -0.001533622     19327.77
      7101.6   0.00742945     1.491764 -0.001569045     19328.84
      7101.8  0.007592378     1.491218 -0.001637058     19329.71
        7102  0.007511708     1.488115 -0.002403325     19329.15
      7102.2  0.007110234     1.487295 -0.004058195     19327.07
      7102.4  0.007219048     1.486029 0.0006966019     19327.66
      7102.6  0.007273794     1.487971  0.003408072     19327.91
      7102.8  0.007524484     1.488672  0.007572817     19331.41
        7103  0.007767119     1.490022  0.004423208     19332.04
      7103.2  0.008238436     1.492087  0.001084968     19333.72
      7103.4  0.008183456      1.49151 0.0001718324      19331.9
      7103.6  0.008327709      1.48954  0.002296765        19333
      7103.8  0.008495093     1.490159  0.001727536     19333.73
        7104  0.008807119     1.493924  0.004270446     19334.81
      7104.2   0.00916199     1.492892  0.004882048      19335.8
      7104.4  0.009503125     1.492956 -0.002255718     19338.92
      7104.6  0.009551561     1.494065 -0.001177888     19340.92
      7104.8  0.009872861      1.49212  0.003378061     19340.99
        7105  0.009999652      1.49195  0.005026785     19340.61
      7105.2   0.01023016     1.495659   0.00497118     19340.82
      7105.4   0.01054304     1.498086 -0.0001148492     19342.77
      7105.6   0.01096922     1.496097 -0.002288098     19343.65
      7105.8   0.01115419     1.491858 -0.002245081     19342.85
        7106   0.01134398     1.493828 -0.004627145     19342.16
      7106.2    0.0117254      1.49629  0.002196452     19343.44
      7106.4   0.01193494     1.492395  0.004535082     19343.97
      7106.6   0.01226435     1.493615 -0.000123595     19344.56
      7106.8   0.01281167     1.497456  0.004755822     19348.39
        7107   0.01348618     1.496191  0.005600079     19351.54
      7107.2   0.01401481       1.4962  0.001504024        19355
      7107.4   0.01422395     1.498095   0.00581562     19355.07
      7107.6   0.01446069     1.498659  0.008556366     19353.59
      7107.8   0.01470532     1.500844  0.009142003      19353.4
        7108   0.01499605     1.503045   0.01078855     19352.85
      7108.2   0.01532493     1.505409  0.008194537      19351.8
      7108.4   0.01590613      1.50729  0.004762153      19352.2
      7108.6   0.01672867       1.5074  0.001592759     19352.07
      7108.8    0.0175784     1.506854  0.003153377     19350.76
        7109   0.01822513     1.506683   0.00918717     19350.86
      7109.2   0.01890111     1.509813   0.01483649     19351.53
      7109.4   0.01980684     1.514749   0.02141527      19351.5
      7109.6   0.02072147     1.518724   0.02456887     19352.02
      7109.8   0.02216432     1.523815   0.02556734     19354.33
        7110   0.02392142     1.529468   0.02990263      19355.6
      7110.2    0.0255211     1.535203   0.03500058     19355.56
      7110.4   0.02745603     1.542646   0.04704457     19356.46
      7110.6   0.02980913     1.551815   0.06323868     19356.53
      7110.8   0.03274542     1.567104   0.07903886     19354.56
        7111   0.03655875     1.585794    0.1045914     19351.44
      7111.2   0.04126113     1.605877    0.1226615     19349.43
      7111.4   0.04729035     1.635489    0.1329402     19346.87
      7111.6   0.05449267     1.665233    0.1446134     19345.72
      7111.8   0.06252015     1.692146    0.1490301     19345.92
        7112   0.07138765     1.721568    0.1516142     19345.32
      7112.2   0.08066237     1.754713    0.1547651     19342.58
      7112.4   0.09001186     1.786524    0.1553217     19341.38
      7112.6   0.09887144     1.815958    0.1435108     19342.19
      7112.8    0.1074638     1.845825    0.1284727     19342.92
        7113    0.1152102     1.869521    0.1156717     19340.73
      7113.2    0.1225889     1.889302     0.102495     19336.94
      7113.4    0.1290325     1.908496   0.09342911     19335.42
      7113.6    0.1349092     1.927821   0.08433321      19333.7
      7113.8    0.1407024     1.944265   0.07667898     19334.07
        7114    0.1459207     1.956769   0.06569113     19332.62
      7114.2    0.1509468     1.969839   0.06317069     19331.07
      7114.4    0.1555047     1.980374   0.06108306     19330.74
      7114.6    0.1588402     1.994801   0.05987789     19330.95
      7114.8    0.1618455     2.005635   0.05540409     19331.67
        7115    0.1646685     2.017741   0.05090899     19335.92
      7115.2    0.1670948     2.024697     0.048636     19335.32
      7115.4    0.1689084     2.035528   0.04238207     19333.65
      7115.6    0.1711833     2.044544   0.04461401     19336.66
      7115.8    0.1742243     2.051647   0.03118508     19337.58
        7116    0.1775553     2.060388   0.02628997      19339.3
      7116.2     0.181397     2.060476   0.02632999     19341.42
      7116.4     0.185986     2.065576   0.02049229     19339.49
      7116.6    0.1911281     2.072711   0.02321746     19339.31
      7116.8    0.1972332     2.076782   0.01938644      19337.2
        7117    0.2047223      2.07905   0.01928872     19337.13
      7117.2    0.2133144     2.081085   0.02098281      19339.4
      7117.4    0.2226808     2.088142   0.02879698     19338.48
      7117.6    0.2329641     2.093568   0.04586036     19336.48
      7117.8    0.2445725     2.102088    0.0578032     19337.32
        7118    0.2573808     2.117774   0.06901057     19338.48
      7118.2     0.271298     2.134384   0.08239483      19341.2
      7118.4    0.2864871     2.148777   0.09537705     19342.09
      7118.6    0.3038082     2.168004    0.1182114     19339.47
      7118.8    0.3227358     2.194075    0.1474069     19337.85
        7119    0.3427454     2.228954    0.1506089     19337.85
      7119.2    0.3643133     2.266702    0.1378607     19337.61
      7119.4    0.3871197     2.288491     0.127127     19337.11
      7119.6    0.4106526     2.304364    0.1122346     19337.23
      7119.8    0.4343799     2.330655    0.1063243     19337.68
        7120    0.4583612      2.35649    0.1156518     19337.14
      7120.2    0.4824496      2.37355    0.1136475     19335.91
      7120.4    0.5057558     2.396885    0.1058664     19337.17
      7120.6    0.5270756     2.421573    0.1104656     19337.54
      7120.8    0.5467242     2.441183   0.09202638     19338.16
        7121    0.5650654     2.461923    0.1107695      19338.8
      7121.2    0.5820575     2.470506    0.1274936     19336.46
      7121.4    0.5982351     2.510189    0.1183605     19336.28
      7121.6    0.6133668     2.543178    0.1583658     19337.21
      7121.8    0.6280681     2.556611    0.1482838     19337.69
        7122    0.6423926     2.597199    0.1269632     19336.27
      7122.2    0.6571263     2.628816    0.1425371        19338
      7122.4    0.6723627     2.644749    0.1103381     19336.54
      7122.6    0.6885446     2.670641   0.08801075     19335.58
      7122.8     0.705364      2.68547   0.06715706     19335.82
        7123    0.7224946     2.699224   0.04458171     19333.65
      7123.2    0.7395783     2.698474   0.04373644     19332.28
      7123.4    0.7577167     2.706306   0.05202952      19331.9
      7123.6    0.7761393     2.720459   0.09409731     19331.57
      7123.8    0.7951792     2.740848    0.1287987     19334.27
        7124    0.8137662     2.773752    0.1337613     19333.76
      7124.2    0.8323531     2.809345    0.1374604     19334.81
      7124.4    0.8496267     2.827468    0.1065984     19334.02
      7124.6    0.8660637     2.850816   0.05617305     19331.57
      7124.8    0.8819693     2.859031   0.03388875     19329.98
        7125    0.8975947     2.854284 -0.007954502     19329.92
      7125.2    0.9115037     2.854579  -0.03581327      19329.2
      7125.4    0.9249625     2.844453  -0.03997666     19329.36
      7125.6    0.9373715      2.83038  -0.04500677     19329.79
      7125.8    0.9494817     2.822302  -0.05345432     19328.15
        7126    0.9618994     2.818573 0.0006354607     19325.13
      7126.2    0.9740789     2.801689   0.06948218      19324.4
      7126.4    0.9859256     2.830889    0.1022644     19324.98
      7126.6    0.9977383     2.877888    0.1459817     19325.38
      7126.8     1.009537     2.900385    0.1133281     19325.34
        7127     1.021881     2.918474    0.0506648        19325
      7127.2     1.034662     2.921551   0.05480404     19323.43
      7127.4     1.047671      2.91842   0.05392725     19322.48
      7127.6     1.061249     2.944228   0.03896594     19322.03
      7127.8     1.074833     2.961616   0.03082764      19320.8
        7128     1.088855     2.952724  -0.04812617     19322.04
      7128.2     1.103514     2.943082   -0.1235172     19322.14
      7128.4     1.118079     2.905727  -0.07676727      19319.1
      7128.6     1.132449     2.862803   0.08705886     19319.06
      7128.8     1.146078      2.89131    0.2251653     19319.75
        7129     1.159234     3.012729    0.2724939     19319.96
      7129.2     1.171143     3.085859    0.2911591     19320.82
      7129.4     1.181037     3.080798   0.09728429     19319.75
      7129.6     1.189553     3.124237   0.02567725     19319.77
      7129.8     1.197004     3.090557   0.02136431     19318.22
        7130       1.2033     3.106401  -0.02699032     19316.73
      7130.2     1.207345     3.097889   0.08984852     19315.56
      7130.4     1.210737     3.102645    0.1617973      19314.5
      7130.6     1.212912     3.162435    0.1620446     19311.66
      7130.8     1.214571     3.235839    0.1491104     19313.58
        7131     1.215524     3.227525   0.05786609     19312.03
      7131.2     1.216174     3.221933  -0.08267309     19311.71
      7131.4     1.215812     3.208728   -0.1250508     19309.49
      7131.6     1.215832       3.1697  -0.04982462     19308.83
      7131.8     1.215668     3.127484   0.00267743     19306.52
        7132     1.215885     3.182074   0.07262431      19305.5
      7132.2     1.215443      3.21087   0.02709854     19303.93
      7132.4     1.214359       3.2278 -0.003945963     19304.61
      7132.6     1.212801     3.149163  -0.06168726     19303.59
      7132.8     1.210834     3.178917   -0.1655811     19304.12
        7133     1.207931      3.16152  -0.09227346     19304.56
      7133.2     1.204942     3.095335   -0.1624302     19304.66
      7133.4     1.201339     3.075344   -0.1475034     19307.65
      7133.6     1.196251     3.048973  -0.09980636     19308.56
      7133.8     1.190719     3.043518   -0.1121407     19306.68
        7134     1.184714      3.01549  -0.09160783     19307.48
      7134.2     1.178164     2.985632  -0.09389933     19307.61
      7134.4     1.171245     2.975687  -0.06870494     19308.49
      7134.6     1.164196     2.968398  -0.04631064     19309.27
      7134.8     1.156569     2.960526  -0.06505963     19309.26
        7135      1.14872     2.948583  -0.03391946     19310.72
      7135.2     1.141127     2.923639  0.001292806     19312.53
      7135.4     1.133917     2.941263   0.01843421     19314.06
      7135.6     1.127287      2.96156   0.07296883      19316.6
      7135.8     1.120657     2.963331   0.02419791     19317.98
        7136     1.114424     2.982014   -0.0429898     19319.09
      7136.2     1.108691     2.960621  -0.04824534     19320.86
      7136.4     1.102851     2.927168  -0.08121604     19319.99
      7136.6      1.09672     2.924734  -0.07578973     19316.55
      7136.8     1.090781     2.917041  -0.04426658     19310.88
        7137     1.086192     2.899989  -0.08081691     19302.47
      7137.2     1.081875     2.891755  -0.06873436     19288.12
      7137.4     1.078306     2.860081  -0.06057994     19267.21
      7137.6     1.074566     2.862054  -0.03848422     19234.72
      7137.8     1.071088     2.851525  0.004745229     19193.37
        7138     1.067556     2.860968   0.05396642     19151.19
      7138.2     1.064076     2.863877   0.08145898     19117.71
      7138.4     1.060554     2.905227   0.05731404     19095.36
      7138.6     1.057584     2.916692     0.078305     19086.67
      7138.8     1.054365     2.906819   0.06676301     19090.67
        7139     1.052017     2.926521   0.04789985     19106.32
      7139.2     1.049474     2.958637   0.04788238     19128.86
      7139.4      1.04749     2.955012  0.004605613     19156.73
      7139.6     1.045828     2.945125  -0.02393997     19186.27
      7139.8     1.044773     2.930205   0.02427441        19216
        7140     1.043858     2.939485   0.05859612     19244.58
      7140.2     1.042953     2.974432   0.04970525     19270.39
      7140.4      1.04165     2.992002   0.02162799     19288.95
      7140.6     1.041412      2.96997 -0.003090612     19300.72
      7140.8     1.040655     2.956788  -0.02580454     19310.38
        7141     1.039779     2.971959  -0.01940479     19315.83
      7141.2     1.039297     2.971358  0.007519717     19314.91
      7141.4     1.038656     2.954446  0.001533748     19309.24
      7141.6     1.037953     2.962803  -0.04489201     19299.17
      7141.8     1.037176     2.973186  -0.03955496     19280.21
        7142      1.03658     2.935445   -0.0296074     19251.37
      7142.2     1.035894     2.922802  -0.06200001     19214.77
      7142.4     1.035184     2.939117  -0.01763408     19173.96
      7142.6     1.034232     2.923586   0.02293401     19133.29
      7142.8     1.033304     2.921337    0.0161027     19103.08
        7143     1.032274     2.941149   0.05161364     19083.88
      7143.2     1.030496        2.952   0.07710987     19076.25
      7143.4     1.028974     2.964877   0.05582861     19087.37
      7143.6     1.028259     2.983025   0.02533389     19114.44
      7143.8     1.027635     2.985812  0.008499101     19152.77
        7144     1.026859     2.972267  -0.02599276     19194.92
      7144.2     1.025868     2.971677  -0.02635541     19234.95
      7144.4     1.024557     2.962231 -0.008706983     19267.89
      7144.6     1.023806     2.964728 -0.007551495     19293.57
      7144.8     1.022581     2.965301   0.02062794     19309.55
        7145      1.02143     2.965635 -0.0006456854     19321.57
      7145.2     1.020623     2.978733  -0.01038894     19328.73
      7145.4     1.018924     2.964211  -0.01341252     19332.25
      7145.6     1.017549      2.95699  -0.05308647     19337.63
      7145.8     1.015958     2.954905  -0.05228866     19341.09
        7146     1.013825     2.936264  -0.05506701     19344.17
      7146.2     1.012117      2.92238  -0.01580145     19348.51
      7146.4     1.009765     2.912936   0.03544198     19348.84
      7146.6     1.007804     2.942264   0.06306608     19351.03
      7146.8     1.005747     2.964618   0.08086718     19351.73
        7147     1.003673     2.972833     0.030471     19354.24
      7147.2      1.00175      2.97763 -0.008584653     19356.02
      7147.4    0.9993818     2.966641   -0.0401153     19356.54
      7147.6    0.9966006      2.95775   0.00194068     19359.58
      7147.8    0.9934092     2.940741   0.01269143     19360.59
        7148    0.9908635     2.979183   0.06188697     19362.91
      7148.2    0.9876293     2.976794    0.1084287     19364.51
      7148.4    0.9841267      3.00726    0.0694312     19364.39
      7148.6    0.9803882     3.027484    0.1087466     19365.16
      7148.8    0.9773051     3.034728   0.08541007     19368.87
        7149    0.9744244     3.063791   0.07947409     19370.04
      7149.2    0.9712235     3.075588   0.03734779     19371.42
      7149.4    0.9681264     3.091063  -0.06176571     19372.49
      7149.6    0.9652153     3.064606  -0.05978025     19372.74
      7149.8     0.962639     3.014379  -0.04444255     19373.74
        7150    0.9599907     3.027763 -0.006752165      19374.7
      7150.2    0.9571973     3.055509   0.06007325     19376.56
      7150.4    0.9548008     3.059204   0.04528898     19378.21
      7150.6     0.952305     3.062437  0.006489034      19379.2
      7150.8    0.9495617     3.063995 -0.002683517      19379.5
        7151    0.9473568       3.0607 -0.002744949     19382.93
      7151.2    0.9449876     3.057057 -0.004122247     19384.06
      7151.4    0.9425537     3.060242   -0.0179476     19383.52
      7151.6    0.9404806     3.060697  -0.04729332     19384.84
      7151.8    0.9388844     3.046342 -0.000968296     19385.65
        7152    0.9375644     3.019223    0.0070885     19385.73
      7152.2    0.9358707     3.059467    0.0161217     19387.98
      7152.4    0.9343329     3.066368   0.05838107     19389.02
      7152.6    0.9333985     3.059239  -0.02335512     19390.64
      7152.8    0.9324382     3.065927  -0.02011591      19391.1
        7153    0.9315068     3.040783   0.03007169      19390.6
      7153.2    0.9308276     3.050275   0.05064344     19392.16
      7153.4    0.9311793     3.083297   0.08499896     19393.19
      7153.6    0.9317794     3.106442     0.068403     19397.13
      7153.8    0.9319938     3.108782   0.03147935     19396.35
        7154      0.93186     3.104997   0.02018026     19395.89
      7154.2    0.9318019      3.10848 -0.006074881     19396.26
      7154.4    0.9318708     3.122586   0.02711859     19395.89
      7154.6     0.932269     3.103922   0.04471895     19397.67
      7154.8    0.9328769     3.126692   -0.0446073      19400.6
        7155    0.9334351     3.144255  -0.06380785     19401.77
      7155.2    0.9341357     3.086901  -0.08439098     19400.64
      7155.4    0.9353089     3.052876  -0.09998552     19402.32
      7155.6    0.9365893     3.059179  -0.01454657     19405.61
      7155.8    0.9381375     3.064267   0.04273229     19406.25
        7156    0.9397768     3.075263   0.01823865      19405.7
      7156.2     0.940933     3.087062  -0.02744261     19407.13
      7156.4    0.9417883      3.07377  -0.05517426     19409.23
      7156.6    0.9425912     3.042313  -0.08422514     19408.26
      7156.8    0.9435943     3.031124  -0.06763936      19409.1
        7157    0.9448476     3.019682   0.02375624     19412.06
      7157.2     0.946116     3.019659   0.02836068     19411.22
      7157.4    0.9472881     3.061318   0.04329691     19411.85
      7157.6    0.9484659     3.053812   0.07212018     19412.67
      7157.8    0.9498093     3.054319   0.01252011     19412.17
        7158    0.9513216     3.077355  0.003861526     19411.51
      7158.2    0.9520759     3.071334   0.01841495     19410.21
      7158.4    0.9530225     3.056902   0.02579689     19410.96
      7158.6    0.9539445     3.069051   0.02471507     19412.82
      7158.8    0.9544113     3.097993   0.02567852      19413.7
        7159    0.9556746     3.091106   0.02693947     19416.99
      7159.2      0.95686     3.077444  0.005308878     19418.91
      7159.4    0.9577141     3.090603  0.000151899     19418.47
      7159.6    0.9588224      3.10224   0.02043057     19417.65
      7159.8    0.9594407     3.091228   0.01101608     19418.95
        7160    0.9598285     3.093789  0.002191634     19419.51
      7160.2    0.9603707     3.099415  0.005960734     19418.72
      7160.4    0.9611222     3.103993  -0.02290465     19421.71
      7160.6    0.9621113     3.095996  -0.04498883     19422.18
      7160.8    0.9629335     3.075465  -0.02547807     19421.51
        7161    0.9637204     3.063424  0.001055941     19423.76
      7161.2    0.9643863      3.08361   0.00916388        19426
      7161.4    0.9649603     3.096841 -0.005841215     19426.09
      7161.6    0.9654871     3.082796  -0.05871558     19425.57
      7161.8    0.9659159     3.058751  -0.09305952      19426.9
        7162    0.9663636     3.036638  -0.08583063     19427.87
      7162.2    0.9668485     3.022393  -0.04825231     19429.65
      7162.4    0.9671237     3.014132  -0.01875797     19431.78
      7162.6    0.9678946      3.02015  0.006199769     19431.95
      7162.8    0.9690296     3.021632   0.04604003     19432.25
        7163    0.9691665     3.027353   0.05175134     19430.55
      7163.2    0.9690889     3.050964   0.06902985     19428.56
      7163.4    0.9692379     3.061551  0.007287973     19427.54
      7163.6    0.9694463     3.076856  -0.01956829     19426.46
      7163.8    0.9698886     3.033184  -0.02695288     19427.02
        7164    0.9704355     3.035309  -0.04533906     19429.12
      7164.2    0.9710865     3.039988   0.05196168     19430.12
      7164.4    0.9719303     3.040584   0.03964028     19430.46
      7164.6    0.9726095     3.074753   0.01611214     19432.74
      7164.8     0.973432     3.067021   0.03883718     19433.71
        7165    0.9740737     3.052878  0.001156901     19433.54
      7165.2    0.9746589     3.071654 -0.009218433     19434.77
      7165.4    0.9747458     3.075678  -0.01600719     19436.86
      7165.6    0.9753275     3.059647  -0.05373256     19438.73
      7165.8    0.9764647     3.040072  -0.06242547     19438.15
        7166    0.9770755     3.028668  -0.03570886      19439.2
      7166.2    0.9777148     3.025738   0.01431525     19439.53
      7166.4    0.9785374      3.03108   0.01729265     19439.18
      7166.6    0.9792232     3.051524  -0.02236315     19438.71
      7166.8    0.9801845     3.042502  -0.02278586     19439.67
        7167    0.9812632     3.007847   -0.0116897     19440.91
      7167.2    0.9817305     3.012851 -0.003231126     19441.15
      7167.4    0.9826178     3.042173  0.009271601        19441
      7167.6    0.9836233     3.039917  -0.01753366     19440.07
      7167.8    0.9840102     3.015265  -0.05479253     19439.37
        7168    0.9844829     2.998824  -0.05914454     19438.05
      7168.2    0.9850597     2.998339  -0.03390066     19437.28
      7168.4    0.9857047     2.992602  0.004545093     19438.22
      7168.6    0.9867026     2.988144  0.009954479     19438.24
      7168.8    0.9878581      3.00246   0.03908675     19439.53
        7169    0.9887718     3.006302   0.05758401     19441.17
      7169.2    0.9894958     3.023871   0.02541923     19441.43
      7169.4    0.9900547     3.034211    0.0302322        19443
      7169.6    0.9902005     3.022795   0.01067277     19444.81
      7169.8     0.990774     3.030488   0.01346026     19444.87
        7170    0.9913821     3.032409  0.007990448     19445.27
      7170.2    0.9926873      3.04498  -0.03655668     19444.34
      7170.4    0.9938536     3.029188  -0.06020478      19444.9
      7170.6    0.9950568     3.001243  -0.05586521      19447.3
      7170.8    0.9958924     2.984245  -0.04769869     19445.84
        7171    0.9966089     3.000287  -0.02271111        19447
      7171.2    0.9973805     2.991029 -0.007105029     19448.12
      7171.4    0.9977669     2.983074  -0.04941825      19445.8
      7171.6    0.9979034     2.978561  -0.07076925     19447.67
      7171.8    0.9983319     2.960753   -0.0549002     19449.52
        7172    0.9989603     2.934413  -0.03001301     19452.25
      7172.2    0.9997243     2.939154  -0.01413431     19453.43
      7172.4     1.000666     2.954551   0.02022438     19455.46
      7172.6     1.001864     2.949445   0.02621875     19457.69
      7172.8     1.002412     2.950593   0.02409994     19456.63
        7173     1.002564     2.960129   0.06785418     19456.08
      7173.2     1.002957     2.973831   0.09929145     19458.11
      7173.4     1.003402     3.003729   0.05470366     19457.18
      7173.6     1.004108     3.030026 -0.002158842     19457.93
      7173.8     1.004657     3.003892 -0.009328806     19461.32
        7174     1.005006     2.972104  -0.03854076     19461.72
      7174.2     1.005496     2.996266  -0.04508549     19462.94
      7174.4     1.005676     2.999194  -0.01818354     19462.87
      7174.6     1.006352     2.967823  -0.04612583     19463.63
      7174.8     1.007069     2.957557  -0.04861527     19465.13
        7175     1.007194     2.959365  0.005518265     19465.94
      7175.2     1.007662     2.960301  -0.02203672     19468.24
      7175.4     1.008052     2.972238  -0.02500936     19467.09
      7175.6     1.008015     2.939928    -0.058694     19467.33
      7175.8      1.00764     2.939358  -0.09717684     19464.74
        7176     1.007912     2.913346  -0.05431588     19466.88
      7176.2     1.008471     2.894496  -0.04740273      19467.8
      7176.4     1.008533     2.896475  -0.01481584     19465.93
      7176.6     1.008812     2.901435   -0.0110005     19467.27
      7176.8     1.008711     2.901493 -0.001732322     19468.72
        7177     1.008697     2.885696  -0.02800702     19470.61
      7177.2     1.008753     2.895089  -0.03204748     19471.42
      7177.4     1.008702      2.87903   0.00553493     19472.46
      7177.6     1.008824     2.875855  -0.01722439     19473.51
      7177.8       1.0086     2.890124   0.01443761     19474.46
        7178     1.008446      2.88131   0.01967744     19476.04
      7178.2     1.008346      2.89058  -0.01012843     19477.91
      7178.4     1.008126     2.891597  0.005002138     19478.46
      7178.6     1.007836     2.882021 -0.008504741     19478.96
      7178.8     1.007674     2.885311  -0.01800427     19479.69
        7179      1.00803     2.883776  0.001714813     19480.79
      7179.2     1.008548     2.877194   0.03673524     19481.88
      7179.4     1.008885     2.883393    0.0275941     19480.79
      7179.6     1.009122     2.914699 -0.006123203     19480.92
      7179.8     1.009213     2.905851  -0.02525661     19481.35
        7180     1.009006     2.872295  -0.04686891     19480.24
      7180.2     1.008675     2.863188  -0.02035178      19481.4
      7180.4     1.008547     2.877204  -0.01040489     19482.19
      7180.6     1.008645      2.88957 -0.004147992     19483.36
      7180.8     1.008634     2.863972  -0.03397706     19483.83
        7181     1.009369     2.859869  -0.06030618     19483.37
      7181.2     1.009884     2.850023  -0.03031791     19484.13
      7181.4     1.009892     2.841325  -0.02077329     19484.69
      7181.6     1.009993     2.839717   0.01608262     19484.69
      7181.8     1.009908     2.843251   0.06251833     19486.64
        7182     1.009468     2.862889   0.07702359     19484.78
      7182.2     1.009455      2.89134  0.005046777     19484.33
      7182.4     1.009845     2.901336  -0.03106752     19485.42
      7182.6     1.009641     2.847288  -0.03935913     19488.17
      7182.8     1.009987     2.838035  -0.06443615     19489.66
        7183     1.010564     2.859852  0.002332466     19491.66
      7183.2     1.011117     2.849787   0.03537178     19496.28
      7183.4     1.011234     2.849154   0.03503268     19498.37
      7183.6      1.01123     2.866332   0.09029749     19498.33
      7183.8     1.011264     2.887878    0.1043126     19498.02
        7184     1.011157     2.922025   0.06283358     19497.07
      7184.2      1.01144     2.932604   0.01490248     19496.26
      7184.4     1.011668     2.916599  -0.04883596     19496.34
      7184.6     1.011582       2.8998  -0.05190315     19497.17
      7184.8     1.011502     2.882956  -0.02363576     19496.89
        7185     1.011744     2.891082   0.04028531     19497.94
      7185.2     1.012232      2.89769   0.06804377     19499.29
      7185.4      1.01261     2.932029  0.003315746     19502.38
      7185.6     1.013051     2.937391  -0.03360399     19505.39
      7185.8     1.012926     2.893734  -0.06510679     19506.15
        7186     1.012951     2.870807  -0.08988781     19506.13
      7186.2     1.013439     2.879943  -0.01970843     19507.82
      7186.4     1.013598     2.865481    0.0457959     19508.14
      7186.6     1.013461     2.877967  0.003635509      19506.4
      7186.8     1.013328     2.907444   -0.0298095      19507.3
        7187     1.013141     2.882852  -0.01635496     19507.09
      7187.2     1.013519     2.841634  -0.01352819     19508.28
      7187.4     1.013997     2.864883   0.04361911     19512.19
      7187.6     1.014236     2.896621    0.1215965     19513.37
      7187.8     1.014307     2.917747    0.0761982     19513.31
        7188     1.014397     2.938911  0.008235218     19513.23
      7188.2     1.014413     2.925842   0.01128265     19514.29
      7188.4     1.014045      2.90321   0.04361224     19515.86
      7188.6     1.013655     2.926773   0.08327386     19515.91
      7188.8     1.013654     2.973801   0.06592562     19516.13
        7189     1.013563     2.992461  -0.02688434     19518.01
      7189.2     1.013286      2.95595   -0.1148376     19519.15
      7189.4     1.013252     2.905266   -0.1618492     19516.98
      7189.6     1.013472      2.88193  -0.09740539     19515.48
      7189.8     1.013657     2.862982  -0.01453531     19517.56
        7190     1.013466     2.878026   0.03183257     19517.82
      7190.2     1.013356     2.893637   0.06069609     19516.95
      7190.4     1.013022     2.907397   0.04969663     19517.55
      7190.6     1.013018     2.911539    0.0336031     19521.61
      7190.8     1.013176     2.917783   0.01451514     19522.37
        7191     1.013213      2.92052   0.02684646     19523.56
      7191.2     1.013661     2.919009   0.05249085     19524.16
      7191.4     1.013808     2.933016   0.09533118     19523.25
      7191.6     1.014233     2.959776    0.1169446     19524.77
      7191.8     1.014184     2.996785    0.1149405     19524.99
        7192     1.014048     3.012564   0.04081351     19525.47
      7192.2      1.01391     3.024968  -0.02703397     19528.72
      7192.4      1.01348     2.992427  -0.05540188     19527.11
      7192.6      1.01357     2.975158  -0.05321672     19528.35
      7192.8      1.01378     2.968243   0.01578215     19529.61
        7193     1.013545     2.982395   0.04975986     19529.46
      7193.2     1.013638     3.005052   0.05723221     19530.93
      7193.4     1.013894     3.014966   0.05779816     19532.04
      7193.6     1.013967     3.014029   0.06859123     19532.56
      7193.8     1.014192     3.028633   0.04485175     19533.64
        7194     1.014225     3.059925   0.01438484     19535.39
      7194.2     1.014187     3.050847  -0.07225478     19535.65
      7194.4     1.014447     3.025536    -0.161034     19534.42
      7194.6     1.014438      2.97083   -0.1313763     19535.62
      7194.8     1.014377     2.931098   -0.1143141     19539.63
        7195     1.014555     2.945746  -0.01802011     19543.34
      7195.2     1.014438     2.934085   0.03225606     19545.91
      7195.4     1.014921     2.956413  0.006107013     19546.65
      7195.6     1.015697     2.956903   0.06016159     19546.74
      7195.8     1.015885     2.950631   0.04999245     19547.18
        7196     1.015352     2.982214  -0.03748547     19547.02
      7196.2     1.015282     2.996407  -0.04979306     19547.06
      7196.4     1.015245     2.926914   -0.1115741     19546.62
      7196.6     1.015521     2.910797   -0.1238562     19547.66
      7196.8     1.015688     2.892955  -0.01036642     19549.72
        7197     1.015464     2.897322   0.05974041     19547.67
      7197.2      1.01572     2.918621    0.1087015     19548.07
      7197.4     1.015931     2.958589   0.04125551     19547.65
      7197.6      1.01563     2.979916  -0.02671134     19548.35
      7197.8     1.015788     2.930327  -0.04557491     19552.48
        7198     1.015875     2.897252  -0.07771954     19554.32
      7198.2     1.015632     2.922129  -0.03524415     19555.47
      7198.4     1.016132     2.917741   0.01431637     19556.08
      7198.6     1.016663     2.902132  -0.01795715     19554.73
      7198.8     1.016832     2.908705   0.03292081     19554.73
        7199     1.017026     2.907764   0.05288148     19555.57
      7199.2      1.01691     2.944077   0.04348855     19556.77
      7199.4     1.017297     2.944437     0.050873      19556.9
      7199.6     1.017364     2.943496 -0.002905356     19558.21
      7199.8     1.017847     2.948462 -0.004203609     19559.42
        7200     1.017782     2.941753  -0.03761706     19560.51
      7200.2     1.018133     2.941074  -0.06329716     19563.21
      7200.4     1.018368     2.913403  -0.06050817     19563.42
      7200.6     1.018481     2.897824  -0.06100636     19564.78
      7200.8     1.018933     2.893347  -0.03994062     19564.74
        7201     1.018891     2.892269  -0.02753856     19562.96
      7201.2     1.019072      2.88145  -0.02589584     19565.89
      7201.4     1.019065     2.875794   -0.0329436     19567.06
      7201.6      1.01923      2.87263   -0.0319228     19567.74
      7201.8     1.019245     2.865914  -0.03579736     19569.27
        7202     1.019243     2.855912  -0.03615341     19570.51
      7202.2      1.01926     2.847156  -0.03738125     19572.75
      7202.4      1.01954     2.843707  -0.02861171     19572.96
      7202.6      1.01954     2.836009  -0.01992289     19571.33
      7202.8      1.01929     2.833022   -0.0154465     19571.89
        7203      1.01924     2.831217   0.01268186     19572.69
      7203.2     1.018866      2.83135   0.01111484     19572.51
      7203.4     1.018852     2.846154  0.009671454     19573.05
      7203.6     1.019085     2.841914   0.02401211     19574.32
      7203.8     1.019303     2.838955   0.03637232     19575.83
        7204      1.01965      2.85056   0.02745468     19575.66
      7204.2     1.019828     2.875252   0.01326364     19576.42
      7204.4     1.020031     2.863878 -0.004461465     19576.96
      7204.6      1.01992     2.849565  -0.02000644      19576.6
      7204.8     1.019596      2.84699    0.0126053     19578.15
        7205     1.019302     2.859247   0.01940194     19579.58
      7205.2     1.019428     2.873962  0.001741339     19581.13
      7205.4     1.019836     2.865087  -0.00455064     19584.97
      7205.6     1.019724     2.848384  -0.06262766     19583.71
      7205.8     1.019861     2.855607  -0.08446212     19581.83
        7206     1.019885      2.82386  -0.07135956     19582.02
      7206.2     1.020002     2.797517  -0.07824386      19583.8
      7206.4     1.020225     2.791296  -0.04383864     19585.02
      7206.6      1.02024     2.793011 -0.008081758     19584.69
      7206.8     1.020278     2.788789  0.001907369     19585.73
        7207     1.019989     2.791052  -0.02689921      19586.3
      7207.2     1.019611     2.792822   -0.0346254     19586.08
      7207.4     1.019708     2.771492  -0.03445999     19588.49
      7207.6     1.019869     2.761089  -0.02350904     19589.96
      7207.8     1.019875     2.763484  0.008401365     19590.98
        7208     1.019507     2.774015   0.02276763     19593.07
      7208.2     1.019183     2.778213   0.03322331     19591.55
      7208.4     1.019283     2.779303   0.05450738     19593.86
      7208.6     1.019688     2.790063   0.05780591     19595.89
      7208.8     1.019798      2.81762   0.05134659     19595.27
        7209     1.019408     2.824458   0.03737895     19594.48
      7209.2     1.019325      2.82038  0.001688448     19596.43
      7209.4     1.019213     2.819966  -0.00954362     19598.79
      7209.6     1.019525     2.818971  -0.00154145     19599.66
      7209.8     1.019887     2.816823   0.01204326      19600.3
        7210     1.019888     2.819147   0.04475166      19601.4
      7210.2     1.019451       2.8296   0.03955795      19600.3
      7210.4     1.018986     2.854773   0.03550017     19600.49
      7210.6     1.019174     2.848469   0.02571505     19601.25
      7210.8      1.01935     2.847547 -0.002635747     19602.74
        7211     1.018845     2.850172   0.01725111     19603.86
      7211.2     1.018695     2.852664  0.009280105     19602.79
      7211.4      1.01867      2.86227  0.001662437     19602.01
      7211.6     1.018488     2.854971  -0.01034224     19603.51
      7211.8     1.018669     2.851502  -0.01317329      19605.1
        7212     1.018262      2.84439   0.03456363     19604.52
      7212.2     1.017651     2.851732   0.04601315     19605.81
      7212.4     1.017259     2.882622   0.06644571     19607.81
      7212.6     1.016967     2.888313   0.07188903     19605.64
      7212.8     1.017022     2.897547   0.05522037     19606.39
        7213     1.017296     2.909243   0.06299171     19609.22
      7213.2     1.017112     2.926799    0.1068284     19612.22
      7213.4      1.01667     2.938706   0.09546328     19611.12
      7213.6     1.016401     2.983009   0.05362738     19614.29
      7213.8     1.015853     2.985614   0.01688563     19613.41
        7214      1.01559     2.969701  0.004480841     19610.94
      7214.2     1.014933     2.952215   0.03250812     19610.22
      7214.4     1.014452     2.986594   0.05125938     19611.03
      7214.6       1.0142      3.01162   0.07834181     19611.43
      7214.8     1.014019     3.010708   0.05790692     19613.71
        7215     1.013541     3.014888   0.04801486     19614.49
      7215.2     1.013291      3.03292   0.03605761     19616.24
      7215.4     1.013217     3.050032   0.04910806     19618.32
      7215.6     1.012538     3.039554    0.0599969     19616.54
      7215.8      1.01202     3.054175  0.009085759     19617.33
        7216     1.011926     3.080917   0.04199834     19620.63
      7216.2     1.011731       3.0573   0.05598995     19620.86
      7216.4     1.011675     3.073153  0.009415229     19618.07
      7216.6       1.0115     3.098967  0.004727738     19615.56
      7216.8     1.011352     3.088449  0.001065725     19618.45
        7217     1.011042     3.061083  -0.02770732     19619.82
      7217.2     1.010844     3.074005 -0.007371123     19619.79
      7217.4     1.010485     3.076801  0.006124098     19617.98
      7217.6     1.009897     3.082552  -0.02405305     19620.81
      7217.8     1.009356     3.065982 0.0004304122     19620.35
        7218     1.009347     3.054763  0.005960586     19619.57
      7218.2     1.009504     3.077145   0.04383815     19620.88
      7218.4      1.00975     3.087321   0.03924986      19623.1
      7218.6     1.009853     3.101052  0.009657896     19625.53
      7218.8     1.009369     3.086163  0.003284481     19624.94
        7219     1.008807     3.084871 -0.003535553     19624.55
      7219.2     1.008181     3.089948   0.04323709     19624.99
      7219.4     1.007417     3.098224   0.06670267     19627.14
      7219.6     1.007024     3.120752   0.09661577     19630.66
      7219.8     1.007071     3.138233   0.08359336     19631.49
        7220     1.007089     3.167241    0.0343273     19631.57
      7220.2     1.006889     3.165099    0.0407756     19631.46
      7220.4       1.0068     3.148214   0.01887065     19630.34
      7220.6     1.006814     3.170854 -0.007731766     19630.95
      7220.8     1.006929     3.182338 -0.003578695      19632.3
        7221     1.006566     3.158913  -0.02130955     19632.74
      7221.2     1.006315     3.145351  -0.01309454     19635.34
      7221.4     1.006346     3.153806  -0.01212276     19636.17
      7221.6     1.006147     3.171862  -0.03712237     19635.31
      7221.8     1.005808     3.149215  -0.04536362      19635.8
        7222     1.005677     3.115653  -0.07517071      19636.4
      7222.2     1.005584     3.117515  -0.05960514     19637.31
      7222.4     1.005365     3.111725  -0.01292442     19639.98
      7222.6     1.005311     3.101531  -0.04286517     19642.45
      7222.8     1.005065     3.105314  -0.03598883     19642.18
        7223     1.004615     3.083223   0.03084401     19641.39
      7223.2     1.004568     3.082934   0.04240131     19643.34
      7223.4      1.00455     3.126206   0.02512976     19644.73
      7223.6     1.004593     3.139235 -0.009041293     19645.56
      7223.8     1.004686     3.103327  -0.06130456     19648.76
        7224     1.004359     3.075701  -0.07759024      19650.2
      7224.2     1.003667     3.077163  -0.02322627      19648.1
      7224.4     1.002765     3.077163 -0.001472955     19647.48
      7224.6     1.002969     3.084746  -0.02382761     19649.91
      7224.8     1.002694     3.074523  -0.06123915     19648.97
        7225     1.002318       3.0581  -0.04845961     19650.17
      7225.2     1.002384     3.028171   -0.0168218     19651.72
      7225.4      1.00254     3.045978  -0.02313065     19653.66
      7225.6     1.001778     3.061066   0.01010721     19655.72
      7225.8     1.001385     3.039596  -0.01870738     19656.12
        7226     1.001559     3.036257  -0.05056952     19657.78
      7226.2     1.001501     3.031012  -0.03340948     19658.59
      7226.4     1.000793      3.02061  -0.02219422     19658.46
      7226.6     1.000571     3.012868     -0.01229     19659.37
      7226.8     1.000496     3.018502  -0.02483731     19657.97
        7227     1.000047      3.02118  -0.04761248     19657.22
      7227.2    0.9998528      3.00074  -0.09420885     19657.51
      7227.4    0.9997354     2.974778   -0.1158528     19655.84
      7227.6    0.9994957     2.943135  -0.06320097     19655.93
      7227.8    0.9993964     2.928498  -0.02102558     19657.52
        7228    0.9993462     2.950179   0.02370797     19658.38
      7228.2    0.9992543     2.957958   0.02783417     19661.12
      7228.4     0.998896     2.962101  -0.03728706     19662.99
      7228.6    0.9986939     2.950766  -0.04206637     19662.26
      7228.8    0.9981959      2.92035  -0.02008337     19662.51
        7229    0.9978493     2.924305 -0.008981733     19661.94
      7229.2    0.9975426     2.946034   0.02201325     19659.79
      7229.4    0.9973334      2.94358  -0.01132961     19659.93
      7229.6    0.9973376      2.93796   -0.0323418        19662
      7229.8    0.9969272     2.915241  -0.01288355     19666.21
        7230    0.9965925     2.920161  -0.02082535     19670.49
      7230.2    0.9963575     2.933273  -0.01408632     19671.47
      7230.4    0.9961553       2.9213  -0.05025753     19671.23
      7230.6    0.9961677     2.903972    -0.070893     19672.68
      7230.8    0.9960061     2.879955  -0.05948865     19673.58
        7231    0.9955837     2.876559  -0.05504056     19672.07
      7231.2    0.9952542     2.873709  -0.02123451     19671.02
      7231.4    0.9949219      2.85994  -0.02743983     19671.33
      7231.6    0.9944436     2.862967   -0.0326321     19670.89
      7231.8    0.9940489     2.854607   -0.0431263     19672.18
        7232    0.9936654     2.847603  -0.08503157     19675.38
      7232.2    0.9931099     2.825439  -0.07980308     19675.33
      7232.4    0.9927631     2.794942  -0.05161523      19675.5
      7232.6    0.9924819     2.790765 -0.008429281     19675.19
      7232.8    0.9925406     2.806311   0.02112356     19673.45
        7233    0.9922557     2.818695   0.01738896      19674.7
      7233.2    0.9923356     2.811841 -0.009153473      19673.8
      7233.4    0.9924254     2.804676  -0.02563277     19674.74
      7233.6    0.9919957     2.798988  -0.01107321     19676.61
      7233.8    0.9917739     2.798189  0.006184334     19677.17
        7234    0.9917986     2.802982  -0.02405039     19677.05
      7234.2    0.9917549     2.809623  -0.04688936     19679.84
      7234.4     0.991597     2.779748  -0.04879719     19680.17
      7234.6    0.9914658     2.760677  -0.07399695     19680.04
      7234.8    0.9913373     2.763945   -0.0468473      19680.3
        7235     0.991455     2.750426  -0.03341228     19678.13
      7235.2    0.9917872      2.74227  -0.06353584     19678.79
      7235.4    0.9918512     2.733948  -0.05683939     19683.31
      7235.6    0.9916214     2.713116  -0.04796241     19685.35
      7235.8    0.9912627     2.704954  -0.01890734     19685.84
        7236    0.9913945       2.7039   0.02482248     19689.97
      7236.2    0.9915244     2.718822   0.02976339     19689.25
      7236.4    0.9909195     2.732974  0.005696803     19689.61
      7236.6    0.9908138     2.728765 -0.009427834     19691.45
      7236.8    0.9908963     2.708458  -0.02185893     19690.85
        7237        0.991      2.71128  -0.01630293     19694.22
      7237.2    0.9912164     2.715487   0.01114316     19696.05
      7237.4    0.9914912     2.715723  -0.01531685     19697.29
      7237.6    0.9914747     2.717372  -0.03242135     19696.57
      7237.8    0.9912231     2.699026 -0.008047229     19694.19
        7238     0.991028      2.68955   0.01402949     19694.22
      7238.2      0.99082     2.709285    0.0355351     19694.93
      7238.4    0.9906664     2.728596   0.04168386     19694.89
      7238.6    0.9910001     2.727454   0.01584971     19695.55
      7238.8    0.9913985     2.722897   -0.0111968     19695.63
        7239    0.9913862     2.721965 -0.006057011     19697.01
      7239.2    0.9914537     2.719638 -0.002292438     19699.52
      7239.4    0.9916451     2.722608  0.008081889     19698.45
      7239.6    0.9918575     2.721063   0.02001073     19698.65
      7239.8    0.9919141      2.72843 -0.002290211     19700.73
        7240    0.9918672     2.735647  -0.01029852     19703.72
      7240.2    0.9921449     2.720776 -0.002803128     19703.69
      7240.4    0.9922721     2.712824  0.002000043     19703.23
      7240.6    0.9924286     2.726188 -0.0003188769      19702.7
      7240.8    0.9923848     2.737247 -0.004977107     19703.86
        7241    0.9925679     2.720521  -0.02520351     19703.97
      7241.2    0.9927421     2.708842  -0.02953418     19705.44
      7241.4    0.9929077     2.706025   0.01331448     19706.45
      7241.6     0.993184      2.71362   0.03072053     19707.95
      7241.8    0.9933277     2.731173   0.03291207     19708.39
        7242    0.9930241     2.733419   0.02879129     19707.97
      7242.2    0.9930344     2.732354 -0.004042268     19707.48
      7242.4    0.9934027     2.736653  -0.01287553     19708.88
      7242.6    0.9934489     2.727939 -0.008299017     19711.85
      7242.8    0.9937466     2.723118  -0.01201757     19710.45
        7243    0.9942783     2.725715  0.007707211     19709.62
      7243.2    0.9945258     2.727039    0.0304745     19711.52
      7243.4    0.9942348     2.734105   0.04422443     19711.54
      7243.6    0.9942326     2.747498   0.04209724     19712.72
      7243.8    0.9944396     2.761095   0.03490715     19714.71
        7244     0.994364     2.760716   0.01206797     19717.07
      7244.2    0.9945981      2.76203  -0.01039583     19717.12
      7244.4    0.9947641     2.757152 -0.002315484     19716.17
      7244.6    0.9951684     2.752778   0.01749984     19716.78
      7244.8    0.9956207     2.758864   0.01924287     19719.14
        7245    0.9957277      2.77603   0.02765151     19718.14
      7245.2    0.9963607     2.772547   0.03198142     19718.51
      7245.4    0.9964794     2.774899  -0.01032314     19719.82
      7245.6    0.9961861     2.784449  -0.01731366      19719.1
      7245.8    0.9964637     2.767772  -0.01708009     19720.69
        7246    0.9966704     2.758696  -0.04859936     19723.65
      7246.2    0.9968797     2.761235  -0.02944921      19724.5
      7246.4    0.9971573      2.74557  0.002932476     19724.47
      7246.6    0.9973899     2.744212   0.01094209     19724.52
      7246.8    0.9978669     2.761042   0.01904579     19726.96
        7247    0.9979205     2.769989   0.02639224     19728.83
      7247.2     0.997857     2.760806   0.02337106     19728.24
      7247.4    0.9980301     2.765326   0.02076854     19727.82
      7247.6    0.9981154     2.779739   0.03561849     19728.76
      7247.8    0.9984879     2.786604   0.02615138     19729.74
        7248     0.998896     2.789301   0.01658538     19729.95
      7248.2    0.9988713     2.786247    0.0107855     19730.13
      7248.4    0.9989984     2.793007   0.01381834     19729.65
      7248.6    0.9996677     2.795232   0.03017597     19731.36
      7248.8     1.000199     2.800356  0.009539707     19732.85
        7249     1.000098     2.810388 -0.005584962     19730.99
      7249.2    0.9998636     2.800639  -0.01383305      19729.8
      7249.4     0.999828     2.790764  -0.03469346     19730.31
      7249.6    0.9999312     2.789289   -0.0247984     19731.93
      7249.8     1.000175     2.782633  -0.02872842     19733.71
        7250     1.000708       2.7808  -0.01808131      19733.8
        7252     1.003094     2.759292 -0.003401453     19740.13
        7254     1.005063     2.758888 -0.009551497     19747.66
        7256     1.008068     2.743922 -0.004697051     19755.05
        7258     1.010324     2.720522 -0.002075736     19761.81
        7260     1.012838     2.721715 -0.002817598     19769.77
        7262      1.01454     2.742282  0.008478057     19777.06
        7264     1.017245     2.721381  0.007557422     19786.67
        7266      1.01828     2.788346   0.01187224     19792.15
        7268      1.01879     2.782175   0.02076499     19800.02
        7270     1.019116      2.83726  0.009351841     19803.02
        7272     1.019106     2.887501   0.00969382     19811.05
        7274     1.018896     2.863161  0.005276898      19819.8
        7276     1.018553     2.859725 -0.003986788     19828.51
        7278     1.017815     2.879475 -0.001528624     19832.45
        7280     1.016629     2.855607  0.002683173     19840.26
        7282     1.015769     2.850932 -0.001251846     19845.38
        7284     1.013603     2.881191  0.001578957     19852.07
        7286     1.012463      2.86946  0.001993374     19855.15
        7288     1.010289     2.868238 -0.000576762     19865.93
        7290     1.008979     2.866879 -0.002685491     19871.65
        7292     1.007987     2.876577 -0.009313614     19878.94
        7294     1.005955     2.847976  -0.01132161     19884.53
        7296     1.005732     2.793729  -0.01856386     19895.14
        7298     1.005236     2.776306  -0.02047185     19901.91
        7300     1.004634     2.728066     -0.01126     19907.21
        7302     1.003881     2.684201   -0.0102024     19915.45
        7304     1.002765     2.703649 -0.007601241     19916.55
        7306     1.003344     2.694687 -0.004285281      19920.4
        7308     1.003559     2.667256 -0.005670793     19929.05
        7310     1.003855     2.649919 -0.005120101     19940.33
        7312     1.002712     2.658283 -0.001177586      19945.3
        7314      1.00257     2.653726 -8.15037e-05     19950.35
        7316     1.002224     2.657835 -0.000629128     19954.54
        7318     1.002098     2.649267 -0.004378581     19963.59
        7320     1.002303      2.65325  -0.00204291     19966.07
        7322     1.003009     2.618697 -0.001123096     19977.22
        7324     1.002232     2.641492 -0.0002834192     19983.98
        7326     1.002428     2.640282 -0.0001944115     19988.42
        7328     1.002581     2.650983 -0.002674236     19993.93
        7330     1.002248     2.617142 -0.001743991        19998
        7332     1.001471     2.620098 -0.007626185     20003.83
        7334     1.000973     2.626331 -0.001497405     20009.35
        7336      1.00084     2.589973 -0.002616578     20018.25
        7338     1.000628     2.605163 -0.005802924     20023.94
        7340     1.001376     2.599165  0.001458568      20028.5
        7342     1.000998     2.579907 -0.0006888402     20034.42
        7344     1.000738     2.601642  0.005610618     20040.62
        7346      1.00085     2.599652   0.01029407     20047.51
        7348     1.001313      2.64405  0.005729619      20053.4
        7350     1.000867      2.66226   0.01293187     20060.86
        7352     1.000119     2.647479  0.005923757     20063.58
        7354     1.000476     2.703107 0.0008607297     20072.75
        7356     1.000615      2.69144  0.005320729     20079.55
        7358     1.000361     2.669146  0.001032215     20080.71
        7360     1.000407     2.690045  0.002873919     20087.68
        7362      1.00078     2.711365   0.00604895     20096.44
        7364     1.001313     2.714432  0.004247067      20103.3
        7366      1.00055     2.717537 -0.0007121868     20108.04
        7368     1.000347     2.724021 -0.002921692     20113.75
        7370     1.000159     2.705667 -0.007321868     20120.94
        7372     1.000251     2.691058 -0.009930357     20126.04
        7374     1.000107     2.658962   -0.0107038     20131.64
        7376    0.9998289     2.644578   -0.0142479     20137.57
        7378    0.9993221     2.620037  -0.01424353     20146.52
        7380    0.9993077     2.577075  -0.01714231     20149.61
        7382    0.9993338     2.545014  -0.01324158     20155.34
        7384    0.9996263      2.50744 -0.009542716      20167.1
        7386    0.9988526     2.514104 -0.004740891     20168.25
        7388     0.998169     2.500733 -0.001476147     20172.14
        7390    0.9980947     2.507087 -0.003208975     20179.47
        7392    0.9978777     2.495631 0.0002749115     20182.45
        7394    0.9982335     2.488432 -0.001033033     20189.39
        7396    0.9980635     2.502932 -3.818137e-05     20193.58
        7398    0.9977512     2.498823  0.001305424     20204.63
        7400     0.998379     2.495325   0.00109288     20210.91
        7402    0.9979903     2.498876 -0.0001564671     20216.65
        7404     0.997339     2.511675 -0.0004604506     20224.05
        7406    0.9973588     2.497571 -0.001303733     20227.16
        7408    0.9979734     2.491642 -0.003406438     20237.33
        7410    0.9973552     2.488446 -0.001165001     20235.34
        7412     0.997327     2.484424 -0.001096715     20242.99
        7414    0.9969971     2.488251 -0.000194103     20249.65
        7416    0.9965581     2.482868 -0.001183123     20257.67
        7418     0.996898     2.486893  -0.00283073     20258.25
        7420    0.9967419     2.474959  -0.00346963     20269.58
        7422    0.9964225     2.465605 -0.005322113     20274.36
        7424    0.9961357     2.455111 -0.002652715     20276.55
        7426    0.9965861     2.444316 -0.001111032     20284.32
        7428    0.9965977     2.453737 5.326851e-05     20293.22
        7430    0.9966684     2.456717 -0.0005848442     20297.35
        7432    0.9963615     2.455537 0.0006311187     20302.16
        7434    0.9961223     2.439637 -0.0004835484     20309.29
        7436    0.9967526     2.458786 -0.002843795     20316.28
        7438    0.9962713     2.452848  0.003961886     20319.92
        7440    0.9959535     2.432787 -0.001445824     20330.59
        7442    0.9963271     2.471333  0.005410328     20335.24
        7444    0.9959505      2.44722  0.005301604     20337.82
        7446     0.995391     2.496131  0.003724554     20344.62
        7448    0.9953901     2.475199   0.00445551     20346.98
        7450     0.995566     2.501129 -0.003050905     20353.53
        7452    0.9957399     2.482864  0.001793432     20355.62
        7454    0.9957177     2.471724 -0.003466609     20365.88
        7456     0.995256     2.489547 -0.001573747      20366.9
        7458    0.9953915     2.473396 -0.0003722943     20380.97
        7460    0.9952159     2.470274 -0.005284452     20385.91
        7462    0.9957361     2.468745 -0.004440754     20391.47
        7464    0.9953998     2.447271 -0.003606265     20394.98
        7466    0.9947954      2.43787 -0.006100633     20397.23
        7468     0.994495     2.441424 -0.004637739     20402.72
        7470    0.9944554      2.41994 -0.004522635     20408.64
        7472    0.9944012     2.410169 -0.006167977      20415.4
        7474    0.9942434     2.401689 -0.004409534     20419.83
        7476    0.9946577      2.39208 -0.002089339     20425.91
        7478    0.9943457     2.384664 -0.002167144     20429.46
        7480    0.9942405     2.393455  -0.00429509     20434.79
        7482    0.9938813     2.384352 -0.003844154     20442.09
        7484    0.9942705     2.357719  -0.00428941     20446.06
        7486    0.9934284     2.353911 -0.003767537     20450.72
        7488    0.9942398     2.359139 -0.002542199     20452.07
        7490    0.9939469     2.354212 -0.003232187     20459.41
        7492    0.9938591     2.337381 -0.002854434     20466.83
        7494    0.9942114     2.328053 -0.003512959     20471.29
        7496    0.9940753     2.336304 -8.759833e-05     20474.21
        7498    0.9936507     2.326108 -0.0003211654     20482.17
        7500    0.9939295     2.336681  -0.00264183     20484.73
        7502    0.9938935     2.325484 -0.0003542013     20489.74
        7504    0.9942109     2.315169 -0.002135216     20495.14
        7506    0.9933135     2.323274 -0.0008995696     20500.05
        7508    0.9936619     2.319599 0.0008410124     20508.95
        7510    0.9936118     2.318287 -0.0004721386     20509.43
        7512    0.9935511     2.321897 -0.001536251     20512.78
        7514    0.9941116     2.319497 -0.002510767     20517.66
        7516    0.9931371     2.307309 -0.002568478     20518.25
        7518    0.9937741     2.298201 -0.002158899     20502.67
        7520    0.9940959      2.30135 -0.000361247     20494.88
        7522     0.993917     2.302226 -0.001461742     20489.63
        7524     0.994406     2.304419 -0.0005751956     20431.66
        7526    0.9964519     2.286507 -0.001323295     20084.32
        7528    0.9925382     2.296748 -0.003265443     20314.41
        7530    0.9954025      2.29164  0.001156724     20141.16
        7532      0.99326     2.278295 -0.002400431     20403.78
        7534    0.9934701     2.295761 -0.002623935     20552.21
        7536    0.9942371     2.277545 -0.000580861     20536.77
        7538    0.9944654     2.270648 -0.003510346     20548.01
        7540    0.9945159     2.273649 -0.003956589      20569.9
        7542    0.9939655     2.267678 -0.001766216     20587.09
        7544    0.9938544     2.245892   -0.0015565      20592.5
        7546    0.9944204     2.256518  -0.00229532     20600.79
        7548    0.9944096     2.261197  0.001336779     20603.37
        7550    0.9945727     2.249316 0.0002270429     20609.04
        7552    0.9950785     2.256586 -0.001851559     20616.71
        7554    0.9945303     2.258335  0.002277735     20619.53
        7556    0.9944126     2.246384 0.0004725806     20620.14
        7558     0.994885     2.267538 -0.001488711     20626.99
        7560    0.9946483     2.260367  0.001465344     20630.23
        7562    0.9947468     2.246425 0.0001862846     20639.62
        7564    0.9940619     2.258107 -0.0001780456      20642.2
        7566    0.9947268     2.269028 0.0006343584     20645.77
        7568    0.9945134     2.258942 -0.001216999     20653.58
        7570    0.9944512       2.2515 -0.003573084     20659.75
        7572      0.99432     2.248371 -0.003014837     20660.49
        7574    0.9949152     2.240443 -0.003869833     20663.66
        7576    0.9947941     2.234824 -0.003904115        20668
        7578    0.9943203     2.220541 -0.002451015     20673.77
        7580    0.9944423     2.217138 -0.003240154     20679.35
        7582    0.9947441     2.220835 -0.003187839     20681.58
        7584    0.9947138     2.208902 -0.002862315     20680.95
        7586    0.9948912     2.195039 -0.004759022     20691.45
        7588    0.9947605     2.194239 -0.002536851     20692.75
        7590    0.9953684     2.182763 -0.001240804     20696.34
        7592     0.995179     2.188608 -0.001977941      20701.5
        7594    0.9948268     2.185112 -0.001004153      20700.2
        7596    0.9950268     2.178416 -0.002405389     20703.46
        7598    0.9952253      2.17473 -0.0009821107     20706.25
        7600    0.9953148     2.169364 -0.001638898     20711.87
        7602    0.9950529     2.177255 -0.000662597     20718.59
        7604    0.9950666     2.165305 -0.000892179     20718.59
        7606    0.9958286     2.169429 -0.003968417     20725.81
        7608      0.99582     2.162227 -0.002281748     20728.44
        7610    0.9957371     2.145508  -0.00293786     20728.25
        7612    0.9961061     2.147051 -0.003246281     20734.63
        7614    0.9960422     2.145926 -0.001230049     20739.83
        7616    0.9956163     2.136257 -0.0007983612     20743.17
        7618    0.9954688     2.135668 -0.001755082     20747.56
        7620     0.996344     2.140664 -0.001880164     20749.51
        7622    0.9967301     2.131885 -0.0004196153     20757.86
        7624    0.9966238     2.121215 -0.0007435323     20760.07
        7626    0.9959344     2.132311 -0.0007710193     20762.05
        7628    0.9969197     2.134716 -0.0004429673     20767.73
        7630    0.9968245     2.125717 -0.001017188     20769.66
        7632    0.9969591     2.117672 -0.004526735     20775.04
        7634    0.9968548     2.124173 -0.003583089     20777.54
        7636    0.9970774     2.098502 -0.001277344     20785.36
        7638    0.9973973     2.097053 -0.002762768      20789.5
        7640    0.9974121     2.107453 -0.000701726     20793.38
        7642    0.9976343     2.102071 -0.001413124     20795.11
        7644    0.9972853     2.092888 -0.001977991     20799.99
        7646    0.9973949     2.085748 -0.001188084     20805.78
        7648    0.9980557     2.091629 -0.0003644261     20811.17
        7650    0.9975056     2.092566 -0.0007494011     20812.58
        7652    0.9974808     2.089972 -0.001625839     20816.74
        7654    0.9976672     2.079752 -0.002754281     20820.73
        7656    0.9980413     2.078622 -0.003068418      20821.5
        7658    0.9974671     2.070532 -0.001646663     20826.76
        7660    0.9976528     2.065425 -0.002036946      20832.6
        7662    0.9980655     2.066579 -0.0007197287     20836.63
        7664    0.9983295     2.062327 -0.0008252831      20841.2
        7666    0.9975761     2.064774 -0.0006388645     20842.86
        7668    0.9979312     2.058823 -0.0006068655      20848.3
        7670    0.9973653     2.061468 -0.0006621533     20851.96
        7672    0.9985014     2.057472 -0.0006403839      20855.8
        7674    0.9980751     2.059477 -0.002267169     20860.97
        7676    0.9986201       2.0537 -0.001331258     20860.51
        7678    0.9985731     2.043331 -0.0009813597     20867.21
        7680    0.9983145     2.046822 -0.001045467     20873.53
        7682    0.9982613     2.051626 -0.0001095255     20876.39
        7684    0.9982801     2.045336 -0.0007555229     20875.49
        7686    0.9984318     2.042455 -0.002001122     20884.71
        7688    0.9985849     2.040778 -0.001517629     20887.89
        7690    0.9986649     2.035617 -0.001622287      20890.2
        7692    0.9982228     2.033195 -0.002907691     20895.23
        7694    0.9984279     2.029476 -0.002407713      20897.9
        7696    0.9983164     2.017516 -0.003039634     20899.73
        7698    0.9990451     2.016355 -0.001396391     20903.99
        7700    0.9991245     2.008878 -0.000431003     20909.88
        7702    0.9995774     2.018305 -0.001325428      20917.3
        7704    0.9997259     2.014068 -6.365818e-05     20916.94
        7706    0.9992906     2.005752 -0.002146146     20922.36
        7708     0.999045     2.008369 -0.001285037     20924.57
        7710     0.999288     2.001136 -0.0007918766     20925.64
        7712    0.9995392     2.003788 -0.001587302     20936.67
        7714    0.9988303     1.999417 -0.0008452641     20936.44
        7716    0.9992599      1.99567 -0.001267261     20936.31
        7718     1.000144     1.994374  -0.00130528     20945.89
        7720    0.9999061      1.99365 -0.0004368242     20946.54
        7722     1.000617     1.988975 3.390305e-05     20950.88
        7724     1.000436     1.992176 -0.0005001608     20953.97
        7726    0.9998716     1.994645 -0.001285808     20956.73
        7728     1.000337     1.989648 -0.001785219     20960.96
        7730     1.000368     1.978688 -0.001659879     20965.69
        7732    0.9999543     1.977894 -0.001327918     20963.62
        7734     1.000089     1.981366 -0.001506258     20969.88
        7736     1.000664     1.979025 -0.001394766     20976.64
        7738    0.9998561     1.966638 -0.0008317378     20976.17
        7740      1.00048     1.966736 -0.002303376     20980.69
        7742     1.000681     1.974712  -0.00177296     20979.83
        7744    0.9998063     1.960598 -0.002379506     20982.06
        7746     1.000262     1.952455 -0.002339529     20991.54
        7748     1.001314       1.9477 -0.001169255     20994.74
        7750     1.000793     1.955996 -0.001420233     21000.39
        7752     1.000876     1.951244 -4.373579e-05     20999.32
        7754     1.000391     1.941093 -0.001678657     21000.19
        7756     1.000712      1.94735 -0.0006769833     21005.49
        7758     1.000633     1.942567 -0.001273427      21008.5
        7760     1.000882     1.945828 -0.002949501     21011.59
        7762     1.001157     1.930905 -0.002873593     21015.74
        7764     1.001166     1.923754 -0.003560882     21017.33
        7766     1.001174     1.919578 -0.001498138     21014.71
        7768      1.00157     1.917341 -0.001050075     21021.72
        7770     1.001411      1.91892 -0.0008551948     21024.81
        7772     1.001112     1.915353 -0.0009553443     21024.99
        7774     1.000906     1.912736 -0.001984758     21027.02
        7776     1.002208     1.909698 -0.001386518     21024.65
        7778     1.001402     1.903042 -0.001714575     21021.68
        7780     1.001757     1.904261 -0.001796447     21009.35
        7782     1.001968      1.89902 -0.0004026182     20977.87
        7784     1.003301     1.895327 -0.0007478993     20784.11
        7786     1.005217     1.899821 -0.002565179     19958.43
        7788     1.001033     1.898278 -0.001529372     20104.06
        7790    0.9985308     1.878498  -0.00152786     20321.64
        7792     1.002096     1.883092 -0.002292484     21043.63
        7794     1.002014     1.887598 0.0003567842        21070
        7796     1.001853     1.879938 -0.0006739932     21077.95
        7798     1.002168     1.881353 -0.001473883     21083.58
        7800     1.002248       1.8777 -0.0008506077     21088.53
        7802     1.002021     1.875807 -0.001838724     21094.38
        7804     1.002457     1.873133 -0.001651479     21095.51
        7806     1.001839     1.866643  -0.00194124     21098.47
        7808      1.00235     1.864488 -0.001418224     21100.14
        7810      1.00259     1.860277 -0.0009028118     21107.13
        7812      1.00276     1.861787 -0.000748884     21110.23
        7814     1.002202      1.85942 -0.0009362446      21112.4
        7816     1.002351     1.858497 -0.0008631702     21110.55
        7818     1.002659     1.852787 -0.001361888     21114.66
        7820     1.002831     1.854882 -0.002577825     21114.26
        7822     1.003172     1.848525 -0.002367755      21117.7
        7824       1.0033     1.837874 -0.002588128     21124.15
        7826     1.003057     1.833845 -0.001749607     21127.05
        7828     1.003027     1.834177 -0.0001425014     21131.34
        7830     1.003283     1.834528 6.571769e-05     21130.72
        7832     1.003327     1.836734   -0.0010907     21133.54
        7834     1.003516     1.834371 -0.001452344     21141.88
        7836     1.003504     1.825451 -0.001558429     21142.68
        7838     1.003141      1.82291 -0.002010936     21145.04
        7840     1.003663     1.824267 -0.001464201     21147.11
        7842     1.003218     1.818284 -0.001273905     21147.54
        7844     1.003393     1.813738  -0.00191383     21156.44
        7846     1.003557     1.812718 -0.001509051        21160
        7848     1.003715     1.808956 -0.0007638913     21159.11
        7850     1.003423     1.806211  -0.00160606     21155.72
        7852     1.003591     1.807627 -0.001416928     21163.53
        7854     1.003885      1.79987  -0.00120808     21167.15
        7856      1.00383     1.797621 -0.001837969     21167.13
        7858     1.003391     1.796547 -0.001678783      21168.1
        7860     1.003707     1.792923 -0.001974737     21171.31
        7862     1.004077      1.78644 -0.001724101     21177.44
        7864      1.00465     1.781823 -0.002432349     21182.84
        7866     1.004777     1.782754 -0.001230076     21183.76
        7868     1.004865     1.773464 -0.0006902118     21186.84
        7870      1.00477     1.776599 -0.001332192     21190.71
        7872     1.004321     1.776301 5.385678e-05        21191
        7874     1.004465     1.772096 -0.001200683      21197.6
        7876     1.005056     1.773895 -0.002073921     21198.86
        7878     1.004373     1.766994 -0.001947353     21204.33
        7880     1.004452      1.75971 -0.003075295     21203.59
        7882     1.004777     1.756517 -0.002417923     21208.78
        7884     1.005008     1.749293 -0.0004060118     21214.05
        7886     1.004758      1.74765  -0.00113354      21215.4
        7888     1.004503     1.756462 -0.0009732129     21215.42
        7890     1.004171     1.747449 -0.0004952744     21218.09
        7892     1.004079     1.741507 -0.002708091     21218.58
        7894     1.004669     1.743688 -0.002370189     21223.17
        7896     1.004942     1.734797 -0.001836692      21228.2
        7898     1.004674     1.728488 -0.002301383     21229.89
        7900     1.004936     1.726813 -0.001280289     21231.64
        7902     1.004832     1.725277 -0.0009675333     21238.47
        7904     1.004681     1.724555 -0.0007270837     21243.25
        7906      1.00417     1.720747 -0.001479014     21244.41
        7908     1.004182     1.720997  -0.00172386     21247.46
        7910     1.004385     1.713445 -0.001354584     21248.77
        7912      1.00478     1.710764 -0.001795654     21251.81
        7914     1.005129     1.709911 -0.001381282     21208.89
        7916     1.005851     1.706631 -0.001237569     20938.36
        7918     1.005126     1.702395 -0.0008909596     20569.39
        7920     1.004299     1.700863 -0.001754153     20956.18
        7922     1.004457     1.702783 -0.001249603     21193.98
        7924     1.004522     1.692598 -0.001517273     21226.94
        7926     1.004585     1.692398 -0.001946314     21240.34
        7928     1.004149     1.688725 -0.001056202     21246.84
        7930     1.004621     1.687212 -0.001112039     21255.12
        7932     1.004663     1.684149 -0.0008317223     21258.23
        7934     1.005216     1.683501 -0.001362019     21262.97
        7936     1.005031     1.682071  -0.00150795     21267.19
        7938     1.004758     1.676316 -0.001613663     21269.87
        7940     1.004705     1.672085 -0.001151677     21274.05
        7942     1.004424     1.670592 -0.0006477559     21275.83
        7944     1.004745     1.672858 -0.000640312     21277.26
        7946     1.005263     1.671134 -0.0006350296     21284.92
        7948     1.005002     1.666963 -0.001116063     21284.94
        7950     1.004789     1.665512 -0.001186261     21283.89
        7952     1.005381     1.663929 -0.001231609     21287.71
        7954     1.005507     1.661644 -0.001653226     21290.74
        7956      1.00564      1.65711 -0.001977469     21294.85
        7958     1.005161     1.652286  -0.00191527     21297.51
        7960     1.005908      1.64811 -0.001429855        21302
        7962     1.005316     1.646322 -0.001123581     21306.59
        7964     1.005024     1.645671 -0.0009435719     21301.92
        7966     1.005282     1.643297 -0.001164369      21309.4
        7968     1.005457     1.640561 -0.001183047      21308.4
        7970     1.005132     1.637007 -0.001359905     21312.06
        7972     1.005481     1.636206 -0.001532864     21316.63
        7974     1.005313     1.632418 -0.001353309     21316.75
        7976     1.005419     1.628298 -0.001860177     21318.47
        7978      1.00537     1.626181 -0.001913073     21320.86
        7980     1.005726     1.621325 -0.001069952     21329.22
        7982     1.005485     1.617114 -0.001350978     21328.24
        7984     1.005344     1.619739 -0.0009887884      21329.6
        7986     1.005015     1.615373  -0.00127078     21329.36
        7988     1.005121     1.613415 -0.001663083     21331.59
        7990     1.004625     1.606947 -0.001393728     21332.56
        7992      1.00491     1.606434 -0.001419429     21335.53
        7994     1.005029     1.604223 -0.0004475796     21338.12
        7996     1.004914     1.602059 -0.001656692     21340.12
        7998     1.004939     1.603367 -0.002073179     21341.97
        8000     1.004943      1.59318 -0.001668172     21343.79
        8002     1.004564     1.587637 -0.001660166     21344.44
        8004      1.00494     1.588714 -0.0006181536     21347.91
        8006     1.004526     1.590085 -0.001228852     21349.29
        8008     1.004885     1.588235 -0.0009594751     21353.49
        8010     1.004423     1.577807 -0.001520378     21353.08
        8012     1.004381     1.581038 -0.002098339     21357.68
        8014     1.003969     1.577922 -0.0007356944     21356.13
        8016      1.00407     1.571448 -0.001834127     21363.16
        8018     1.004067     1.571921 -0.001764117      21363.8
        8020     1.004112     1.566365 -0.001332152     21368.97
        8022     1.003654     1.563809 -0.001209094     21370.95
        8024     1.003942     1.560791 -0.001197072     21371.19
        8026     1.003589     1.562248 -0.001082588     21372.46
        8028     1.003914     1.556789 -0.0007742813     21376.24
        8030     1.003392     1.555149 -0.001775739     21379.44
        8032     1.003461     1.554597 -0.001298958     21377.17
        8034      1.00388     1.548042 -0.0009856652     21380.88
        8036     1.003594     1.546397 -0.001539768     21384.06
        8038     1.003764     1.547263 -0.0009487721     21388.63
        8040      1.00371     1.542279 -0.000820235     21387.43
        8042     1.003365     1.540452 -0.0009890167     21390.87
        8044     1.003295     1.539835 -0.001131384     21395.35
        8046     1.003392     1.539351 -0.001205056     21396.42
        8048     1.003505     1.533228 -0.001651289     21402.17
        8050     1.003387     1.530812 -0.001949268     21401.59
        8052     1.003368     1.526625 -0.001685942     21400.53
        8054     1.003902     1.523757 -0.001237466     21405.64
        8056     1.003391      1.51974  -0.00126642     21407.81
        8058      1.00335     1.520912 -0.001650644     21407.33
        8060     1.003327     1.516493 -0.001205651     21411.62
        8062     1.003212     1.510552 -0.001546864     21414.04
        8064     1.003088     1.510095  -0.00143712     21414.01
        8066     1.003453     1.508537 -0.0009871327     21418.23
        8068     1.003105     1.504996 -0.001529325     21414.65
        8070     1.003021     1.502655 -0.002013023     21417.26
        8072     1.003049      1.49786 -0.001686512     21421.59
        8074        1.003     1.492433 -0.001780913     21422.64
        8076     1.002736     1.491504 -0.001261519     21423.43
        8078     1.002885     1.488408 -0.001030959     21419.45
        8080      1.00284     1.487768 -0.0007679909     21421.54
        8082     1.002607     1.484185 -0.0009249619     21425.66
        8084     1.002511      1.48536 -0.001324377        21430
        8086     1.002589     1.481008  -0.00114145     21432.94
        8088     1.002744     1.477173 -0.001385879     21433.56
        8090     1.002748     1.475054 -0.001411782     21432.59
        8092     1.002363     1.474273 -0.001207059     21436.24
        8094     1.002015     1.469714 -0.001210422     21435.76
        8096     1.001772     1.467517 -0.001567596     21439.96
        8098     1.002152      1.46537 -0.001172937     21441.96
        8100     1.002061     1.461733 -0.001269926      21441.4
        8102     1.002066      1.46033 -0.001356385     21440.24
        8104     1.001926     1.457357 -0.001094291     21442.38
        8106     1.001646     1.454519  -0.00135098      21443.5
        8108     1.001696     1.452978 -0.0008773803     21445.63
        8110     1.001338     1.449522 -0.000931735      21449.1
        8112     1.001746     1.450338 -0.001057383     21451.37
        8114      1.00147     1.447065 -0.001510467     21450.18
        8116     1.001019     1.444519 -0.002065883     21451.19
        8118     1.001116     1.437439 -0.001410894     21449.85
        8120     1.000941     1.433811 -0.001357169      21453.6
        8122     1.000684     1.435778 -0.0005084004     21454.17
        8124     1.001218     1.433662 -0.0007785541     21457.98
        8126     1.000538     1.433371 -0.001632606     21457.52
        8128     1.000467     1.427583 -0.001191774     21457.23
        8130      1.00028     1.422717  -0.00152997     21460.88
        8132     1.000667     1.424128 -0.001490662     21461.24
        8134     1.000233     1.421132 -0.0009543608     21461.35
        8136    0.9997472     1.415658 -0.001616905     21458.34
        8138     1.000197     1.415082 -0.0008440038     21464.67
        8140    0.9998356     1.411192 -0.0004901579     21464.59
        8142     0.999838      1.41438 -0.0008518447     21468.74
        8144    0.9996173     1.411736 -0.0006951267     21466.74
        8146    0.9997207     1.408268 -0.001406699     21469.54
        8148    0.9988957     1.405631 -0.001187533     21466.21
        8150    0.9993733     1.403126 -0.001178205     21468.93
        8152    0.9992213     1.402236 -0.001296827     21477.15
        8154    0.9991251     1.398842 -0.001685271     21468.66
        8156    0.9987543     1.395257  -0.00207209     21476.41
        8158    0.9985454     1.389644 -0.001722728     21472.44
        8160    0.9985953     1.385659 -0.001323661     21476.76
        8162    0.9981034      1.38506 -0.001001845     21473.07
        8164    0.9982586     1.384667 -0.0008352678     21476.76
        8166     0.997904     1.381629 -0.001518802     21479.48
        8168    0.9980027     1.378977 -0.001570827     21484.52
        8170    0.9979287      1.37291 -0.001051363     21484.62
        8172     0.997628     1.372101 -0.001012926     21483.71
        8174    0.9976184     1.373218  -0.00119789     21486.61
        8176    0.9970797     1.370874 -0.001277353     21484.27
        8178    0.9967818     1.363327 -0.001422183     21484.13
        8180    0.9966287     1.361882 -0.001435514     21489.14
        8182    0.9962439     1.361841 -0.0007639665     21488.07
        8184    0.9960118      1.35939 -0.001011649     21488.08
        8186    0.9961455     1.357215 -0.0009959373     21492.28
        8188     0.995618     1.353789 -0.001187658     21492.07
        8190    0.9956695     1.353873  -0.00107795     21497.47
        8192    0.9953632     1.349888 -0.001371683     21498.17
        8194    0.9950963     1.348591  -0.00163988     21497.37
        8196    0.9949362     1.342815  -0.00144629     21498.97
        8198    0.9947185     1.340754 -0.001594858     21496.14
        8200    0.9943836     1.338318 -0.001144707     21499.44
        8202    0.9940332     1.335832 -0.001073212     21498.94
        8204     0.993627     1.333658 -0.001130891     21498.86
        8206    0.9937312     1.332169 -0.001012255     21501.12
        8208    0.9932773     1.329271 -0.001261172     21500.73
        8210    0.9933059     1.327734 -0.001150441     21499.96
        8212    0.9928888     1.323568  -0.00107499     21503.18
        8214    0.9926731     1.322965 -0.001421754     21501.22
        8216    0.9926199     1.320671 -0.0008701564     21505.16
        8218    0.9924125      1.31636 -0.001303289     21506.38
        8220    0.9921743     1.316607 -0.001178051     21506.58
        8222    0.9917562     1.312539 -0.0009488761     21509.79
        8224    0.9912521     1.311247 -0.001805144     21504.28
        8226    0.9916182     1.308769 -0.001319528      21507.7
        8228    0.9916689     1.302166 -0.001503823     21509.93
        8230    0.9912611     1.301982  -0.00149206     21507.75
        8232    0.9911088     1.299216 -0.0008418105      21507.5
        8234    0.9910959     1.296833 -0.001126836     21509.33
        8236    0.9902632     1.295431 -0.001031054     21508.27
        8238    0.9899674     1.292968 -0.001261597      21510.2
        8240    0.9899156     1.290968 -0.001231712     21511.58
        8242    0.9899387      1.28674 -0.001400332     21510.53
        8244    0.9895753     1.285578 -0.001370238     21512.85
        8246    0.9895845     1.281765 -0.0007587915     21514.22
        8248    0.9895587     1.280006 -0.0008762682     21510.58
        8250    0.9891321      1.28067 -0.0004550109     21510.36
