# This file has been produced by extranormal (v 1.0.1 - February 23, 2017)
# O. Roudenko - Synchrotron SOLEIL. Covered by GPL licence.
#Data from HDF File: /nfs/ruche-rock/rock-soleil/com-rock/2021/Projets/20210209_Hilde/InSitu/10Ni-10Fe_50BN/10Ni-10Fe_50BN_RWGS750_CO2pulses_H2cst_ratio1/10Ni-10Fe_50BN_RWGS750_CO2pulses_H2cst_ratio1_01205.nxs to 10Ni-10Fe_50BN_RWGS750_CO2pulses_H2cst_ratio1_01206.nxs
#Time at start=2021-02-10 14:42:38.997
#Time from start (seconds)=6024.60892692
#Sample temperature (C)=24.6
# Normalization -------------
# pivot spectrum: Pivot_Fe_10Ni-10Fe_50BN_RT_air_av2000_00001.txt
# E0=7112.0   Eshift=1.53572252418
# E0_pivot = 7112.0
# pre-edge params: from E0_pivot-140.0 to E0_pivot-20.0
# pre-edge range: [6972.0, 7092.0]
# post-edge params: from E0_pivot+100.0 to E0_pivot+1140.0
# post-edge range: [7212.0, 8250.0]
# I jump at E0_pivot = 1.24821212024
# shifted energy	normalized	reference	ref.derivative	I0
        6970  0.001744323     1.676493  0.001345302      18816.1
        6972  0.001744323     1.676493  0.001345302      18816.1
        6974  0.001726652     1.677599 -0.001314334     18823.04
        6976  0.001168036     1.669816 -0.001598881     18829.27
        6978 0.0009360851     1.666982 -0.002052395     18837.78
        6980 0.0006865531     1.663702 -0.001675863     18847.77
        6982 0.0003819199      1.66118 -0.001292593     18854.52
        6984 0.0006027194     1.656409 -0.001678218     18862.42
        6986 0.0006132004     1.656642 -0.001339412     18867.38
        6988 0.0003989602     1.650276 -0.001297044     18876.71
        6990 0.0005213223     1.650464 -0.001777269      18886.7
        6992 0.0004952143     1.646033 -0.001552132     18893.55
        6994  0.000505833     1.642423 -0.002209836     18895.08
        6996 -2.023517e-05     1.637859 -0.001835879     18903.35
        6998 0.0002152644     1.632786 -0.001393578     18912.93
        7000 7.620747e-05     1.631346 -0.0008723784      18923.3
        7002 -0.0002582095     1.631275 -0.0005781881     18931.54
        7004 -0.0002463754      1.63088  -0.00107946     18940.35
        7006 -0.0002850265      1.62816 -0.001558652     18947.64
        7008 -0.0001465192      1.62271 -0.002148298     18955.84
        7010 -0.0002185512     1.618806 -0.002429248      18964.9
        7012 -0.0003953784     1.613694 -0.001574908     18971.49
        7014 -0.0003813463     1.608726 -0.001958704      18980.2
        7016 -0.0002871847     1.610111 -0.001808651     18988.52
        7018 -0.0003315653     1.603136  -0.00118252     18994.17
        7020 -0.0004307662     1.599225 -0.001733929     19001.96
        7022 -0.0001517871     1.599266  -0.00129381     19012.05
        7024 -0.0005851867      1.59624 -0.001119875     19019.59
        7026 -0.0005592144     1.592785 -0.0009391291     19031.66
        7028 -0.0006933619     1.590266 -0.0005162227     19037.31
        7030 -0.001447094     1.591753 -0.001058742     19042.45
        7032 -0.001122433      1.59211 -0.001093364     19051.77
        7034 -0.000777461     1.584316 -0.001624995     19059.06
        7036 -0.0008757537     1.581519 -0.002541056     19065.09
        7038 -0.0005458842     1.578753 -0.002633493     19076.92
        7040 -0.0007664781     1.571781 -0.002044689     19083.03
        7042 -0.0009964696     1.563248 -0.002563804     19094.33
        7044 -0.001178602     1.565161 -0.001286984     19100.64
        7046 -0.0007674929     1.558243 -0.0003536512     19110.34
        7048 -0.001051497     1.561486  -0.00157059     19116.21
        7050 -0.001023881     1.560418 -0.0006202086     19123.65
        7052 -0.0007791906     1.552596 -0.001125315      19130.7
        7054 -0.0007055505     1.553281 -0.001599403     19141.11
        7056 -0.0006221718     1.552483 -0.001070782      19151.3
        7058 -0.0001668694     1.547623 -0.001559929      19159.7
        7060 9.703527e-05      1.54403  -0.00164062     19168.24
        7062 -0.0002038525     1.540801 -0.001062189     19172.55
        7064 -0.0001299437     1.539358 -0.001279124     19181.65
        7066 -0.0003199441     1.539126 -0.001423803     19191.93
        7068 -0.0002179309     1.533797  -0.00177384     19193.32
        7070 0.0001781309     1.529411 -0.001687601     19203.96
        7072 -1.64011e-05     1.525167 -0.001660046     19213.66
        7074 0.0003308408     1.525625 -0.001884196     19220.51
        7076 0.0004095058     1.520517 -0.001205751     19229.12
        7078 0.0006260681     1.514337 -0.002180913     19235.32
        7080 0.0004490639     1.515521 -0.001975096     19245.45
        7082 0.0006720173     1.508178 -0.001452354      19251.5
        7084 0.0007218881     1.504716 -0.001743217     19257.73
        7086  0.001341534     1.502719 -0.0008384875     19265.71
        7088  0.001769848     1.501576 -0.0009173693     19269.18
        7090  0.001829909      1.50147 -0.0002384435     19278.68
        7092  0.002152491     1.497377 -0.0008536663     19287.42
        7094  0.002931941     1.500811 -0.001112029     19295.28
        7096  0.003754008     1.494746 -0.0008125482     19303.12
        7098  0.004534056     1.492573 -0.001699845     19309.33
        7100  0.005307895     1.490877 -0.001345926      19316.6
      7100.2  0.005454393      1.49045 -0.001419417     19317.12
      7100.4  0.005600892     1.490023 -0.001492908     19317.64
      7100.6  0.005747391     1.489596 -0.001566399     19318.16
      7100.8  0.005893889     1.489169 -0.001639891     19318.68
        7101  0.006040388     1.488742 -0.001713382      19319.2
      7101.2  0.006186887     1.488315 -0.001786873     19319.72
      7101.4  0.006333386     1.487888 -0.001860364     19320.24
      7101.6  0.006419742     1.487744 -0.001861094     19321.97
      7101.8  0.006406596     1.486872 -0.001940873     19325.21
        7102    0.0064641     1.485319 -0.002659209      19326.8
      7102.2  0.006609652     1.486796 -0.001889477     19328.84
      7102.4  0.006778931     1.485617 9.668786e-05      19328.3
      7102.6  0.006915695     1.485361 -0.001994698      19327.3
      7102.8  0.007321017     1.485397 3.844305e-06     19328.47
        7103   0.00745646     1.485201  0.004404034     19328.78
      7103.2  0.007607061      1.48562  0.008284056     19330.24
      7103.4  0.007695223     1.488884   0.01027984     19329.53
      7103.6  0.007781949     1.492024  0.008276422     19331.33
      7103.8  0.007894775     1.493424   0.00524049     19331.89
        7104   0.00797716     1.492241  0.004464713     19332.35
      7104.2  0.008227833     1.493076   0.00255211     19333.98
      7104.4    0.0083566     1.495596   0.00475147     19332.67
      7104.6  0.008664835     1.495466    0.0030586     19331.72
      7104.8  0.009031874     1.496042 -0.003033656     19331.95
        7105  0.009399076     1.495523 -0.004474318     19333.81
      7105.2  0.009784672     1.493169 -0.004956919     19335.83
      7105.4   0.01000318     1.491887 -0.005931357     19337.45
      7105.6   0.01010631     1.492076 -0.003785774     19338.83
      7105.8   0.01032961     1.490778  0.002458304     19340.75
        7106   0.01054927      1.49014  0.005491973     19340.13
      7106.2   0.01074839     1.493853  0.006607591     19339.99
      7106.4    0.0109879      1.49647  0.006709876     19341.71
      7106.6   0.01145803     1.496064  0.003622557     19343.32
      7106.8   0.01194215     1.495508  0.003585025      19344.3
        7107   0.01240188     1.496751  0.006529117     19345.99
      7107.2   0.01271343     1.499338  0.007020635     19346.32
      7107.4   0.01296408     1.501287  0.002952441     19346.17
      7107.6   0.01356329     1.501124 0.0004597507     19347.57
      7107.8    0.0143138     1.499113 -0.0004914965     19348.59
        7108   0.01487086     1.499706  0.002730294     19349.42
      7108.2   0.01524774     1.500894  0.009032907     19348.42
      7108.4   0.01577512     1.503309  0.009796458      19348.5
      7108.6   0.01652236      1.50634   0.00974488     19349.18
      7108.8   0.01709686     1.507543  0.008224771     19349.27
        7109   0.01773662      1.50869  0.008729269     19349.86
      7109.2   0.01868157     1.509888   0.01242983     19351.16
      7109.4    0.0196997     1.513323    0.0149665     19353.02
      7109.6   0.02094186     1.517487   0.01948493     19353.89
      7109.8   0.02237016     1.520663   0.02448196     19354.68
        7110   0.02366224     1.525476   0.03246041     19353.62
      7110.2   0.02505628     1.532909   0.04554169     19350.74
      7110.4   0.02711509     1.543455   0.05751964     19349.05
      7110.6   0.02981015     1.557097   0.06918532     19350.44
      7110.8   0.03300187     1.571492   0.08678923     19350.98
        7111   0.03701006     1.588257    0.1025771     19350.46
      7111.2   0.04188696     1.612887    0.1205261     19351.08
      7111.4   0.04767109     1.639158    0.1356746     19349.39
      7111.6   0.05463584     1.667913    0.1433954     19347.64
      7111.8   0.06283081     1.696797    0.1495053     19346.37
        7112   0.07197008     1.727603    0.1511612     19344.89
      7112.2   0.08142003     1.758763    0.1497091     19345.11
      7112.4   0.09067248     1.788842    0.1466944     19344.79
      7112.6   0.09954021     1.816564    0.1336214     19343.14
      7112.8    0.1076557     1.844958    0.1176259     19340.17
        7113    0.1151916      1.86566    0.1068212     19339.68
      7113.2    0.1220753     1.882943   0.09449518     19338.44
      7113.4    0.1284128     1.902021   0.08596629     19335.75
      7113.6    0.1346023     1.920555   0.08218652      19334.2
      7113.8    0.1403864     1.934433   0.07584504     19334.72
        7114    0.1458063     1.948692   0.06627013      19335.1
      7114.2    0.1506943     1.962697   0.06888803     19335.45
      7114.4    0.1548559     1.973571   0.07412209     19335.28
      7114.6     0.158657     1.989543   0.07495309     19336.93
      7114.8    0.1616811      2.00799   0.07008391     19337.94
        7115    0.1642567     2.022659    0.0617817     19340.05
      7115.2    0.1668281     2.029638   0.05217577        19340
      7115.4    0.1690647     2.038969      0.04401      19338.5
      7115.6    0.1711381      2.04973   0.04255578     19336.91
      7115.8    0.1735222     2.057867   0.03330108     19338.14
        7116    0.1763454     2.063682   0.02045989     19338.57
      7116.2    0.1800739     2.065609  0.008334447     19340.48
      7116.4    0.1847511     2.066098  0.001823113     19340.34
      7116.6    0.1902549     2.064535  0.009153735     19338.34
      7116.8    0.1964068     2.065141   0.01387557     19338.58
        7117    0.2035022     2.072932   0.02612209     19339.17
      7117.2    0.2115627     2.077199   0.04446407     19339.14
      7117.4    0.2207913     2.085433   0.05378879     19339.58
      7117.6    0.2310288     2.100712   0.07066241     19338.83
      7117.8    0.2422416     2.115963    0.0749057      19338.2
        7118     0.254523     2.133729   0.07062192     19338.73
      7118.2    0.2683923     2.145357   0.08140035     19339.75
      7118.4    0.2842606      2.15721   0.09275399     19341.61
      7118.6    0.3015713     2.181084    0.1122143     19343.06
      7118.8    0.3200563     2.207932     0.131004        19342
        7119    0.3399828     2.235129    0.1284666     19339.59
      7119.2    0.3621123     2.262013    0.1197902     19339.44
      7119.4    0.3858597     2.283857    0.1108972     19339.71
      7119.6    0.4098178     2.303764    0.1056123      19339.3
      7119.8    0.4345456     2.323846    0.1129176     19339.75
        7120    0.4598425     2.346503    0.1193449     19338.18
      7120.2    0.4844137     2.374191    0.1253665     19336.62
      7120.4    0.5076666      2.39924    0.1317361     19337.14
      7120.6    0.5295535      2.42414    0.1191854     19337.22
      7120.8     0.549765     2.451892    0.1092397     19337.14
        7121    0.5676846     2.469539    0.1184641     19338.98
      7121.2    0.5841786     2.486632     0.117686     19342.05
      7121.4    0.5998377     2.518911    0.1253902     19342.18
      7121.6     0.614649      2.54604    0.1310167     19340.93
      7121.8    0.6287148     2.569852    0.1169642     19337.51
        7122     0.643338     2.591445    0.1153558     19335.75
      7122.2    0.6583997     2.612482    0.1132988     19334.71
      7122.4    0.6733664     2.638325    0.1034239      19335.6
      7122.6    0.6888779     2.660491   0.09288747     19337.46
      7122.8    0.7053258     2.674184   0.09634199     19338.09
        7123    0.7224676     2.686792   0.07209743     19336.61
      7123.2    0.7397387     2.715399   0.05462138     19332.37
      7123.4    0.7574539     2.718169   0.05703163     19330.73
      7123.6    0.7762783     2.717881   0.05015978     19329.93
      7123.8     0.794736     2.732417   0.04761489      19328.7
        7124    0.8127828     2.755527   0.05508828      19327.5
      7124.2    0.8303018      2.75626   0.04594275     19327.47
      7124.4    0.8478954     2.761952   0.03747106     19327.42
      7124.6    0.8649195     2.769172   0.05272314     19328.15
      7124.8    0.8806228     2.785503   0.06641049     19329.58
        7125    0.8956982     2.798439   0.05103472     19329.57
      7125.2    0.9100156      2.81508  0.007490983     19328.91
      7125.4    0.9233481     2.809999   0.00481286     19328.55
      7125.6    0.9357768     2.791496   0.00604891     19328.97
      7125.8    0.9479681     2.802289   0.02949927     19328.03
        7126    0.9601632     2.819919   0.06013008     19325.46
      7126.2    0.9720669     2.833599    0.1026951     19325.07
      7126.4    0.9838552       2.8396    0.1257478     19326.12
      7126.6    0.9958074     2.884445    0.1251442     19326.03
      7126.8     1.008051     2.920517    0.1062221     19323.83
        7127     1.020049     2.933714   0.04544904     19322.19
      7127.2     1.032218     2.924578   0.01339203     19322.12
      7127.4     1.045344     2.920805  -0.01027677     19321.77
      7127.6     1.059492     2.931231 -0.005158979     19321.33
      7127.8     1.073576     2.925493   0.01077464     19320.73
        7128     1.087712     2.920451   0.02548758     19320.52
      7128.2     1.102836     2.929424  0.009637636     19320.36
      7128.4     1.117541     2.951621  -0.01043884      19319.9
      7128.6     1.131901     2.933203   -0.0174527     19319.46
      7128.8     1.146108       2.9121  -0.05643035     19317.77
        7129      1.15911     2.915462  -0.07377383     19317.08
      7129.2     1.171061     2.906477  0.005628634     19317.86
      7129.4      1.18152     2.874184    0.1905779     19317.88
      7129.6     1.190412     2.916603    0.3360617     19316.51
      7129.8     1.198263     3.067924    0.3809822      19316.8
        7130     1.204681     3.175326    0.2877322      19319.5
      7130.2     1.209228      3.17897   0.06269637     19318.45
      7130.4     1.212759     3.146788  -0.08004571     19315.77
      7130.6     1.215014     3.118082   -0.1053745     19314.54
      7130.8      1.21646      3.11129  -0.02472477     19311.34
        7131     1.217318      3.09467   0.06531672     19310.47
      7131.2     1.217248     3.127009    0.0622179     19310.34
      7131.4     1.217278     3.170335   0.07112596     19309.25
      7131.6     1.217476     3.161064 -0.002564852     19307.08
      7131.8     1.217347     3.151571  -0.09243642        19306
        7132      1.21669     3.124957   -0.1021039     19304.74
      7132.2     1.216549     3.096386  -0.09196196      19303.9
      7132.4     1.216032     3.079381   -0.1068766     19304.41
      7132.6     1.214956     3.078001    -0.151956     19304.86
      7132.8     1.213322     3.039455   -0.1575938     19304.58
        7133     1.210389     2.974821  -0.06436704     19303.69
      7133.2      1.20635     2.953306   0.06897735     19303.66
      7133.4     1.202263     3.026508    0.1189145     19304.32
      7133.6      1.19701     3.094637    0.1335476     19303.65
      7133.8     1.190716     3.069953   0.02106523     19304.25
        7134     1.184521     3.060144   -0.1235858     19304.65
      7134.2     1.178031      3.04336    -0.112831     19306.96
      7134.4     1.171255     2.995769  -0.09049583     19309.66
      7134.6      1.16421     2.979688   -0.1064634     19309.72
      7134.8     1.156745     2.987747  -0.09559086     19310.35
        7135     1.149244     2.958189  -0.02367904     19314.26
      7135.2        1.142     2.919296  0.003217194     19317.91
      7135.4     1.134935     2.960745 -0.004671942     19317.68
      7135.6     1.127777     2.990321   0.03844089     19316.59
      7135.8     1.120462     2.954451   0.01386114     19316.83
        7136      1.11355     2.950049  -0.01821249     19317.79
      7136.2     1.107569     2.971833  0.003239132     19319.38
      7136.4     1.101667     2.975751  -0.01669643     19318.88
      7136.6     1.095907     2.957043  -0.08065623      19317.3
      7136.8     1.091005     2.936691   -0.1218629     19314.25
        7137     1.085976     2.907308   -0.1526821     19304.47
      7137.2     1.081267     2.878261   -0.1577217      19289.4
      7137.4     1.077162     2.834897   -0.1010467      19265.1
      7137.6     1.073786     2.810514   0.03173989     19231.55
      7137.8     1.070497     2.826471    0.1930122      19191.7
        7138     1.067117     2.903653    0.2499531     19147.34
      7138.2     1.063814     2.989307    0.2285003     19111.36
      7138.4     1.060255     3.010477   0.08023071     19088.77
      7138.6     1.056957     3.009271  -0.04218124     19079.66
      7138.8     1.054385     2.967837  -0.05799843     19085.25
        7139     1.051778     2.955562  -0.04196633     19102.06
      7139.2     1.049542     2.964078   0.01889344     19129.09
      7139.4     1.048091     2.975698   0.03759843     19158.96
      7139.6     1.046391     2.982952  -0.01389067     19186.99
      7139.8     1.044921     2.985641  -0.02175857      19214.3
        7140     1.044238     2.952965   0.02065117     19242.56
      7140.2     1.043401     2.958291   0.06398222     19268.34
      7140.4     1.042928     2.999473   0.06371538     19288.61
      7140.6     1.042424     3.036826   0.03464184     19301.14
      7140.8     1.041711     3.003938   0.00344392     19310.34
        7141     1.041102     2.986005 -0.009946706     19314.83
      7141.2     1.040509     3.002228    0.0193304     19315.76
      7141.4     1.039601     3.028869   0.03858209     19312.23
      7141.6      1.03875     3.019402   0.03541376     19302.86
      7141.8     1.037989     3.016871  -0.01489958     19284.72
        7142     1.037175     3.030559  -0.02321274     19255.82
      7142.2     1.036322     3.016949  -0.02367968     19217.14
      7142.4     1.035465     3.000832  -0.03488251     19173.86
      7142.6     1.034719     2.997927  -0.02219399      19132.6
      7142.8     1.033887     3.002653 -0.002149389      19097.9
        7143     1.032671     2.999194  0.005550946     19076.68
      7143.2     1.031435     2.999112  -0.01885644     19072.89
      7143.4     1.030275     3.002368  -0.03930963     19084.47
      7143.6     1.028986     2.987568  -0.08410386     19111.27
      7143.8     1.027873     2.967746   -0.0886935     19150.73
        7144     1.027205     2.931829   -0.0248716     19195.42
      7144.2     1.026842     2.931413  0.009445097     19236.59
      7144.4     1.026206     2.967671   0.03943906     19269.24
      7144.6     1.025519     2.975303   0.03863344     19293.52
      7144.8     1.024581      2.96338 -0.001320508     19307.42
        7145     1.023523     2.962319  -0.03877977     19319.02
      7145.2     1.022065     2.966614  -0.03652446     19326.56
      7145.4     1.020506     2.944279  -0.02374844     19332.07
      7145.6     1.019058     2.934161   0.01006585      19337.8
      7145.8     1.017519     2.943321   0.02569034      19340.7
        7146     1.015945     2.974667   -0.0122597      19344.5
      7146.2     1.014254     2.964831  -0.02840251     19346.88
      7146.4     1.012574     2.924353  -0.05963643     19350.96
      7146.6     1.010137     2.920599  -0.02395302     19353.51
      7146.8     1.007621     2.926958   0.04796783     19354.13
        7147     1.005488     2.945669   0.05084399     19356.72
      7147.2      1.00299     2.962727   0.07434088     19360.14
      7147.4     1.000348     2.961274   0.06167512     19360.11
      7147.6     0.997642      2.98643   0.04177066     19360.17
      7147.8    0.9943301     2.995009   0.06853317     19361.34
        7148    0.9909722     2.996144   0.04256906     19362.05
      7148.2    0.9879012       3.0161   0.03679414     19364.44
      7148.4    0.9846562     3.020486   0.04858712     19365.84
      7148.6    0.9814284     3.024444   0.02482273     19366.64
      7148.8     0.977986     3.035014   0.02473122     19369.76
        7149    0.9742408     3.035959   0.01157871     19371.67
      7149.2    0.9705536     3.040271 -0.007216152     19373.22
      7149.4    0.9676098     3.033707  0.003054041     19374.85
      7149.6     0.965105     3.029241   -0.0165421      19376.7
      7149.8    0.9622122     3.038402  -0.02549289      19378.6
        7150    0.9589936     3.027037  -0.01371299     19379.12
      7150.2    0.9559768     3.013313   0.01442703     19380.27
      7150.4    0.9532964      3.01827   0.09799318     19381.52
      7150.6    0.9508541     3.049944    0.1414814     19382.36
      7150.8    0.9490121     3.105432    0.1186303     19383.39
        7151    0.9471268     3.126498   0.04687815     19384.34
      7151.2     0.944897     3.113174   -0.0662566     19383.56
      7151.4    0.9424417     3.087446  -0.09764625     19383.19
      7151.6    0.9402607     3.052426  -0.06137978     19384.21
      7151.8     0.938286     3.048381  -0.06250301      19386.7
        7152    0.9365368     3.064071  -0.01225769     19388.68
      7152.2    0.9354796     3.037444   0.02032341     19388.68
      7152.4    0.9344175      3.04262   0.02544088     19388.15
      7152.6    0.9337727     3.064639   0.06924542     19390.64
      7152.8    0.9327225     3.084423   0.08417869     19392.94
        7153    0.9314894      3.09284   0.03356145     19392.06
      7153.2    0.9305888     3.109963  -0.02723605     19391.54
      7153.4    0.9300971     3.091489  -0.03412572        19394
      7153.6     0.930195     3.062635   -0.0528223     19396.41
      7153.8    0.9306981     3.065539  -0.04617631     19397.32
        7154    0.9309573     3.067705  -0.02979796     19396.49
      7154.2    0.9310793     3.054548  -0.04076303     19397.01
      7154.4    0.9315313     3.038796  -0.03641322     19398.89
      7154.6    0.9321256     3.032929  -0.04258671     19399.63
      7154.8    0.9324492     3.038575   -0.0393083     19401.33
        7155    0.9329997     3.020478 -0.009551493     19404.51
      7155.2    0.9341661     3.007349  -0.01636378     19405.55
      7155.4    0.9357358     3.025288   0.01032736     19404.36
      7155.6    0.9370562     3.025484   0.06891258     19404.89
      7155.8    0.9383338      3.02874   0.07114703     19407.43
        7156    0.9392661      3.06248   0.06490096      19407.7
      7156.2    0.9397589     3.082205    0.0745756     19407.88
      7156.4    0.9406157     3.077404    0.0516969     19410.21
      7156.6    0.9415054     3.088401    0.0023062     19411.55
      7156.8     0.942432     3.103837 -0.005988286     19413.16
        7157    0.9436579      3.08405  -0.01364159     19414.46
      7157.2    0.9451075     3.072614  -0.03878813        19414
      7157.4    0.9467823     3.077487  -0.03747854     19414.48
      7157.6    0.9481946     3.072807  -0.04990264     19415.79
      7157.8    0.9492253     3.054068   -0.0602903     19414.59
        7158     0.950058     3.032692  -0.04672511     19413.98
      7158.2    0.9506211     3.029255   0.01779881     19415.44
      7158.4    0.9516191     3.035426   0.06551167     19415.32
      7158.6    0.9527153     3.068307    0.0184314     19415.92
      7158.8    0.9538365     3.085101 -0.004195905     19417.19
        7159    0.9551564        3.044  -0.03919185     19417.72
      7159.2    0.9565694      3.03207  -0.03465667      19418.1
      7159.4    0.9573042     3.036953   0.01303256     19417.06
      7159.6    0.9576272     3.057376   0.02779586     19417.43
      7159.8    0.9582423     3.054426   0.03654056     19419.29
        7160    0.9589091     3.054306   0.03791426     19420.69
      7160.2    0.9598667     3.066186   0.06201532     19422.38
      7160.4    0.9606606     3.087707   0.04433343     19423.62
      7160.6    0.9615313     3.104038   0.02853378     19424.34
      7160.8    0.9625386     3.089773  -0.01576933     19425.25
        7161    0.9633796     3.089013  -0.07516773     19426.38
      7161.2    0.9640396     3.075092  -0.05683517     19427.08
      7161.4    0.9645498     3.043904  -0.06103314     19427.74
      7161.6    0.9651502     3.044305  -0.05483635     19428.44
      7161.8    0.9658079     3.040186  -0.03064298     19426.99
        7162      0.96652     3.031223  -0.04528101     19425.53
      7162.2    0.9669703      3.01939  -0.02144548     19427.42
      7162.4    0.9671672      3.00808 -0.0003492057     19428.17
      7162.6    0.9675472      3.02303  0.001965013     19426.87
      7162.8     0.968118     3.030943  0.007623116     19429.29
        7163    0.9687197     3.020962   0.02190199     19431.77
      7163.2     0.968861     3.014179 -0.001817242     19430.85
      7163.4    0.9690925     3.040551  -0.03944857     19432.25
      7163.6    0.9695259     3.029489  -0.02244671      19434.3
      7163.8    0.9701239     2.989403  -0.02690341     19433.86
        7164    0.9708142     2.996221   0.01943864     19432.12
      7164.2    0.9713244     3.019029   0.07441317     19432.42
      7164.4    0.9719594      3.04504    0.0427717     19432.76
      7164.6    0.9722319     3.048934   0.02877939     19432.26
      7164.8    0.9726888     3.030439 -0.0006671585     19433.27
        7165    0.9730822     3.042052   0.02386129     19434.28
      7165.2     0.973871     3.044507   0.01420999        19434
      7165.4    0.9744338     3.068023  -0.04321805     19434.04
      7165.6    0.9753175     3.041807  -0.05787203     19435.55
      7165.8    0.9763663     3.007478  -0.05447507     19437.58
        7166    0.9767566     2.998209 0.0002869508      19435.9
      7166.2    0.9769291     3.024443   0.04682712     19435.79
      7166.4    0.9775532     3.042036   0.03616585     19436.31
      7166.6    0.9779784     3.044939 -0.002330805     19436.12
      7166.8     0.978635     3.027142  -0.02915337     19435.47
        7167    0.9794699     3.022578  -0.04549615      19435.3
      7167.2    0.9805086     3.018714  -0.02465314      19436.1
      7167.4     0.981814     3.008542  -0.02096274     19438.61
      7167.6    0.9830009     3.007419 -0.0009422411     19439.94
      7167.8    0.9839584     3.005808   0.03337672     19439.39
        7168    0.9846069      3.01796   0.02045795     19440.02
      7168.2    0.9851154     3.035244 -0.001602783      19440.9
      7168.4    0.9856734     3.023785  -0.01292062     19441.55
      7168.6    0.9865009     3.004526  -0.03373685     19442.17
      7168.8    0.9874844     3.007623  -0.02488614     19442.79
        7169    0.9879799     3.008254   0.02745914     19443.73
      7169.2    0.9885578     3.003877   0.03042157      19442.9
      7169.4    0.9895168     3.026493  0.003217666     19442.95
      7169.6    0.9903042     3.031961   0.04575299     19445.12
      7169.8    0.9907639     3.010828   0.04694008     19445.79
        7170    0.9912215     3.040479 -0.009412606     19445.68
      7170.2    0.9919962     3.064045  -0.01246532     19446.63
      7170.4    0.9929485      3.02443  -0.07366674     19447.06
      7170.6    0.9936806     3.000856    -0.145115     19447.22
      7170.8    0.9944521     2.981546  -0.08078207     19446.91
        7171    0.9955121     2.947953  -0.03581254     19446.53
      7171.2    0.9965538     2.959805  0.001322269     19448.52
      7171.4    0.9972402     2.972206   0.05666169     19448.76
      7171.6    0.9979069     2.982603   0.05611832     19449.91
      7171.8    0.9988163     2.993282   0.01067456     19451.35
        7172     0.999983     3.004699  -0.02197291     19452.29
      7172.2     1.000659     2.980746  -0.04881706     19452.25
      7172.4     1.001265     2.965025  -0.07623451     19452.52
      7172.6      1.00172     2.954229  -0.03166018     19451.34
      7172.8     1.001949     2.943712   0.01445716     19450.92
        7173     1.002132     2.955418   0.04257758     19452.03
      7173.2     1.002713     2.976591   0.03481868     19451.94
      7173.4     1.003467     2.988291 -0.001293906      19453.2
      7173.6     1.003969     2.971567  -0.01632891     19455.42
      7173.8     1.004375     2.954382  -0.02341693     19456.12
        7174     1.004834     2.963528 -0.0004863308     19456.92
      7174.2      1.00569     2.969557   0.01900493     19459.54
      7174.4     1.006304     2.971178 -0.009159258     19462.75
      7174.6      1.00643     2.969586  -0.04567935     19462.83
      7174.8     1.006586       2.9562  -0.05720561     19462.97
        7175     1.006978     2.933014  -0.03046475     19462.76
      7175.2     1.007187     2.925413 -0.004109107     19461.76
      7175.4     1.007536     2.945215   0.02208536     19463.33
      7175.6     1.007989     2.952913  -0.01346294     19463.37
      7175.8     1.008509     2.950682  -0.06320121      19463.6
        7176     1.009157     2.914643  -0.05746706     19464.86
      7176.2     1.009051     2.894654  -0.06159929     19467.03
      7176.4     1.008653     2.906939  -0.02184162     19467.28
      7176.6     1.008609     2.901402  0.002517755     19466.65
      7176.8     1.008209      2.89717  -0.01597743     19467.08
        7177     1.008389     2.896668 -0.006892714      19466.1
      7177.2     1.008906     2.894157  -0.02057344     19466.07
      7177.4     1.009228     2.895888  -0.05180007     19466.36
      7177.6     1.009526     2.880711  -0.05473742     19467.63
      7177.8     1.009753     2.855228  -0.02494309     19469.25
        7178     1.009659     2.850367   0.01008285     19471.15
      7178.2     1.009424     2.875934   0.02513395     19472.49
      7178.4     1.009343     2.888777   0.01837796     19474.59
      7178.6     1.009019     2.875335 -0.003031389     19475.07
      7178.8     1.008669      2.86507  0.003791773      19472.8
        7179     1.008626     2.873509   0.01760444     19473.13
      7179.2     1.008781     2.891811   0.03035157      19476.8
      7179.4      1.00919     2.889419   0.03602594     19479.56
      7179.6     1.009184     2.889351 -0.007252014     19478.01
      7179.8     1.008802     2.902329  -0.02368017     19476.51
        7180     1.008429     2.886009 -0.009290532     19475.84
      7180.2     1.008395     2.870474   -0.0316931      19475.5
      7180.4     1.008892     2.881919  -0.01400508     19478.47
      7180.6     1.009167     2.876975  0.009866388     19478.47
      7180.8     1.009243     2.874805  -0.04694381     19479.16
        7181     1.009605     2.878368  -0.06389927     19479.81
      7181.2     1.010147     2.844364  -0.03569312     19480.08
      7181.4      1.01048     2.825856  0.008714777     19482.27
      7181.6     1.010303      2.84625   0.07463075     19485.17
      7181.8     1.009967     2.885339   0.07899577     19486.21
        7182     1.009942     2.904068   0.02768029     19485.63
      7182.2     1.010106     2.889052  -0.02715583     19486.19
      7182.4     1.010442     2.868395  -0.04260857     19488.91
      7182.6     1.011303     2.863615   -0.0193768     19490.36
      7182.8     1.012284     2.869981 -0.002741307     19490.26
        7183     1.012622     2.873551 -0.004820338     19489.49
      7183.2      1.01256     2.866202  -0.01019382     19490.33
      7183.4     1.012336     2.859758  -0.03029123     19491.45
      7183.6     1.011929     2.861826  -0.02754661     19490.88
      7183.8     1.011896     2.849318  -0.00528028     19491.77
        7184     1.012287     2.844164 -0.008788302     19494.42
      7184.2     1.012653     2.855534  0.002567474     19495.27
      7184.4     1.013001     2.854796  0.006119863     19494.72
      7184.6     1.012891     2.851372  0.005572213     19496.05
      7184.8     1.012399      2.84906 -0.004978761     19498.08
        7185     1.012424     2.859992  0.008460648      19497.1
      7185.2     1.012708     2.850813   0.03300354      19496.2
      7185.4      1.01318      2.85814   0.01557932     19498.08
      7185.6     1.013351     2.875463    0.0404405     19497.86
      7185.8     1.013537     2.872455   0.02506252     19498.57
        7186     1.014037     2.883165   0.01657825     19498.33
      7186.2     1.014404      2.87819   0.04310685     19499.85
      7186.4     1.014752     2.888726  0.008384406     19501.42
      7186.6     1.015037     2.906941  0.008039921      19503.8
      7186.8     1.015185     2.889873   0.03300036     19504.01
        7187     1.015028     2.884622   0.02132963     19505.75
      7187.2     1.014935     2.915126   0.02561619     19509.72
      7187.4     1.014672     2.924005   0.02868559     19509.85
      7187.6     1.014279     2.910366  -0.01044202     19508.07
      7187.8      1.01412     2.907571  -0.01739622     19507.55
        7188     1.014047     2.906772 0.0003209489     19506.53
      7188.2     1.014236     2.910088  -0.01283306     19506.95
      7188.4     1.014716     2.910622   0.01665294     19508.67
      7188.6     1.014678     2.897304   0.05123562     19508.86
      7188.8     1.014475     2.920095   0.02695066     19509.38
        7189      1.01452     2.951076   0.03428444      19510.5
      7189.2     1.014543     2.932183   0.02228349     19512.56
      7189.4     1.014715     2.924732 -0.004203495     19515.55
      7189.6     1.014734     2.937921   0.02038121     19516.09
      7189.8     1.014932     2.947713   0.01822579     19516.13
        7190     1.015161     2.948488   0.02077281     19516.52
      7190.2     1.014997     2.939312   0.03362727      19518.1
      7190.4     1.014723      2.95454   0.04484443     19518.96
      7190.6     1.014469     2.974615   0.08080203     19519.98
      7190.8     1.014147     2.984363   0.08856648     19522.13
        7191     1.013777     3.003954   0.02423815     19521.06
      7191.2     1.013729     3.025393  -0.04523569     19519.59
      7191.4     1.013585     2.994006  -0.03266958     19519.76
      7191.6     1.013697     2.948175  -0.04019259      19520.8
      7191.8     1.014112     2.977818  0.009221817     19523.93
        7192      1.01383     2.993239   0.06647717     19523.56
      7192.2     1.013603     3.001383  0.004989985     19523.25
      7192.4     1.013716     3.001356  -0.03810841     19524.71
      7192.6      1.01399      2.98181   -0.0343246     19525.06
      7192.8     1.014427     2.962752 -0.003462398     19524.19
        7193     1.014776     2.973923   0.04137765     19525.13
      7193.2     1.014677     2.998587   0.07054064     19526.89
      7193.4       1.0143     3.014913   0.06438717     19528.29
      7193.6     1.014143     3.019185   0.04554167     19530.09
      7193.8     1.014434     3.025433 -0.0004844573     19532.45
        7194     1.014663      3.03502  -0.03352439     19533.57
      7194.2     1.014447     3.014525  -0.05480475     19531.97
      7194.4     1.014428     2.992365  -0.08267534     19532.39
      7194.6     1.014513     2.981589  -0.05534067     19534.54
      7194.8     1.014669      2.96888  0.008748606     19534.68
        7195     1.015234     2.970252  0.003461895     19535.09
      7195.2      1.01537     2.999364  -0.02414381     19537.26
      7195.4     1.015285     2.984359  -0.02021349     19538.69
      7195.6      1.01556     2.949565 -0.006744738     19538.74
      7195.8     1.015703     2.954082   0.03238591     19539.66
        7196     1.015933     2.993968   0.08199487     19541.97
      7196.2     1.015997     3.010268   0.04892962     19540.27
      7196.4     1.016113      3.01516  -0.04834824     19540.15
      7196.6     1.016331     2.993225  -0.07987766     19542.17
      7196.8     1.016366      2.95529  -0.07951235     19542.21
        7197     1.016435     2.946365  -0.04863527     19542.79
      7197.2     1.016491     2.951551 -0.007910124      19544.4
      7197.4     1.016538     2.954317  -0.01094211     19545.23
      7197.6      1.01665     2.948961  -0.01806307     19547.33
      7197.8     1.016541     2.937612 -0.001037096     19550.83
        7198     1.016827       2.9371   0.03257003     19552.23
      7198.2     1.017519     2.953487   0.04158553     19552.13
      7198.4     1.017879     2.975017  -0.01803431     19552.71
      7198.6     1.017948      2.97088  -0.07831627     19551.77
      7198.8     1.017668     2.922673  -0.07303596     19551.39
        7199     1.017344     2.890834  -0.05064888     19553.86
      7199.2     1.017325     2.916589   0.01164632     19554.06
      7199.4     1.017732     2.930361   0.04877166     19553.93
      7199.6     1.018069      2.93199  -0.02584059     19554.94
      7199.8      1.01817     2.929852  -0.04946819     19557.11
        7200     1.018223     2.895916  -0.03020024     19558.16
      7200.2     1.018231     2.890787  -0.03225835     19558.67
      7200.4     1.018627      2.90783  0.005914588     19562.06
      7200.6     1.018694     2.904045   0.04506204     19562.99
      7200.8     1.018694     2.900648   0.05702265     19562.62
        7201     1.018497     2.926836  0.003336523      19562.6
      7201.2     1.018383     2.953448  -0.03980708     19563.94
      7201.4     1.018301     2.906714  -0.05785799     19564.57
      7201.6      1.01814     2.868802  -0.09159137     19565.15
      7201.8     1.018366      2.88055  -0.04136485      19566.3
        7202     1.018831     2.880175  0.009981549      19567.8
      7202.2     1.019083     2.873622 -0.002918663     19568.29
      7202.4      1.01933     2.876787 -0.006147018     19567.86
      7202.6     1.019431     2.878215 -0.009266384     19568.35
      7202.8     1.019422     2.875257 -0.008801731     19569.75
        7203     1.019256     2.866209 -3.247114e-05     19570.57
      7203.2     1.018939     2.869746 0.0004621336     19571.83
      7203.4     1.019035     2.878189   0.01273311     19575.12
      7203.6     1.019055     2.875627 0.0008842231     19577.07
      7203.8     1.019019     2.876396  -0.02365771     19576.34
        7204     1.018668     2.870453  -0.02642525     19575.55
      7204.2     1.018688     2.859263  -0.05597743     19575.74
      7204.4     1.018871     2.854486   -0.1209315      19575.7
      7204.6     1.019157     2.831614   -0.1064984     19575.29
      7204.8     1.019196     2.773708   -0.1281004     19574.42
        7205     1.019565     2.774064    -0.109557      19576.8
      7205.2     1.019539     2.752006  -0.01049218     19576.98
      7205.4     1.019521     2.743968   -0.0121601     19577.33
      7205.6     1.019704     2.765315   0.01765336     19578.47
      7205.8     1.019753     2.764336   0.04200506     19579.75
        7206     1.019756     2.766129   0.03670698     19580.86
      7206.2     1.019911     2.777572   0.05464741     19579.93
      7206.4     1.019756      2.79468    0.0518393        19580
      7206.6     1.019477     2.808054   0.02782451     19581.21
      7206.8     1.019676       2.8076   0.01710153     19582.34
        7207     1.019966     2.799832   0.01459326      19584.4
      7207.2         1.02     2.808361   -0.0220998     19585.21
      7207.4     1.019884     2.819728  -0.04626042      19584.4
      7207.6     1.019665      2.78992  -0.05391349     19584.64
      7207.8     1.019313     2.762824  -0.07353194      19585.6
        7208     1.019023     2.765231  -0.06132324     19586.25
      7208.2     1.019384     2.760903  -0.03771136     19587.65
      7208.4     1.019756     2.740862   -0.0172889     19589.01
      7208.6     1.020116     2.732654   0.01209312     19590.25
      7208.8     1.020139     2.751399   0.04693335      19591.9
        7209     1.019944     2.770577   0.07559734     19592.12
      7209.2      1.01966     2.778409   0.04815561     19592.46
      7209.4     1.019701     2.793132   0.03044728     19594.96
      7209.6     1.019423     2.789924   0.02639524     19596.88
      7209.8     1.019323     2.794935  0.009227436     19595.37
        7210     1.019383     2.799525   0.02375518     19594.78
      7210.2     1.019468     2.800514   0.02183996     19597.25
      7210.4     1.019015     2.808928   0.01654784     19596.58
      7210.6     1.018631     2.812407   0.04048418     19595.81
      7210.8     1.018796     2.812763   0.04462789     19597.39
        7211     1.018927     2.832902   0.03575995     19598.51
      7211.2      1.01914      2.84463   0.04702158     19597.71
      7211.4     1.019346     2.841015   0.01726597     19597.65
      7211.6     1.018963      2.85038  -0.01660121     19599.55
      7211.8     1.018253     2.846714  -0.01311053     19601.87
        7212     1.017627     2.831349 -0.006675535     19603.23
      7212.2      1.01742     2.830527   0.02375679     19601.57
      7212.4     1.017643      2.84504   0.05686544     19603.93
      7212.6     1.017742      2.86572   0.07779456        19606
      7212.8     1.017544     2.876842    0.0829288      19605.7
        7213     1.017102     2.892762   0.04462235     19607.54
      7213.2     1.016619     2.911383   0.02520791     19608.21
      7213.4     1.016264     2.901418   0.01585885     19607.07
      7213.6     1.016012     2.897008   0.02886215     19606.89
      7213.8     1.016019     2.905449   0.08073135      19608.4
        7214     1.015708     2.934473    0.1039889     19609.44
      7214.2     1.015113     2.966003    0.1072071     19609.13
      7214.4     1.014273     2.980199   0.07087001     19611.08
      7214.6     1.013765     2.991215   0.03114135     19612.64
      7214.8     1.013972     2.991169   0.01363399     19614.14
        7215     1.014212     2.990916 -0.002102084     19612.88
      7215.2     1.014064     2.991106  0.007320288     19611.23
      7215.4     1.013506     2.989534   0.03491265     19611.77
      7215.6     1.012953     2.997025   0.04810742     19611.52
      7215.8     1.012577     3.018846   0.02019629     19612.86
        7216     1.012015     3.029592   0.03565069     19614.58
      7216.2     1.011622     3.005691   0.04731424     19615.69
      7216.4     1.011256     3.025545  0.009707208     19617.56
      7216.6     1.010945     3.056697   0.02772707     19617.75
      7216.8     1.011046     3.037358   0.03734321        19619
        7217     1.011172     3.027872   0.02502882     19621.29
      7217.2     1.010969      3.05542    0.0352498     19621.11
      7217.4     1.010798      3.07672   0.05071153     19620.81
      7217.6     1.010556     3.065558   0.03996984     19621.43
      7217.8     1.010296     3.068441   0.04845394     19621.99
        7218     1.010069     3.087396    0.1068127      19621.9
      7218.2     1.010074     3.115484    0.1056684     19623.81
      7218.4     1.009692     3.151008   0.06509016     19625.13
      7218.6      1.00946     3.152976   0.04088144     19623.47
      7218.8      1.00946     3.139468   0.02474262     19625.49
        7219     1.009144     3.148189   0.01809044     19625.45
      7219.2     1.008787     3.170802  0.006410024     19624.29
      7219.4      1.00864     3.167449 -0.007874299     19627.47
      7219.6      1.00838     3.144596  -0.04311277     19629.71
      7219.8     1.007963     3.141889  -0.07195733     19630.29
        7220     1.007774     3.136312  -0.06152513     19631.56
      7220.2     1.007919     3.109883   -0.0419193     19632.83
      7220.4     1.008184     3.095376  -0.03236645     19633.57
      7220.6     1.008173     3.108354  -0.02238779     19634.83
      7220.8      1.00765     3.110419  -0.01432113     19632.45
        7221     1.007286     3.091972  -0.04263851     19631.91
      7221.2     1.007168     3.083919  -0.05408166     19634.63
      7221.4     1.007031     3.074243   -0.0015921     19635.15
      7221.6     1.006809     3.067154    0.0411151     19635.68
      7221.8     1.006131     3.090699   0.05945768     19634.97
        7222     1.005791     3.116811   0.05734294     19637.81
      7222.2     1.005774     3.121809   0.04648331     19641.19
      7222.4     1.005746     3.113028   0.01928152        19642
      7222.6      1.00562     3.127885   0.02498604     19643.44
      7222.8     1.005254     3.132236   0.08542432     19645.53
        7223     1.005091     3.141798   0.08191063     19646.23
      7223.2     1.004933     3.181367   0.03090359     19645.13
      7223.4     1.004684     3.193414  -0.01862775     19644.48
      7223.6       1.0045     3.156959  -0.05896983     19645.34
      7223.8     1.004184     3.126896  -0.04981612     19646.63
        7224     1.003975     3.134191  -0.02017901     19647.84
      7224.2     1.003829     3.153561  -0.04273941     19647.97
      7224.4     1.003632     3.140816   -0.0588536      19649.1
      7224.6      1.00324     3.092704  -0.08755133      19650.5
      7224.8     1.003031     3.087109   -0.1172448     19651.09
        7225     1.002879      3.08352  -0.06460896     19653.62
      7225.2     1.002629      3.04702  -0.03798928     19653.63
      7225.4     1.002699     3.041017  -0.05217651     19654.87
      7225.6     1.002544     3.056717  -0.02010894      19654.2
      7225.8     1.001767     3.041779   0.00241747      19652.4
        7226     1.001639     3.030933  -0.04112491     19653.34
      7226.2     1.001909     3.042951  -0.05026543     19654.79
      7226.4     1.001459     3.023817  -0.03247277     19653.74
      7226.6     1.001091     3.001566  -0.04020526      19654.3
      7226.8     1.000961     3.004955  -0.02410166     19655.68
        7227     1.000747     3.010787   0.00687917     19656.11
      7227.2     1.000579     3.004536   0.01963857     19656.37
      7227.4     1.000375      3.00707 -0.0007374388     19656.16
      7227.6     1.000185     3.020666  -0.02257877     19656.55
      7227.8    0.9996265     3.010197  -0.04732633     19657.23
        7228    0.9987253     2.986473   -0.0847037     19657.56
      7228.2     0.998403     2.969209  -0.07384827     19659.32
      7228.4    0.9982809     2.952903  -0.04568897     19661.84
      7228.6    0.9980568     2.951118  -0.03923377     19662.93
      7228.8     0.997864     2.949922  -0.02877442     19662.46
        7229    0.9978485     2.937822  -0.04645603     19664.01
      7229.2     0.998157     2.929883  -0.06889295     19665.93
      7229.4    0.9977257     2.913954  -0.04916547     19666.11
      7229.6    0.9973198     2.894807  -0.03617773     19665.06
      7229.8    0.9965961     2.898489  -0.03994557     19666.24
        7230    0.9957809     2.900941  -0.03061108     19667.64
      7230.2    0.9955318     2.881997 -0.006003178     19669.43
      7230.4    0.9953027     2.870318 -0.0002658485     19669.13
      7230.6    0.9951586     2.893687  0.002129549      19669.6
      7230.8    0.9949729     2.900728 -0.003353436     19669.75
        7231    0.9946074     2.883701  -0.06855479     19668.32
      7231.2    0.9942399     2.867636  -0.09397184     19668.37
      7231.4    0.9938016     2.838843  -0.06732288     19670.39
      7231.6    0.9936116     2.825551  -0.05655768     19672.72
      7231.8    0.9936442     2.829842  -0.02605614     19673.06
        7232    0.9935174      2.82239  -0.01063273     19673.36
      7232.2    0.9932685     2.817998  -0.02245598     19674.09
      7232.4    0.9930077     2.817044   -0.0271396     19675.39
      7232.6    0.9928451     2.811878  -0.02159119     19676.09
      7232.8    0.9929344     2.800678 -0.001538312     19677.27
        7233    0.9926301     2.800725 -0.002504247     19677.29
      7233.2    0.9924873     2.815814   0.01405279      19677.2
      7233.4    0.9921252     2.809874  0.005490561     19676.19
      7233.6    0.9915442      2.81192  -0.02268774     19676.29
      7233.8    0.9912981     2.805118  -0.01736292     19677.55
        7234    0.9912376     2.797664 -0.004983469     19678.03
      7234.2    0.9914324     2.795984  -0.01457603     19678.66
      7234.4    0.9916226     2.807933  -0.02902601     19680.34
      7234.6    0.9913584     2.793457 -0.008112295     19681.38
      7234.8    0.9911062     2.774443  -0.01547064      19680.2
        7235    0.9909979     2.789494  -0.01910117     19678.31
      7235.2    0.9906975     2.795557  -0.02648019     19679.15
      7235.4    0.9904176     2.778176  -0.04163485     19681.35
      7235.6    0.9902156     2.753259  -0.05235692     19681.91
      7235.8    0.9899594     2.756186   -0.0560026     19683.19
        7236    0.9898226     2.753671  -0.01729397     19685.33
      7236.2     0.990096     2.733374  -0.01898659     19686.94
      7236.4    0.9902357     2.739424 -0.004462573      19688.4
      7236.6    0.9905394     2.740997   0.01581183     19692.08
      7236.8    0.9905717     2.750101 -0.002806522     19692.12
        7237    0.9902129     2.746023  -0.02938869     19691.61
      7237.2    0.9901075     2.737178  -0.02932185      19692.3
      7237.4    0.9901689     2.717486  -0.02631109     19693.24
      7237.6    0.9904134     2.726644  -0.04457913     19694.32
      7237.8    0.9903939     2.724974  -0.02645265     19693.62
        7238    0.9902233     2.701515  -0.02750738     19692.99
      7238.2    0.9904863     2.696324   -0.0152511     19694.24
      7238.4    0.9908184     2.704638   0.01476182     19694.17
      7238.6    0.9907666     2.712773    0.0191323     19691.42
      7238.8    0.9909471     2.713324   0.01831815     19689.39
        7239    0.9913124      2.71163   0.01221695     19690.31
      7239.2    0.9911776     2.719292  0.007302864     19692.21
      7239.4    0.9911557     2.722547 0.0005331982     19693.44
      7239.6    0.9911418     2.719167 -0.003245533     19694.85
      7239.8    0.9910878     2.712056  -0.01731766     19695.76
        7240    0.9916868     2.716696   0.01276607     19696.38
      7240.2    0.9919444     2.708693   0.03057599     19697.13
      7240.4     0.992021      2.72938 0.0003162602     19697.15
      7240.6     0.991772     2.736517  0.006004905     19698.52
      7240.8    0.9916062     2.716949 -0.006443025     19698.63
        7241    0.9914037     2.713497 -0.008859566      19699.6
      7241.2    0.9916672     2.724225  0.009855074     19702.35
      7241.4     0.991781     2.729429   0.01918785     19702.49
      7241.6    0.9917881     2.724833   0.01752964     19704.34
      7241.8    0.9923891     2.728847  0.005214221     19707.29
        7242      0.99298     2.738249 0.0009314305     19707.77
      7242.2     0.992867     2.733601 -0.007771454      19707.4
      7242.4    0.9926783     2.725578  -0.02266278     19706.85
      7242.6    0.9928645      2.72263  -0.01589158     19705.52
      7242.8    0.9932185     2.720119 -0.007327132     19705.51
        7243    0.9936399     2.720887 -0.002943048     19709.12
      7243.2    0.9937853     2.719716   0.01230571     19710.09
      7243.4    0.9942079     2.720275   0.02442594     19709.81
      7243.6    0.9945868     2.729963   0.02270618     19709.58
      7243.8    0.9945333     2.740428   0.03232953     19709.26
        7244    0.9944837     2.737881   0.04550666     19710.76
      7244.2    0.9948138     2.746139   0.02797131     19710.12
      7244.4    0.9944818     2.766369   0.02715426     19710.56
      7244.6     0.994508     2.762805   0.01124289     19714.24
      7244.8    0.9950004     2.759605 -0.001505695     19715.95
        7245    0.9953806     2.755133   0.01449111     19716.04
      7245.2    0.9957688     2.765164  0.008432581     19717.57
      7245.4    0.9959984     2.774398   0.01038224     19717.85
      7245.6    0.9961535     2.766351 -1.948138e-05     19716.18
      7245.8    0.9964583     2.763439 -0.008387666     19716.12
        7246    0.9966064     2.765148 -0.005735595     19715.81
      7246.2    0.9968144     2.767688 -0.007745833     19714.54
      7246.4    0.9972721     2.761762 -0.003706346     19716.29
      7246.6    0.9974863     2.757242  -0.02552738     19718.96
      7246.8    0.9976292     2.762183   -0.0313919     19721.21
        7247    0.9979346     2.747266  -0.01650073     19722.67
      7247.2    0.9980527     2.736649   0.01151729     19725.32
      7247.4    0.9980909     2.744042   0.02341841     19727.33
      7247.6    0.9983579     2.771397   0.03054989     19727.16
      7247.8    0.9982784     2.766001   0.01480067     19725.39
        7248    0.9984521     2.761089  -0.02201032      19723.9
      7248.2    0.9988613     2.755882 -0.001497882     19724.64
      7248.4    0.9993474     2.753789  0.008981855     19725.05
      7248.6    0.9996702     2.764803    0.0191811     19723.83
      7248.8    0.9997903     2.768274   0.02326788     19725.38
        7249     0.999863     2.771227    0.0181165     19728.83
      7249.2    0.9998438     2.772403   0.04303569      19730.3
      7249.4    0.9997203     2.779296   0.04509733     19729.42
      7249.6    0.9995844     2.802703   0.03508237      19729.3
      7249.8    0.9996773     2.807305  0.001660379     19731.16
        7250     1.000114     2.800469  -0.04576781     19730.74
        7252     1.002636     2.777177  -0.01415575     19736.87
        7254     1.005103     2.752978  -0.00959773     19747.44
        7256     1.007673     2.742934  -0.00143356     19754.76
        7258     1.010899      2.74152 -0.0009721153     19760.15
        7260     1.012546     2.765708 -0.000196454     19765.19
        7262     1.014952     2.745201  0.002378914     19772.75
        7264     1.017103     2.741363 -0.001308694     19781.07
        7266     1.017851     2.760551  0.007207484     19788.42
        7268     1.019224     2.755239    0.0080849     19794.55
        7270     1.019194     2.802861  0.008415087     19797.02
        7272     1.019456     2.806042   0.01337646     19807.84
        7274     1.019073     2.827872   0.01312033     19814.03
        7276     1.018807      2.86225  0.006686563     19821.61
        7278     1.018055     2.907824  0.006894189     19828.47
        7280     1.016516     2.859534  0.006464305     19833.22
        7282     1.015566     2.883025  0.001459036     19842.09
        7284     1.014433     2.913965  0.006995213     19851.74
        7286     1.012666     2.919496  0.002777562      19856.2
        7288         1.01     2.915496 -0.004296203     19860.04
        7290     1.008207     2.905246 -0.007760522     19868.59
        7292     1.007338     2.879595  -0.01485102      19875.1
        7294     1.006182     2.857412  -0.01942086     19882.93
        7296     1.005222     2.796688  -0.01823733     19890.06
        7298     1.004342     2.749879  -0.01978481     19898.55
        7300      1.00384     2.733696  -0.01499864     19903.94
        7302     1.003142     2.699134 -0.009680007     19910.59
        7304     1.003376     2.676699  -0.01056291     19918.21
        7306     1.002536     2.672439 -0.007014782     19921.96
        7308      1.00229     2.649193 -0.002244521     19927.12
        7310     1.002366     2.643015 -0.002321578     19934.75
        7312     1.002092     2.658743  0.001597544     19938.47
        7314     1.001803     2.653866 -0.0004957589     19945.27
        7316     1.001834     2.661973 -0.003033382     19950.99
        7318     1.001258     2.639049 -0.001349465     19960.64
        7320     1.001213     2.634476  -0.00217949     19967.71
        7322     1.001854      2.64307 0.0006346502     19973.59
        7324     1.001441     2.644538 0.0002535265     19978.76
        7326     1.001092     2.644126  -0.00272104     19987.08
        7328     1.001125     2.636504 -0.003943957     19991.47
        7330     1.000973     2.621302 -0.003464297      19996.6
        7332       1.0003     2.612986 -0.004959578     20002.24
        7334     1.001149     2.616412 -0.002526123     20009.27
        7336     1.000795     2.596827 -0.001823156     20015.81
        7338     1.000397     2.601093 -0.003166266     20023.95
        7340     1.000672     2.598401  0.002214472     20029.28
        7342     1.000521     2.591082  0.002099807     20033.77
        7344     1.000229     2.614543  0.004339649     20039.01
        7346      1.00035     2.617891  0.009013015     20048.21
        7348     1.001035     2.633118  0.008338569     20058.48
        7350     1.001503     2.663186  0.006878987     20061.81
        7352     1.001128     2.681251    0.0112386     20064.71
        7354    0.9997571     2.672923  0.001601025      20070.6
        7356     1.000017     2.723027  0.001264057     20075.87
        7358    0.9999201     2.675994  0.006129137     20082.94
        7360     1.000402     2.691364 -0.005008549     20091.32
        7362     1.000389     2.721956  0.005111105     20092.77
        7364     1.000015     2.682958 -5.984275e-05      20101.2
        7366     1.000276     2.716883 -0.006202367     20107.96
        7368    0.9999956     2.690885 -0.001766518     20114.11
        7370     0.999855     2.672337 -0.009054622     20121.86
        7372     0.999696     2.668826  -0.00902328     20123.32
        7374     1.000336     2.644446 -0.008307824     20130.24
        7376    0.9998498     2.618699  -0.01144152     20131.86
        7378    0.9997823     2.605875  -0.01346339     20141.14
        7380    0.9993994     2.577294  -0.01122394     20152.76
        7382    0.9996963     2.536739  -0.01170837     20156.78
        7384    0.9993535     2.528907 -0.009656754     20163.82
        7386    0.9989715     2.512208 -0.003256269     20163.38
        7388    0.9988619      2.50004 -0.004321185     20169.96
        7390    0.9986701     2.510689 -0.001521254     20175.63
        7392    0.9986894     2.494338  0.002957089     20179.38
        7394    0.9988633     2.500038 0.0001885347     20185.96
        7396    0.9984851     2.523697  0.001203526     20197.56
        7398    0.9984771     2.512197  0.000724426     20204.27
        7400    0.9982827     2.503966 -0.003788482     20206.26
        7402    0.9979099     2.505833  -0.00287364     20213.05
        7404    0.9974437     2.493389 -0.001627957     20218.48
        7406    0.9974889     2.489208 -0.004783716     20226.11
        7408    0.9975152     2.490942 -0.0002713001     20230.04
        7410     0.997777     2.467564  0.001136356     20234.56
        7412    0.9981238     2.491218 -0.0006975223     20242.75
        7414    0.9978413     2.498299 0.0008172655     20252.27
        7416    0.9971995     2.485362 -0.001972746     20256.62
        7418    0.9971036     2.474102 -0.003814038     20260.92
        7420    0.9971632     2.475436 -0.002743508     20269.17
        7422    0.9973226     2.467787 -0.002736076      20275.3
        7424    0.9968375     2.463414 -0.004627475     20275.63
        7426    0.9965508     2.452213 -0.001935459     20280.95
        7428    0.9971973     2.438417 -0.002036778     20288.13
        7430    0.9967794     2.452303 -0.0009526743     20297.38
        7432    0.9961624      2.44712   0.00123678     20302.43
        7434    0.9965963     2.444592  3.25412e-05     20306.18
        7436    0.9965748     2.448311 -0.0007646763      20310.1
        7438     0.996518     2.452563 0.0008485476     20317.06
        7440     0.995783     2.441003  0.003728437     20324.12
        7442     0.996146      2.45138  0.001333558     20330.54
        7444    0.9966216     2.478138  0.005108176     20334.86
        7446    0.9963711     2.463232  0.003642463     20341.31
        7448    0.9959111     2.481868 0.0002796572     20347.54
        7450    0.9956908      2.48052  0.001817563     20353.28
        7452    0.9957441     2.480376  0.001930654     20359.03
        7454    0.9961948     2.477772 -0.0005867553     20361.77
        7456    0.9962051     2.497313 0.0004524559     20366.19
        7458    0.9960957     2.475826 -0.001213599     20373.83
        7460    0.9960809     2.483995  -0.00272968     20379.16
        7462    0.9959762     2.468063 -0.002531162     20383.85
        7464    0.9960589     2.475476 -0.006094557     20390.04
        7466    0.9960399     2.455576 -0.004286279     20395.48
        7468    0.9960337     2.435239 -0.007521322      20402.8
        7470    0.9956263     2.433773 -0.004705045     20409.52
        7472    0.9953028     2.415305 -0.003412881     20411.43
        7474    0.9951578     2.417936 -0.006334267     20417.34
        7476    0.9958395     2.407936 -0.004261409     20421.78
        7478    0.9956437     2.383099 -0.005613443     20429.03
        7480    0.9954053     2.381214 -0.005596961      20436.2
        7482    0.9948451     2.373028 -0.002225539     20442.29
        7484    0.9946663      2.36316 -0.004016256     20445.05
        7486     0.994782     2.365295 -0.006254336     20448.66
        7488    0.9953225     2.349084 -0.003014716     20452.13
        7490    0.9953283     2.322994 -0.002983094     20458.68
        7492    0.9948457     2.339042 -0.003557763     20462.82
        7494    0.9951209      2.34143 -0.000114552     20467.55
        7496    0.9956189     2.320622 -0.001476428     20476.55
        7498     0.995461     2.322077 -0.001941999     20482.01
        7500     0.995314     2.327231 0.0008443509     20487.06
        7502    0.9954335     2.325894 6.805748e-05     20489.25
        7504     0.995288     2.327377 -0.000747575     20492.76
        7506    0.9956985     2.322622 -0.001130989     20497.53
        7508    0.9951529      2.32125 -0.001205809     20501.11
        7510    0.9950894     2.316846 -0.002578512     20506.63
        7512    0.9953106      2.31773 -0.002007115     20510.26
        7514    0.9949725     2.301994 -0.001441386     20517.97
        7516    0.9950503     2.305193 -0.002396023      20520.3
        7518    0.9952459     2.305315 -0.002098222     20508.74
        7520    0.9947452     2.298562 -0.0009276438     20489.91
        7522    0.9951344     2.285208 -0.001574358     20488.48
        7524    0.9957377     2.297772 -0.000907364      20408.4
        7526    0.9965808      2.29272 0.0003779111     20173.86
        7528    0.9939063     2.291303 -0.001871943     20264.19
        7530    0.9956188     2.288231 -0.0003224298     20226.06
        7532    0.9946563     2.282797  -0.00189483     20351.57
        7534     0.995468     2.290141 -4.780775e-05     20554.84
        7536    0.9949658     2.276144 0.0005558114     20541.69
        7538    0.9956637     2.287849 -0.002144161     20545.81
        7540    0.9953662     2.287243 -0.003405014     20566.27
        7542    0.9953882     2.272987 -0.002900461     20586.76
        7544     0.995191     2.248904 -0.003118782     20593.69
        7546    0.9949367     2.264645 -0.001966107     20600.86
        7548    0.9948713     2.262293 -6.004065e-05     20604.46
        7550     0.995034     2.257259  0.000151289     20608.13
        7552    0.9946397     2.248424 -0.001235002     20608.29
        7554    0.9949011     2.265855 -0.0008765443     20611.24
        7556    0.9952603     2.252413 0.0009663703     20621.48
        7558    0.9955533     2.250246 -0.0007551859     20626.33
        7560    0.9950279     2.256155 0.0001831097      20632.9
        7562    0.9949943     2.259814 -0.0005535566     20636.76
        7564    0.9948815     2.253878 -0.0005290071     20641.77
        7566    0.9948742     2.245818 -0.001701296     20645.66
        7568    0.9950308     2.251923 -0.001792656      20650.6
        7570    0.9953501     2.246204 -0.001223725     20654.19
        7572    0.9955218     2.239537 -0.002623756     20661.26
        7574    0.9954399     2.236028 -0.002975867      20665.8
        7576    0.9955945     2.230933  -0.00318117     20673.52
        7578    0.9954866     2.222397 -0.003142783     20675.52
        7580    0.9951622     2.214087 -0.003997501     20675.09
        7582    0.9949577     2.210886 -0.002138601      20679.7
        7584    0.9946598     2.198953 -0.001944433     20683.72
        7586    0.9944821     2.205288 -0.002242443      20688.5
        7588       0.9946     2.198532 -0.001565878     20690.61
        7590    0.9949698     2.192946 -0.003660018      20694.7
        7592    0.9950223     2.186426  -0.00238842     20699.74
        7594    0.9949935     2.176008 -0.002347427     20699.74
        7596    0.9952733     2.179424 -0.001894037     20703.77
        7598    0.9951047     2.174167 -0.0003085774     20705.83
        7600       0.9952     2.171274 -0.002036122      20712.7
        7602    0.9956993     2.173539 -0.001500787     20717.78
        7604    0.9953295     2.163135 -0.001882354     20720.37
        7606    0.9952296      2.16216 -0.002975055     20725.95
        7608    0.9950892     2.156215  -0.00163029     20727.98
        7610    0.9955497     2.149739 -0.001496575     20727.99
        7612    0.9953933     2.150093 -0.001640618     20734.07
        7614    0.9953255     2.150188 -0.001550048     20738.02
        7616    0.9955012      2.14309  -0.00190889     20743.22
        7618    0.9954968     2.137338 -0.001948823     20747.76
        7620    0.9956761     2.134822 -0.001566194     20751.43
        7622    0.9960616     2.134597 -0.0007285046     20754.43
        7624    0.9965482      2.13056 -0.001292715     20758.35
        7626    0.9962206      2.13151 -0.001609587     20761.43
        7628    0.9965837      2.12448 -0.001009447     20765.79
        7630    0.9968646     2.121721 -0.001600532     20768.65
        7632    0.9961782     2.122485 -0.001914622     20772.33
        7634    0.9961966     2.118706 -0.002059002     20779.49
        7636    0.9965038     2.109163 -0.002587467     20783.74
        7638    0.9971066     2.105248 -0.002665372     20790.84
        7640    0.9971972     2.101785 -0.002176173     20795.12
        7642    0.9972246     2.097383 -0.002734068     20796.75
        7644     0.997575     2.091754  -0.00272386     20799.92
        7646    0.9973073     2.083376 -0.002334304     20803.75
        7648    0.9976265     2.079994 -0.0009180355     20808.36
        7650     0.997135     2.078709 -0.001810313     20812.73
        7652    0.9971269      2.08441 -0.0007660452     20817.71
        7654    0.9974182     2.068893 0.0002671999     20819.48
        7656    0.9976102     2.073866 -0.001259022     20828.77
        7658    0.9975966     2.080846 -0.001208548     20828.84
        7660     0.997523     2.074337  -0.00167122     20830.93
        7662    0.9975931     2.059225 -0.002084923     20836.53
        7664    0.9971166     2.060496 -0.001067971     20840.95
        7666    0.9976397     2.064167  0.000130026     20846.25
        7668    0.9974296     2.065794 0.0003023957     20848.77
        7670    0.9968691     2.060265 0.0005747042     20852.07
        7672    0.9969861     2.062915 -0.0003351653     20854.25
        7674      0.99759     2.068764 -0.001675575     20860.71
        7676    0.9974043     2.063112 -0.001691218     20862.99
        7678    0.9971199     2.046861  -0.00262646     20868.57
        7680     0.997566     2.049385 -0.002421938     20873.98
        7682    0.9974609     2.047753 -0.0009849922     20878.55
        7684    0.9973924     2.043737 -0.001415803     20881.02
        7686    0.9975001     2.038981 -0.001331327     20887.29
        7688    0.9974932     2.038059 -0.001872713     20891.35
        7690    0.9973676     2.037102 -0.001857281     20891.37
        7692    0.9973091     2.028755  -0.00176776     20896.99
        7694    0.9973289     2.024122 -0.002400721     20900.09
        7696    0.9975715     2.023917 -0.001937406      20906.1
        7698    0.9972801     2.017896  -0.00132929     20909.45
        7700    0.9974593     2.013256 -0.001574888     20915.89
        7702     0.997748     2.013488 -0.001709974     20921.49
        7704    0.9979629     2.011318 -0.001606341     20925.11
        7706    0.9982336     2.004217 -0.001828321        20929
        7708    0.9980899     2.000405 -0.001237026     20930.09
        7710    0.9981509     1.998862 -0.000633725     20933.23
        7712    0.9978777     2.001421 -0.0006861243     20935.75
        7714    0.9981441     1.999147 -0.001609842     20938.81
        7716    0.9979241     1.994916 -0.0007870201     20944.43
        7718    0.9979586     1.985983 -0.0003244957     20948.55
        7720    0.9989197     1.995125 -0.0001129652     20952.91
        7722    0.9991879     1.996551 -0.0001336625     20958.28
        7724    0.9989756     1.994012 -0.001387859     20957.09
        7726    0.9993967     1.984914 -0.001303614     20960.19
        7728    0.9993582     1.984022  -0.00199989     20965.12
        7730    0.9993034     1.986122 -0.001343706     20966.74
        7732     0.999425     1.978013  -0.00114179     20971.16
        7734    0.9991068     1.974164 -0.001317106     20972.48
        7736    0.9990186     1.974888 -0.0008052763     20970.86
        7738    0.9995156     1.975585 -0.001007121     20978.71
        7740    0.9996406     1.971571 -0.002108842     20982.53
        7742    0.9999021     1.966107 -0.002579179     20984.93
        7744     1.000314     1.958017 -0.001270933     20990.12
        7746    0.9998746     1.954952 -0.002422242     20991.28
        7748    0.9992405     1.961404 -0.001275805     20996.62
        7750    0.9996734     1.946729 -0.0004376729     20997.11
        7752     1.000219     1.947811 -0.002080344     21001.59
        7754     1.000889      1.95145 -0.0003995819     21006.46
        7756     1.001057     1.944761 -0.001095407     21007.37
        7758     1.001107     1.943532  -0.00202159     21009.48
        7760       1.0007     1.939048 -0.001232308     21014.37
        7762     1.000954     1.935277 -0.001066778     21018.41
        7764     1.000959     1.934902 -0.002467144     21018.12
        7766      1.00137     1.934998 -0.002071949     21019.98
        7768     1.001308     1.919311 -0.002155897     21023.96
        7770     1.001167     1.918702 -0.003004574     21023.91
        7772     1.001268     1.917655 -0.002023159     21021.83
        7774     1.001534     1.910962 -0.001468096     21026.29
        7776     1.001295     1.903125 -0.001866537        21022
        7778     1.000689     1.906957 -0.001816043     21019.14
        7780     1.001118     1.902723 -0.001506689     21011.76
        7782     1.001153     1.896433 -0.001443635     20976.48
        7784     1.002382     1.891072 -0.001702654     20741.94
        7786      1.00457     1.895408 -0.002318313     20132.03
        7788    0.9990834     1.889102 -0.001533273     20049.57
        7790    0.9985339     1.877887 -0.002104508     20214.37
        7792     1.001405     1.878806 -0.001463438      21035.7
        7794     1.001549     1.878572 7.026103e-05     21072.75
        7796     1.001399     1.877394 -0.0009434614     21081.86
        7798     1.002022     1.878449  -0.00102276     21088.06
        7800     1.001909     1.871258 -0.0001332411     21089.07
        7802     1.002155      1.87039 -0.001076047     21094.54
        7804      1.00209     1.876328 -0.0005094485     21097.16
        7806     1.001924      1.86984 -0.0006256087     21102.22
        7808     1.001745     1.867182 -0.001780608     21105.71
        7810     1.001934     1.865385  -0.00126181     21111.14
        7812     1.002452     1.862083 -0.001722842      21110.2
        7814     1.002505     1.859746 -0.001744409     21112.87
        7816     1.002292       1.8534  -0.00132995     21116.95
        7818     1.002733      1.85143 -0.001150033     21120.93
        7820     1.002475     1.851444 -0.0006884243      21123.5
        7822      1.00225     1.850546 -0.001692374     21125.85
        7824     1.002021     1.847892 -0.001798487     21127.45
        7826     1.002644     1.837891 -0.002064382     21130.84
        7828     1.002954     1.837056 -0.001884077     21136.23
        7830     1.002988     1.834031 -0.001184408     21135.46
        7832     1.002957      1.83282 -0.001496114     21134.25
        7834     1.003294     1.828415 -0.001417346      21141.2
        7836     1.003391     1.825087 -0.001974433     21148.13
        7838     1.003403     1.822692 -0.001527772     21151.85
        7840     1.003002     1.817024 -0.001521734     21149.22
        7842     1.003199     1.816193 -0.001305392     21155.44
        7844     1.003109     1.812913  -0.00142516     21157.02
        7846     1.003332     1.812249 -0.001835728     21157.08
        7848     1.003782     1.805623 -0.001373764     21168.22
        7850     1.003693     1.801507 -0.001428226     21169.02
        7852     1.003648     1.801923 -0.001130315     21168.19
        7854      1.00371     1.800823 -0.001363667     21170.66
        7856     1.003528      1.79658 -0.001463675     21174.42
        7858     1.003827     1.790598 -0.001681723     21176.64
        7860     1.003734     1.790214 -0.001556357     21176.86
        7862     1.004006     1.787369 -0.001104064     21180.01
        7864     1.004051     1.784129 -0.001530679     21184.99
        7866     1.003944     1.781766 -0.001097408     21187.83
        7868     1.004416     1.777968 -0.001262737     21187.47
        7870     1.004278      1.77859 -0.001172356     21190.72
        7872     1.004329     1.774028 -0.001296917     21194.43
        7874     1.004141     1.772387 -0.002099139     21199.04
        7876     1.004428     1.767593 -0.001358006     21202.54
        7878     1.004312     1.761797 -0.001460495     21204.43
        7880     1.004221     1.763163 -0.001729885      21207.6
        7882     1.004387     1.760703 -0.001182294     21212.78
        7884      1.00436     1.753754 -0.001782577     21212.04
        7886     1.004448     1.752338 -0.001854478     21217.88
        7888      1.00471     1.748903 -0.001157922     21220.81
        7890     1.004571     1.745867 -0.001498434     21219.37
        7892     1.004586      1.74449 -0.001646404     21226.51
        7894     1.004596     1.740351 -0.001360638     21229.86
        7896     1.004927     1.735732 -0.002544506     21232.17
        7898     1.004759     1.734982 -0.002501279     21230.37
        7900     1.005282     1.724134 -0.001774643     21235.34
        7902     1.005628     1.720341  -0.00169097     21239.09
        7904     1.005667     1.721534  -0.00102421     21243.98
        7906     1.005297     1.721454 -0.0006003293     21245.16
        7908      1.00521     1.715941 -0.001222819        21249
        7910      1.00509     1.715538 -0.0009347576     21252.53
        7912     1.005589     1.711752 -0.0007821779     21256.06
        7914     1.006091     1.713976 -0.001421541     21203.58
        7916     1.006396     1.709683 -0.001457958     20932.74
        7918     1.006471     1.704166 -0.001752086      20644.7
        7920     1.005114     1.700088 -0.001743237     20948.94
        7922     1.005286     1.699959 -0.001341323     21178.89
        7924     1.005357     1.695737  -0.00151699     21227.35
        7926     1.005844     1.693435 -0.001503647      21241.7
        7928     1.005363     1.687952 -0.001407613     21246.74
        7930      1.00558      1.68793 -0.001882542     21254.98
        7932     1.005994     1.684476 -0.001606284     21259.49
        7934     1.005807     1.678375  -0.00153417        21263
        7936     1.005608     1.675102 -0.0007968321     21265.36
        7938      1.00579     1.675657 -0.0009567552     21270.13
        7940     1.005655     1.678102 -0.0008660233      21273.2
        7942     1.005387     1.670721 -0.001104278     21273.12
        7944     1.005601     1.668174 -0.001643096     21277.71
        7946     1.005771     1.666823 -0.000863062     21280.57
        7948     1.006067     1.664957 -0.0009331542     21287.93
        7950     1.005995     1.663816 -0.000932749     21287.08
        7952     1.005791     1.660709 -0.001287051     21288.95
        7954     1.006118     1.659361 -0.001377707     21293.37
        7956     1.005894     1.654661 -0.001595209     21296.58
        7958     1.005668     1.652795 -0.001448639     21298.69
        7960     1.005982     1.647947 -0.001434437     21304.92
        7962     1.005281     1.647772  -0.00144915     21302.27
        7964     1.005358     1.643185 -0.0009748452     21301.64
        7966     1.005623     1.641201 -0.001561929     21308.07
        7968     1.005383     1.640148 -0.001122361     21312.83
        7970     1.005034     1.635276 -0.001069192     21314.37
        7972      1.00529     1.634206 -0.001468467     21318.19
        7974     1.005499     1.632648 -0.0009643002     21320.13
        7976     1.004987       1.6284 -0.001587633     21321.18
        7978     1.004907     1.627562 -0.001594915      21328.2
        7980     1.005229     1.621505  -0.00113196     21328.75
        7982     1.004938     1.619889 -0.001680785     21329.32
        7984     1.004658     1.619345 -0.000994958     21330.43
        7986     1.004852     1.614115 -0.001704446     21329.02
        7988     1.004746     1.613546 -0.001781896     21335.28
        7990      1.00446     1.606253 -0.001214699      21340.7
        7992     1.004896      1.60509 -0.001262065     21343.53
        7994      1.00464     1.604398 -0.0007632065     21343.49
        7996     1.004689     1.603449 -0.0009606311     21347.51
        7998     1.004179     1.600147 -0.001404832     21344.42
        8000     1.004276     1.597405 -0.001431186      21345.3
        8002     1.004636     1.593159 -0.001569725      21353.5
        8004     1.004439        1.592 -0.001800375     21358.38
        8006     1.004208      1.58759 -0.0007273374     21357.23
        8008     1.004095     1.583002 -0.0008894222     21359.21
        8010     1.004336      1.58734 -0.001358288     21361.29
        8012     1.004283     1.584884 -0.001037493      21362.4
        8014     1.004197     1.576723 -0.002538428     21366.44
        8016     1.004042     1.574702 -0.002235909     21368.49
        8018     1.004016     1.567033 -0.001202664     21368.95
        8020      1.00387     1.566997 -0.001543058     21368.87
        8022     1.004081     1.567102 -0.0003163127     21371.14
        8024     1.004177     1.562357 -0.0009535359     21373.11
        8026     1.004173     1.564503  -0.00156696     21379.03
        8028     1.004225     1.559369 -0.001349681     21382.27
        8030     1.003932     1.554566  -0.00166104     21381.31
        8032     1.003996      1.55156 -0.001685314     21385.12
        8034     1.004048     1.551214   -0.0011695      21386.9
        8036     1.003799     1.545886 -0.001249722      21386.6
        8038     1.003849      1.54521 -0.001822013     21388.71
        8040     1.003774     1.541562 -0.001328298     21387.53
        8042     1.003741     1.536638 -0.001346524     21391.78
        8044     1.004017      1.53526 -0.001102191     21394.58
        8046     1.003922     1.534438 -0.001272857      21395.6
        8048     1.004088     1.532744 -0.001294759     21402.05
        8050      1.00426     1.526455 -0.001234066     21404.71
        8052      1.00417     1.524902 -0.001681418      21400.9
        8054     1.004131     1.524566 -0.0009749289     21401.45
        8056       1.0042     1.519293 -0.001213177     21405.09
        8058     1.004411     1.518656 -0.001570778      21409.5
        8060     1.004055     1.515196 -0.0009955379     21413.51
        8062     1.004073     1.511999 -0.001187318     21415.08
        8064     1.003884     1.511329 -0.001240174     21415.87
        8066     1.003789     1.509157 -0.001200828      21415.7
        8068     1.003918     1.505275 -0.001706562     21417.37
        8070     1.003804     1.502393 -0.001564469     21417.81
        8072     1.003658     1.497676  -0.00147467     21419.97
        8074     1.004026     1.496642 -0.001666257      21424.7
        8076      1.00384     1.493477 -0.001075284     21426.05
        8078     1.003601     1.489063 -0.001301639     21424.68
        8080     1.003812     1.489074 -0.001220042     21427.23
        8082       1.0035     1.486228 -0.0009425912     21430.57
        8084      1.00368     1.483717 -0.001615411     21432.66
        8086     1.003315     1.481522 -0.001490114     21433.56
        8088     1.003197     1.476151 -0.001486376     21436.86
        8090     1.002831     1.474308 -0.001492444     21434.76
        8092     1.002795     1.471826 -0.0007523701     21439.62
        8094      1.00255     1.469582 -0.001016949     21440.81
        8096     1.002426     1.470132 -0.001154093     21441.67
        8098     1.002905     1.466172 -0.001468807      21451.2
        8100     1.002434     1.462593 -0.001535738     21445.52
        8102     1.002271     1.457832 -0.001493875     21446.15
        8104     1.002175     1.457846 -0.001293027     21450.12
        8106     1.001985     1.454221 -0.001264971     21450.77
        8108      1.00187     1.452249 -0.001652907      21452.5
        8110       1.0019     1.447712 -0.001358408     21453.44
        8112     1.001634     1.444623 -0.001056981     21460.28
        8114     1.001473     1.443354 -0.0009422247     21461.53
        8116     1.001402     1.443793 -0.0006904445     21459.21
        8118     1.000899     1.440174 -0.001007923     21458.51
        8120     1.000638     1.439099 -0.001473148      21459.3
        8122     1.000902      1.43529 -0.001341957      21463.8
        8124     1.000965     1.432008 -0.001577388     21467.37
        8126     1.000403     1.429439   -0.0011956     21468.22
        8128     1.000036      1.42648 -0.001399233     21463.93
        8130     1.000225     1.425725 -0.001106063     21466.67
        8132     1.000513     1.420814 -0.0009161657      21470.1
        8134     1.000251      1.42059 -0.001454347     21470.73
        8136    0.9998539     1.419151 -0.0009489974     21471.09
        8138    0.9996391     1.414091 -0.001387454      21471.4
        8140    0.9993237     1.413222 -0.001244522     21472.18
        8142    0.9992114     1.409491  -0.00069631     21470.63
        8144    0.9992676     1.409194 -0.000593117     21475.18
        8146    0.9991537      1.40852 -0.0007626898     21475.32
        8148    0.9990294     1.408477 -0.001463898     21473.98
        8150    0.9985476     1.403389 -0.001912809     21473.47
        8152    0.9986663     1.397483 -0.001867291     21478.44
        8154    0.9985631     1.393218 -0.001511707      21480.8
        8156    0.9979614     1.393539 -0.001260276     21479.71
        8158    0.9979949     1.391295 -0.001009328      21481.3
        8160    0.9978658     1.387401 -0.001103425     21483.48
        8162    0.9979919     1.385143 -0.001006718      21487.1
        8164    0.9979238     1.384712 -0.0007163337     21485.64
        8166     0.997621     1.383242 -0.0009998736     21488.29
        8168    0.9971522      1.38167 -0.001259261     21490.79
        8170     0.996747     1.377144 -0.001237999     21487.13
        8172    0.9964283     1.374638 -0.001205059     21489.51
        8174    0.9963904     1.373338 -0.001316483     21489.66
        8176    0.9963954      1.37203 -0.001385626     21491.77
        8178    0.9960978     1.366612 -0.001348435     21492.55
        8180    0.9958778     1.363553 -0.001781095     21493.11
        8182    0.9958013      1.36255 -0.001587763     21493.34
        8184    0.9955416     1.357781 -0.001539913     21494.53
        8186    0.9955709      1.35391 -0.001455693     21497.43
        8188    0.9953654     1.351233 -0.0009799186     21498.56
        8190    0.9949714     1.350905  -0.00123731     21499.68
        8192    0.9949365     1.349942 -0.001336585     21497.24
        8194    0.9949612     1.344012  -0.00156889     21503.82
        8196    0.9946141     1.340541 -0.001614952     21503.02
        8198    0.9942265     1.338353 -0.0008495974     21499.82
        8200    0.9942566     1.337022 -0.0008749946     21503.65
        8202    0.9940233     1.337215 -0.001049857     21506.05
        8204    0.9936521     1.333541 -0.001079313     21506.72
        8206    0.9933521     1.329955 -0.001416506     21508.23
        8208    0.9932641     1.328388 -0.001296395      21509.7
        8210    0.9932597     1.325883  -0.00119216     21511.49
        8212      0.99296     1.323169 -0.001152089     21509.06
        8214     0.992759     1.320417 -0.001133848     21509.64
        8216     0.992467     1.319171  -0.00113801     21512.68
        8218    0.9925814     1.316812  -0.00118867      21513.9
        8220    0.9919714     1.314065 -0.001100534     21515.03
        8222    0.9918562     1.310908 -0.001138937     21513.86
        8224    0.9918862     1.310367 -0.0009744174        21516
        8226    0.9915173     1.307701  -0.00126294     21514.36
        8228    0.9912057      1.30627 -0.001363477     21514.85
        8230    0.9913027     1.300804 -0.001265573     21513.41
        8232    0.9912503     1.299459 -0.001458785     21515.39
        8234    0.9909706     1.297576 -0.000961349      21518.7
        8236    0.9908762       1.2946 -0.001317172     21519.48
        8238    0.9903763     1.293114 -0.001203746     21517.61
        8240    0.9901221     1.288921 -0.001228844     21516.54
        8242    0.9900208     1.287946 -0.001318678     21519.13
        8244      0.98986     1.284769 -0.001011038     21518.96
        8246    0.9897431     1.282564 -0.001204264     21518.55
        8248    0.9894918     1.280833 -0.001351692     21522.12
        8250    0.9892432     1.278312 -0.001699865     21522.47
