# This file has been produced by extranormal (v 1.0.1 - February 23, 2017)
# O. Roudenko - Synchrotron SOLEIL. Covered by GPL licence.
#Data from HDF File: /nfs/ruche-rock/rock-soleil/com-rock/2021/Projets/20210209_Hilde/InSitu/10Ni-10Fe_50BN/10Ni-10Fe_50BN_RWGS750_CO2pulses_H2cst_ratio1/10Ni-10Fe_50BN_RWGS750_CO2pulses_H2cst_ratio1_00671.nxs to 10Ni-10Fe_50BN_RWGS750_CO2pulses_H2cst_ratio1_00672.nxs
#Time at start=2021-02-10 14:42:38.997
#Time from start (seconds)=3353.64145334
#Sample temperature (C)=25.0
# Normalization -------------
# pivot spectrum: Pivot_Fe_10Ni-10Fe_50BN_RT_air_av2000_00001.txt
# E0=7112.0   Eshift=1.68000000152
# E0_pivot = 7112.0
# pre-edge params: from E0_pivot-140.0 to E0_pivot-20.0
# pre-edge range: [6972.0, 7092.0]
# post-edge params: from E0_pivot+100.0 to E0_pivot+1140.0
# post-edge range: [7212.0, 8250.0]
# I jump at E0_pivot = 1.24541998812
# shifted energy	normalized	reference	ref.derivative	I0
        6970  0.001424705      1.67574 -0.002397737     18809.15
        6972  0.001424705      1.67574 -0.002397737     18809.15
        6974  0.001655375     1.671451 -0.001052748     18819.41
        6976  0.001774872     1.671852 -0.001031009     18825.59
        6978  0.001353704     1.669372 -0.001204555     18832.13
        6980  0.001298869     1.667492 -0.0004545039      18845.5
        6982  0.001040307     1.661814  -0.00181555     18852.76
        6984 0.0009910583     1.668216 -0.001588506     18859.81
        6986 0.0007096398     1.654847 -0.002104665     18868.42
        6988 0.0005330564     1.654784 -0.002834723     18874.63
        6990 1.822083e-05     1.644977 -0.001448495     18880.91
        6992 0.0004362503     1.645538 -0.001881639     18890.08
        6994 0.0007004139     1.643259 -0.001574349      18895.8
        6996 0.0004266013     1.639731 -0.001053169     18905.76
        6998 0.0001709217     1.632382 -0.001329348      18916.6
        7000  0.000230047     1.637113 -0.000913965     18920.66
        7002 -0.0002672507     1.632625 -0.0006884508     18926.44
        7004 -0.0002473815     1.632419 -0.001975667     18937.56
        7006 -0.0006583527     1.626874 -0.001071123     18944.92
        7008 -0.000275382     1.621308 0.0001484313     18952.76
        7010 -0.0004232596     1.624056 -0.002734457     18962.27
        7012  -0.00072836     1.633607 -0.001876957     18971.71
        7014 -0.0009342562     1.604999 -0.002355355      18974.5
        7016 -0.001065143     1.606292 -0.004825662     18986.56
        7018 -0.0008296932     1.605213 -0.0007096104     18994.82
        7020 -0.0007123378     1.595002 -0.0002137803     19005.52
        7022 -0.0008245118     1.599322 -0.0009544178     19010.79
        7024 -0.0006926072     1.604582 -0.0006206533      19020.4
        7026 -0.000504126     1.597577 -0.001429333     19030.33
        7028 -0.0008923145     1.590036  -0.00245933     19040.45
        7030 -0.001251916     1.587887 -0.002127632     19042.71
        7032 -0.001092442     1.584907 -0.001477062     19055.28
        7034 -0.001035118     1.580556 -0.001718135     19058.05
        7036 -0.001002148      1.57822 -0.001302423     19065.78
        7038 -0.0005048133     1.574142 -0.001033973     19072.65
        7040 -0.001294519     1.574488 -0.001528134      19078.7
        7042 -0.001307992     1.572285 -0.001362494     19089.65
        7044 -0.0008536437     1.565995 -0.001801739     19101.66
        7046 -0.0005621968     1.563242 -0.001516035     19113.65
        7048 -0.0003817093     1.560074 -0.002064061     19120.65
        7050 -0.0007253256     1.560156 -0.0007492833     19125.67
        7052 -0.0006760379     1.549482 -0.0001603844     19134.11
        7054 -0.0008896478     1.557248 -0.001451816     19141.89
        7056 -9.277909e-05     1.558791 -0.0006249185     19151.99
        7058 -0.0003947833     1.548542 -0.001873144      19158.9
        7060 -0.0002887781     1.544483 -0.002483943     19166.95
        7062 -0.0003780904     1.542263 -0.002301576     19174.87
        7064 -7.662303e-05     1.538919 -0.001547046     19181.18
        7066 -0.0003855702     1.530129 -0.001945962     19185.18
        7068 -0.0007172727     1.532107 -0.001435983     19192.74
        7070 -0.0004715346     1.526695 -0.0006431932     19199.58
        7072 0.0001776949     1.527431 -0.001153078      19208.8
        7074 0.0004576312     1.524984   -0.0013393     19217.29
        7076 0.0003364688     1.522882 -0.001416844     19223.41
        7078 0.0007640623     1.515981 -0.001320596     19231.11
        7080 0.0007708766     1.516097 -0.001563261     19239.56
        7082 0.0008193433     1.514419 -0.001363221     19248.25
        7084  0.001200501     1.510376 -0.001331503     19255.63
        7086  0.001645311     1.505075 -0.000834217     19267.47
        7088  0.001348483     1.505445 -0.0009835802     19270.65
        7090  0.002452528     1.507745 -0.0009573348     19278.67
        7092   0.00238323     1.502507 -0.001295315     19282.83
        7094   0.00326167     1.497416 -0.001943707        19296
        7096  0.003588728     1.495082 -0.001071479     19303.24
        7098   0.00456051     1.492195 -0.000861355     19308.34
        7100  0.005780501     1.493935 -0.0008145351     19321.77
      7100.2   0.00585684     1.493567 -0.0007899896     19322.44
      7100.4  0.005933179     1.493198 -0.000765444     19323.12
      7100.6  0.006009519     1.492829 -0.0007408984     19323.79
      7100.8  0.006085858      1.49246 -0.0007163528     19324.46
        7101  0.006162197     1.492092 -0.0006918072     19325.14
      7101.2  0.006238537     1.491723 -0.0006672617     19325.81
      7101.4  0.006314876     1.491354 -0.0006427161     19326.48
      7101.6  0.006391215     1.490985 -0.0006181705     19327.16
      7101.8  0.006540534     1.490589 -1.853246e-05     19327.23
        7102   0.00675198     1.489614  0.005745847     19326.32
      7102.2  0.007022499      1.49293  0.009100395     19325.34
      7102.4  0.007247734     1.497179   0.01150837     19324.13
      7102.6  0.007410149     1.497869  0.007600413     19324.89
      7102.8  0.007607239     1.498821  0.002524078     19327.33
        7103  0.007718313      1.49901   0.00444708     19329.27
      7103.2   0.00802939     1.499199  0.007299162     19331.61
      7103.4  0.008405362     1.501427  0.007446425     19331.37
      7103.6  0.008810409      1.50466  0.006141205     19332.79
      7103.8  0.008850315     1.504967  0.004329173     19333.72
        7104  0.008855415     1.504112  0.004582382     19332.87
      7104.2  0.008962798      1.50489 -0.003849342     19331.58
      7104.4  0.008749347     1.508326  -0.01382372     19330.55
      7104.6  0.008738876     1.501888  -0.02321195     19332.74
      7104.8  0.008812628     1.493053  -0.03188557     19334.34
        7105  0.009019436     1.486321  -0.02407775     19336.01
      7105.2  0.009404447     1.482818  -0.01115559      19337.7
      7105.4  0.009706102     1.482626 -0.001970325     19338.78
      7105.6  0.009838703     1.484128  0.003953417     19339.22
      7105.8  0.009988546     1.484744  0.006945967     19338.52
        7106   0.01018955      1.48598  0.001893835     19338.54
      7106.2   0.01026457     1.488182  0.000132905     19337.16
      7106.4   0.01062993     1.485643  0.003091705     19337.61
      7106.6   0.01145756     1.484851  0.004380772     19339.87
      7106.8   0.01212432     1.488454  0.009624517     19341.46
        7107   0.01259684     1.491687   0.01212954     19345.25
      7107.2    0.0130093     1.493343  0.009327808     19348.14
      7107.4   0.01323162     1.494554  0.007012775     19348.03
      7107.6    0.0134939     1.495916     0.007013     19348.06
      7107.8   0.01391243     1.497297  0.008888625     19348.28
        7108   0.01440928     1.498953   0.01003016     19348.68
      7108.2   0.01507572     1.501665    0.0126544     19349.75
      7108.4   0.01585009      1.50394   0.01502061      19350.7
      7108.6   0.01647339     1.507421   0.01171093     19351.51
      7108.8   0.01698116      1.51097   0.00958458     19351.78
        7109   0.01764638     1.511034  0.008973123     19351.81
      7109.2   0.01858911     1.511608   0.01017308     19352.32
      7109.4   0.01951224     1.514599   0.01694441     19350.71
      7109.6    0.0204605     1.519108   0.02385401     19349.01
      7109.8   0.02171228     1.524589   0.02754309     19349.81
        7110   0.02300147     1.530691   0.03155887     19349.72
      7110.2   0.02473784     1.536634   0.04038602     19350.39
      7110.4   0.02710138     1.544355   0.05166436     19350.77
      7110.6   0.02974556     1.556898   0.06417428     19349.58
      7110.8   0.03281767     1.572022   0.08015076     19349.05
        7111   0.03651155     1.587973   0.09755338     19348.49
      7111.2   0.04126127     1.608476    0.1123589     19346.86
      7111.4   0.04691547     1.634941    0.1328581     19344.44
      7111.6   0.05350514      1.66191    0.1457124     19342.63
      7111.8   0.06132733      1.69426    0.1502654     19342.87
        7112   0.07014747     1.725046    0.1527241     19342.29
      7112.2   0.07961411     1.755153     0.143673     19341.31
      7112.4   0.08912134     1.784089    0.1403587     19340.37
      7112.6   0.09812063     1.809198    0.1345775     19338.36
      7112.8    0.1063532     1.837333    0.1305144     19337.58
        7113    0.1138972     1.862815    0.1217742     19336.64
      7113.2    0.1207994       1.8885    0.1055349     19334.76
      7113.4    0.1274336     1.906617   0.09434671     19333.45
      7113.6    0.1335106     1.921761   0.07879476     19332.49
      7113.8    0.1394672     1.938293   0.07186977     19332.31
        7114    0.1451062     1.951536   0.07397425     19333.08
      7114.2    0.1501781     1.964113   0.07416929        19332
      7114.4    0.1543742      1.98094   0.06967843     19331.67
      7114.6    0.1576968     1.997628   0.06441769     19332.03
      7114.8    0.1605389     2.007279   0.05392163     19332.59
        7115    0.1629497     2.015647   0.04364319     19333.91
      7115.2    0.1650628     2.024077    0.0379712     19334.78
      7115.4    0.1670179     2.032543   0.03147811     19334.73
      7115.6     0.169095     2.037656   0.03094719      19336.1
      7115.8    0.1716776      2.04083   0.02811207     19336.26
        7116    0.1749637     2.048835   0.02480984     19335.19
      7116.2    0.1791171     2.055032   0.02847506     19335.31
      7116.4    0.1839009     2.057504   0.02445017     19336.74
      7116.6    0.1894095      2.06361   0.02089573     19337.41
      7116.8    0.1960212     2.068395   0.02797056     19338.12
        7117    0.2037463     2.071749   0.03421759     19338.37
      7117.2    0.2124936      2.07988   0.04468318     19338.66
      7117.4    0.2219088     2.090984   0.05948041     19339.18
      7117.6    0.2319962     2.104142   0.06691007     19339.29
      7117.8    0.2432763     2.119333   0.07336685     19339.92
        7118    0.2557222     2.133408   0.08304313     19339.64
      7118.2    0.2698122     2.149677   0.09200493      19338.8
      7118.4    0.2859632     2.170576    0.1008745     19338.18
      7118.6    0.3037683     2.192937    0.1102523     19337.23
      7118.8     0.322737     2.214108    0.1202038     19336.49
        7119    0.3426115     2.237879    0.1298431     19335.53
      7119.2    0.3640561     2.266739    0.1416448     19334.72
      7119.4    0.3872563     2.296812    0.1442749     19334.31
      7119.6    0.4113512     2.327424    0.1384924     19334.87
      7119.8    0.4357497     2.353299    0.1379489      19336.5
        7120    0.4602168     2.377533    0.1388729     19336.33
      7120.2     0.484288     2.407171    0.1324092     19334.65
      7120.4     0.507249     2.438522    0.1299498     19332.92
      7120.6    0.5286082     2.459226    0.1214468      19331.6
      7120.8    0.5482387     2.481493   0.09949189     19330.67
        7121    0.5665611     2.504328    0.1058251     19331.27
      7121.2     0.583729     2.518115     0.111815     19333.41
      7121.4    0.5997086     2.543886    0.1025946     19334.02
      7121.6    0.6147515     2.570945     0.122763     19334.46
      7121.8    0.6290084     2.586404     0.125921      19334.5
        7122    0.6434388     2.616326   0.09900512     19335.25
      7122.2    0.6586253     2.644623   0.08237755      19336.3
      7122.4    0.6740563     2.650149   0.06461281     19334.78
      7122.6    0.6897611     2.652306    0.0483608     19332.68
      7122.8    0.7067502     2.668016   0.05478547     19332.56
        7123     0.724586     2.683312   0.07629609      19333.8
      7123.2    0.7423629     2.693978   0.08362283     19332.34
      7123.4    0.7598639     2.713343   0.06620714     19331.21
      7123.6    0.7777716     2.734914   0.08468846     19329.83
      7123.8    0.7960941     2.736278   0.08561114     19327.83
        7124    0.8147172     2.761728   0.06461474     19327.76
      7124.2    0.8329043     2.781832   0.08390615     19328.74
      7124.4    0.8504613     2.786606   0.06557131     19328.99
      7124.6    0.8676418     2.803403   0.05058605     19328.13
      7124.8    0.8838652     2.814185   0.06221865     19328.52
        7125    0.8991644       2.8223   0.05180906     19328.66
      7125.2     0.913227     2.836381    0.0439727     19328.44
      7125.4    0.9264069      2.84485   0.05635346     19327.76
      7125.6    0.9392891     2.849364   0.06216141     19326.73
      7125.8    0.9516979     2.867383   0.04325484     19325.16
        7126    0.9638866      2.88611   0.02398626     19324.15
      7126.2    0.9758305     2.879454  0.004194715     19323.23
      7126.4    0.9870752     2.868553  -0.01053414      19322.5
      7126.6     0.998433     2.870739  0.009734887     19321.13
      7126.8     1.010755     2.877683   0.03267439     19318.65
        7127     1.023286     2.887242   0.02617676     19316.82
      7127.2     1.035805     2.894692   0.02744718     19317.39
      7127.4     1.049096      2.89168   0.07781092     19318.67
      7127.6     1.063187     2.899641    0.1193873     19318.61
      7127.8     1.077271      2.94949    0.1221757     19318.02
        7128     1.091258     2.990202    0.1142279     19316.12
      7128.2     1.105805     2.989421   0.07062033      19313.4
      7128.4     1.120357     2.991023   0.05086643     19312.63
      7128.6     1.134395     3.005987   0.04681799      19314.3
      7128.8     1.148245     3.030895   0.03673952     19313.64
        7129     1.161423     3.026875   0.03507596      19312.9
      7129.2     1.173301     3.020415   0.03883647      19315.1
      7129.4     1.183529     3.034047   0.05493643     19315.64
      7129.6     1.191988     3.061964   0.05822502     19315.21
      7129.8     1.199428     3.070824   0.04224925     19314.01
        7130     1.205397     3.066995 -0.002585457     19313.32
      7130.2     1.210245     3.067847   0.01684106     19313.58
      7130.4     1.213209     3.059896   0.02187517     19313.27
      7130.6     1.215462     3.084297   0.03308678     19311.93
      7130.8     1.217273     3.084495   0.06075458     19310.54
        7131     1.218602     3.094316   0.01108835     19309.28
      7131.2     1.219105       3.1085   0.02778013     19307.27
      7131.4     1.218636     3.093168   0.01476251     19305.44
      7131.6     1.218082     3.106719  -0.02054147     19304.47
      7131.8     1.217928     3.106126  0.008200472      19304.3
        7132       1.2175     3.092066   0.03694501     19304.69
      7132.2     1.216949     3.099728   0.07390915     19302.99
      7132.4     1.216248     3.136275    0.0674955      19301.6
      7132.6     1.215025     3.165253   0.02239202     19302.11
      7132.8      1.21294     3.146063  -0.04739541     19302.76
        7133      1.20982     3.117642   -0.1352853     19302.72
      7133.2     1.206009     3.098358   -0.1336307     19303.72
      7133.4     1.201717     3.057025  -0.09401877     19304.22
      7133.6     1.196976     3.039158   -0.1599771     19304.77
      7133.8     1.191505     3.042427   -0.1666615      19306.1
        7134     1.185528     2.970377  -0.09390653     19307.36
      7134.2     1.178938     2.923696   -0.1009568     19309.83
      7134.4     1.171254     2.964033  -0.07102666     19310.24
      7134.6     1.163609     2.961662  -0.03140047      19308.4
      7134.8     1.156339     2.913555  -0.07100599     19309.85
        7135     1.149021     2.898576  -0.07717001     19311.84
      7135.2     1.142194     2.907228  -0.01470305     19311.59
      7135.4     1.135232     2.899926   0.02378035     19312.12
      7135.6       1.1278     2.901793   0.01945831     19314.23
      7135.8     1.120725       2.9176   0.03977275     19316.49
        7136     1.114204     2.922795   0.04179021     19317.26
      7136.2      1.10829     2.931744   0.03726734     19317.78
      7136.4     1.102864     2.935225   0.02489345     19318.18
      7136.6     1.097348     2.947414  -0.01292175     19316.11
      7136.8     1.091382      2.94271  -0.02294801     19310.72
        7137     1.086157     2.921406  -0.02996883     19302.03
      7137.2     1.081746     2.916867  -0.03923138     19287.32
      7137.4     1.077567     2.923439  -0.02427452     19261.72
      7137.6     1.073965     2.911324  -0.01862481     19226.09
      7137.8     1.070817     2.901987  -0.01851056     19186.19
        7138     1.067857     2.901967  -0.01622657     19147.43
      7138.2     1.064627      2.90863 -0.001176758     19115.58
      7138.4     1.061374     2.898343   0.01704415     19093.12
      7138.6     1.058139     2.901045 -0.003355267     19084.79
      7138.8     1.055499     2.915602  -0.00564939     19092.36
        7139     1.053546     2.905946   0.02308716     19109.32
      7139.2     1.051613     2.893824  0.008171455     19131.92
      7139.4     1.049147     2.919515   0.05635252     19157.97
      7139.6     1.046728     2.922139   0.09665426     19185.38
      7139.8      1.04529     2.951028   0.04256553     19213.68
        7140     1.044224     2.971147   0.01181157     19241.44
      7140.2     1.043614     2.953568 -0.001156462     19267.28
      7140.4     1.043533     2.931589   0.00325488     19288.44
      7140.6     1.043084     2.950103   0.01887934     19302.83
      7140.8     1.042104     2.973751   0.02203265      19310.6
        7141      1.04106     2.968671   0.01586061     19313.81
      7141.2     1.040402     2.949215 -0.0008956973      19312.1
      7141.4     1.039947     2.962791  -0.01464513     19306.45
      7141.6     1.039588     2.973034   0.01263051      19297.1
      7141.8     1.038953     2.956955  0.008055795      19279.9
        7142      1.03803     2.959319   -0.0110387     19252.32
      7142.2     1.036943     2.969236  0.009410477     19216.46
      7142.4     1.035518     2.964203   0.01745436     19177.08
      7142.6      1.03443     2.964483  0.005302185     19138.31
      7142.8      1.03376     2.973283  0.006200082     19105.71
        7143     1.032878     2.973478  -0.01169497     19084.56
      7143.2     1.031962     2.969164  -0.04788379     19078.72
      7143.4     1.030996     2.955127  -0.04839078     19090.05
      7143.6     1.029932     2.934976  -0.01937675     19114.31
      7143.8      1.02898     2.934765  0.003874555     19149.23
        7144     1.028064     2.953662   0.02215555     19189.61
      7144.2     1.027413     2.958227   0.01414613     19228.21
      7144.4     1.026406       2.9527    -0.012762     19263.17
      7144.6     1.024914     2.946082  -0.01165821     19289.52
      7144.8     1.023637     2.943453 -0.003035813      19309.6
        7145     1.022554       2.9489   0.03900087      19322.2
      7145.2     1.021313     2.950271   0.01211844     19328.32
      7145.4     1.019758     2.977283  -0.04656284     19333.01
      7145.6       1.0186     2.953147   -0.0526409     19337.68
      7145.8     1.017249      2.91165  -0.06166417     19341.22
        7146     1.015521     2.908159  -0.02133207     19344.83
      7146.2     1.013726     2.927951   0.02268809     19349.14
      7146.4     1.011901     2.936082   0.02690823     19349.58
      7146.6     1.010051     2.929801  0.007792755     19350.55
      7146.8      1.00816     2.929685   0.01847921     19352.83
        7147     1.005674     2.934186   0.05359238     19354.11
      7147.2     1.002877     2.950865   0.08056111     19355.76
      7147.4       1.0002     2.972674    0.1087417     19358.45
      7147.6    0.9978872     2.994134   0.07262837     19362.03
      7147.8    0.9954906     3.021179   0.02508083     19365.23
        7148    0.9927756     3.008968   0.02070786     19369.21
      7148.2    0.9895172     2.992739  -0.01534086     19371.02
      7148.4    0.9856832       3.0107   -0.0191949     19371.14
      7148.6    0.9820192     3.008906   0.03319586     19371.62
      7148.8    0.9787301     2.993612   0.03283741     19372.22
        7149    0.9758426     3.019296   0.01455858     19373.59
      7149.2    0.9729547      3.03697   0.04077242     19375.52
      7149.4    0.9696822     3.020553  0.006952283     19377.55
      7149.6     0.966299      3.02623  -0.03954405     19377.21
      7149.8    0.9630978     3.024858 -0.002893066     19377.52
        7150    0.9602846     3.005335   0.01100674     19379.38
      7150.2    0.9577195     3.018239   0.01435263     19378.68
      7150.4     0.955203     3.035035   0.05282797     19379.39
      7150.6     0.952415      3.03634   0.05021107     19380.27
      7150.8    0.9498306     3.047598   0.03400703     19382.32
        7151    0.9474647     3.058408   0.05483817     19385.33
      7151.2    0.9449398     3.062241   0.07499452     19387.41
      7151.4    0.9427527      3.08021   0.08930439     19387.62
      7151.6    0.9405546     3.107593     0.100928     19387.38
      7151.8     0.939139     3.129851   0.02597422     19389.39
        7152    0.9377741     3.142983   -0.0270801     19390.74
      7152.2    0.9364548      3.10099  -0.02796242     19390.21
      7152.4    0.9354778     3.085929  -0.04838142     19391.17
      7152.6    0.9345185     3.107481 -0.007408683     19391.54
      7152.8     0.933447     3.104278  -0.02701921     19392.22
        7153     0.932043     3.095063  -0.07245491     19393.81
      7153.2    0.9310494     3.064314  -0.05571948     19394.52
      7153.4    0.9304876     3.049517  -0.04788531     19394.54
      7153.6    0.9301721     3.059702  0.006114109     19395.65
      7153.8    0.9302298     3.056754   0.03451696     19396.11
        7154    0.9304991     3.069205  -0.01965832      19395.7
      7154.2    0.9308593     3.077131  -0.03583735     19398.07
      7154.4    0.9315609     3.043976  -0.01055377     19400.63
      7154.6    0.9325098     3.028085   0.01193352     19400.31
      7154.8     0.933261     3.060762   0.07642816     19401.07
        7155     0.933585     3.086678    0.1204031     19402.89
      7155.2    0.9341621     3.105118   0.07347829     19403.32
      7155.4    0.9349971     3.124407   0.01854758     19403.56
      7155.6     0.935459     3.119545  -0.02168556     19403.35
      7155.8    0.9362192     3.101516  -0.05323674     19404.51
        7156    0.9375452      3.08777  -0.05937261     19407.05
      7156.2    0.9389913     3.081818  -0.05133479     19407.26
      7156.4    0.9406262     3.072047  -0.04009516     19408.62
      7156.6    0.9420607     3.060448  -0.03909081     19410.71
      7156.8    0.9429671     3.055694  -0.01746519     19409.26
        7157    0.9437334     3.050545   0.01234134     19408.47
      7157.2    0.9448734     3.058074   0.02616402     19408.94
      7157.4    0.9462838     3.070321 -0.0008350321     19409.63
      7157.6    0.9474378     3.076625  -0.03117214     19410.13
      7157.8    0.9486993     3.049877  -0.04785053     19412.13
        7158     0.950013     3.033137  -0.03912114     19414.27
      7158.2    0.9514003      3.03204  0.001394307     19417.08
      7158.4    0.9526058     3.045328   0.02284926     19419.48
      7158.6    0.9534652     3.050992   0.04312359     19421.46
      7158.8    0.9541675     3.051416   0.02886392     19422.73
        7159    0.9548084     3.066539   0.01212663     19422.76
      7159.2    0.9555137     3.068419   0.01870194     19423.01
      7159.4    0.9563453     3.060694   0.01811354     19422.57
      7159.6    0.9576036     3.066378   0.02706114     19422.61
      7159.8    0.9587955      3.08103   0.01905797     19422.82
        7160    0.9593916     3.090068 -0.004679205     19421.89
      7160.2    0.9604333      3.07594  -0.02885565     19422.99
      7160.4    0.9615326     3.062634  -0.06818982     19425.14
      7160.6    0.9622263     3.057946  -0.04855008      19424.4
      7160.8     0.962668     3.035516  -0.01777995     19424.91
        7161    0.9630836       3.0371  -0.03846309     19427.22
      7161.2    0.9635581      3.04841  -0.02933868     19428.23
      7161.4    0.9643342     3.027175   -0.0113267     19427.52
      7161.6     0.965297     3.012045  -0.01975295     19425.76
      7161.8    0.9659378     3.028039  -0.01252874     19425.74
        7162     0.966237     3.032608  0.008935537      19427.3
      7162.2    0.9661829     3.017152  0.003584628     19428.22
      7162.4    0.9662278     3.019194  0.001567025     19428.24
      7162.6     0.966477     3.030906  0.006423882     19429.33
      7162.8    0.9665504     3.033862 0.0007065201     19432.21
        7163    0.9670523     3.022291  -0.01554423     19432.39
      7163.2     0.967933     3.019759  -0.01971636     19430.87
      7163.4     0.968805     3.018471  -0.03571163     19430.57
      7163.6    0.9696812     3.018088  -0.05461101     19431.61
      7163.8    0.9703189     2.993722  -0.06787812     19432.63
        7164     0.970755      2.97607  -0.08430251     19434.45
      7164.2     0.970799     2.964169     -0.11523     19434.52
      7164.4    0.9706424     2.950646   -0.1406553     19433.32
      7164.6    0.9706188     2.901538   -0.1323792     19433.08
      7164.8    0.9710911     2.863546  -0.06897869     19433.63
        7165    0.9719908     2.858265  0.002973322     19434.82
      7165.2    0.9729045     2.895464 -0.001789222     19435.77
      7165.4    0.9736864     2.903917  -0.04531554     19434.36
      7165.6    0.9741762     2.862114  -0.08964873     19435.77
      7165.8    0.9749093     2.822013  -0.03574241     19438.22
        7166     0.975969     2.823745     0.187132     19439.03
      7166.2    0.9768983     2.875323    0.4806576     19440.06
      7166.4    0.9777118      3.01182    0.5713394     19440.74
      7166.6    0.9785627     3.206539    0.4524722      19440.2
      7166.8    0.9794255     3.280816    0.2359357     19438.83
        7167    0.9804626     3.237301  -0.04505317     19436.52
      7167.2    0.9814664     3.200569    -0.232099     19434.83
      7167.4    0.9822551     3.170496   -0.2667226     19434.82
      7167.6    0.9831281     3.095137   -0.1769963     19436.51
      7167.8    0.9840006     3.023922  -0.03083884     19438.58
        7168    0.9846633     3.058972    0.1184884     19437.42
      7168.2      0.98525     3.145825    0.2013918     19435.67
      7168.4    0.9860166     3.189928    0.0954333     19436.75
      7168.6    0.9868755     3.185036  -0.02329132     19437.57
      7168.8    0.9875357     3.135318   -0.0927259     19437.96
        7169    0.9882339     3.127192   -0.1292545     19439.11
      7169.2    0.9890218     3.115747  -0.08131883      19441.4
      7169.4    0.9899188     3.081632  -0.08853779     19441.36
      7169.6    0.9906095     3.070263  -0.08770299     19439.99
      7169.8    0.9911906     3.056362  -0.03704767     19440.94
        7170    0.9919538     3.045584  -0.02770323     19443.13
      7170.2    0.9930257     3.051994  -0.03017976     19445.06
      7170.4    0.9939073     3.048101  -0.01010956     19445.14
      7170.6    0.9947487     3.032218  -0.03158492        19445
      7170.8    0.9956866     3.037497   -0.0334472      19445.5
        7171    0.9963775     3.026726  -0.01322136     19447.01
      7171.2    0.9969299     3.021343  -0.03067803     19449.61
      7171.4    0.9971951     3.021641  -0.02694195     19449.71
      7171.6    0.9974787     3.012954  -0.05425139     19448.69
      7171.8    0.9981516     3.005173  -0.06771041     19448.83
        7172    0.9989069     2.977942  -0.06424158     19447.74
      7172.2    0.9996778     2.967473  -0.06076632     19448.42
      7172.4     1.000684     2.961561  -0.02384036      19450.5
      7172.6     1.001532      2.95656  -0.01490436     19450.26
      7172.8      1.00204     2.958869  0.001137487      19450.5
        7173     1.002422     2.955549  0.009144738     19453.68
      7173.2     1.002527     2.962471  -0.01515274     19456.85
      7173.4     1.002523     2.963875 -0.002053805     19457.51
      7173.6      1.00293     2.946747    0.0428286      19457.5
      7173.8     1.003434     2.953906   0.03397246     19457.21
        7174      1.00373     2.996734   0.02356537     19456.45
      7174.2     1.004511     2.991053   0.02324011     19458.12
      7174.4     1.005538     2.965599  -0.01961114     19460.51
      7174.6     1.006225     2.972498  -0.01466046     19461.06
      7174.8     1.006921     2.981045 -0.008741127     19463.27
        7175     1.007459     2.979325  -0.05470823     19464.27
      7175.2     1.007203     2.958607  -0.08957866     19463.68
      7175.4     1.007048     2.928732   -0.1044616     19465.26
      7175.6     1.007736     2.909382  -0.06717573      19466.6
      7175.8     1.008255     2.895756  0.007011507     19467.22
        7176     1.008625     2.904866   0.03588579     19468.36
      7176.2     1.009161     2.934341    0.0318922     19467.08
      7176.4     1.009473     2.938091   0.04304981     19465.82
      7176.6     1.009317     2.921269    0.0268834      19467.8
      7176.8     1.008937     2.939306   0.03652859     19468.48
        7177     1.008766     2.955848   0.04706893     19467.87
      7177.2     1.008858     2.967314   0.01363045     19468.77
      7177.4     1.008912     2.958925  -0.00398446     19469.03
      7177.6     1.008943      2.95021  -0.02246522     19469.19
      7177.8     1.008931      2.95266  -0.02056442     19472.24
        7178     1.009131     2.949342  -0.01371243     19474.93
      7178.2       1.0092     2.942473  -0.02569688     19475.44
      7178.4     1.008631      2.93924  -0.04603207     19475.21
      7178.6     1.008101     2.932103  -0.05465661      19474.9
      7178.8     1.008221     2.912516  -0.06366669     19474.79
        7179     1.008594     2.898748  -0.04986119     19474.12
      7179.2     1.008635     2.888307  -0.03580208      19474.7
      7179.4     1.008644     2.892214  -0.05526655     19475.88
      7179.6     1.008687     2.883874  -0.04566974     19476.98
      7179.8     1.008803     2.854535  -0.05065602     19479.07
        7180     1.008871     2.851771  -0.06143155     19479.24
      7180.2      1.00848     2.851689  -0.02052003     19480.59
      7180.4     1.008604     2.834729  -0.01004629     19482.33
      7180.6     1.009375     2.838119  -0.01452212     19484.58
      7180.8     1.010105     2.843734    0.0356189     19486.66
        7181     1.010509     2.840071   0.04106442     19488.19
      7181.2     1.010626     2.863224   0.01347216     19487.81
      7181.4     1.010766      2.87097   0.01256697     19486.37
      7181.6       1.0103     2.854512  0.008090743      19485.9
      7181.8     1.009559     2.850125  0.008113615     19486.64
        7182     1.009317     2.869697    0.0327495        19488
      7182.2     1.009568     2.877461   0.03764351      19487.8
      7182.4     1.009904     2.880711  0.001667078      19485.9
      7182.6     1.010147     2.880239  -0.01242954     19486.01
      7182.8     1.010652      2.87103  -0.03124182     19487.94
        7183     1.011123     2.867517  -0.07113639      19490.9
      7183.2     1.011425     2.855718  -0.08666776     19493.32
      7183.4     1.011943      2.82333  -0.08176127     19494.29
      7183.6     1.012252     2.801696  -0.07750969     19495.68
      7183.8     1.012087     2.802108   -0.0591259     19495.25
        7184     1.012032      2.79371  -0.05325548     19494.52
      7184.2     1.011771      2.77603  -0.06090487     19496.45
      7184.4     1.011146     2.759092  -0.03075917      19497.1
      7184.6     1.011407     2.753384   0.01632098     19497.69
      7184.8     1.011885     2.769103   0.05073332     19498.22
        7185     1.012307     2.789086   0.06576054     19498.23
      7185.2     1.013046     2.799678   0.06509171     19500.31
      7185.4     1.013395     2.805993   0.05187126     19502.46
      7185.6      1.01322     2.821176   0.06846829     19501.32
      7185.8     1.013413     2.830583   0.08849218     19501.01
        7186     1.013624     2.854453   0.08776762     19501.23
      7186.2     1.013649     2.876787   0.07740078     19502.64
      7186.4     1.013322      2.89139   0.07465959     19505.09
      7186.6     1.013201     2.892504   0.06007976     19508.37
      7186.8     1.013357     2.914181   0.05071621     19509.62
        7187     1.014038      2.92485   0.04539237     19511.11
      7187.2      1.01471     2.931963  0.000904678     19515.01
      7187.4     1.014801     2.928818   -0.0272704     19514.93
      7187.6     1.014802     2.914904  -0.05249086     19513.53
      7187.8     1.014574     2.903034  -0.04322803     19512.24
        7188     1.014457     2.889971  -0.02050089     19510.85
      7188.2     1.014745     2.894235  -0.02298485     19511.17
      7188.4     1.014982     2.898504  -0.01323683     19511.25
      7188.6     1.014914     2.884646  -0.01273474      19511.8
      7188.8      1.01473     2.879381 -0.006850048     19513.91
        7189     1.014568     2.884048   0.03668447     19516.51
      7189.2     1.014266     2.893024    0.0461162     19518.93
      7189.4     1.014376     2.913994   0.04545486     19519.43
      7189.6     1.014594     2.916274   0.04954704     19518.11
      7189.8     1.014481     2.920412   0.01264041     19519.23
        7190     1.014061     2.932661  0.009386332     19518.59
      7190.2      1.01375     2.924106  0.001448513     19517.21
      7190.4     1.013779     2.923783 -0.005392878     19519.21
      7190.6     1.014316      2.92157   0.02238715     19522.24
      7190.8     1.014042     2.928347    0.0375035     19525.07
        7191     1.013539     2.942016   0.05040598     19528.42
      7191.2     1.013395     2.953786   0.04811809     19528.07
      7191.4     1.013534     2.961895   0.01573991     19527.76
      7191.6     1.013689     2.966842   0.00897103     19529.11
      7191.8     1.013601     2.954608   0.02314978      19530.3
        7192     1.013947     2.960963   0.03294136      19531.9
      7192.2     1.014014     2.980415   0.04159549     19532.49
      7192.4     1.013606     2.993195   0.01702182     19532.99
      7192.6     1.013516     2.987884 -0.009541795     19534.07
      7192.8     1.013979      2.97458  -0.02101104     19534.44
        7193     1.014477     2.972782  -0.01642392     19535.83
      7193.2     1.014557     2.976386  0.009583302     19536.48
      7193.4     1.014637     2.974745    0.0349723     19534.84
      7193.6     1.014722     2.982247   0.02128659     19535.46
      7193.8     1.014479     3.000759   0.02230366     19537.71
        7194     1.014343     2.993415   0.01124361     19538.86
      7194.2     1.014432     2.992588  -0.03412766     19539.58
      7194.4     1.014244     2.991242   -0.0237957     19539.05
      7194.6     1.014109     2.973457  0.000145385     19538.19
      7194.8     1.014135     2.974378  0.000186925     19540.12
        7195     1.014072     2.992704 -0.001657622     19542.65
      7195.2     1.013991     2.991391   0.00599481      19541.4
      7195.4     1.014485     2.972131  -0.03433518     19542.28
      7195.6     1.015263     2.979174  -0.03687058     19543.31
      7195.8     1.015584     2.965236  0.009639037     19544.17
        7196     1.015938     2.961895  0.005732718     19545.19
      7196.2     1.016187     2.979842   0.03617411      19544.9
      7196.4     1.016406      2.98376   0.03720684     19544.56
      7196.6     1.016604     2.994175 -0.001292402     19546.35
      7196.8     1.016551      2.99166  -0.01584165     19547.66
        7197     1.016458     2.978809  -0.02820305     19548.53
      7197.2     1.016616     2.971087  -0.01050499     19550.67
      7197.4      1.01675     2.971613   0.00529758     19552.78
      7197.6     1.016886     2.983256 -0.002058992     19554.11
      7197.8     1.017035     2.983047 -0.006475813      19555.1
        7198     1.017056      2.96944   -0.0229684     19556.11
      7198.2     1.017361     2.966432  -0.03870525     19556.87
      7198.4      1.01791     2.964882  -0.01991704     19558.05
      7198.6     1.018307     2.952082  -0.01432092     19558.84
      7198.8     1.018376     2.953506  -0.04486758     19557.15
        7199     1.018323     2.954976  -0.05102036     19556.99
      7199.2     1.018199     2.928988  -0.06971096     19559.44
      7199.4     1.018155     2.911266  -0.05982535     19560.78
      7199.6     1.018205     2.897738 -0.004434916     19561.28
      7199.8     1.018353     2.907115  0.004555638     19562.41
        7200     1.018542      2.92544   0.01894702     19564.55
      7200.2     1.018586     2.914911   0.02049184     19565.89
      7200.4     1.018631     2.912895   0.01708616      19564.8
      7200.6      1.01882     2.923509    0.0404855     19563.38
      7200.8     1.018602     2.939109   0.02375272     19563.72
        7201     1.018231     2.947299  0.002420065     19565.09
      7201.2     1.018319     2.931897  -0.02525468     19565.64
      7201.4      1.01874     2.925445  -0.05526163     19566.52
      7201.6     1.019179     2.918905  -0.06242598        19567
      7201.8     1.019671      2.90309  -0.08054756     19567.05
        7202     1.020035     2.881957  -0.08269966      19569.3
      7202.2     1.020058     2.861007  -0.06453722     19571.45
      7202.4     1.020328     2.852745  -0.03890974     19572.36
      7202.6     1.020417      2.85146  -0.01888298     19575.13
      7202.8     1.019793     2.850829  -0.01531036     19578.17
        7203     1.019379       2.8459   -0.0252828     19578.23
      7203.2     1.019287     2.840497  -0.01049565     19576.43
      7203.4     1.019617     2.831234   0.01652789     19575.28
      7203.6     1.019709     2.842432   0.01488966     19575.35
      7203.8     1.019943     2.859123   0.01608268     19578.04
        7204     1.020168     2.852409   0.01452239     19580.34
      7204.2     1.020123       2.8441   0.01042621     19580.41
      7204.4     1.020162      2.85405   0.01510513     19581.34
      7204.6     1.020371     2.867464    0.0499191     19583.18
      7204.8     1.020553     2.864493   0.02103459     19583.09
        7205     1.020429     2.884035  -0.03485755     19582.87
      7205.2     1.020062     2.870878  -0.02041993     19583.09
      7205.4     1.019747     2.839578   -0.0284281     19581.14
      7205.6     1.019626     2.848157  -0.05242534     19579.74
      7205.8     1.019508     2.861293  -0.04290285     19581.32
        7206     1.019533     2.828938   -0.0434799      19582.9
      7206.2     1.019671     2.805255  -0.05705063     19583.53
      7206.4     1.019835     2.813373  -0.02132914     19584.13
      7206.6     1.020397     2.815652 -0.007935097     19585.38
      7206.8     1.021182     2.811874  -0.04330891     19587.64
        7207     1.021547     2.798907  -0.06119495     19589.43
      7207.2     1.021595     2.778726  -0.05611077     19590.73
      7207.4     1.021585     2.766696  -0.03268894     19592.11
      7207.6     1.021305     2.766986   0.02910437     19593.23
      7207.8     1.020891     2.772756   0.06698775     19594.95
        7208     1.020347     2.802009    0.0644536     19595.15
      7208.2     1.020033     2.820286   0.06720082     19594.95
      7208.4     1.020181     2.818549   0.01442666      19596.9
      7208.6     1.020236     2.826517 -0.003633788     19599.52
      7208.8     1.020358      2.81355  -0.00149278     19601.69
        7209     1.020442     2.817379  -0.01543966        19601
      7209.2     1.020266     2.817354  0.003375435      19601.8
      7209.4     1.020002     2.814165   0.00634633     19602.52
      7209.6     1.019837     2.816251   0.02076466     19601.78
      7209.8     1.019794     2.822456   0.03747566     19601.33
        7210     1.019714     2.833966   0.02957854     19601.92
      7210.2     1.019732     2.844146  0.005872683     19601.81
      7210.4     1.019547     2.839914  -0.01377728     19599.79
      7210.6     1.019363     2.827155 -0.009463485     19599.15
      7210.8     1.019474     2.822944   0.02365984     19601.15
        7211     1.019448     2.836575   0.04230336     19602.72
      7211.2     1.019425     2.858842   0.03171429     19604.01
      7211.4     1.019474     2.860997   0.01996697     19605.57
      7211.6     1.019265     2.848316    0.0298896     19606.42
      7211.8     1.018774     2.852548   0.04502267     19607.91
        7212      1.01797     2.882753   0.06495133     19607.09
      7212.2     1.017474     2.897015   0.07325732     19607.22
      7212.4     1.017815     2.900277   0.03148404     19610.89
      7212.6     1.018048     2.911154  0.002168428     19611.67
      7212.8     1.017777      2.90794   0.01856993     19610.42
        7213     1.017417      2.89875    0.0317819     19609.37
      7213.2     1.016992     2.915133   0.04750089     19611.31
      7213.4     1.016592      2.93658   0.08994068     19611.34
      7213.6     1.016128     2.945941   0.08913098     19610.84
      7213.8     1.015675     2.970703   0.07819431     19613.72
        7214     1.015249     2.986437   0.06862458     19614.29
      7214.2     1.015042     2.999135   0.03053598     19613.29
      7214.4     1.014936     3.000841   0.01981208     19612.83
      7214.6     1.015012     2.995131  0.009923465      19612.9
      7214.8     1.014867     3.002287   0.02950753        19614
        7215     1.014212     3.007074   0.06928885     19615.29
      7215.2     1.013615     3.024447   0.06260272     19615.73
      7215.4     1.013267     3.050562   0.05126275     19615.51
      7215.6     1.013059     3.052369   0.02524137     19616.27
      7215.8     1.012814     3.048084  -0.02994045     19617.94
        7216     1.012693      3.04464  -0.03959122      19620.3
      7216.2     1.012697      3.02661 -0.002580588      19623.6
      7216.4     1.012688     3.020696   0.01897323     19625.57
      7216.6     1.012772      3.04602   0.05653364     19623.79
      7216.8     1.012439     3.059818   0.04331194     19622.23
        7217     1.011899     3.071837   0.01574271     19623.68
      7217.2     1.011279     3.055346   0.03280524     19623.56
      7217.4     1.010846     3.058614   0.03314983     19622.32
      7217.6     1.010196     3.086063   0.04728123     19622.03
      7217.8     1.009625     3.098357   0.04134744     19621.84
        7218     1.009314     3.093171   0.03553266     19621.79
      7218.2     1.008864     3.091692   0.04499632     19623.28
      7218.4     1.008859     3.114489   0.03951003     19626.59
      7218.6      1.00911     3.134354   0.02661768     19628.97
      7218.8     1.008967     3.124779   0.01185471      19629.1
        7219     1.008468     3.112986  0.001242455     19629.81
      7219.2     1.007947     3.123973 -0.008931002     19630.96
      7219.4     1.007756     3.135348  -0.02523364     19630.45
      7219.6      1.00776     3.117634  -0.02338624     19629.53
      7219.8     1.007688     3.092799   0.00285637     19629.51
        7220     1.007581     3.105264   0.03982663     19630.17
      7220.2     1.007411     3.137633   0.06238462     19630.76
      7220.4      1.00704     3.149495   0.03096556     19633.01
      7220.6     1.006955     3.142707 -0.008149677     19633.88
      7220.8     1.006462     3.130036  -0.01957487     19632.88
        7221     1.005979     3.131113  -0.02682085     19632.91
      7221.2     1.006014     3.133835 -0.004388435     19634.38
      7221.4     1.006225      3.12125 -0.0008472348      19636.5
      7221.6     1.006195     3.126525  -0.01091128     19638.28
      7221.8     1.006428     3.130435  -0.01782733     19638.91
        7222     1.006604     3.125106  -0.04446611     19639.63
      7222.2     1.006388     3.106988  -0.02505332     19638.65
      7222.4     1.006278     3.090952   0.01541149     19638.91
      7222.6     1.006101     3.110393   0.02606193     19640.33
      7222.8     1.005802     3.137436   0.01080662      19640.3
        7223     1.005719     3.127838  -0.03539744     19641.23
      7223.2     1.005617     3.099598  -0.06729819     19642.67
      7223.4     1.005236     3.082075  -0.03695669     19642.91
      7223.6     1.004852     3.083597 -0.008557163     19642.99
      7223.8     1.004708     3.098272  0.006777175     19643.72
        7224     1.004638     3.092752    0.0230427     19644.67
      7224.2     1.004388     3.087497 -0.004922232     19645.39
      7224.4     1.004071     3.102031  -0.03065215      19647.1
      7224.6     1.004017     3.094335  -0.04714432     19648.87
      7224.8     1.003837      3.06823  -0.05729704     19649.46
        7225     1.003507     3.049781  -0.03801558     19648.83
      7225.2     1.003211     3.056194 -0.0006258703      19649.7
      7225.4     1.002734     3.063922 -0.005206532      19651.3
      7225.6     1.002689      3.06773   -0.0462803     19652.72
      7225.8     1.002456     3.045616  -0.05687323     19651.83
        7226     1.001827     3.019169  -0.05662196     19650.08
      7226.2     1.001253     3.018424  -0.01864572     19650.34
      7226.4     1.000749     3.022432   0.01490745     19652.83
      7226.6     1.000332     3.030699  -0.00817951     19654.49
      7226.8     1.000302     3.031095  -0.04128743     19655.15
        7227     1.000569      3.01188  -0.06860291     19656.66
      7227.2     1.000665     2.989402  -0.07189412     19656.52
      7227.4     1.000561     2.975817  -0.05831926     19655.96
      7227.6     1.000297      2.97358  -0.03984168      19658.2
      7227.8    0.9999031     2.965225   -0.0266326     19659.43
        7228     0.999444     2.957529  -0.03287968     19659.37
      7228.2    0.9989912     2.954511  -0.03589464      19661.7
      7228.4     0.998555     2.947276  -0.04273206      19661.2
      7228.6      0.99822     2.936509  -0.02692006     19660.27
      7228.8    0.9979481     2.923343   0.00699067     19662.08
        7229    0.9977411     2.932975 -0.005594922     19662.97
      7229.2    0.9977806     2.952869  -0.02533577     19664.22
      7229.4    0.9977409     2.932033  -0.05372535     19666.27
      7229.6    0.9975837     2.903074  -0.07123711     19667.74
      7229.8    0.9973668     2.889995  -0.03480666     19668.76
        7230    0.9971333     2.895879  0.001154175     19668.95
      7230.2    0.9966646     2.904188 -0.0005574899     19667.75
      7230.4     0.995957     2.903998  -0.04172712     19667.15
      7230.6    0.9952366     2.889549  -0.06767982     19666.31
      7230.8    0.9947095     2.862497  -0.05660576     19666.23
        7231    0.9944504     2.850044  -0.01850147     19668.11
      7231.2    0.9941509     2.858713   0.01280938     19667.83
      7231.4    0.9939823     2.874747 0.0008904053     19666.94
      7231.6    0.9941461     2.872745   -0.0215989        19668
      7231.8    0.9940997     2.850756  -0.05385553     19668.79
        7232    0.9939779     2.841434  -0.06735647     19669.42
      7232.2    0.9940371     2.831663 -0.009270496     19670.14
      7232.4    0.9938479      2.81886 0.0001336054     19670.76
      7232.6    0.9938785      2.84334    -0.019968     19672.44
      7232.8    0.9938387     2.841541  -0.01009166      19673.2
        7233    0.9936134     2.815689  -0.05003735     19673.56
      7233.2     0.993221     2.810786   -0.0539702     19674.14
      7233.4    0.9930144      2.80331 -0.000883418     19673.72
      7233.6    0.9928723     2.798365    0.0173005     19674.82
      7233.8    0.9924366     2.814982  0.002955113     19675.59
        7234    0.9919383     2.824627 -0.008187817     19675.87
      7234.2    0.9919546     2.805674  -0.01568698     19677.87
      7234.4    0.9923014     2.791815   0.00193838      19678.7
      7234.6    0.9925227     2.802432    0.0635603     19677.82
      7234.8    0.9924309     2.826178   0.09648813      19677.5
        7235    0.9920239     2.856522   0.06641243     19677.64
      7235.2    0.9918434     2.869005   0.01725515     19678.52
      7235.4    0.9919987     2.855562  -0.01187059     19679.98
      7235.6    0.9923792     2.839982   0.01902469     19681.18
      7235.8    0.9922647     2.847026   0.08601197     19682.42
        7236    0.9918983     2.884225    0.1128857     19684.56
      7236.2    0.9917676     2.924372    0.0206984     19685.97
      7236.4    0.9913432      2.93029   -0.1088715     19687.22
      7236.6    0.9909673     2.863584   -0.1812912     19687.63
      7236.8    0.9911514     2.797128   -0.2492739     19688.48
        7237     0.991299     2.779339   -0.2509683     19687.87
      7237.2    0.9911259     2.730871   -0.2114298     19687.02
      7237.4    0.9909534      2.66281   -0.1986865     19688.26
      7237.6    0.9906476     2.627984   -0.1185082     19690.16
      7237.8    0.9904051      2.62039 -0.005397531      19691.5
        7238    0.9904337     2.636065    0.0431833     19692.29
      7238.2    0.9906636     2.658492   0.03531519     19694.06
      7238.4    0.9906994      2.66253  -0.01475946     19695.86
      7238.6    0.9903675     2.648642  -0.06448578     19695.46
      7238.8    0.9903634     2.624257  -0.06446223     19693.93
        7239    0.9905476     2.606903  -0.03027178     19692.87
      7239.2    0.9905824     2.610961 -0.002423243     19693.76
      7239.4    0.9905098     2.624424   0.02269712     19694.98
      7239.6     0.990371     2.622318   0.04257642     19696.85
      7239.8    0.9906362     2.625061   0.05764395     19698.01
        7240    0.9910466     2.645022   0.07544705     19698.14
      7240.2    0.9909647      2.67054    0.0854282     19699.46
      7240.4    0.9910591     2.682676   0.08172619     19700.22
      7240.6    0.9914373     2.693403   0.05910828     19699.57
      7240.8    0.9919003     2.710403   0.05670404     19700.53
        7241    0.9920183     2.717826   0.04522933     19701.89
      7241.2    0.9920291     2.728039   0.01485262     19702.99
      7241.4    0.9920865     2.729587   0.00475766     19704.06
      7241.6    0.9920547     2.722285  -0.01688777     19704.72
      7241.8    0.9922419     2.721632  -0.03046528      19705.6
        7242    0.9924646     2.714529  -0.02315998     19707.35
      7242.2    0.9924834     2.705215  -0.01264017     19708.96
      7242.4    0.9926391     2.703757   0.01817704      19709.2
      7242.6     0.992958      2.71152   0.04175127      19709.8
      7242.8    0.9930779     2.729071   0.03461765     19710.17
        7243    0.9931703     2.738616   0.02642922     19709.08
      7243.2    0.9934599     2.731451  0.005922828     19708.42
      7243.4    0.9937094     2.732664 -0.005430048     19709.23
      7243.6    0.9939012     2.733809 -0.001093915     19711.06
      7243.8    0.9943429     2.734271  -0.02380006     19712.39
        7244    0.9946925     2.730576  -0.03415622     19712.73
      7244.2    0.9951385     2.713623  -0.02178211      19713.8
      7244.4     0.995395     2.706484   0.00582679     19714.27
      7244.6    0.9953079     2.716846   0.02713839     19713.07
      7244.8    0.9953717     2.735237   0.03403347     19713.54
        7245    0.9955136     2.735334   0.04072679      19716.8
      7245.2    0.9955805     2.733711    0.0310549     19719.69
      7245.4     0.995836     2.749427   0.04369519     19720.76
      7245.6    0.9962155     2.760081   0.05151631     19720.75
      7245.8    0.9965874      2.77029   0.03427454     19720.93
        7246    0.9970667     2.774924   0.04620044     19721.49
      7246.2    0.9973211     2.776847   0.04655671     19721.61
      7246.4    0.9973166     2.797041   0.04659758      19722.8
      7246.6    0.9972656     2.807536    0.0408643     19723.33
      7246.8    0.9971026     2.812202   0.01586226     19723.92
        7247    0.9970985     2.809538 -0.007032512     19723.53
      7247.2     0.997262     2.809731  -0.03146305     19723.05
      7247.4    0.9976382      2.80191  -0.05367088     19722.19
      7247.6     0.998014     2.787031  -0.07778522     19723.03
      7247.8    0.9984549     2.766602  -0.06587636     19724.14
        7248    0.9986584     2.747503  -0.05821041     19723.95
      7248.2    0.9987239     2.749209  -0.05256409     19725.39
      7248.4    0.9987307     2.740463  -0.01626513     19727.27
      7248.6     0.998706      2.72455   0.00018865     19728.81
      7248.8    0.9989645     2.734491    0.0116386     19731.59
        7249    0.9993962      2.74936   0.03299241     19733.35
      7249.2    0.9996384     2.749774   0.02494312     19733.15
      7249.4    0.9997085     2.750944 -0.004483347     19733.75
      7249.6     1.000138     2.754446 -0.004405698     19734.49
      7249.8      1.00072     2.745773  -0.00115675     19734.05
        7250     1.001006     2.746249   0.01532951     19734.61
        7252     1.003595     2.782505  0.002182041     19741.28
        7254     1.005296     2.731713  0.002899323     19749.65
        7256     1.008355     2.785686 -0.001447059     19758.58
        7258     1.010284     2.802572  0.004171149     19761.87
        7260     1.013073     2.770928 -0.003449853     19771.41
        7262     1.015728     2.765083 0.0005810089     19780.96
        7264     1.017347     2.758087  0.003533717     19786.74
        7266     1.017815      2.80722  0.003468681     19790.11
        7268      1.01878     2.799198  0.007241858     19799.16
        7270     1.018738     2.792832  0.007224309     19806.43
        7272     1.019088     2.816022  0.005438567     19813.57
        7274     1.018811     2.865014  0.008933032     19819.49
        7276     1.018406     2.842707  0.002768244     19826.24
        7278     1.018195     2.864296 -0.0003640085     19834.35
        7280     1.017759     2.838168  0.004768697     19839.83
        7282     1.015253     2.862102  0.001308169     19842.03
        7284     1.013969     2.880856   0.00553659     19848.16
        7286     1.012232     2.874762 0.0006979955     19853.58
        7288      1.01009      2.88246 -0.005705828     19863.25
        7290      1.00914     2.867686 -0.006027406     19868.24
        7292     1.007632      2.83521  -0.01117528     19875.26
        7294     1.005527     2.826542  -0.01111007     19883.87
        7296     1.005161     2.793058  -0.01114145     19890.31
        7298     1.003921     2.778806  -0.01709166     19894.36
        7300     1.003732     2.746078  -0.01056151     19903.18
        7302      1.00391     2.689809  -0.01250771     19911.99
        7304     1.002956     2.708566   -0.0138849     19918.54
        7306     1.002532     2.678744 -0.002270221     19923.91
        7308     1.002877     2.634999 -0.007683065     19930.33
        7310     1.001566     2.671647 -0.006415657     19931.78
        7312     1.002259     2.647101 -0.006449294     19944.97
        7314     1.002258     2.627419 -0.007531829     19951.81
        7316     1.002033     2.583405  0.008714779     19957.59
        7318     1.002109     2.611393  0.004709736     19965.36
        7320     1.002042      2.71682  0.008726524     19970.26
        7322     1.001091     2.665097  0.002225895      19976.6
        7324     1.001281     2.653217 -0.009246411     19979.35
        7326     1.001601       2.6292 -0.003573206     19988.94
        7328     1.000795     2.642848 -0.005005467     19997.75
        7330     1.001192     2.636511 0.0009837079     19999.66
        7332      1.00054     2.613173 -0.002536593     20005.35
        7334     1.000223      2.63707 -0.007478606     20011.67
        7336     1.000167     2.622556 -0.005303525     20020.32
        7338    0.9995147     2.576682 -0.009470081     20023.98
        7340    0.9985073     2.570745 -0.002369424     20030.68
        7342    0.9990683     2.561309   0.00639586      20038.2
        7344    0.9992281       2.6036   0.00739331     20041.73
        7346    0.9991854     2.627849   0.01009532     20046.09
        7348     1.000025     2.629891  0.009008813     20054.97
        7350    0.9999897     2.642072  0.006291039     20057.53
        7352    0.9998064     2.675671  0.008262918     20065.84
        7354      1.00038     2.678177   0.01000769     20071.66
        7356    0.9995442     2.695995   0.00342875     20075.28
        7358     1.000169     2.722133  0.003880222     20084.67
        7360     1.000222     2.703101  0.001679652     20092.37
        7362      1.00009     2.709219 -0.001644455     20096.65
        7364    0.9998349     2.709432  0.001204979     20105.19
        7366     1.000558     2.708977 0.0002520381     20113.42
        7368     1.000053     2.712741 -0.003213469     20117.76
        7370     1.000079     2.711236 -0.004940172     20123.61
        7372    0.9997616     2.683724 -0.009870718     20126.74
        7374     1.000093     2.669456  -0.01075468     20130.29
        7376    0.9994904     2.633775  -0.01332556     20134.69
        7378    0.9990757     2.625198  -0.01677448     20143.46
        7380     0.998947      2.57712  -0.01356966     20150.35
        7382    0.9992373      2.53526  -0.01424035     20158.63
        7384    0.9988363     2.525218  -0.01013777     20164.06
        7386    0.9989594     2.511275 -0.004937456     20168.45
        7388    0.9983349     2.496017 -0.003763478      20177.2
        7390     0.998315     2.495761 -0.002013666     20182.56
        7392    0.9979067      2.49511 -0.000515328     20186.33
        7394    0.9981353     2.495166  0.002983561      20192.4
        7396    0.9978082     2.491895  0.002228502     20197.13
        7398    0.9980225     2.519629 -0.0004676291     20205.22
        7400    0.9976471     2.512938   0.00660727     20209.86
        7402    0.9973349     2.491425  0.007888011     20219.01
        7404    0.9975274     2.544753 -0.008986989     20221.75
        7406     0.997673     2.582733 -0.004689597     20226.98
        7408    0.9959579     2.441042 -0.006689494     20229.74
        7410    0.9960036     2.453908  -0.01273769      20234.9
        7412    0.9960201     2.491237  0.005546587      20242.6
        7414    0.9955598     2.480832  0.003496092     20246.92
        7416     0.995631     2.485415 -0.003111892     20258.34
        7418    0.9955217     2.481877  -0.00254705     20259.67
        7420    0.9955986     2.466342 -0.002523747     20265.38
        7422     0.995534     2.460455 -0.005277103     20272.54
        7424    0.9954389     2.465225  -0.00222582     20277.61
        7426    0.9949682      2.43966 0.0006541283     20284.27
        7428    0.9953265     2.448535 0.0001233214     20289.35
        7430    0.9950563     2.465688   0.00204018     20297.25
        7432    0.9951505     2.466211  0.000815136     20306.57
        7434    0.9952637     2.455982  -0.00202574     20306.11
        7436     0.995259     2.455056 -0.001341638      20312.9
        7438    0.9953716     2.449482 -0.0002097744     20318.97
        7440    0.9953552     2.455478  0.001645718      20327.7
        7442    0.9956391     2.454303  0.003518999     20333.44
        7444    0.9955793     2.468222  0.001815072     20337.88
        7446    0.9949605     2.477634  0.004245149     20339.01
        7448    0.9957692     2.469999  0.001556469     20346.01
        7450    0.9953218     2.488265 -0.0005170103      20354.9
        7452    0.9956604     2.480674  0.001483829     20358.38
        7454    0.9957657     2.473498 -0.003394675      20365.2
        7456     0.996307     2.481869  -0.00119754     20370.81
        7458      0.99597     2.461107 -0.002438896     20377.16
        7460    0.9955064     2.471094 -0.002861085      20383.4
        7462    0.9956322     2.453987 -0.0004283638     20392.07
        7464    0.9957624     2.458981 -0.004464987     20392.22
        7466    0.9955912      2.45768 -0.003851965     20397.47
        7468    0.9958385     2.435374 -0.006376814     20405.48
        7470    0.9953739     2.423171 -0.006739149     20407.76
        7472    0.9953895     2.407966 -0.005087291     20416.66
        7474    0.9950562     2.403767 -0.002865235     20420.81
        7476    0.9949792     2.394675 -0.003073284     20424.78
        7478    0.9953145     2.400249 -0.002538105     20432.88
        7480     0.995565      2.38338 -0.002327729     20438.29
        7482    0.9950782     2.383462 -0.006725602     20442.38
        7484    0.9948959     2.376054 -0.004094076     20446.88
        7486    0.9954893     2.346445 -0.004384977     20451.95
        7488    0.9955645     2.350627 -0.006062857     20455.96
        7490    0.9949803     2.348382 -0.003686569     20457.52
        7492    0.9953761     2.327551 -0.002782671     20460.95
        7494    0.9954166     2.316952 -0.003520025     20469.64
        7496    0.9950053     2.328366 -0.004618767     20479.63
        7498    0.9949461     2.320222 -0.001982588     20481.52
        7500    0.9953016     2.290601  0.004304941     20490.05
        7502    0.9949126     2.301091  0.003097191      20492.6
        7504    0.9951952     2.362805  0.006027652     20497.66
        7506    0.9945766        2.345  0.003442797     20502.04
        7508    0.9948448     2.338822 -0.006435408     20508.05
        7510    0.9948458     2.328634 -0.003763526     20509.99
        7512    0.9949687     2.311322 -0.003565353     20514.67
        7514    0.9946128     2.314891 -0.002537995     20517.43
        7516    0.9946826     2.310299 -0.001197011     20518.13
        7518    0.9954586      2.30833 -0.001374198     20506.91
        7520    0.9952374     2.301746 -0.0002349942     20494.72
        7522    0.9946487     2.303898 -0.002218204     20489.32
        7524    0.9952045     2.308419 -0.003494294     20422.25
        7526    0.9967315     2.290584 -0.004147637     20117.16
        7528    0.9936286     2.273792 -0.002936474     20291.74
        7530    0.9956825     2.270717 -0.001417643     20177.77
        7532    0.9939468     2.284927  0.001056874     20380.02
        7534    0.9953171     2.279243  0.001039785     20553.36
        7536    0.9949021     2.282247 -0.001001853     20541.98
        7538    0.9949908     2.279035 -0.0005234883     20544.87
        7540    0.9953557     2.276912 -0.001485891     20569.14
        7542    0.9949466     2.275055 -0.001003638     20585.81
        7544    0.9952502      2.27036  -0.00238085     20593.44
        7546    0.9954961     2.271006 -0.001704933     20595.14
        7548    0.9951037     2.257866 -0.002077908     20599.77
        7550    0.9950394     2.261416 -0.0009279926      20605.5
        7552    0.9951137     2.253736 -0.0004031092     20611.16
        7554    0.9953675     2.263582 -0.0009661597     20618.56
        7556    0.9949773     2.254641 0.0003342455     20620.88
        7558    0.9956161     2.253686  -0.00045076     20627.96
        7560    0.9957714      2.25641 0.0002653259     20630.92
        7562    0.9956287     2.259976 -0.0001406627     20638.57
        7564    0.9957988     2.256763 -0.0001000181     20645.26
        7566    0.9958561     2.252561 -0.0008489892     20645.43
        7568    0.9956457      2.25561 -0.001982628     20648.54
        7570    0.9957041     2.253184 -0.002352426     20656.08
        7572    0.9956854     2.240902 -0.002392389     20662.33
        7574    0.9957172     2.233742 -0.004024707     20662.86
        7576    0.9955089     2.236471 -0.003141989      20668.2
        7578    0.9954815     2.220986 -0.003304793     20670.58
        7580    0.9957806     2.215766 -0.004731739     20674.78
        7582    0.9959653     2.207303 -0.003495397     20679.12
        7584    0.9955613     2.198617 -0.003161263     20680.54
        7586    0.9957009     2.193023 -0.002877401     20686.71
        7588    0.9959945     2.190476   -0.0013933     20689.03
        7590    0.9961534     2.184284 -0.0006634133     20692.58
        7592    0.9956776     2.187471 -0.001727367     20696.53
        7594    0.9956134     2.187716 -0.001021508      20701.1
        7596    0.9959033     2.176657 -0.0008819806     20701.48
        7598    0.9953361     2.176112 -0.0007161116     20700.75
        7600    0.9954807     2.180415 -0.0006944482     20708.65
        7602    0.9952363     2.181987 -0.001169245     20708.94
        7604    0.9956383     2.171102 -0.005275044      20717.6
        7606    0.9957286     2.166758 -0.004899121     20719.26
        7608    0.9947884     2.138214 -0.003847458     20723.04
        7610    0.9952644     2.142794 -0.003480318     20725.61
        7612    0.9950868     2.140322 -0.0001806686     20730.62
        7614    0.9954351     2.138916 -0.0001185436     20736.12
        7616    0.9955365     2.136769 -0.001083114     20740.37
        7618     0.995133     2.141846 -0.001973155     20745.73
        7620    0.9950662     2.131657 -0.001303873     20747.51
        7622     0.995878      2.12313 -0.001801163     20756.81
        7624    0.9955906     2.126338 -0.001532003     20758.47
        7626    0.9958535     2.127436 -0.0003171835     20760.19
        7628    0.9960491     2.119401 -9.314405e-05     20770.64
        7630     0.996089     2.120593 -0.0006531161     20769.97
        7632    0.9965473     2.125593 -0.0005821117     20775.73
        7634    0.9963017     2.122211 -0.001390743     20779.12
        7636    0.9962508     2.114744 -0.001444523     20782.65
        7638    0.9965466     2.109467 -0.002966868     20789.89
        7640    0.9961301     2.114037 -0.002381593     20794.23
        7642    0.9964448     2.098477 -0.001897043     20796.75
        7644    0.9965033     2.095692 -0.003016079      20798.4
        7646    0.9964995     2.094291 -0.001869831     20802.66
        7648    0.9958843     2.089908 -0.001939585      20801.4
        7650    0.9959631     2.083518 -0.001856655     20805.36
        7652    0.9963667     2.080175  -0.00229289     20812.97
        7654    0.9959049     2.079437 -0.001972331     20817.22
        7656     0.996211     2.071565 -0.001756407     20821.37
        7658    0.9972055     2.067739  -0.00160447     20822.81
        7660     0.996758     2.066124  7.86128e-05      20827.5
        7662    0.9969329     2.066602 -0.0003059304     20832.48
        7664    0.9967915     2.072194 -0.0003324139     20836.04
        7666    0.9973955     2.065292 -0.0008453174     20840.11
        7668    0.9972694     2.063464 -0.001624745     20846.95
        7670     0.997008     2.059839 -0.001632998     20849.97
        7672     0.996911     2.059196 -0.001416066     20853.82
        7674    0.9971962     2.052228 -0.0005445478     20856.64
        7676    0.9976651     2.052136 -0.001330678     20860.21
        7678    0.9975682     2.055483  -0.00149703     20861.74
        7680    0.9980688     2.048551 -0.001681789     20867.83
        7682    0.9981463     2.040252 -0.001845616     20873.92
        7684    0.9983031     2.038681 -0.0007837473      20877.7
        7686    0.9979388     2.040718 -0.0001698651      20883.3
        7688    0.9978013     2.042281 -0.0008746322      20883.5
        7690    0.9979319     2.038893 -0.001598819     20885.58
        7692     0.997793     2.031684 -0.0009304092      20892.5
        7694    0.9981864     2.027927 -0.002404283     20893.97
        7696    0.9991146     2.034837  -0.00211338     20898.97
        7698    0.9993933     2.019658 -0.001519095     20901.84
        7700     0.998886     2.014777 -0.002408024     20907.93
        7702    0.9984106     2.015774 -0.001720938     20912.07
        7704    0.9987367     2.015573 -0.002046351     20914.84
        7706    0.9990492     2.005891  -0.00177415     20918.04
        7708    0.9988554     1.998407 -0.002153519     20917.07
        7710    0.9994568     2.001581 -0.002153628     20930.49
        7712    0.9993896     1.998345 -0.001756394     20932.51
        7714    0.9994971     1.988662 -0.001868334     20932.11
        7716    0.9999952     1.984355 0.0005387345     20940.56
        7718    0.9989301     1.986634 0.0009869779      20940.6
        7720    0.9994348     2.002655  0.001102095     20943.68
        7722     0.999032     1.996558 -0.000145526      20949.8
        7724    0.9997824     1.993172 -0.001851697     20953.48
        7726    0.9995759      1.98547 -0.001447142     20955.95
        7728    0.9997573     1.987841 -0.001063565     20953.77
        7730    0.9999729     1.984981 -0.0005178101     20960.87
        7732    0.9997764     1.984664 -0.001042112     20965.15
        7734    0.9992328     1.981328  -0.00167554     20968.75
        7736    0.9993522     1.979504 -0.001516105      20969.5
        7738    0.9995467     1.971576 -0.001781537     20972.77
        7740    0.9993304     1.972535 -0.002642068     20975.65
        7742     1.000038     1.967076 -0.002544321     20976.61
        7744     1.000398     1.958368 -0.002898979     20984.39
        7746     1.000052     1.951222  -0.00344106     20984.16
        7748     1.000373     1.949343 -0.001570746      20988.4
        7750    0.9999956     1.939547 -0.0006591198     20989.51
        7752    0.9995637     1.945802 -7.471185e-05      20993.4
        7754    0.9999346     1.945949 -0.0003403619     20997.77
        7756    0.9996277     1.948745 -0.001577735     20998.03
        7758    0.9999875     1.936824 -0.0006402433     21002.71
        7760     1.000295      1.93318 -0.002838425     21007.18
        7762     1.000808     1.940827 -0.0009444077     21012.88
        7764     1.000194     1.926038 -0.0005880725     21011.55
        7766      1.00046     1.929269 -0.002461953     21020.72
        7768     1.000859     1.928475 -0.001410079     21020.11
        7770     1.000912     1.921131 -0.001947796     21024.48
        7772     1.000744     1.914757 -0.002071501     21022.05
        7774     1.000883     1.913686 -0.002055905     21021.61
        7776     1.000957     1.911903 -0.001799897     21020.64
        7778     1.001087     1.904684 -0.002280959     21018.13
        7780     1.001477     1.900358 -0.001257637     21006.67
        7782     1.001476     1.895439 -9.349775e-05     20976.91
        7784     1.003333     1.901842 -0.001737352     20764.37
        7786     1.006182     1.903936 -0.001934335     20030.04
        7788     1.000355     1.886459  -0.00213384     20084.01
        7790    0.9990446     1.879964 -0.002259297     20261.43
        7792      1.00193     1.884772 -0.0007380375     21032.71
        7794     1.002372     1.885862 -0.0002625867     21065.27
        7796     1.002755     1.880555 -0.001547193     21075.89
        7798     1.002512     1.877863 -0.001871087      21082.4
        7800     1.002391     1.872394 -0.0008543142     21086.47
        7802     1.002433     1.870893  -0.00123177     21089.74
        7804     1.002809      1.87372 -0.0005142785     21095.12
        7806      1.00286     1.868009 -0.001194889     21097.73
        7808     1.002834      1.86828 -0.001925494     21103.29
        7810     1.002965     1.861334 -0.001230058     21103.89
        7812     1.002432     1.858316  -0.00214994     21106.36
        7814     1.002384     1.858169 -0.001210983      21113.2
        7816     1.002682      1.85108 -0.001019062     21111.72
        7818     1.002512     1.851646  -0.00111645     21112.27
        7820     1.002684     1.850164 -0.001068308     21117.61
        7822     1.002516     1.849237 -0.001601054     21116.59
        7824     1.002907     1.842534 -0.001709083     21120.43
        7826     1.003134     1.838837 -0.001841981     21125.37
        7828     1.003032     1.836491 -0.0007522917     21127.68
        7830      1.00308     1.834501 -0.0003423658     21130.05
        7832     1.003298     1.836516 -0.0008299177     21134.93
        7834     1.003158     1.836098 -0.0006569798     21131.46
        7836     1.003429     1.829852 -0.004189553      21140.2
        7838     1.003107     1.829246 -0.003757355     21145.34
        7840     1.002467     1.802999 -0.002227798     21145.67
        7842     1.002864      1.80604 -0.002259378     21143.99
        7844     1.002602      1.81203 0.0001625552     21148.71
        7846     1.002682     1.811171 -0.0006907975      21155.3
        7848     1.002848       1.8043  -0.00141006     21156.99
        7850     1.002804     1.800513  -0.00134829     21161.31
        7852     1.002889     1.800749 -0.001597041     21162.01
        7854     1.002855     1.800384 -0.001201212     21163.98
        7856     1.002765     1.791523 -0.001589368     21164.51
        7858     1.003511     1.790904 -0.001455182     21167.04
        7860     1.003775     1.788034 -0.001236335     21170.56
        7862      1.00355     1.788743 -0.001328074     21173.61
        7864     1.003673     1.781633 -0.001009834     21174.68
        7866     1.003147     1.780279 -0.0007964338     21176.61
        7868     1.003025     1.779955 -0.000701547     21180.02
        7870     1.003766     1.782371 -0.0008229977     21186.25
        7872     1.003906      1.77602 -0.0009821196     21187.09
        7874     1.004246     1.773695 -0.001777322     21191.94
        7876     1.004154     1.772099 -0.001526973     21194.14
        7878     1.004399     1.768153 -0.001611857     21200.07
        7880     1.004205     1.763804 -0.002100693     21202.71
        7882     1.004376       1.7608 -0.002295568     21205.49
        7884     1.004267     1.755293 -0.001879567     21205.81
        7886     1.004031     1.749788 -0.002108492     21211.13
        7888     1.004385     1.748768 -0.001689541      21213.7
        7890     1.004614     1.743932 -0.001583008     21216.17
        7892     1.004822     1.741777 -0.002412973      21220.7
        7894     1.004823     1.737124 -0.001275287     21221.81
        7896     1.004967     1.729464 -0.001331399     21223.76
        7898     1.004913      1.73373 -0.001529028     21226.32
        7900     1.005049     1.731125 -0.001159738     21231.18
        7902     1.004924     1.724892 -0.001723972     21233.95
        7904     1.005209     1.720186 -0.001521796     21236.89
        7906     1.004796     1.719938 -0.0008733351     21239.67
        7908     1.005331     1.718951 -0.0008645369      21240.9
        7910     1.005121     1.717905 -0.001233839     21247.75
        7912     1.005623      1.71327 -0.001303846     21251.96
        7914     1.006149     1.710067 -0.001615068     21204.31
        7916     1.006726      1.70852 -0.001674621     20934.44
        7918     1.006005     1.704985 -0.001325166     20596.83
        7920     1.005027     1.699873 -0.001604554     20948.78
        7922     1.005247     1.699466 -0.001554679     21183.81
        7924     1.005134     1.695684 -0.001499328     21228.58
        7926     1.005429     1.692547 -0.001350282     21237.77
        7928     1.005421     1.687878 -0.001315674     21245.86
        7930     1.004966     1.688664 -0.001297946     21251.09
        7932     1.005209     1.685159 -0.001012579     21257.43
        7934     1.005398     1.682164 -0.001653432     21261.42
        7936     1.005081     1.679778 -0.001022491     21263.63
        7938     1.004815     1.675436 -0.001177975     21262.36
        7940     1.005004     1.676979 -0.0009747854     21271.58
        7942     1.004898      1.67274 -0.001150156     21270.98
        7944     1.005305     1.671979  -0.00158127     21272.99
        7946     1.005271     1.666235 -0.001405489     21277.87
        7948     1.005441     1.664328 -0.001515215     21279.95
        7950     1.005427     1.661496 -0.001203437     21284.54
        7952     1.005437     1.659858 -0.001990625     21290.26
        7954     1.005602     1.656608 -0.002151388     21287.75
        7956     1.005696     1.648403 -0.001063522     21296.08
        7958     1.005366     1.644285 0.0004182331     21296.78
        7960      1.00552     1.651349  0.000182915     21297.35
        7962     1.005629     1.659954 -8.26449e-05     21300.67
        7964     1.005366     1.649867 -0.0008915075     21300.89
        7966     1.005272     1.643624 -0.002843616     21303.91
        7968     1.005142     1.644217 -0.001979898     21309.04
        7970     1.004921     1.637205 -0.001985044     21306.81
        7972      1.00478     1.634028 -0.001646911     21310.84
        7974     1.005226     1.627743 -0.0008846215     21313.33
        7976     1.005316     1.631042 -0.001054546     21317.44
        7978     1.005624     1.630128 -0.0008912026     21320.01
        7980     1.005393     1.625591 -0.001946772     21318.58
        7982     1.005584     1.620614 -0.001909035     21320.03
        7984       1.0052     1.615468 -0.001159677     21324.31
        7986     1.005678     1.614855 -0.001553079     21330.68
        7988     1.005522     1.616314 -0.001555938     21329.16
        7990      1.00524     1.608189 -0.002436447     21330.79
        7992     1.005288      1.60302 -0.002137523     21332.99
        7994     1.005633     1.595364 -0.001083048     21334.83
        7996      1.00563     1.599214 -0.001187955     21336.58
        7998     1.005868     1.599525 -0.0004415767      21339.7
        8000     1.005518     1.593517 -0.0007089883     21337.87
        8002     1.005634     1.591831 -0.001593141     21345.16
        8004     1.005418     1.593542 -0.001347445     21347.26
        8006     1.005565      1.58678  -0.00119669     21349.48
        8008     1.005229     1.582737 -0.001899771     21351.35
        8010     1.005453     1.582258 -0.001255828     21352.91
        8012     1.005554     1.578344 -0.001114118     21354.87
        8014     1.005501     1.576733 -0.001409323     21361.81
        8016     1.005355     1.573824 -0.0009507531     21361.62
        8018     1.005458     1.570983 -0.001349411     21363.67
        8020      1.00547     1.570737 -0.001318095        21364
        8022     1.005535     1.565938 -0.001084036     21365.39
        8024     1.005465     1.563279 -0.001550277      21362.3
        8026     1.005351     1.562311  -0.00129774     21369.06
        8028     1.005576     1.558335 -0.001590439     21374.53
        8030     1.005077     1.555556 -0.001747019     21370.35
        8032     1.005393     1.550556 -0.001436689      21375.5
        8034     1.005445     1.548335 -0.001455684     21375.65
        8036     1.005342     1.546842 -0.001104047     21378.72
        8038     1.005535      1.54391 -0.001154175     21379.53
        8040      1.00528     1.541724 -0.001082828     21384.96
        8042     1.005081     1.539101 -0.001398788     21385.89
        8044      1.00483     1.538179 -0.001301607     21388.12
        8046     1.004786      1.53272 -0.001120523     21391.42
        8048       1.0051     1.531311 -0.001525324     21394.84
        8050     1.004967     1.530137 -0.0008371292     21394.88
        8052     1.004693     1.525977 -0.001514805     21395.12
        8054     1.004439     1.526023 -0.001465591     21395.28
        8056     1.004479     1.519192 -0.001339892     21401.21
        8058     1.004219     1.518412 -0.002261443     21397.98
        8060     1.004421     1.515257 -0.001304342     21403.82
        8062     1.004401     1.507931 -0.001891104     21403.86
        8064     1.004116     1.508758 -0.001340793     21407.25
        8066     1.004362     1.503283 -0.0008628975        21405
        8068     1.004296     1.504531 -0.001347433     21406.93
        8070     1.004107     1.501028  -0.00116467     21409.38
        8072     1.004308     1.497978 -0.001631683     21413.54
        8074       1.0039     1.493966 -0.001343768      21414.6
        8076     1.003644     1.491478 -0.001172288     21416.43
        8078     1.003512     1.490278 -0.0005316987      21414.6
        8080     1.003675       1.4886 -0.0007587752     21418.58
        8082     1.003343     1.489712 -0.0009983725     21420.06
        8084     1.003069     1.485407 -0.0008691082     21422.44
        8086     1.003349     1.482291 -0.001891125     21420.47
        8088     1.003429     1.481647 -0.002281657     21424.77
        8090     1.002737     1.474583 -0.002201181     21428.16
        8092     1.002547     1.467154 -0.001863915     21429.86
        8094     1.002795     1.464682 -0.001054242     21437.08
        8096     1.002335     1.466736 -0.0007881103     21433.53
        8098     1.002097      1.46615 -0.0006604796     21434.81
        8100     1.002047     1.460849 -0.0009165564     21434.32
        8102     1.002043     1.459398 -0.001131812     21439.64
        8104     1.001764     1.459403 -0.001028406     21439.42
        8106     1.001236     1.457095 -0.001304389     21442.81
        8108     1.001384     1.452622  -0.00152829     21441.73
        8110     1.001481     1.448963 -0.001358991     21446.81
        8112     1.000966     1.447177 -0.001450071     21444.55
        8114     1.000538     1.446223 -0.001015771      21447.5
        8116     1.000782     1.441021 -0.0006881057     21447.39
        8118      1.00048     1.440836 -0.0009873392     21453.86
        8120     1.000197     1.441672 -0.0003902502     21453.07
        8122    0.9999984     1.438324 -0.001031547     21453.39
        8124    0.9999147     1.437899 -0.001425545     21451.57
        8126    0.9998024     1.432584 -0.001576439     21458.27
        8128    0.9996632     1.430268 -0.001580751     21455.63
        8130    0.9996782     1.425713 -0.001334013     21456.19
        8132    0.9994814     1.425253 -0.001398514      21459.8
        8134    0.9993704     1.421912 -0.0009545613      21458.4
        8136    0.9993802      1.41908 -0.001505883     21461.61
        8138     0.999079     1.418076 -0.001157571      21462.8
        8140    0.9986384     1.413206 -0.001242121     21464.01
        8142    0.9985314     1.412651 -0.001380889     21462.77
        8144    0.9986675     1.409143 -0.0009215351     21465.25
        8146    0.9985833     1.407029 -0.001429296     21468.61
        8148    0.9979846     1.405834 -0.001443009     21466.28
        8150    0.9982465     1.401217  -0.00108423     21469.84
        8152    0.9979893     1.397598 -0.001194208     21465.71
        8154    0.9978178     1.398355 -0.001174719     21466.06
        8156    0.9977747      1.39628 -0.001088479        21467
        8158    0.9977334     1.391819 -0.001515202     21473.31
        8160    0.9976747     1.388891 -0.001639354     21470.64
        8162    0.9976899     1.386234 -0.001573601     21474.72
        8164     0.997315     1.383166 -0.001622337     21476.45
        8166    0.9972933     1.379231 -0.001185249     21474.35
        8168    0.9970188     1.375912 -0.001365319     21475.19
        8170    0.9966436     1.376752 -0.001047577     21475.19
        8172    0.9967517     1.372243 -0.001033009     21481.75
        8174    0.9965675      1.37085 -0.001684924     21480.89
        8176    0.9967104     1.367648 -0.001423778     21482.51
        8178    0.9965019     1.363272 -0.001426976     21480.84
        8180    0.9965922     1.360853 -0.001297605     21480.52
        8182    0.9963424     1.359434 -0.001304702     21479.45
        8184     0.995726     1.357267 -0.001083915     21479.74
        8186    0.9955324     1.352835 -0.0009328242     21487.42
        8188    0.9953241     1.352181 -0.0009132286     21487.45
        8190    0.9952201     1.351971 -0.0004593574     21484.45
        8192    0.9951424     1.349961 -0.001158268     21486.18
        8194     0.994844      1.34916 -0.001203471     21484.51
        8196    0.9949966     1.342915 -0.001298002     21488.55
        8198    0.9949355     1.342344 -0.001529627      21493.3
        8200    0.9947796     1.339577 -0.001190673     21492.15
        8202    0.9944667     1.336923 -0.001360151     21495.01
        8204    0.9940722      1.33339 -0.001376087      21492.4
        8206     0.993667     1.331463  -0.00136762     21494.23
        8208    0.9934899     1.328569 -0.001079877     21491.52
        8210     0.993376     1.325982 -0.001346039     21491.98
        8212    0.9933033     1.324751 -0.001575803     21496.44
        8214    0.9930487     1.320694  -0.00155025     21496.28
        8216    0.9929136     1.315962 -0.001575721     21498.55
        8218     0.992718      1.31358 -0.0009968897      21499.4
        8220    0.9923202     1.312145 -0.0001331868     21499.49
        8222    0.9917536     1.312719 -0.0004842988     21498.74
        8224    0.9916447     1.314897 -0.0006925475     21503.95
        8226    0.9911717     1.309706 -0.001137334     21499.97
        8228    0.9907894     1.306605 -0.001652262     21501.46
        8230    0.9907491      1.30362 -0.001550578     21505.16
        8232    0.9902833     1.301678  -0.00141407     21503.07
        8234    0.9901461     1.297301 -0.001144985     21509.89
        8236     0.989611     1.295292 -0.001484772     21501.86
        8238    0.9895767     1.294461 -0.001079138     21502.55
        8240    0.9894449       1.2898 -0.001030695     21505.91
        8242    0.9891423     1.288668 -0.001064714     21506.39
        8244    0.9885112     1.287047 -0.0009310813     21507.93
        8246      0.98838     1.285943 -0.001138886     21509.65
        8248    0.9884049     1.282352 -0.001422488     21509.73
        8250    0.9883967     1.279557 -0.001720874     21515.71
