# This file has been produced by extranormal (v 1.0.1 - February 23, 2017)
# O. Roudenko - Synchrotron SOLEIL. Covered by GPL licence.
#Data from HDF File: /nfs/ruche-rock/rock-soleil/com-rock/2021/Projets/20210209_Hilde/InSitu/10Ni-10Fe_50BN/10Ni-10Fe_50BN_RWGS750_CO2pulses_H2cst_ratio1/10Ni-10Fe_50BN_RWGS750_CO2pulses_H2cst_ratio1_00847.nxs to 10Ni-10Fe_50BN_RWGS750_CO2pulses_H2cst_ratio1_00848.nxs
#Time at start=2021-02-10 14:42:38.997
#Time from start (seconds)=4233.96016772
#Sample temperature (C)=24.7
# Normalization -------------
# pivot spectrum: Pivot_Fe_10Ni-10Fe_50BN_RT_air_av2000_00001.txt
# E0=7112.0   Eshift=1.60250539149
# E0_pivot = 7112.0
# pre-edge params: from E0_pivot-140.0 to E0_pivot-20.0
# pre-edge range: [6972.0, 7092.0]
# post-edge params: from E0_pivot+100.0 to E0_pivot+1140.0
# post-edge range: [7212.0, 8250.0]
# I jump at E0_pivot = 1.24757707717
# shifted energy	normalized	reference	ref.derivative	I0
        6970  0.001653121     1.684501 -0.007316517     18817.17
        6972  0.001653121     1.684501 -0.007316517     18817.17
        6974  0.001325993     1.671167  -0.00433568     18825.04
        6976  0.001278631     1.669191 -0.002448354     18828.64
        6978 0.0008984775     1.669313 -0.0008394405     18838.57
        6980  0.001162448     1.664915 -0.001468514     18847.92
        6982  0.001032975     1.664452 -0.002104813     18852.33
        6984  0.000871557     1.657443 -0.001614224      18858.2
        6986 0.0005691741     1.652474 -0.001723938     18867.87
        6988 0.0007785182     1.652001 -0.0008174848     18876.22
        6990 0.0008376525      1.65066 -0.002088206     18882.91
        6992 0.0005912858     1.650903 -0.001996656     18891.79
        6994 0.0001975238     1.635769 -0.001764288      18896.6
        6996 3.794217e-05     1.636028 -0.002320639     18907.05
        6998 -0.0003104892     1.636546 -0.0005636797     18913.01
        7000 -0.0002290965     1.632338 -0.001211399     18921.28
        7002 -0.0001515553     1.631259 -0.001888912     18929.79
        7004 -0.0004090323     1.626336 -0.001702969     18938.35
        7006 -0.0005258393     1.621435 -0.001815106     18948.27
        7008 -0.0001416743     1.618714 -0.001991587     18953.51
        7010 -0.0001680223     1.616738 -0.001314621     18961.94
        7012 -0.000783893     1.610404 -0.000507024     18970.21
        7014 -0.0003114458     1.610918 -0.0009998428      18979.4
        7016 -0.0002975553     1.614658 -0.001067342     18987.99
        7018 -0.0001530821      1.60874 -0.001836767     18994.89
        7020 -0.0007119176     1.601865 -0.002212785      19002.2
        7022 -0.0005178681     1.596224 -0.002517609     19010.61
        7024 -0.0005548071     1.596955 -0.002284779     19017.37
        7026 -0.0008291478     1.588599 -0.0001233145     19026.65
        7028 -0.0006263999     1.583587 -0.001690886     19034.97
        7030 -0.0007094847     1.595237 -0.0006855036     19042.84
        7032 -0.0006604886     1.583428 -0.0006982449     19049.27
        7034 -0.0008789482     1.583115 -0.002630713     19060.01
        7036 -0.001464673     1.578001 -0.001373649      19065.1
        7038  -0.00114386     1.574191 -0.001879035     19075.44
        7040  -0.00131906     1.572439 -0.001436882     19081.13
        7042 -0.001051755     1.568082 -0.001201447     19090.64
        7044 -0.0006868459     1.566506 -0.001447766     19100.84
        7046 -0.0008241809      1.56458 -0.001328873     19109.17
        7048 -0.0006817708     1.560857 -0.001952048      19116.7
        7050 -0.0003723513     1.557451 -0.001689616     19124.14
        7052 -0.0002057208     1.550889  -0.00176435     19130.99
        7054 -0.0006115805     1.551063 -0.001733432      19137.6
        7056 -0.0004453054     1.546742 -0.001037807     19149.94
        7058 -0.0002990479     1.543584  -0.00102472     19157.84
        7060 -0.000403665     1.542587 -0.001498696     19162.88
        7062 -0.0005225126     1.542865 -0.001303336      19168.9
        7064 -0.000202078     1.534753 -0.001535867     19180.17
        7066 -0.0003676762     1.533157 -0.002270234     19187.67
        7068 -0.0003368586       1.5303 -0.001396621      19194.8
        7070 1.721139e-06     1.524703 -0.001071629     19202.11
        7072 -0.0002264187      1.52358 -0.001898952     19207.73
        7074 -0.0002915801     1.524584 -0.001386187     19214.03
        7076 0.0005325644     1.515108 -0.0009700587     19225.39
        7078 0.0006014156     1.513614 -0.001596814     19233.28
        7080 0.0008341701     1.515819 -0.0007020772     19240.19
        7082 0.0008508986      1.51181 -0.0007816648     19252.24
        7084 0.0009122874     1.509492 -0.001182285      19258.6
        7086  0.001612975      1.50736 -0.001007286     19261.53
        7088  0.001354587     1.506361 -0.001467866     19270.87
        7090  0.002025774     1.503751 -0.001462951     19281.58
        7092  0.002520415     1.497749 -0.001471536     19287.57
        7094  0.003381556     1.495657 -0.001601815     19293.81
        7096  0.003709328     1.494589 -0.0007329327     19302.24
        7098  0.004517326     1.490937 -0.0001807351     19310.53
        7100  0.006010056     1.491885 1.783177e-05     19319.47
      7100.2  0.006071268     1.492167 9.098569e-05     19320.23
      7100.4  0.006132479     1.492448 0.0001641396     19320.99
      7100.6   0.00619369     1.492729 0.0002372935     19321.75
      7100.8  0.006254902     1.493011 0.0003104475     19322.52
        7101  0.006316113     1.493292 0.0003836014     19323.28
      7101.2  0.006377325     1.493574 0.0004567553     19324.04
      7101.4  0.006438536     1.493855 0.0005299092      19324.8
      7101.6  0.006499747     1.494136 0.0006030631     19325.57
      7101.8  0.006824773      1.49472  0.001446421     19326.92
        7102  0.007114741     1.493513 0.0004013063     19329.07
      7102.2  0.007239398     1.495094 -0.001818707     19328.26
      7102.4   0.00748502     1.494458   0.00184445     19327.58
      7102.6   0.00771133     1.493265 -0.001641953     19329.21
      7102.8  0.007823137     1.494989 -0.004101393     19330.57
        7103  0.007754044     1.493781  -0.00438567      19328.4
      7103.2  0.008036463     1.491177 -0.006684478     19332.19
      7103.4  0.008392645     1.489757 -0.004353441     19332.92
      7103.6  0.008509591     1.489641 -0.003610643     19333.21
      7103.8   0.00841739     1.490298 -0.002737228     19332.49
        7104  0.008664555     1.488289 0.0007707498     19332.95
      7104.2   0.00866268     1.487567  0.006124298     19333.53
      7104.4  0.008948288     1.490258  0.007214043     19336.54
      7104.6  0.009444202     1.495197  0.006740398     19338.36
      7104.8  0.009705013      1.49406  0.002704496      19339.4
        7105  0.009748863     1.492959 -0.005542478     19339.66
      7105.2   0.01015127     1.492421 -0.004262889     19344.56
      7105.4   0.01058217     1.490763  0.001261627     19346.66
      7105.6    0.0108548      1.49065  0.005671333     19344.11
      7105.8   0.01108447     1.493968  0.008454874     19343.24
        7106   0.01125756     1.496959  0.004485618     19340.29
      7106.2   0.01175342     1.497527 -0.001508232     19341.43
      7106.4   0.01212704     1.494238 -0.002402203      19344.2
      7106.6   0.01244645     1.492762 -0.002431535      19345.5
      7106.8   0.01259454     1.495037  0.003105431     19344.88
        7107   0.01245863     1.495582   0.00905088     19344.03
      7107.2   0.01297042     1.496723  0.008009432     19346.92
      7107.4   0.01342007     1.500003  0.007745234     19346.92
      7107.6    0.0137173     1.501444   0.00717213     19348.86
      7107.8   0.01427171     1.501778  0.003137306     19349.42
        7108   0.01482408      1.50246  0.003273906     19350.34
      7108.2   0.01549487     1.502512  0.008909365     19352.34
      7108.4    0.0160614     1.504063   0.01041954     19351.75
      7108.6   0.01651672     1.508906   0.01078929      19351.1
      7108.8   0.01709831     1.510796   0.01139626     19351.54
        7109   0.01771676     1.511144  0.005139655      19349.9
      7109.2   0.01858445      1.51318  0.005676383     19349.98
      7109.4   0.01955667     1.513018   0.01342147     19352.45
      7109.6   0.02061482     1.515337   0.01800244     19350.15
      7109.8   0.02195908     1.521881   0.02717131      19350.1
        7110   0.02346444     1.527582   0.03707449        19353
      7110.2   0.02534447     1.534755   0.04134796     19353.57
      7110.4   0.02770722     1.544997   0.05320353        19354
      7110.6   0.03041808     1.554959   0.06626727     19354.23
      7110.8   0.03334247     1.570145   0.07815164     19350.77
        7111   0.03745051     1.587768    0.1005376      19350.8
      7111.2    0.0423752     1.607518    0.1186263     19348.31
      7111.4   0.04813494     1.635389    0.1361184     19346.71
      7111.6   0.05541403     1.665046    0.1477592     19347.21
      7111.8   0.06408261     1.696663    0.1519805     19346.17
        7112   0.07326502     1.725725     0.158612     19343.02
      7112.2   0.08290867     1.756974     0.157331     19340.68
      7112.4   0.09269917     1.791936    0.1596234     19339.15
      7112.6    0.1017406     1.822528    0.1483124     19340.72
      7112.8    0.1104103     1.853424    0.1325846     19340.81
        7113    0.1181568     1.875624    0.1195699      19339.7
      7113.2    0.1251672     1.898004    0.1062538     19337.78
      7113.4    0.1317269     1.918184   0.09224519     19337.44
      7113.6    0.1378475     1.938427   0.07662947     19334.26
      7113.8    0.1440081      1.94942   0.06712008     19336.43
        7114    0.1497288     1.959307    0.0510165     19336.37
      7114.2    0.1541531      1.97188   0.05471845     19332.99
      7114.4    0.1581584      1.97924   0.06101211     19331.29
      7114.6    0.1618933     1.993195   0.05711734     19331.02
      7114.8     0.165008     2.008117   0.05867915     19331.57
        7115    0.1677056     2.017574    0.0537983     19331.23
      7115.2    0.1698334     2.026184   0.05260862     19334.22
      7115.4    0.1717682     2.036233   0.04045661     19334.91
      7115.6    0.1739814     2.050204   0.03500034      19336.2
      7115.8    0.1766824     2.049939   0.03045356     19337.54
        7116    0.1798625     2.054184   0.01733275     19337.73
      7116.2    0.1838743     2.060596   0.01620971     19337.39
      7116.4    0.1889052      2.06407   0.01804408     19339.64
      7116.6     0.194766     2.062907   0.01970821     19340.27
      7116.8    0.2011335     2.068619   0.02765374     19339.96
        7117     0.208549     2.076363   0.04621508     19338.27
      7117.2    0.2168056     2.086193   0.05227734     19338.53
      7117.4    0.2261585     2.099879   0.05534412     19336.82
      7117.6    0.2367544     2.110441   0.06711613     19337.45
      7117.8    0.2483868     2.120638   0.07241668     19340.71
        7118    0.2613382     2.139886   0.08031571     19340.45
      7118.2    0.2754832     2.157812   0.08718905     19339.93
      7118.4    0.2911049     2.174694   0.08438862     19339.28
      7118.6    0.3083794     2.190389   0.08721051      19340.2
      7118.8    0.3269271     2.207397   0.08457902     19340.59
        7119    0.3473818     2.227581    0.0966493     19338.92
      7119.2    0.3697518     2.242357    0.1091173     19338.17
      7119.4    0.3931408     2.267709   0.09931406     19336.51
      7119.6    0.4170291     2.294691    0.1006091     19335.62
      7119.8     0.441464     2.307032    0.1126704     19336.07
        7120    0.4663585     2.322844    0.1419413     19336.46
      7120.2    0.4902126     2.357845     0.169875     19336.23
      7120.4    0.5128396     2.408244    0.1633555     19335.87
      7120.6    0.5343003     2.442932    0.1412213     19334.73
      7120.8    0.5541684     2.453528    0.0970935     19336.02
        7121    0.5721277     2.470822   0.09564972     19336.41
      7121.2    0.5886489     2.485918    0.0975739     19340.19
      7121.4    0.6039567     2.519452   0.09319084     19338.75
      7121.6    0.6183182     2.531588   0.08150432     19339.59
      7121.8    0.6326003     2.545375   0.04276111     19335.62
        7122    0.6470068     2.551122   0.09631855     19334.63
      7122.2     0.661989      2.55366    0.1168133      19333.2
      7122.4     0.676424     2.608642     0.178312     19335.07
      7122.6    0.6918611     2.638825    0.2051351     19332.67
      7122.8    0.7085488     2.693771    0.1425418     19335.03
        7123    0.7258574     2.717769    0.1449019     19332.83
      7123.2    0.7434835     2.722676   0.05924955     19333.63
      7123.4    0.7610253     2.754747   0.07293244     19335.49
      7123.6    0.7786208     2.741171    0.1335017     19335.21
      7123.8    0.7970387     2.776114    0.1116969      19335.1
        7124    0.8161978     2.829477   0.07146148     19335.44
      7124.2    0.8345991     2.844105   0.02850244     19334.24
      7124.4     0.851361      2.79834  -0.06885215     19333.87
      7124.6    0.8677959     2.798916 0.0003491898      19331.7
      7124.8    0.8839472     2.774395   0.07728243     19330.25
        7125    0.8989942     2.844384   0.06601917      19330.2
      7125.2    0.9126398     2.860166    0.1293043     19332.21
      7125.4    0.9256299     2.851732   0.01539121     19331.09
      7125.6    0.9380298     2.877839  -0.05702754     19329.71
      7125.8    0.9505889     2.856697  -0.05450619      19333.3
        7126    0.9628583     2.814544  -0.08710715     19330.37
      7126.2    0.9738724     2.808127  -0.07539221     19327.53
      7126.4    0.9851345     2.808153   0.04934719     19326.48
      7126.6    0.9969531     2.796383    0.1343509     19324.41
      7126.8     1.008934     2.854022      0.15713     19323.01
        7127     1.021054     2.915608    0.1758385     19320.28
      7127.2     1.033604     2.933857   0.07552256        19321
      7127.4     1.047078     2.937054  -0.02776029     19323.39
      7127.6      1.06044      2.91444  -0.08191147     19321.83
      7127.8     1.074046     2.893399   -0.1065403     19321.09
        7128     1.088411     2.868328 -0.001074136     19321.13
      7128.2     1.102779     2.851822    0.1180284     19319.67
      7128.4     1.117457     2.913581   0.09789396     19320.36
      7128.6     1.131911     2.987822    0.1889378     19321.02
      7128.8     1.145987     2.946643    0.2707857     19320.71
        7129     1.159111     3.002972    0.2671691     19320.82
      7129.2     1.171014     3.130209    0.3253562     19317.35
      7129.4     1.181321     3.201557    0.2508366     19314.66
      7129.6     1.189366     3.206928   0.08626149     19312.82
      7129.8     1.197132     3.203641  -0.04025407     19315.96
        7130     1.203213     3.199218  -0.09114697     19316.05
      7130.2     1.207516     3.169354  -0.06195351     19314.76
      7130.4     1.210206     3.134011  -0.09240058      19313.2
      7130.6     1.212534     3.154078   0.06130098     19313.96
      7130.8     1.213714     3.125298    0.1148309     19308.56
        7131     1.214716     3.218395   0.07319188     19309.59
      7131.2     1.214843     3.225875     0.138469     19311.17
      7131.4     1.214079     3.212632  -0.08850559      19309.1
      7131.6     1.213945     3.236073   -0.1072019     19308.21
      7131.8     1.213587      3.14759   -0.1263413     19306.25
        7132     1.213603     3.140114  -0.07378017     19305.25
      7132.2     1.213391     3.111559  -0.02362029     19305.92
      7132.4     1.212289     3.177049  -0.05425597     19307.13
      7132.6     1.210406     3.128694  -0.02716594     19301.86
      7132.8     1.209161     3.096709   -0.1063817     19305.01
        7133     1.206943     3.089826   -0.0822589      19304.4
      7133.2      1.20359     3.091944  -0.08915944     19304.99
      7133.4     1.199509     3.062887   -0.1045654      19306.9
      7133.6      1.19434     3.025381   -0.1101043     19306.87
      7133.8     1.189093     3.006174  -0.08226941     19307.08
        7134     1.183161      3.00386   -0.0664571     19308.75
      7134.2     1.176628     2.997071  -0.03797521     19311.48
      7134.4     1.169562     2.972216    0.0252596     19309.26
      7134.6     1.162108     2.975794   0.02139211     19309.19
      7134.8     1.154601     3.024068   0.01395882     19311.17
        7135     1.146838     3.014185  -0.01470517     19311.75
      7135.2     1.139598     2.983383   -0.1285318     19315.25
      7135.4     1.132283     2.964029   -0.1411168     19316.21
      7135.6     1.125205     2.921242  -0.07511967     19313.89
      7135.8     1.119088     2.901292 -0.001003806     19314.98
        7136     1.113062     2.923287   0.04632975     19317.31
      7136.2     1.106997     2.963226   0.05584086     19318.59
      7136.4     1.100305     2.958306   0.04224876     19318.99
      7136.6      1.09422     2.945964  -0.04621544      19318.1
      7136.8     1.089088     2.957086  -0.06935296     19316.82
        7137     1.084001     2.926254  -0.04492919     19306.98
      7137.2     1.079578     2.902824  -0.07876099     19288.14
      7137.4     1.075601     2.910021  -0.03740745     19267.71
      7137.6     1.072156     2.894077   0.03725054     19233.19
      7137.8     1.069021     2.896328   0.08449997     19189.56
        7138     1.066071     2.932624   0.04290006     19148.11
      7138.2     1.062984     2.977621   0.02767368     19114.11
      7138.4      1.05889     2.928397  -0.04428019     19091.37
      7138.6     1.055605     2.918467  -0.07989258     19084.76
      7138.8     1.052314       2.8972  -0.01866621     19086.83
        7139     1.050283     2.913707   0.01221187     19103.81
      7139.2     1.048441     2.913464   -0.0141595     19128.69
      7139.4     1.045995     2.928237  -0.00310651      19155.1
      7139.6     1.044893     2.885873  -0.03956412     19188.66
      7139.8     1.043946     2.911222  -0.05716297     19219.11
        7140      1.04321     2.881813   0.04643304     19248.01
      7140.2     1.041922     2.882506   0.06046351     19274.61
      7140.4     1.041094     2.923019    0.1197512     19289.68
      7140.6      1.04035     2.959593   0.09589436     19300.27
      7140.8      1.03998     2.977614   0.07979937     19309.35
        7141     1.039207     2.959222   0.06689108     19311.22
      7141.2     1.038858     2.986859    0.0120246     19311.82
      7141.4     1.038609     3.013105   0.03750828      19308.9
      7141.6     1.037802     2.987234   0.03871384     19299.92
      7141.8     1.037293     2.989228  0.004793352     19282.64
        7142     1.036421      3.01783   0.02781108     19257.02
      7142.2     1.035493      3.01694   -0.0288019     19222.38
      7142.4     1.034333     3.009483  -0.09324709     19178.21
      7142.6     1.032984     2.966187  -0.08666207     19136.09
      7142.8     1.032171     2.943232    -0.125734     19100.26
        7143     1.031319      2.94761   -0.1134852     19074.19
      7143.2     1.030204     2.908895  -0.07154306     19068.52
      7143.4      1.02908     2.875399  -0.01119339     19081.77
      7143.6     1.028309     2.885997   0.02356275     19108.77
      7143.8     1.027534     2.938656   0.05148265     19148.13
        7144     1.026605     2.927746   0.02410572     19195.49
      7144.2     1.025876     2.916585  -0.05502781     19235.95
      7144.4     1.025354     2.905282  0.001390703     19268.54
      7144.6      1.02408     2.894633   0.02795343     19294.73
      7144.8     1.022885     2.928858    0.0519077     19310.94
        7145     1.021862     2.938948   0.02839761     19321.16
      7145.2     1.020719     2.946808  -0.02733129     19327.47
      7145.4     1.019748     2.917352     0.014758     19334.07
      7145.6     1.018653     2.906993   0.05761138     19339.89
      7145.8     1.016804     2.950754   0.07189621     19339.47
        7146     1.014578     2.992897   0.07643528     19342.81
      7146.2     1.012315     2.974869  -0.01691488     19345.86
      7146.4     1.010202     2.968141  -0.07908711     19347.59
      7146.6     1.008006     2.937222  -0.03089343     19350.77
      7146.8     1.006659     2.929628  -0.02661895     19351.96
        7147     1.004234     2.950154   0.02715747     19352.35
      7147.2     1.002256     2.946846   0.07133216     19353.54
      7147.4    0.9999642     2.958948 -0.0004689903     19357.56
      7147.6    0.9972913     2.986693   0.01070887     19358.03
      7147.8    0.9941875     2.949779   0.04756815     19358.83
        7148    0.9910839     2.955413   0.02802139     19359.84
      7148.2    0.9875717     2.997003   0.05143767        19362
      7148.4    0.9835489      3.00911   0.06679688     19364.15
      7148.6    0.9801121     2.990929   0.02318565     19366.62
      7148.8    0.9768681     3.008851   0.01791409      19369.3
        7149    0.9741392     3.015551   0.08129962     19369.98
      7149.2    0.9714666     3.023442    0.0432565     19370.15
      7149.4    0.9681162     3.055968   0.02866802     19372.97
      7149.6    0.9651007     3.043456   0.04610974      19376.5
      7149.8    0.9624202     3.038485   0.01430841     19378.12
        7150    0.9599904      3.06033   0.02895856     19379.87
      7150.2    0.9572366     3.067415   0.03072616     19380.88
      7150.4    0.9537683     3.066623 -0.0007679164     19379.92
      7150.6    0.9512372     3.063066  -0.05310656     19379.91
      7150.8    0.9490849     3.059715  -0.05386436     19382.03
        7151    0.9467828      3.02493  -0.02113808      19385.3
      7151.2     0.944998     3.023531  -0.01125495     19386.93
      7151.4    0.9434567     3.046156     0.056793     19388.03
      7151.6     0.941448     3.050711   0.05872137     19389.94
      7151.8    0.9399873     3.070364   0.04287708     19391.68
        7152    0.9389623     3.070508   0.03048187     19390.61
      7152.2    0.9368271     3.080458 -0.008969981     19391.62
      7152.4    0.9351546     3.075097   0.02416078     19394.82
      7152.6    0.9339045     3.063188  -0.00968242      19394.1
      7152.8     0.932698     3.089837   0.02969341     19394.09
        7153    0.9318549     3.072712   0.06751667     19392.49
      7153.2    0.9315952     3.098851   0.03301016      19395.3
      7153.4    0.9316085     3.117202   0.02440595     19396.83
      7153.6    0.9312023     3.116245  -0.06463669     19399.55
      7153.8    0.9315701     3.092236  -0.05122187     19400.91
        7154    0.9317406     3.047142  -0.03118851     19402.98
      7154.2    0.9320726     3.076224  -0.02903804     19400.66
      7154.4    0.9324764     3.091294   0.02513275     19401.42
      7154.6    0.9329609     3.069006    0.0242383     19400.89
      7154.8      0.93292     3.067248  -0.01239291     19400.48
        7155    0.9335853     3.095615 -0.006765863     19404.62
      7155.2    0.9348278      3.08138  -0.02359146     19403.88
      7155.4    0.9359186     3.063593  -0.05258274        19403
      7155.6    0.9372011     3.048375  -0.03028687     19406.38
      7155.8     0.938195     3.053549 -0.006544693     19405.81
        7156    0.9391367     3.057151   0.03927236     19405.82
      7156.2    0.9406111     3.058358  -0.01214206     19408.29
      7156.4    0.9420693     3.079793  -0.02120143     19408.11
      7156.6    0.9434762     3.043835 -0.005333846     19409.54
      7156.8     0.944852     3.040189  -0.02873816     19410.96
        7157    0.9458582      3.05409   0.04316793     19409.95
      7157.2    0.9466128     3.056802   0.05738848     19410.13
      7157.4    0.9471253     3.078369   0.07029508     19410.11
      7157.6    0.9485077       3.0861   0.06214265        19411
      7157.8     0.949674     3.110327  -0.01525276     19413.46
        7158    0.9505096     3.106517  0.008820015     19413.22
      7158.2    0.9519797     3.066167 -0.003102409     19413.97
      7158.4    0.9533999     3.093156  -0.01503022     19416.12
      7158.6    0.9540962     3.107845   0.02365788     19415.34
      7158.8    0.9554503     3.094492  -0.04598429     19417.97
        7159    0.9566295     3.085093  -0.05511412     19417.08
      7159.2    0.9573368     3.056369  -0.01554456     19415.29
      7159.4    0.9581498     3.063753  -0.05822031     19416.89
      7159.6    0.9590558     3.082057  -0.03364813     19418.98
      7159.8     0.960304     3.038517  -0.02282946     19416.81
        7160    0.9613412      3.02945  -0.02565832     19419.86
      7160.2    0.9618161      3.04549   0.02907837     19419.22
      7160.4    0.9627001      3.06153   0.02117388     19420.31
      7160.6    0.9633619      3.06178   0.02732909     19422.64
      7160.8    0.9640736     3.046389  -0.01649364     19422.82
        7161    0.9651716     3.067353  -0.02037415     19424.74
      7161.2    0.9661417     3.048335  -0.02481907     19426.65
      7161.4    0.9668304     3.045481  -0.07824553     19428.08
      7161.6    0.9676384     3.026534  -0.01693336     19429.11
      7161.8    0.9675529     3.004757   0.04594354     19428.28
        7162    0.9674125     3.034789    0.1039499     19428.14
      7162.2    0.9683078     3.082235   0.08453816     19429.79
      7162.4    0.9691033     3.109694   0.03042353     19430.87
      7162.6    0.9699461     3.072387  -0.04653538     19431.27
      7162.8    0.9702769     3.059127   -0.1041898     19430.94
        7163    0.9700612     3.045007  -0.05050657     19429.65
      7163.2    0.9705376     3.026342  -0.01763407     19429.92
      7163.4    0.9712736     3.031982   0.01478838     19430.25
      7163.6     0.971601      3.04502   0.07355207     19430.83
      7163.8    0.9717948     3.056838  0.008312784     19428.99
        7164    0.9720101     3.085184    0.0164159     19428.34
      7164.2    0.9724701     3.038632  -0.02219402     19431.68
      7164.4    0.9734372     3.058153   -0.1380396     19433.42
      7164.6    0.9743211     3.039083  -0.02605279     19433.35
      7164.8    0.9746979     2.974752   -0.0674031      19434.5
        7165    0.9749736      3.01779   -0.0386546     19433.67
      7165.2    0.9757009      3.00423    0.1271746     19433.57
      7165.4    0.9761432     3.008159   0.05272971     19433.59
      7165.6    0.9763004     3.076492  0.002255047     19434.23
      7165.8    0.9769405     3.059974    0.0148089        19435
        7166    0.9776343     3.006034  -0.07264781     19435.48
      7166.2    0.9785187     3.020006  -0.08902921     19435.95
      7166.4      0.97892     3.018374  -0.02504494      19438.6
      7166.6    0.9794917      2.98875  -0.02092411     19437.87
      7166.8     0.980384     2.985998    0.0292428     19437.66
        7167    0.9809199     3.003267    0.0750901      19437.3
      7167.2    0.9817809     3.041768    0.1067215     19434.92
      7167.4    0.9826944     3.048822     0.104293     19434.67
      7167.6    0.9834919     3.071376  0.002573953     19436.44
      7167.8    0.9843738     3.086701  -0.01461266     19436.09
        7168    0.9852767     3.043827  -0.06598109     19435.61
      7168.2    0.9860602     3.037132  -0.09533418      19437.5
      7168.4    0.9864271     3.018591 -0.002781679     19437.75
      7168.6    0.9872713     3.010434  -0.01382946     19440.36
      7168.8    0.9880903     3.041602  -0.01254785     19444.74
        7169    0.9885394     3.026069  -0.05206749     19444.49
      7169.2    0.9891857     3.008552  -0.08960279     19447.02
      7169.4    0.9894623      2.96878  -0.03687145     19446.06
      7169.6     0.990696     2.969919 -0.005873672     19445.69
      7169.8     0.992087     2.996571   0.04942206     19443.07
        7170    0.9930879     3.003854   0.06672171     19446.39
      7170.2    0.9939164     3.008317  0.009733554     19447.98
      7170.4    0.9942178     3.023297 0.0003611421     19446.57
      7170.6    0.9949199     3.004358  0.006761292     19446.42
      7170.8    0.9951413     3.004142  -0.01135794     19449.99
        7171    0.9952058     3.013726   0.06288095     19449.85
      7171.2    0.9966343      3.01421   0.01659683     19451.19
      7171.4    0.9978395     3.054663  -0.02143901     19451.91
      7171.6    0.9988778      3.01742  -0.01013405     19450.57
      7171.8    0.9995168     2.996575  -0.05106118     19451.81
        7172    0.9998661     3.006103  0.005061438      19453.3
      7172.2     1.000433     3.013814  -0.01427002     19453.94
      7172.4     1.000958     3.021469  -0.04325241     19452.39
      7172.6     1.002098     2.985159  -0.07656374     19452.91
      7172.8     1.002757     2.971501  -0.09683917     19454.17
        7173     1.003295     2.952563  -0.04688779     19456.19
      7173.2     1.003673     2.943998  -0.07128642     19453.94
      7173.4      1.00373     2.947649  -0.03029047      19452.1
      7173.6     1.004025     2.914472  -0.02042873     19455.42
      7173.8      1.00403     2.928331  -0.03736006     19454.28
        7174     1.004526     2.927655   0.04565179     19455.73
      7174.2      1.00486     2.917761  0.008213148     19459.75
      7174.4     1.005337     2.950994   0.01872527     19460.99
      7174.6     1.005806     2.934901   0.03725115     19458.04
      7174.8     1.006436     2.942635 -0.007382795     19458.45
        7175     1.006518     2.947562  -0.03477768     19461.46
      7175.2     1.006923     2.945087  -0.05655613     19461.23
      7175.4       1.0076     2.907079  -0.02568029     19465.02
      7175.6     1.007652      2.89739  -0.01878366     19464.89
      7175.8     1.008321     2.927018   0.03953081     19464.76
        7176     1.008582      2.93006   0.02795001     19465.01
      7176.2     1.008794     2.938704  -0.04452962     19465.78
      7176.4     1.009005      2.91975  -0.06526282     19466.54
      7176.6      1.00859     2.891394  -0.02888499     19468.52
      7176.8     1.009273      2.87785  -0.02754404     19471.47
        7177     1.009538     2.915596  -0.02533867     19471.79
      7177.2     1.009284     2.897715  0.007768707     19470.37
      7177.4     1.009477     2.871123  -0.03849989     19470.21
      7177.6     1.009101     2.884065  -0.01966362     19471.09
      7177.8      1.00866     2.884796   0.01374084     19469.87
        7178     1.008896     2.881984   0.03462357     19471.62
      7178.2     1.008496     2.882116   0.05129979     19473.65
      7178.4     1.008374     2.911764   0.03252624     19473.69
      7178.6     1.008634     2.925836   0.01606145     19476.31
      7178.8     1.008284     2.908005  -0.07017172     19476.39
        7179     1.008192     2.894965   -0.0813608     19474.26
      7179.2     1.008084     2.855627  -0.05784533        19476
      7179.4      1.00817     2.860747  -0.07626972     19478.77
      7179.6     1.008536     2.861729   -0.0122942     19480.16
      7179.8      1.00885     2.833949  -0.06364027     19479.85
        7180     1.009267     2.845791  -0.07024806     19481.22
      7180.2     1.009111     2.809835  -0.02362455     19481.49
      7180.4     1.009076      2.80553   -0.0397301     19482.93
      7180.6     1.009421     2.815049   0.05088701     19483.21
      7180.8     1.009471     2.814007   0.05128481     19484.56
        7181     1.009724     2.850544    0.0394897     19486.58
      7181.2     1.009765     2.846558   0.03000572     19486.89
      7181.4     1.009791     2.846641   0.03131169     19484.96
      7181.6     1.010124     2.838012    0.0265647     19486.21
      7181.8     1.010141     2.875594   0.09103055     19488.44
        7182     1.010418      2.86781    0.1204413     19487.19
      7182.2     1.010454     2.919466    0.0355113     19488.38
      7182.4     1.010449     2.934365   0.06611364     19489.67
      7182.6      1.01049     2.904003   0.01520734     19489.49
      7182.8     1.010641     2.920701  0.002717352     19489.98
        7183     1.010813     2.931632   0.02988616     19489.41
      7183.2      1.01071     2.936539  -0.04756663     19487.58
      7183.4     1.010544     2.927912  -0.09128194     19488.22
      7183.6     1.010488     2.882647  -0.07255909     19490.73
      7183.8     1.010829     2.858606  -0.04914658     19492.95
        7184     1.011292     2.878491  -0.02373262     19494.85
      7184.2     1.011362     2.888595 -0.001989957     19495.24
      7184.4     1.011818     2.863661  -0.03628925     19495.68
      7184.6     1.012439     2.857014  -0.05604097     19496.53
      7184.8     1.012692      2.84946   0.01608828     19496.82
        7185     1.013214     2.843762   0.04340595     19500.04
      7185.2     1.013232     2.876532   0.08757506     19500.07
      7185.4     1.013048     2.891739    0.1016057     19497.21
      7185.6     1.013486      2.91952   0.03493207     19497.64
      7185.8     1.013249     2.925046  -0.06066311     19500.53
        7186      1.01364     2.904478   -0.0456944     19501.22
      7186.2     1.014188     2.843208 -0.008561227      19503.9
      7186.4     1.014302     2.882965   0.06927637     19504.52
      7186.6     1.014137     2.918197   0.06090564     19505.18
      7186.8     1.013365     2.959899   0.01226598     19506.13
        7187      1.01342     2.891933  -0.05725251     19506.34
      7187.2      1.01333     2.892777   -0.1172566     19507.42
      7187.4     1.013436     2.872395   0.01911835     19508.29
      7187.6     1.013706     2.866093   0.02354458     19509.27
      7187.8     1.013918     2.907227   0.06124883     19509.06
        7188     1.014056     2.911613    0.1035136     19507.83
      7188.2     1.014368     2.921394    0.0636898     19507.52
      7188.4     1.014703     2.948904   0.01520456     19508.53
      7188.6     1.014392     2.958179   -0.0679712     19510.93
      7188.8     1.014223     2.923777   -0.1197212     19512.02
        7189     1.014047     2.867017   -0.1327727     19510.98
      7189.2     1.013731     2.853127  -0.07671135     19510.98
      7189.4     1.014137     2.851961   0.01743259     19512.28
      7189.6     1.014039     2.862408   0.04602557     19514.17
      7189.8     1.014484     2.880963   0.05759797     19516.01
        7190      1.01414     2.889948   0.08317716      19519.9
      7190.2      1.01403      2.89804   0.08293995     19520.71
      7190.4     1.013901     2.928949   0.09437464     19520.09
      7190.6     1.013323     2.947315   0.05860311     19520.06
      7190.8     1.013757     2.965448   0.06420199     19516.07
        7191     1.013892     2.944922    0.1126059      19517.5
      7191.2     1.014185     2.980311   0.05881787     19521.55
      7191.4     1.014259       3.0374   0.01222463      19524.2
      7191.6     1.014184     3.012502   0.00367538     19522.93
      7191.8      1.01429     2.954702  -0.02972116     19524.97
        7192      1.01384     2.983251   0.03053585     19525.73
      7192.2     1.014159     3.013623   0.05929659     19524.38
      7192.4     1.014016      3.03693  -0.01654803      19525.5
      7192.6     1.013722     3.002139  -0.01002674     19525.21
      7192.8     1.013647     2.970013   0.01401076     19524.72
        7193     1.013499     3.005602   0.00624229     19525.43
      7193.2     1.013697     3.048139  -0.02999669     19526.94
      7193.4     1.014213     3.007133    -0.111846     19529.22
      7193.6     1.014196     2.946015   -0.1961607     19530.28
      7193.8     1.013785     2.916125  -0.09634475     19529.34
        7194     1.013632     2.891211  -0.01148278     19529.58
      7194.2     1.013208     2.930057   0.02335163     19532.59
      7194.4     1.013185     2.936829   0.05217417     19532.36
      7194.6     1.013053     2.934806  0.007460464      19532.1
      7194.8     1.013562      2.93295 0.0001703033     19533.03
        7195     1.014835     2.936025   0.06011871     19539.31
      7195.2     1.014748     2.936965    0.1060472     19538.73
      7195.4     1.015177     2.982901   0.07607302     19536.62
      7195.6     1.015231     3.017788  -0.02411633     19538.09
      7195.8     1.015262     2.996884  -0.08233738     19539.81
        7196     1.015754     2.917672   -0.1229277     19538.71
      7196.2     1.015521     2.917031  -0.09828805     19541.57
      7196.4     1.015091     2.919445    0.0175745     19543.12
      7196.6     1.015133     2.918253   0.01305842      19543.4
      7196.8     1.015832     2.931732  0.009797209     19543.43
        7197     1.016032     2.927478  0.009466742     19542.35
      7197.2     1.016244     2.927283 0.0004934005     19544.02
      7197.4     1.016671     2.925827  0.003477933     19548.96
      7197.6     1.016475     2.932127  -0.00766039     19549.69
      7197.8     1.016609      2.93026  -0.01452562     19549.72
        7198      1.01713     2.921155  -0.04314151     19551.33
      7198.2     1.017627     2.914206   -0.0190837     19550.73
      7198.4     1.018218     2.897614   0.01309357     19550.79
      7198.6     1.018174     2.914993    0.0133962     19551.66
      7198.8      1.01815      2.93163    0.0485042     19554.06
        7199     1.018236     2.924923   0.02348868     19556.46
      7199.2     1.018542     2.936417  -0.02655974     19557.19
      7199.4     1.019054     2.933784  -0.02766633      19558.5
      7199.6     1.019331     2.910382  -0.05110784     19559.14
      7199.8     1.019316      2.90279  -0.01575372      19559.3
        7200     1.019477     2.895531 -0.002903911     19557.28
      7200.2     1.019179     2.921181   0.02744829     19558.11
      7200.4     1.018779     2.908059   0.02830024     19560.27
      7200.6     1.018932     2.924749  -0.03322009     19563.64
      7200.8     1.019123     2.918171  -0.03158404     19564.17
        7201     1.019585     2.894605  -0.03174581     19565.57
      7201.2     1.019811     2.882792  -0.01800177     19568.52
      7201.4     1.019649     2.899352 -0.006847625     19565.94
      7201.6     1.019248     2.903769  0.003686791     19563.16
      7201.8     1.019148     2.889127  -0.03158968     19564.83
        7202     1.019201     2.885741  -0.03045447     19564.88
      7202.2      1.01898      2.87408  0.008285554     19566.38
      7202.4     1.019188     2.879406  -0.01911287     19569.23
      7202.6     1.019692     2.895756   -0.0281509     19570.11
      7202.8     1.019589     2.870451  -0.01359698     19570.95
        7203     1.019507      2.85156    -0.009979      19570.7
      7203.2      1.01995     2.868528  0.008771474      19571.7
      7203.4     1.020083     2.887773   0.02439112      19572.1
      7203.6     1.019634     2.877468   0.02038482     19571.37
      7203.8     1.019348     2.871073 -0.005499856     19572.35
        7204     1.019461     2.884836  -0.01975798     19573.57
      7204.2      1.02005     2.883373  -0.01264129     19573.01
      7204.4     1.019915     2.861662  -0.05830881     19573.42
      7204.6     1.020511      2.86096   -0.1010803     19576.27
      7204.8     1.020352     2.838189   -0.0630253     19577.79
        7205      1.02026     2.802508   -0.0428975     19577.52
      7205.2     1.020281     2.811241 -0.006179638      19581.5
      7205.4     1.020178     2.826642   0.04663172      19581.4
      7205.6     1.020016     2.833245   0.02980675     19581.75
      7205.8     1.020308     2.839814  -0.00530983     19583.28
        7206     1.020477     2.835087  -0.02373705     19579.96
      7206.2     1.020536     2.822394  -0.05473338     19580.99
      7206.4     1.020771     2.814256  -0.04854118     19585.47
      7206.6      1.02063     2.796027  -0.02727709     19584.09
      7206.8     1.020366     2.796254  -0.04531894     19584.63
        7207     1.020416     2.800572  -0.01115117     19587.78
      7207.2      1.02031     2.778001 -0.003427261     19586.54
      7207.4     1.020377     2.787106  -0.03063732     19587.24
      7207.6     1.020364     2.793512   0.01942096     19587.76
      7207.8     1.019824     2.776062 -0.001609425     19586.17
        7208     1.020401     2.793537  0.005109194      19590.1
      7208.2     1.020275     2.785819   0.05420892     19590.25
      7208.4     1.020156     2.797599  0.008933989     19589.25
      7208.6     1.020638     2.819429   0.05844001     19590.22
      7208.8     1.020645     2.800684   0.05425496     19591.36
        7209      1.02007     2.832571   0.03780438     19590.88
      7209.2     1.020289     2.841003 -0.008889103     19592.67
      7209.4     1.019954     2.849673   -0.0239815     19592.69
      7209.6     1.019822     2.793573  -0.04125877     19593.01
      7209.8     1.020449     2.813385  -0.03987804     19594.49
        7210     1.020153     2.807996   0.04534149     19595.49
      7210.2     1.020227      2.81777   0.02991001      19596.1
      7210.4     1.020228     2.829846   0.05580804      19597.3
      7210.6     1.019905     2.837313   0.02435205     19596.83
      7210.8     1.019744     2.852643   0.01341782     19599.36
        7211     1.019646     2.837252   0.02913477      19600.5
      7211.2     1.019539     2.840581  -0.01293398     19598.38
      7211.4     1.019309     2.860621   0.01324046     19599.66
      7211.6     1.019122     2.842295    0.0440571     19600.13
      7211.8      1.01893     2.847844   0.01278101     19600.54
        7212     1.018833     2.875826   0.08875339     19601.16
      7212.2     1.018364     2.870846    0.1093936     19602.37
      7212.4     1.017689     2.913298   0.08270575     19605.86
      7212.6     1.017708     2.935359   0.08755286      19607.5
      7212.8     1.016967     2.941991   0.01845015     19605.34
        7213     1.016517     2.940888 -0.003334055     19607.43
      7213.2     1.016421     2.928058  0.006364254     19611.13
      7213.4     1.016007     2.932692   0.04016243     19610.34
      7213.6     1.015613     2.947082   0.09243027     19611.36
      7213.8     1.015132     2.973018   0.09378577      19608.6
        7214     1.014623     3.002003    0.1057678     19609.57
      7214.2     1.014484     3.007721   0.04687031     19610.14
      7214.4     1.014466     3.031697  -0.02688229     19612.61
      7214.6     1.014084     3.010515  -0.01234326     19613.44
      7214.8     1.013917     2.980497  -0.02569834     19614.91
        7215     1.013714     2.997846  -0.03596815     19614.21
      7215.2     1.013677     3.011138  -0.02687191     19613.51
      7215.4     1.013599      2.98174  -0.02982641     19615.05
      7215.6     1.013149     2.958999  -0.02195458      19613.8
      7215.8     1.012973     2.973985   0.05693218      19614.3
        7216     1.012538     2.993574   0.04654025     19613.81
      7216.2     1.012468     3.027286   0.01289421     19614.99
      7216.4     1.011974     2.996231   0.02058673     19615.37
      7216.6     1.011733       2.9843  0.003523395     19615.42
      7216.8     1.011615     3.010044   0.06694371     19616.09
        7217     1.011494     3.030104    0.1188298     19615.29
      7217.2      1.01172     3.049786    0.1385207     19619.17
      7217.4     1.011606     3.079364    0.1067128     19619.53
      7217.6     1.011205      3.12086    0.1237963      19622.7
      7217.8     1.010033     3.115475   0.06415014     19623.48
        7218     1.009608     3.148823  -0.02590118     19623.82
      7218.2     1.009465     3.130684    -0.041036     19623.35
      7218.4     1.009274     3.100139  -0.03558167     19622.68
      7218.6     1.009149     3.082646   0.05285749     19624.17
      7218.8     1.008905     3.120358   0.06843427     19624.93
        7219     1.008862      3.17297   0.05339767     19624.77
      7219.2     1.008765     3.154887 -0.006740889      19625.3
      7219.4     1.008368     3.125364   -0.0651044     19625.71
      7219.6     1.008116     3.114965  -0.03417285      19627.4
      7219.8     1.008021     3.120887  -0.03997579     19629.67
        7220     1.007658     3.127548  -0.03034997     19629.82
      7220.2      1.00748     3.093383  -0.05650101     19630.11
      7220.4     1.008074     3.090685   -0.0426237     19630.16
      7220.6     1.007213     3.075686   0.01010436     19630.27
      7220.8     1.007091     3.093449   0.04783355     19633.23
        7221      1.00717     3.101467   0.02284281     19633.29
      7221.2     1.006732     3.128952   0.03448886     19633.51
      7221.4     1.006149      3.09396   0.04657355     19633.16
      7221.6     1.005637      3.12104    0.0109816     19634.45
      7221.8     1.005307     3.138726   0.06297325     19633.62
        7222     1.005387     3.137737   0.04229974     19635.21
      7222.2     1.005205     3.144339   0.02125812     19637.25
      7222.4      1.00565      3.15488 -0.006390471     19638.61
      7222.6     1.005546     3.155732  -0.01617555     19639.19
      7222.8     1.005009     3.132625  -0.05115052     19640.16
        7223     1.004524     3.131398  -0.07450373     19641.17
      7223.2     1.003913      3.11396  -0.03766882     19640.82
      7223.4     1.003372     3.096129  -0.06110031     19640.72
      7223.6     1.003111      3.10249  -0.01629472      19642.4
      7223.8     1.003203     3.082518 -0.002800822     19643.83
        7224     1.003178     3.100924  -0.03477801     19643.32
      7224.2     1.003435     3.093889   0.01049125     19643.14
      7224.4     1.003452     3.074668   -0.0283978     19642.86
      7224.6     1.003331     3.090911  -0.08263118     19641.74
      7224.8     1.003017     3.078206  -0.05828541     19643.98
        7225      1.00252     3.027784  -0.07999334     19646.66
      7225.2     1.002479     3.028039  -0.07829962     19647.57
      7225.4     1.002248     3.026916   0.01200484     19650.53
      7225.6     1.001934     3.015566   0.04014601     19652.42
      7225.8     1.001764     3.037388   0.01290702     19651.77
        7226     1.001549     3.060156   0.02478973     19653.87
      7226.2     1.000911     3.037242  0.008846843     19654.33
      7226.4     1.000718     3.035398  -0.05169622     19654.14
      7226.6     1.000465     3.044465  -0.03935941     19653.03
      7226.8     1.000365     3.018799  -0.05016067     19653.75
        7227     1.000504     3.005754  -0.08288825      19653.4
      7227.2     1.000518     2.995269  -0.03612977     19652.74
      7227.4     1.000529     2.978154    -0.023454     19655.14
      7227.6     1.000235     2.989895  -0.03472006     19655.12
      7227.8    0.9999112     2.986991  -0.02850273     19656.88
        7228     0.999662     2.967493  -0.04767687     19660.64
      7228.2     0.999314     2.955352  -0.06482168     19660.77
      7228.4    0.9987949     2.951754  -0.05229209     19662.63
      7228.6    0.9986307     2.935134  -0.03511455     19665.68
      7228.8    0.9988127      2.92566  -0.07393292     19662.77
        7229    0.9979438     2.927261  -0.04947694     19663.45
      7229.2    0.9978216     2.892607  -0.01386578     19662.03
      7229.4    0.9975263     2.895552 -0.008809513     19663.09
      7229.6    0.9974731     2.914567   0.03230344     19665.26
      7229.8    0.9968643     2.920213 -0.007764793     19664.98
        7230    0.9958152      2.91845   -0.0623743     19665.44
      7230.2    0.9957875      2.88934  -0.06505117     19667.78
      7230.4    0.9953268     2.864668  -0.06404824     19667.69
      7230.6    0.9948109     2.868172  -0.03905609     19668.06
      7230.8    0.9948578     2.867212  -0.01983302        19669
        7231    0.9947674     2.858096  -0.04901645     19670.98
      7231.2    0.9946572     2.848801  -0.05824864      19673.1
      7231.4    0.9945054     2.828959  -0.05482485     19672.01
      7231.6    0.9943569     2.820613  -0.06076237     19670.63
      7231.8    0.9941175     2.814236   0.01243189     19667.74
        7232     0.993969     2.800191   0.02555877     19668.72
      7232.2    0.9936387     2.838904   0.04516389     19670.87
      7232.4    0.9937191      2.84106   0.04332487     19673.73
      7232.6    0.9935014     2.850367  -0.01901793     19673.29
      7232.8    0.9931969     2.834851  -0.03638463     19675.16
        7233    0.9930257      2.82369  -0.08954592     19676.03
      7233.2    0.9927802     2.811952  -0.05797184     19674.59
      7233.4    0.9930796      2.77873  -0.03865842     19676.44
      7233.6    0.9922361     2.788474  -0.03879781      19674.9
      7233.8    0.9918757     2.792763  -0.03087396     19676.19
        7234    0.9922232     2.780914  -0.05620451     19677.72
      7234.2    0.9920437     2.754031  -0.05997376     19677.94
      7234.4    0.9920201      2.74351  -0.05669675     19680.43
      7234.6    0.9922136     2.744784  -0.04150769      19681.3
      7234.8    0.9919032     2.735556  -0.05269047     19679.38
        7235    0.9913057     2.720825  -0.04635051     19677.85
      7235.2     0.990889     2.701358  -0.02938075     19676.94
      7235.4    0.9908774     2.707704 -0.001333425     19678.72
      7235.6    0.9908955     2.712052    0.0641199     19681.51
      7235.8     0.991079     2.719758   0.02735147     19680.84
        7236    0.9915181     2.752654   0.01895889     19682.68
      7236.2    0.9911946     2.729585  0.002225886     19683.11
      7236.4    0.9910778     2.727219  -0.01448187     19683.41
      7236.6    0.9910469     2.721539  0.007567998     19684.93
      7236.8    0.9909998     2.741068  0.001573083     19685.65
        7237     0.990737     2.735639   0.01647334     19685.54
      7237.2    0.9906297     2.728477  -0.01489404     19686.64
      7237.4    0.9908381     2.734717  0.006692391     19687.91
      7237.6    0.9911456     2.729153   0.01931516     19688.47
      7237.8    0.9912316     2.740993  -0.01793838     19688.86
        7238    0.9911451     2.743929  -0.01616876      19688.3
      7238.2     0.990989     2.720367  -0.01396999     19689.46
      7238.4    0.9909269     2.716218  -0.01899228     19691.03
      7238.6    0.9907594     2.729817 -0.0004869934      19690.6
      7238.8    0.9904555     2.728736  0.005712887     19692.73
        7239    0.9905931     2.719977  -0.02310824     19695.01
      7239.2    0.9910592     2.720788  -0.03135091     19694.71
      7239.4      0.99163     2.711331 -0.001677365     19697.02
      7239.6    0.9915225     2.703655  -0.01885695     19696.96
      7239.8    0.9916771     2.718635   0.01314529     19695.84
        7240     0.992167     2.705703 -0.001294717     19696.34
      7240.2    0.9918346     2.721847  -0.01799718     19696.62
      7240.4    0.9921298     2.702619 -0.000365728     19695.96
      7240.6    0.9924672     2.704238  -0.02560414     19697.74
      7240.8    0.9923082      2.70541  0.004156006      19700.4
        7241    0.9926333     2.701364   0.02293543     19700.57
      7241.2    0.9923838     2.705944       0.0173     19703.57
      7241.4    0.9920498     2.722586  0.007226904     19704.99
      7241.6    0.9921771      2.71925  0.007353115     19701.94
      7241.8    0.9922705     2.707145  0.005326944     19702.78
        7242    0.9923966     2.711826   0.02187729     19704.03
      7242.2    0.9926674     2.726847   0.01921584     19702.25
      7242.4    0.9927758     2.736752   0.01774155     19702.55
      7242.6    0.9928693     2.722518   0.04375667      19702.9
      7242.8    0.9932706      2.72602   0.03980317      19705.1
        7243    0.9932308     2.761853    0.0412955     19705.79
      7243.2    0.9934653     2.768594   0.01520331     19706.22
      7243.4    0.9939552     2.755554   -0.0244289     19708.66
      7243.6      0.99406     2.738182  -0.01565394     19709.08
      7243.8    0.9948047      2.74231   0.01053669      19713.3
        7244     0.994709     2.756071   0.03028901     19713.66
      7244.2    0.9952102     2.763984  0.009158929     19713.47
      7244.4    0.9953326     2.762414  -0.02446088     19714.14
      7244.6    0.9951879     2.749637  -0.01512262     19713.17
      7244.8    0.9958169     2.736503   0.01035673        19714
        7245    0.9956834     2.751886   0.01638741     19713.32
      7245.2    0.9956196     2.770699   0.04012058     19711.94
      7245.4    0.9962426     2.762747   0.03324931     19714.59
      7245.6    0.9969754     2.768599  -0.01213145     19719.59
      7245.8    0.9975298     2.778485 0.0001188063     19720.15
        7246    0.9972246     2.760994 -0.004739455     19719.22
      7246.2    0.9970012     2.762842  -0.02782159     19722.21
      7246.4    0.9967087     2.764807  0.005808839     19718.22
      7246.6    0.9966047     2.756228  0.003937943     19715.37
      7246.8    0.9972529     2.765641  0.009064458     19715.62
        7247    0.9979031     2.765992   0.02302356     19718.15
      7247.2    0.9983746     2.772059  0.007758919     19720.62
      7247.4    0.9986975     2.774647  -0.01442911     19720.71
      7247.6    0.9990128     2.771848 -0.001783226     19723.15
      7247.8    0.9991556     2.754449   0.02041789     19725.27
        7248    0.9987805     2.770632   0.03517919     19725.75
      7248.2    0.9988941     2.790981   0.06554226     19722.66
      7248.4    0.9992077     2.799991   0.04937585     19722.87
      7248.6    0.9995112     2.806883 -0.006685304     19724.32
      7248.8     1.000236     2.810133  -0.04517252     19724.49
        7249     1.000536     2.785633  -0.02947483     19725.63
      7249.2     1.000144     2.763853  -0.02025949     19725.93
      7249.4     1.000085     2.783303  0.005113348     19726.68
      7249.6     1.000139     2.793926   0.02613489     19727.75
      7249.8    0.9999649     2.789723 -0.002606657      19725.6
        7250     1.000058     2.784761  -0.01331411     19725.19
        7252     1.002336     2.789444  -0.02029806     19734.77
        7254     1.005102     2.758225  -0.01149917     19744.86
        7256     1.008194     2.724901 -0.009904883     19751.91
        7258     1.011282     2.730533  0.002486313     19759.94
        7260     1.013537     2.710205  0.006964169     19764.91
        7262     1.014604     2.778115  0.009221795     19769.48
        7264     1.016599     2.780614    0.0129398     19778.64
        7266     1.018116     2.804307  0.005555478     19786.15
        7268     1.018914     2.813723  0.009409046     19791.65
        7270     1.019699     2.822559  0.007761337     19803.45
        7272     1.019726     2.855886  0.002971614     19809.29
        7274     1.018822     2.866398  0.003020431     19817.27
        7276     1.018563     2.837496 0.0002819349     19821.61
        7278     1.017577     2.846722 0.0006952881     19828.44
        7280     1.017302     2.858142  0.004002223     19834.59
        7282      1.01487      2.87196  0.006704654     19838.03
        7284     1.013645     2.869514  0.003708954     19846.22
        7286     1.011632      2.90036 -0.0001875587     19852.12
        7288     1.009834     2.887813  0.001601677     19858.06
        7290     1.008759      2.87046 -0.009526263     19867.15
        7292     1.007131     2.882327  -0.01210984     19876.72
        7294     1.005818     2.824149   -0.0114428     19882.36
        7296     1.004452     2.790935  -0.02127896     19886.69
        7298     1.003055     2.778917  -0.01484587     19893.33
        7300     1.003163     2.712096   -0.0122382     19897.99
        7302      1.00229     2.705382  -0.01389021     19906.67
        7304     1.002626     2.693029 -0.005921962     19913.81
        7306     1.001871     2.667796 -0.003173517     19918.39
        7308     1.001921      2.66472 -0.004266926     19925.24
        7310     1.001512     2.679994 -0.001362093     19931.45
        7312     1.001704     2.658894 -0.001379553     19938.84
        7314     1.001813     2.656899 -0.005118772     19943.52
        7316     1.001214     2.653683  -0.00325456     19952.08
        7318     1.000924     2.639044 -0.002373934     19960.96
        7320     1.000291     2.632857 -0.001038502     19964.39
        7322      1.00059     2.637907 -0.001667354     19970.14
        7324     1.001426     2.645375 -0.0008530546      19974.1
        7326     1.001186     2.625705 0.0003169343     19981.04
        7328     1.000908     2.626033 -0.004819859     19990.48
        7330     1.000357     2.640443 -0.001394894     19994.88
        7332     1.000305     2.606817 -0.002677935     19997.19
        7334     1.000297     2.614546 -0.003961903     20005.13
        7336    0.9999822     2.604609 0.0008905399     20009.23
        7338     1.000179     2.608748 -0.003831458     20020.14
        7340    0.9996456     2.613941 -0.0003320795     20025.77
        7342    0.9994819     2.583895  0.002193512     20028.73
        7344    0.9991474     2.601953  0.002901862     20034.52
        7346    0.9994647     2.626296   0.01123452     20041.81
        7348    0.9996479     2.637156  0.005741707     20044.53
        7350     1.000136     2.673771  0.005472863     20051.94
        7352     1.000318     2.647886  0.005572218     20062.34
        7354    0.9996472     2.670079 0.0005949011     20063.99
        7356     1.000082     2.681734  0.005352355     20067.93
        7358    0.9999486      2.67853   0.00595298     20077.41
        7360    0.9998712     2.690705  0.005747201     20084.53
        7362     1.000122     2.717702  0.004038593     20091.67
        7364     1.000488     2.727711  0.004545616     20097.53
        7366     1.000281     2.710839 -0.0006257698     20103.59
        7368    0.9999954      2.72707 -0.003984362     20106.95
        7370     1.000207     2.712696 -0.006166361     20117.09
        7372     0.999349     2.695836 -0.009913402     20120.69
        7374    0.9995989     2.661508  -0.01231653     20120.22
        7376    0.9995773     2.647763  -0.01559534     20129.25
        7378    0.9993282     2.614164  -0.01384862     20139.79
        7380    0.9995149     2.571074    -0.014794     20142.83
        7382    0.9990182     2.550719  -0.01500302     20147.12
        7384    0.9991861     2.529411 -0.008152501     20155.25
        7386    0.9989973      2.49414 -0.005173037        20164
        7388    0.9983145     2.505853 -0.005990089     20168.75
        7390    0.9989632     2.509334 0.0005566698     20174.61
        7392    0.9988146      2.48149  0.001391986     20180.73
        7394    0.9995801     2.498593 -0.001821121     20190.25
        7396    0.9988355     2.516989 0.0008129258     20198.06
        7398    0.9981968     2.494766 -0.0001275455     20201.72
        7400    0.9984457     2.487994  -0.00388836        20205
        7402    0.9986475     2.497573 -0.0004515156     20210.64
        7404    0.9982047     2.485882  0.001041724     20218.21
        7406    0.9982661     2.491153 -0.0006467396     20227.52
        7408    0.9975565     2.496327  0.001238605     20235.31
        7410    0.9974518     2.492399  0.000518564     20236.21
        7412    0.9971069     2.495791 -0.001209795     20241.23
        7414    0.9970191     2.495302 -0.001616339     20247.51
        7416    0.9972745     2.486649 -0.002643369     20254.35
        7418    0.9970944     2.479468 -0.002976234     20260.33
        7420    0.9972273     2.474644 -0.003652451     20268.54
        7422    0.9966256     2.471492 -0.003020039     20272.67
        7424    0.9961965     2.457429 -0.003204041     20272.34
        7426    0.9963918     2.455308 -0.005821804     20280.84
        7428    0.9956716     2.449012 -0.001723719     20286.98
        7430    0.9959213     2.424918 -0.001720134     20294.72
        7432    0.9966549      2.44364 -0.0002672674        20298
        7434     0.995498     2.441547  0.005176686     20301.98
        7436    0.9955759     2.446874  0.001313571     20309.88
        7438    0.9957863     2.466331  0.001540356     20315.49
        7440    0.9960641     2.454148   0.00532325     20319.73
        7442    0.9958676      2.45387  0.005121854     20324.52
        7444    0.9964778      2.48946  0.003443162     20334.91
        7446    0.9960548     2.507306  0.003970186      20335.3
        7448    0.9960577     2.481693 -0.0001155677     20343.27
        7450    0.9957855     2.485631 -0.002880102     20347.24
        7452    0.9953477     2.488535  -0.00226015     20353.34
        7454    0.9954503     2.484265 -0.003269843     20358.21
        7456    0.9959319     2.463612 -0.002280433     20366.22
        7458    0.9955951     2.459473 -0.003292465     20372.87
        7460    0.9955155     2.470292 -0.001602298     20374.27
        7462     0.995338     2.457925 -0.001714255     20379.96
        7464    0.9956726     2.450794 -0.004977025     20384.99
        7466    0.9960371     2.445759 -0.005678335     20390.05
        7468    0.9953946     2.430476 -0.003073226     20395.99
        7470    0.9950687     2.412499 -0.003840141     20400.56
        7472    0.9961083     2.426208 -0.005009403     20408.32
        7474    0.9958206     2.415037 -0.001922064     20412.08
        7476    0.9957258       2.3904 -0.004978866     20414.84
        7478    0.9958485     2.397122  -0.00550591      20424.8
        7480    0.9954938     2.386377 -0.001716157     20430.89
        7482    0.9950791      2.37099  -0.00520156     20435.37
        7484    0.9955807     2.376671 -0.005341805      20437.8
        7486    0.9953682      2.35551  -0.00477694     20445.31
        7488    0.9958722     2.343643 -0.005770829      20446.6
        7490    0.9956257     2.332775 -0.002399972      20454.2
        7492    0.9955731     2.330505 -0.002834299     20460.68
        7494    0.9949537      2.33631 -0.0002496937     20468.91
        7496    0.9949122     2.320968 6.067401e-06     20474.54
        7498    0.9954548     2.330777 -0.001714088     20475.26
        7500    0.9958596     2.330553 -0.0005378251     20481.87
        7502    0.9951836     2.322597 -0.001227399     20482.87
        7504    0.9952577     2.316666 -0.0009840165     20491.63
        7506    0.9954904     2.320958 -0.0005615737     20497.11
        7508     0.995572     2.322681 -0.0004446632     20502.19
        7510    0.9945766     2.318105 -0.001539175     20505.48
        7512    0.9947098     2.313108 -0.002068269     20510.78
        7514    0.9945993     2.308644 -0.002212444     20511.05
        7516    0.9951779     2.306135  -0.00131839     20515.85
        7518    0.9954881     2.300405 -0.0003108489     20500.09
        7520    0.9952337     2.302561 -0.0006883026     20490.36
        7522    0.9953846     2.306158 0.0001159308     20489.92
        7524    0.9956958     2.300628 0.0009526501     20408.96
        7526    0.9972505     2.301333 -0.002924057     20146.57
        7528    0.9942571     2.310183 -0.002016289     20270.91
        7530    0.9958779     2.282765 -0.004785554     20204.15
        7532     0.994294     2.284498 -0.004385286     20359.17
        7534    0.9951158     2.263048 6.987002e-05     20551.57
        7536    0.9956135       2.2751 -0.0005856827     20538.89
        7538    0.9955642     2.283324  0.001911311     20548.03
        7540    0.9954916     2.279813 -0.002645212     20567.15
        7542    0.9953492     2.278339 -0.004834235     20584.65
        7544    0.9955958     2.253939 -0.002608989     20588.01
        7546    0.9955855      2.24465  -0.00250187     20593.99
        7548    0.9954869     2.258941 0.0001412485     20603.79
        7550    0.9953588     2.258324  0.001841346     20607.09
        7552    0.9951223     2.255069 1.792251e-05     20609.64
        7554    0.9950081     2.259381 -0.0006139279     20614.26
        7556    0.9952563     2.259084   0.00153877     20619.27
        7558    0.9954833     2.253412 0.0001794393     20624.22
        7560    0.9954526     2.267379 -0.0005582748     20631.22
        7562    0.9956652     2.260817 0.0009145528     20635.72
        7564    0.9952714     2.254618 -0.001166278     20642.31
        7566     0.995573     2.260729 -0.0005998562     20646.69
        7568    0.9959136     2.258048 -0.001867721     20647.95
        7570    0.9960618     2.256018 -0.003185083     20652.31
        7572    0.9958472     2.239676 -0.003691904     20657.29
        7574    0.9961819     2.235248 -0.005297212     20660.66
        7576    0.9956009     2.228513  -0.00330827     20665.16
        7578    0.9955789      2.21364 -0.003600899     20667.66
        7580    0.9959721      2.21321 -0.003237287     20676.62
        7582    0.9965836     2.206441 -0.002518462     20678.66
        7584    0.9960294     2.202615 -0.002078287     20681.86
        7586    0.9961467     2.193492 -0.002781074     20681.54
        7588    0.9963808     2.196584 -0.003025554      20685.6
        7590    0.9961932     2.184192 -0.002198302     20693.18
        7592    0.9959228      2.17841 -0.003149336     20692.97
        7594    0.9963657     2.175906 -0.0005248905     20696.49
        7596    0.9965185     2.171389 -0.001208508     20699.93
        7598    0.9965253     2.179993 -0.001651637     20700.65
        7600    0.9968899     2.168742 -0.001516264     20710.52
        7602    0.9967092     2.162693 -0.002662303     20709.24
        7604    0.9962912     2.159259 -0.001645517     20712.07
        7606    0.9965457     2.158695 -0.001542507     20720.27
        7608    0.9969675     2.155578 -0.001268087     20724.09
        7610    0.9971627     2.150353 -0.002347524     20726.54
        7612    0.9970824     2.149114 -0.002036848     20728.87
        7614    0.9966272     2.139914 -0.002017464     20732.81
        7616    0.9966162     2.139283 -0.002092072     20735.49
        7618    0.9966489     2.134213 -0.0001948003     20740.51
        7620    0.9965278     2.132378 -0.000423889     20744.89
        7622    0.9969713     2.138356 -0.001205521     20750.59
        7624     0.996938     2.135892 -0.0009517969     20754.84
        7626    0.9969933     2.124569 -0.002141208     20758.57
        7628    0.9966641     2.124763 -0.003112035      20762.7
        7630    0.9963461     2.121226 -0.002344864     20766.77
        7632    0.9962117     2.110996 -0.001696425     20770.96
        7634    0.9965715      2.10581 -0.003303131     20774.15
        7636    0.9969018     2.111192 -0.0001095007      20779.2
        7638    0.9964227     2.094801 -0.001214904     20785.22
        7640    0.9965544      2.11012  -0.00331704     20790.88
        7642    0.9969686     2.096091 -0.001560217     20798.77
        7644    0.9963894     2.084656 -0.003712828     20795.97
        7646    0.9964532      2.08232 -0.0003064442     20803.56
        7648    0.9965271     2.080417  0.001195547     20803.27
        7650    0.9963889     2.093639 -0.0005599145     20806.73
        7652    0.9964106      2.09422 -0.0008417734     20811.06
        7654    0.9969682      2.07784 -0.002739564      20815.6
        7656    0.9966523     2.073683 -0.003636564     20819.08
        7658      0.99696     2.071723 -0.001389308     20824.43
        7660    0.9970197     2.065127  -0.00107592     20829.53
        7662    0.9969819     2.066726 -0.001431509     20836.58
        7664    0.9966236     2.065076 -0.0009563757     20835.78
        7666    0.9966447     2.060271 -0.001252966     20839.64
        7668    0.9967833     2.057476 -0.001833157     20844.54
        7670    0.9965687     2.056702 -0.0009490746     20849.46
        7672    0.9970715     2.050411 1.085551e-05     20852.77
        7674    0.9968415     2.052678 -0.001543433     20859.58
        7676     0.996932     2.057563 -0.0002379346     20860.64
        7678     0.997097     2.044355 -0.001237301     20865.66
        7680    0.9973541     2.048507 -0.001096109     20870.09
        7682    0.9977515      2.04278 -0.0004502763     20876.49
        7684    0.9976493     2.048794 -0.001594306     20877.05
        7686    0.9981049     2.040752 -0.001369758      20878.8
        7688    0.9980855     2.035753 -0.003111749     20883.88
        7690     0.997956     2.031822 -0.001670323     20888.03
        7692    0.9983541       2.0239  -0.00119112     20890.45
        7694    0.9983825      2.02739 -0.001168584     20896.14
        7696    0.9984522     2.026224 -0.0009980513     20899.73
        7698    0.9984659     2.022473 -0.001942548     20900.58
        7700    0.9983867     2.015916 -0.002492713     20906.82
        7702    0.9984123     2.011849 -0.001599767     20908.05
        7704     0.998928     2.006282  -0.00111006     20915.34
        7706    0.9987128     2.009675 -0.0001041607     20916.79
        7708    0.9985571     2.007035 -0.0001950942     20919.33
        7710    0.9990699     2.011016 -0.0006622198     20922.83
        7712     0.998873     2.004721 -0.001071058     20928.02
        7714    0.9991394     2.004377 -0.002044521     20933.86
        7716     1.000055     1.998467 -0.001776748     20937.41
        7718    0.9999515      1.99466 -0.001804529     20940.48
        7720    0.9996418     1.990507 -0.001051579     20942.75
        7722    0.9997036     1.989941 -0.0003559094     20949.35
        7724     1.000023     1.990054 -0.0003484342      20951.5
        7726    0.9997581     1.991813 -0.001477153     20952.34
        7728     1.000058      1.98772 -0.001779432     20953.95
        7730    0.9994313     1.978124 -0.001439529     20958.51
        7732    0.9998572     1.975819 -0.001440877     20962.23
        7734     1.000316     1.980296 -0.001445544      20963.7
        7736      1.00041     1.976193 -0.001232321        20969
        7738     1.000236     1.966559 -0.001980031     20971.75
        7740    0.9993969      1.96596 -0.001462856     20975.51
        7742    0.9996074     1.964456 -0.0004228587     20977.36
        7744     1.000264      1.96449 -0.0005510007     20980.38
        7746     1.000328     1.963176 -0.001735323     20983.53
        7748     1.000717     1.961552 -0.002101085     20984.42
        7750     1.000509     1.950574 -0.002575089     20987.31
        7752     1.000686     1.947681  -0.00320163     20997.42
        7754     1.000753     1.942576 -0.001284836     21000.22
        7756     1.000785     1.935939 -0.0008460617     21002.53
        7758     1.000527     1.940295 -0.0008577426     21004.14
        7760     1.000442     1.940913 -0.0001019725     21007.03
        7762     1.000978     1.935714 -0.002461449     21014.34
        7764     1.000573     1.935124 -0.003125844     21009.37
        7766     1.000477     1.920603 -0.002534546     21012.04
        7768     1.000789     1.915906 -0.002641655     21014.39
        7770     1.000874     1.915437 -0.001231243     21015.53
        7772     1.000848      1.91399 -0.001497465     21020.63
        7774     1.000709     1.910753 -0.001834062      21022.5
        7776     1.000671     1.903926 -0.000947181     21020.11
        7778     1.001168     1.900765 -0.001462321     21017.77
        7780     1.001164     1.906413 -0.0005563643        21005
        7782     1.000848     1.899055 -0.0001536955     20975.83
        7784     1.002194     1.899475 -0.001651551     20745.25
        7786     1.004241     1.899535 -0.002699742     20075.04
        7788    0.9988418       1.8932 -0.002090656     20080.42
        7790    0.9982998     1.877457 -0.001854702      20246.4
        7792     1.001266      1.88275 -0.001494366     21034.62
        7794     1.001379     1.884698 1.599386e-05     21068.34
        7796     1.001015     1.881246 -0.0009712217     21073.27
        7798     1.001474     1.877585 -0.001375958     21082.32
        7800     1.001162      1.87498 -0.001007006     21084.66
        7802     1.001303      1.87369 -0.0003986821     21090.95
        7804     1.001334     1.873189 -0.001065253     21092.72
        7806     1.001477     1.874395 -0.0008755714     21098.77
        7808     1.001648     1.866458 -0.0009758048     21102.59
        7810     1.001328     1.866685 -0.002404988     21100.86
        7812     1.001193     1.865383 -0.001408108      21107.6
        7814     1.001599     1.855156  -0.00183802     21109.03
        7816     1.001627     1.855194 -0.002084734     21106.22
        7818     1.001432     1.851981 -0.001577535     21108.39
        7820     1.001728     1.848705 -0.002245857     21110.89
        7822     1.001927     1.842535 -0.001505767      21116.7
        7824     1.002113     1.837227 -0.001507322     21120.34
        7826     1.002685     1.839935 -0.001099565     21124.59
        7828     1.002697     1.836647 -0.001178707     21126.93
        7830     1.002842     1.833739 -0.001847644     21127.26
        7832     1.002806     1.827797 -0.001565991     21125.85
        7834     1.002732     1.825154  -0.00166227     21134.94
        7836     1.002332     1.824119  -0.00158385     21139.84
        7838      1.00258     1.820441 -0.001399639     21143.67
        7840     1.002604     1.815126 -0.001060751      21145.3
        7842     1.002673     1.813957 -0.001219187     21145.35
        7844     1.003168     1.815633 -0.001467691     21151.76
        7846     1.003008     1.810687 -0.001433931     21153.68
        7848     1.002966     1.803385 -0.001994827      21156.5
        7850     1.003271     1.802485 -0.0006574776     21156.25
        7852     1.003639     1.799674 -0.0006789453      21160.6
        7854     1.003514     1.805427 -0.001653529     21164.21
        7856     1.003484     1.797953 -0.001202499     21165.95
        7858     1.003461     1.789257 -0.002284474     21164.49
        7860      1.00373     1.790054 -0.001768707     21165.62
        7862     1.003851     1.787151 -0.0009873592     21172.29
        7864     1.003931     1.783803  -0.00178741     21176.06
        7866     1.003648     1.781358 -0.000958693     21180.97
        7868     1.003713     1.775755 -0.0008914371     21179.98
        7870     1.004235     1.779482 -0.001662093     21186.98
        7872     1.004039     1.776672 -0.001131545     21189.18
        7874     1.004313     1.768061 -0.001083484     21188.73
        7876     1.004067     1.766702 -0.001681701     21192.35
        7878     1.003886     1.770814 -0.001149916     21196.31
        7880     1.004511     1.763218 -0.001431618     21200.28
        7882     1.004494     1.758862 -0.001840092     21201.39
        7884     1.004453     1.755249 -0.0008924587     21202.84
        7886     1.004498     1.756093 -0.0007947452        21211
        7888     1.004253     1.756079 -0.000929455      21213.1
        7890     1.004086     1.752504 -0.001762027     21212.59
        7892     1.004229     1.747814 -0.002446991     21216.27
        7894     1.003998     1.741997 -0.002149137      21216.4
        7896     1.004119     1.736503 -0.002444552     21220.42
        7898     1.004224     1.735311  -0.00187099     21223.25
        7900     1.004472     1.728257 -0.001940178     21227.26
        7902     1.004491     1.727029 -0.002101816      21230.1
        7904     1.004563     1.720981 -0.001485374     21233.35
        7906     1.004141     1.718497  -0.00165082     21237.68
        7908     1.003673     1.716374 -0.001266132     21239.19
        7910     1.004086     1.713823 -0.0008076538     21244.31
        7912     1.004328     1.710852 -0.0008160815     21243.87
        7914     1.004385     1.712035 -0.001433239     21193.57
        7916     1.004788     1.709846 -0.001650802      20915.5
        7918     1.004418     1.702357 -0.002301242     20604.77
        7920     1.003779     1.697646 -0.001785162     20953.46
        7922     1.004067     1.693625 -0.0008541514     21181.67
        7924     1.004131     1.695564 -0.001079039      21223.8
        7926     1.004374     1.695523 -0.0005660761     21239.51
        7928     1.004227     1.689014 -0.001456263     21246.67
        7930     1.004248     1.689097 -0.001390201     21249.89
        7932     1.004412     1.683914 -0.001052971     21254.95
        7934     1.004495     1.684402 -0.001695667      21258.7
        7936     1.004693      1.68059 -0.001282543     21259.84
        7938     1.005055     1.675531 -0.001544334     21267.41
        7940     1.005147     1.673654 -0.001274752     21271.84
        7942     1.005056     1.672047 -0.001348166     21274.47
        7944     1.005146     1.670392 -0.001199861     21274.59
        7946     1.004853     1.664746 -0.001073998     21275.39
        7948      1.00502     1.664055 -0.001117845     21277.99
        7950     1.005408     1.663455 -0.0004828687     21279.25
        7952     1.005303     1.661449 -0.0007370216     21284.11
        7954     1.005273     1.660883 -0.0007440133     21284.74
        7956     1.005448     1.658159 -0.001217294      21291.5
        7958     1.005737     1.657503 -0.001537251     21295.82
        7960     1.005691     1.651711 -0.001241677     21292.75
        7962     1.005484     1.648585 -0.001725132     21298.95
        7964     1.005702     1.648226 -0.001511449     21303.12
        7966     1.005806     1.643702 -0.001130234      21304.7
        7968     1.005462     1.639619 -0.001888046     21307.01
        7970     1.005408     1.639543  -0.00193257     21309.87
        7972     1.005938     1.633121 -0.001887169     21309.66
        7974     1.005614     1.628241 -0.001840504     21313.42
        7976     1.005704     1.624522 -0.001248038     21316.94
        7978     1.005534     1.624819 -0.0008949935     21317.49
        7980     1.005632     1.623137 -0.0008581602     21321.96
        7982     1.005623     1.621082 -0.001473896      21324.9
        7984     1.005328     1.617656 -0.001381276     21325.08
        7986     1.005928     1.613028 -0.001369882      21327.5
        7988     1.005206     1.612087 -0.001499402     21324.69
        7990      1.00556     1.610122 -0.001096985     21327.21
        7992     1.006172     1.605661  -0.00105537     21333.53
        7994     1.005692     1.604252 -0.001631761     21334.16
        7996     1.006014     1.603644 -0.001248507      21337.1
        7998     1.005582     1.597068 -0.001603704     21338.39
        8000      1.00541     1.595673  -0.00204272     21337.99
        8002     1.005239     1.591423 -0.001787861     21340.36
        8004     1.005052     1.587302 -0.001366498     21341.23
        8006     1.004965     1.582766 -0.001091672     21346.68
        8008     1.004644     1.584741 -0.0008651878     21349.24
        8010     1.004688     1.582689 -0.000931705     21351.88
        8012     1.004751      1.58038 -0.001214899     21356.47
        8014     1.004342     1.575312 -0.001458981     21355.49
        8016     1.004493     1.575022 -0.001559933     21356.84
        8018     1.004714     1.571017 -0.0009732448     21360.65
        8020     1.004436     1.567901 -0.0009868512     21363.01
        8022     1.004731     1.567526 -0.001024644     21366.98
        8024     1.004898     1.567127 -0.001521259     21368.25
        8026     1.004679      1.56282 -0.001835117     21367.85
        8028     1.004628     1.555731 -0.001852546     21369.52
        8030     1.004282     1.552845 -0.001493453     21371.56
        8032     1.004549     1.552307   -0.0012959     21374.86
        8034     1.004113     1.550873 -0.001005265     21375.56
        8036     1.004456     1.545364 -0.001136037     21380.32
        8038     1.003984     1.544803 -0.001455504     21379.11
        8040     1.004131     1.543219 -0.0009293851      21380.6
        8042     1.004271     1.539229 -0.001196747      21386.1
        8044     1.004515     1.537929 -0.001307481     21386.43
        8046     1.004247     1.535229 -0.001114959      21391.2
        8048     1.003709     1.532759 -0.001252373     21390.87
        8050     1.003663     1.530309 -0.001372019     21391.53
        8052     1.003821      1.52791 -0.001604095     21395.08
        8054     1.003699     1.524253 -0.001540067      21400.3
        8056     1.004111     1.519926 -0.001414759     21399.82
        8058     1.003912     1.517988 -0.001601386     21402.05
        8060     1.004261     1.516592  -0.00147475     21404.42
        8062     1.003541     1.511442 -0.001645771     21404.62
        8064     1.003539     1.508128 -0.001644199     21408.16
        8066     1.003621     1.504822 -0.001302006     21406.01
        8068     1.003605     1.503438 -0.001313506     21411.74
        8070     1.003601     1.501026 -0.001274591     21414.39
        8072       1.0035      1.49762 -0.001513668     21411.81
        8074      1.00318     1.494625 -0.001608453     21411.93
        8076     1.003204     1.491329 -0.001106372     21416.44
        8078     1.003302     1.488158 -0.001279102     21416.05
        8080     1.003197     1.488769 -0.001493293     21417.42
        8082     1.003537     1.484393 -0.001087167     21424.66
        8084     1.003434     1.479382 -0.001249051     21426.94
        8086     1.003025     1.479461 -0.001299643     21426.51
        8088     1.003165     1.478777 -0.001113888     21429.32
        8090      1.00318     1.473996 -0.001278072     21430.85
        8092     1.003088     1.470471 -0.001327314     21429.89
        8094     1.002791     1.469236 -0.001214259     21430.06
        8096     1.002971     1.468158 -0.001421698     21435.54
        8098     1.002945     1.464281 -0.001196611     21438.76
        8100     1.002471     1.459098 -0.001092773     21435.35
        8102     1.002006     1.459663 -0.001029885     21438.96
        8104     1.001775     1.459416 -0.0006973455     21440.36
        8106     1.001695     1.456042   -0.0009057     21440.52
        8108     1.001739     1.453519 -0.001244941      21445.4
        8110     1.001669     1.452418 -0.001445519     21448.49
        8112     1.001255     1.449456 -0.001357215     21443.65
        8114     1.001315     1.444478 -0.001437054        21447
        8116     1.001385     1.442661 -0.001675106     21453.03
        8118     1.000616     1.440921 -0.001178862     21449.78
        8120     1.000656     1.436055 -0.001048631     21453.81
        8122     1.000652     1.435047 -0.001151666     21458.19
        8124     1.000445     1.434272 -0.0007687065     21456.87
        8126    0.9999518     1.431708 -0.001107765     21455.52
        8128     1.000094     1.429906 -0.001421141     21458.47
        8130     1.000191     1.426185  -0.00173183     21461.52
        8132    0.9997131     1.422903 -0.001313169     21459.51
        8134    0.9994336     1.417853 -0.001316997     21458.33
        8136    0.9992052       1.4194 -0.0009258938     21466.09
        8138    0.9990348     1.415649 -0.0009331245     21467.37
        8140    0.9989387     1.415496 -0.0009251192     21463.25
        8142     0.998638     1.410388 -0.0009289106     21464.42
        8144    0.9989451     1.411999 -0.001055431     21468.17
        8146    0.9987944     1.408218 -0.001173032        21466
        8148    0.9990999     1.407052   -0.0014588        21471
        8150    0.9987871     1.401004 -0.001255883     21471.97
        8152    0.9984221     1.400329 -0.001504455     21472.25
        8154     0.998189     1.398171 -0.001547418     21470.17
        8156    0.9979949     1.395017 -0.001484396     21470.88
        8158    0.9979175     1.388625 -0.001537439     21471.87
        8160    0.9977189     1.388454 -0.001470039     21471.87
        8162    0.9979919     1.385871 -0.001234578     21475.54
        8164    0.9974277     1.383256 -0.001186615     21474.51
        8166    0.9974511     1.378748 -0.001028418     21475.77
        8168    0.9972379     1.378961 -0.001429968     21477.15
        8170    0.9971222     1.377644 -0.001165643     21480.15
        8172    0.9972104     1.371817 -0.001435162     21480.04
        8174    0.9966648     1.369423 -0.001571731     21479.84
        8176    0.9970819      1.36748 -0.0009865771     21487.22
        8178    0.9964747      1.36507 -0.001365987     21481.01
        8180    0.9961594     1.363924 -0.001067704     21480.12
        8182    0.9957633     1.358495 -0.001045179     21483.91
        8184    0.9963035     1.358938 -0.001500108     21488.27
        8186    0.9959586     1.356709 -0.001042483     21488.41
        8188    0.9954342     1.351923 -0.001474956      21486.7
        8190    0.9956328     1.350155 -0.001221532     21490.47
        8192    0.9955812     1.347138 -0.001048856      21491.6
        8194    0.9952677     1.346936  -0.00129643     21491.94
        8196    0.9950627     1.343532 -0.001197983      21493.8
        8198    0.9945422     1.339784 -0.001355103     21492.98
        8200    0.9947357     1.337555 -0.001120176     21496.01
        8202    0.9947067     1.336096 -0.001083272     21496.47
        8204    0.9945479     1.334571 -0.0008804053     21498.87
        8206    0.9941194     1.331117 -0.001182485     21495.92
        8208    0.9938883     1.330511 -0.001249608      21497.4
        8210    0.9935631     1.326636 -0.001200875     21498.98
        8212    0.9933859     1.324574 -0.001328078     21497.61
        8214    0.9932363      1.32151 -0.001203239     21496.35
        8216    0.9930485     1.319887 -0.001346593     21498.56
        8218     0.993032      1.31701 -0.001141472     21499.76
        8220    0.9925884     1.313801 -0.001373925     21498.42
        8222    0.9923496     1.312379 -0.001156564     21500.48
        8224    0.9920498     1.308895 -0.001254766     21502.77
        8226    0.9920265     1.307757 -0.001287363     21505.23
        8228    0.9915944     1.303763 -0.001377266     21502.83
        8230    0.9912351      1.30208 -0.001780536      21507.3
        8232    0.9908889     1.297877 -0.001143752      21504.3
        8234    0.9908089     1.293513 -0.001198197     21506.43
        8236    0.9907707     1.294613 -0.001064016     21504.83
        8238    0.9907989     1.292494 -0.001024414     21507.59
        8240    0.9905698     1.289365 -0.001372956     21509.66
        8242    0.9900768     1.285318 -0.001019512     21509.17
        8244    0.9900459     1.283629 -0.001150077     21512.51
        8246    0.9890256     1.284338 -0.001246623     21508.19
        8248    0.9891693     1.280164 -0.001068562     21513.21
        8250    0.9889485     1.275345   -0.0011535     21512.64
