# This file has been produced by extranormal (v 1.0.1 - February 23, 2017)
# O. Roudenko - Synchrotron SOLEIL. Covered by GPL licence.
#Data from HDF File: /nfs/ruche-rock/rock-soleil/com-rock/2021/Projets/20210209_Hilde/InSitu/10Ni-10Fe_50BN/10Ni-10Fe_50BN_RWGS750_CO2pulses_H2cst_ratio1/10Ni-10Fe_50BN_RWGS750_CO2pulses_H2cst_ratio1_00322.nxs to 10Ni-10Fe_50BN_RWGS750_CO2pulses_H2cst_ratio1_00323.nxs
#Time at start=2021-02-10 14:42:38.997
#Time from start (seconds)=1608.00970863
#Sample temperature (C)=24.8
# Normalization -------------
# pivot spectrum: Pivot_Fe_10Ni-10Fe_50BN_RT_air_av2000_00001.txt
# E0=7112.0   Eshift=1.85348451625
# E0_pivot = 7112.0
# pre-edge params: from E0_pivot-140.0 to E0_pivot-20.0
# pre-edge range: [6972.0, 7092.0]
# post-edge params: from E0_pivot+100.0 to E0_pivot+1140.0
# post-edge range: [7212.0, 8250.0]
# I jump at E0_pivot = 1.24370593677
# shifted energy	normalized	reference	ref.derivative	I0
        6970  0.001876364     1.679378 -0.002043512     18810.64
        6972  0.001876364     1.679378 -0.002043512     18810.64
        6974  0.001546152     1.675497 -0.0008710002     18818.45
        6976  0.001652464     1.676372 -0.002464839     18825.79
        6978  0.001106882     1.670786 -0.001384875     18831.55
        6980  0.001018878     1.659659 -0.002485621     18841.81
        6982  0.000836594     1.664418 -0.001970755     18847.69
        6984 0.0009509869     1.656487 -0.001116082     18857.66
        6986 6.451128e-05      1.65502 -0.002012817      18860.8
        6988 0.0003261156     1.650731 -0.001515027     18871.42
        6990 0.0007870639     1.648316 -0.001894131     18876.57
        6992 0.0005090324     1.644367 -0.0002461153      18885.8
        6994 0.0003811987     1.639867 -0.0005177659     18893.86
        6996 0.0004387238     1.648762 -0.0009095475     18905.99
        6998 0.0006904868     1.644174 -0.001917314     18908.53
        7000 -0.000259681     1.637091 -0.002878366     18918.94
        7002 -0.0002531292     1.624528 -0.002608898     18926.63
        7004 -0.0001725365     1.625735  -0.00118191     18937.57
        7006 -9.332323e-05     1.623302 -0.001170892      18946.3
        7008  0.000214799     1.627635 -0.0008982904        18953
        7010 -0.0003815327     1.615161 -0.002153665     18958.64
        7012 -0.0006956257     1.618548 -0.002246164     18966.68
        7014 -4.774326e-05     1.606073 -0.001021768     18978.59
        7016 -0.0007873033     1.609666  -0.00145911     18984.95
        7018 -0.0003143062     1.606987 -0.0002503344     18992.44
        7020 -0.001072936     1.606875 -0.001971669     18999.23
        7022 -0.0005801596     1.604071 -0.001383899     19005.99
        7024 -0.0009096354     1.593893 -0.002221784     19016.09
        7026 -0.001026318     1.595916 -0.002346985     19027.16
        7028 -0.0006620379     1.589101 -0.0003942448     19037.81
        7030 -0.001109727     1.585295 -0.002305941      19041.4
        7032 -0.0007872786     1.590739 -0.0009731165     19052.33
        7034 -0.0006762056     1.577468 -0.000676895     19056.05
        7036 -0.0008728906     1.581316 -0.001890087     19062.05
        7038 -0.0006151587     1.579879 -0.0008787283     19073.53
        7040 -0.001076838     1.575618 -0.001463353     19081.15
        7042 -0.0009090253     1.570438 -0.002062089     19088.43
        7044 -0.0008592785     1.569609   -0.0016937     19097.57
        7046 -0.0008646008     1.563383  -0.00221556     19107.37
        7048 -0.001077862     1.562068 -0.001963081     19112.89
        7050 -0.0007374795     1.552714 -0.001147148     19126.57
        7052 -0.0003622501     1.553905 -0.001440687     19130.97
        7054 -0.0008350089     1.554206 -0.0009667076     19143.09
        7056 -0.001100072     1.550543  -0.00134185     19149.15
        7058 -0.0005755392      1.54498 -0.002111263      19156.3
        7060 -0.0006201945      1.54317 -0.001460528     19166.66
        7062 -0.0002989028     1.537315   -0.0015322     19174.29
        7064 -0.0003866453     1.538859 -0.001495215     19177.47
        7066 -0.0004081575     1.532722 -0.0006513785     19185.84
        7068 -0.0008003214     1.531208 -0.0008345629     19191.74
        7070 -0.0003005701     1.532104 -0.001002783     19198.64
        7072 -0.0002066161     1.532182 -0.001123464     19209.03
        7074 0.0002105034       1.5247 -0.001387278     19215.17
        7076 0.0002282639     1.522221 -0.002151881     19223.45
        7078 0.0005908128     1.521006 -0.002147672     19232.08
        7080 0.0006937858     1.514967  -0.00150234     19242.16
        7082 0.0004255004     1.507519 -0.002423826     19248.48
        7084  0.001173113     1.510202 -0.001795944     19258.13
        7086   0.00151769     1.501616 -0.001015898     19265.93
        7088  0.002265292       1.5006 -0.001787189     19273.48
        7090  0.002210507     1.499392 -0.0001110274     19279.71
        7092  0.003026924     1.495904 -0.0008604873     19287.56
        7094  0.003337808     1.500727 -0.0007843777     19296.97
        7096  0.003858284     1.493716 -0.0001443145     19299.91
        7098   0.00458906     1.493117  -0.00158236     19312.05
        7100  0.005906885      1.49475 -0.0008685712      19314.3
      7100.2  0.005991934      1.49404 -0.0008551786     19315.47
      7100.4  0.006076982      1.49333 -0.0008417861     19316.64
      7100.6  0.006162031     1.492621 -0.0008283936     19317.81
      7100.8   0.00624708     1.491911 -0.000815001     19318.99
        7101  0.006332128     1.491201 -0.0008016085     19320.16
      7101.2  0.006417177     1.490492 -0.0007882159     19321.33
      7101.4  0.006502225     1.489782 -0.0007748234      19322.5
      7101.6  0.006587274     1.489072 -0.0007614308     19323.67
      7101.8  0.006672322     1.488363 -0.0007480383     19324.85
        7102  0.006853793     1.488288 -0.0008490695     19325.35
      7102.2  0.007214991     1.489312  0.003396916      19326.1
      7102.4  0.007480461     1.492083  0.003925226     19327.79
      7102.6  0.007678291     1.492361  0.003465001     19328.49
      7102.8  0.007587152     1.491429 0.0003090647     19326.49
        7103  0.007711181     1.492084 -0.0008545917      19328.6
      7103.2  0.007999032      1.49233 0.0001106056     19330.94
      7103.4  0.008171475     1.491677 0.0004858669     19329.93
      7103.6  0.008286469     1.491517 -0.0008766724        19331
      7103.8  0.008542566     1.492473 -0.0001274665     19330.58
        7104  0.009055044     1.491628   0.00284731     19331.66
      7104.2  0.009020626     1.491575  0.001966884     19331.27
      7104.4  0.009051664     1.493795  0.001526455     19332.31
      7104.6  0.009167513     1.494047 0.0004765042     19334.99
      7104.8  0.009221724      1.49285 -0.002832981     19334.51
        7105  0.009670352     1.491957 -0.001917468     19335.08
      7105.2     0.010362     1.491529  0.001807931     19335.93
      7105.4   0.01055752     1.492513  0.005192059     19335.71
      7105.6   0.01050163     1.494296   0.00616585     19336.28
      7105.8   0.01060318      1.49611  0.008919046     19337.14
        7106   0.01087643     1.496461  0.007098613     19340.35
      7106.2   0.01134089     1.499648  0.003538802     19342.14
      7106.4   0.01184703     1.499975  0.004556652     19340.88
      7106.6   0.01223631     1.498941 0.0005007496     19340.76
      7106.8   0.01268188     1.500107 0.0007599126     19341.85
        7107   0.01304997     1.500048   0.00326141     19343.82
      7107.2   0.01325421     1.500583  0.002565438     19345.72
      7107.4   0.01371785      1.50155  0.001992124     19345.34
      7107.6   0.01426827     1.502159  0.001356538     19345.11
      7107.8   0.01486783     1.501642  0.001927388     19344.76
        7108   0.01574155     1.501668   0.00152717     19345.25
      7108.2    0.0163524     1.503092  0.003542853     19346.64
      7108.4   0.01685597     1.503381  0.005146541     19348.67
      7108.6   0.01733174     1.504476  0.005779493      19351.1
      7108.8    0.0179052     1.505785    0.0106377     19351.97
        7109   0.01877187     1.507716   0.01570618      19352.3
      7109.2   0.01954926     1.511891   0.02124913     19351.31
      7109.4   0.02044978     1.517041   0.02373245      19350.8
      7109.6   0.02161937     1.522785   0.02336745     19352.19
      7109.8   0.02298211     1.526702   0.02601458     19352.65
        7110   0.02441979     1.530585   0.02986992     19352.86
      7110.2   0.02586461     1.537853   0.03626874     19351.49
      7110.4   0.02774974      1.54668   0.04592182     19348.93
      7110.6   0.03037722     1.555717   0.05636361     19349.08
      7110.8   0.03368917     1.567322   0.07290264     19350.68
        7111   0.03752268     1.582944   0.09378375     19350.36
      7111.2   0.04203268     1.605003    0.1125699     19348.64
      7111.4   0.04778532     1.630744    0.1317094     19345.64
      7111.6   0.05492304     1.657378    0.1488101     19343.82
      7111.8   0.06327123     1.688312     0.158669     19343.14
        7112   0.07275864     1.724051    0.1616085     19341.73
      7112.2   0.08281036     1.757679    0.1602603     19341.54
      7112.4   0.09278445     1.786665    0.1485733     19340.02
      7112.6    0.1022882      1.81652     0.136018     19337.24
      7112.8    0.1112834     1.842909    0.1306998      19335.1
        7113    0.1194101     1.866494    0.1150239     19331.36
      7113.2    0.1264475     1.891225   0.09759281     19329.62
      7113.4    0.1332479     1.908539   0.08456168     19332.56
      7113.6    0.1398461     1.920984   0.07222071     19335.01
      7113.8     0.146072     1.934143   0.06776083     19335.12
        7114    0.1520661     1.949001   0.07311138     19334.89
      7114.2    0.1572443     1.962748   0.06809128     19333.77
      7114.4     0.161698     1.979473   0.06386064     19330.91
      7114.6    0.1655417     1.988616   0.06179691     19329.95
      7114.8    0.1688957      2.00009   0.05101861     19328.59
        7115    0.1717266     2.012185   0.05663993     19329.32
      7115.2    0.1742138     2.020288   0.05319915     19332.32
      7115.4    0.1765228     2.033928   0.04873659     19334.03
      7115.6    0.1789506     2.042649    0.0523028     19334.26
      7115.8    0.1817321     2.051174   0.04474529     19336.06
        7116    0.1850088      2.06213   0.04078233     19334.98
      7116.2    0.1890464     2.069724   0.03424446     19334.36
      7116.4    0.1938099     2.075275   0.02041891     19334.81
      7116.6    0.1992889      2.07857   0.01368497     19335.74
      7116.8    0.2055805     2.078465   0.01542373     19335.08
        7117    0.2129293     2.080672   0.01468921      19335.9
      7117.2    0.2212764     2.087614   0.02379386     19338.54
      7117.4    0.2304455     2.090321   0.03809123     19339.13
      7117.6    0.2407415       2.0975   0.04582338     19337.67
      7117.8    0.2522162     2.111145   0.06737261     19336.33
        7118    0.2646846     2.124273   0.07917889     19335.37
      7118.2    0.2779974     2.144219   0.07874452     19336.41
      7118.4    0.2927311     2.160843    0.0890118     19338.06
      7118.6    0.3094077     2.174141   0.09063064     19339.29
      7118.8    0.3277644     2.195482   0.09778109     19339.15
        7119    0.3472815     2.216724    0.1134547     19336.99
      7119.2    0.3678537     2.239068    0.1269465     19336.56
      7119.4    0.3897662     2.264904    0.1458783     19335.48
      7119.6    0.4129382     2.297039     0.149433      19333.5
      7119.8    0.4365344     2.333427    0.1456806     19333.35
        7120    0.4601783     2.358614     0.131026      19332.9
      7120.2     0.484116     2.381449    0.1136387     19333.32
      7120.4     0.507289      2.40186    0.1251293     19334.56
      7120.6     0.529047     2.424338    0.1200338     19335.49
      7120.8    0.5485199     2.458718    0.1289021     19333.54
        7121    0.5662157     2.477476     0.140607     19334.09
      7121.2    0.5825725     2.504982    0.1237086     19334.99
      7121.4    0.5977913     2.536823    0.1387212     19333.79
      7121.6    0.6125628     2.557685    0.1299956     19332.59
      7121.8    0.6274773     2.588453    0.0993249     19332.61
        7122    0.6420924     2.608978   0.07495503     19333.49
      7122.2    0.6569885     2.616283   0.04026817     19331.91
      7122.4    0.6722684     2.617649   0.03944469     19332.46
      7122.6    0.6880233     2.620667    0.0668452     19333.15
      7122.8    0.7043809     2.640534    0.1074416     19333.79
        7123    0.7210248     2.669759    0.1196529     19334.25
      7123.2      0.73874     2.703602   0.09527429     19334.44
      7123.4    0.7565564      2.71639   0.06631501     19332.54
      7123.6    0.7745328     2.716753   0.07221977     19332.12
      7123.8    0.7932699     2.722811   0.07687986     19330.76
        7124    0.8114391     2.761378   0.06948524     19330.91
      7124.2    0.8292456     2.777894   0.07019185     19330.76
      7124.4    0.8466171     2.772342   0.03413815     19329.94
      7124.6    0.8636578     2.778965   0.05040825     19329.36
      7124.8    0.8802789     2.788688   0.06531558     19329.95
        7125    0.8954468      2.81822   0.05443337     19329.15
      7125.2    0.9096671     2.824594   0.04973541     19328.74
      7125.4    0.9231489     2.822511   0.02225908     19328.74
      7125.6    0.9361256     2.828477   0.02867674     19328.45
      7125.8    0.9486573     2.836028   0.02098881     19328.91
        7126    0.9603824     2.847535   0.02453356     19325.57
      7126.2    0.9718405     2.839302   0.04917142     19324.16
      7126.4    0.9834766     2.848104   0.04748411     19324.55
      7126.6    0.9957033     2.875365   0.05481103     19323.54
      7126.8     1.008253     2.885523   0.05556057     19322.75
        7127     1.020541     2.883151   0.06605217      19321.5
      7127.2     1.032802     2.892552   0.03954421     19321.09
      7127.4     1.045151     2.928206   0.03319896     19320.29
      7127.6     1.058191     2.917158   0.07342185     19319.41
      7127.8     1.071731      2.90971   0.00615953     19319.12
        7128     1.085232     2.951289  0.002648495     19317.47
      7128.2     1.099228     2.933134   0.03255407     19315.96
      7128.4     1.113507     2.919277  -0.02162854     19315.65
      7128.6     1.127518     2.935754   0.01592998     19316.03
      7128.8     1.140528     2.933987   0.05275614     19314.72
        7129     1.152969     2.945878   0.07585038     19314.01
      7129.2     1.165003     2.961482   0.09923597     19315.71
      7129.4     1.175489     2.996434   0.09556616     19316.75
      7129.6     1.184791     3.013375    0.1084746     19317.35
      7129.8     1.192078     3.022331   0.06144286     19316.89
        7130     1.197415     3.048261   0.07251754     19315.69
      7130.2     1.201752     3.045588     0.120551     19314.14
      7130.4      1.20448     3.071389   0.07923463     19313.04
      7130.6     1.206727     3.118772   0.07863017     19311.57
      7130.8      1.20832     3.111649   0.06136868     19310.31
        7131     1.209127     3.108492  0.003861907     19309.62
      7131.2     1.209277     3.120484   0.01433122     19306.57
      7131.4     1.208897     3.121861    0.0395587     19304.93
      7131.6     1.208875     3.123114 -0.001222361     19305.19
      7131.8      1.20893     3.140139 -0.006713095     19305.78
        7132     1.208709     3.119506  -0.03990823     19304.42
      7132.2     1.208688     3.116491   -0.1305832     19303.83
      7132.4      1.20863     3.091188   -0.1511695     19303.38
      7132.6     1.208012     3.035673   -0.1397797     19300.75
      7132.8     1.206083     2.998571   -0.1503185     19300.95
        7133     1.203601     3.004667  -0.04399011     19302.39
      7133.2     1.200256     2.970933   0.06649524     19303.67
      7133.4     1.195903     3.000481    0.0283021     19305.86
      7133.6     1.190893     3.051767    0.0471018     19307.65
      7133.8     1.185876     3.027309   0.01484887     19308.29
        7134     1.180303     3.008614  -0.08388625     19309.29
      7134.2      1.17411      3.01236  -0.03511741     19308.76
      7134.4     1.167436     2.984658   0.01728268     19308.31
      7134.6     1.160812     2.999215  -0.03972607     19309.38
      7134.8     1.153613      3.02244  -0.03839419        19310
        7135     1.145925     2.980579  -0.07574271     19311.51
      7135.2      1.13859     2.953943    -0.121988     19313.88
      7135.4     1.131727     2.938621  -0.08850894     19315.62
      7135.6     1.125195      2.92485  -0.08823204     19316.71
      7135.8        1.119     2.909772  -0.07856754     19319.28
        7136     1.112852     2.883357  -0.09216041     19320.43
      7136.2     1.106658     2.875767   -0.1050842     19318.67
      7136.4     1.101097     2.851122  -0.04967517     19318.94
      7136.6     1.095966     2.825704   0.01404723      19318.2
      7136.8      1.09091     2.843617   0.04966623     19315.35
        7137     1.085835     2.887004   0.08777913     19308.39
      7137.2     1.081375     2.890855   0.04208013      19294.1
      7137.4     1.077242     2.895928  -0.01415459     19269.97
      7137.6     1.073341     2.877281   0.04267563     19234.68
      7137.8      1.06995     2.875681    0.1262733     19194.01
        7138     1.066298     2.924995     0.176079      19148.9
      7138.2     1.062879     2.996946    0.1644595     19111.93
      7138.4     1.059704     3.018144   0.04635238     19089.36
      7138.6      1.05635     3.007248   -0.0168857     19081.02
      7138.8     1.053391     2.962077  -0.05355248     19087.85
        7139     1.050969     2.983438  -0.07421424     19104.71
      7139.2     1.048421     2.975302  -0.01848097     19128.75
      7139.4     1.047111     2.947877  -0.02651288     19156.19
      7139.6     1.045731     2.947292  -0.02222538     19187.91
      7139.8     1.044448     2.962228  0.007267085     19218.01
        7140     1.043396     2.957522   0.02862114     19244.06
      7140.2     1.042577     2.953691  0.004436109     19267.37
      7140.4      1.04159     2.970189  -0.01021196     19287.49
      7140.6     1.040924     2.965776  -0.02545353     19301.69
      7140.8     1.039911     2.949352  -0.05344164     19308.99
        7141     1.038721     2.933328  -0.03298288     19312.47
      7141.2     1.038231     2.927436 -0.004104405      19314.1
      7141.4     1.037553      2.93939   0.03945095     19309.71
      7141.6     1.036915     2.946069    0.0311688     19299.65
      7141.8     1.036529     2.964888   0.03453974     19281.19
        7142     1.036011     2.952371   0.08628549     19254.42
      7142.2     1.035292     2.967022   0.06145733     19219.55
      7142.4     1.034337     3.015097   0.05354608      19178.7
      7142.6     1.033548     3.014054   0.02551556     19137.77
      7142.8     1.032409     2.995208  -0.04290449     19102.61
        7143     1.031004     2.987434  -0.05067663     19079.95
      7143.2     1.030028     2.980774  -0.03003634     19074.99
      7143.4     1.029092     2.973513  -0.01880164     19087.95
      7143.6     1.028101     2.971179  -0.04199955     19114.86
      7143.8     1.026719     2.972393  -0.07807166     19150.72
        7144     1.025181     2.947174  -0.02853591     19190.36
      7144.2     1.024079     2.911056   0.01267567     19229.46
      7144.4     1.023382      2.94835   0.06129343     19262.74
      7144.6      1.02275     2.982534    0.1641177     19290.12
      7144.8     1.021845     2.996209   0.09162492     19309.17
        7145     1.020518      3.04235   0.01379019     19320.75
      7145.2     1.019167      3.02165   -0.0344639      19325.6
      7145.4     1.018149     2.993566   -0.1210373     19333.24
      7145.6     1.016619     2.968638  -0.05731349     19340.37
      7145.8      1.01589      2.94552   0.01756872     19342.93
        7146     1.014532     2.975799   0.04584788     19344.81
      7146.2      1.01301     3.007621   0.08831275     19348.84
      7146.4      1.01071     3.005316   0.03196911     19350.64
      7146.6     1.008497      3.01617  -0.05472135     19350.28
      7146.8     1.006056     3.001374  -0.08049169      19352.1
        7147     1.003961     2.963844  -0.03090735     19354.52
      7147.2     1.001706     2.940923   0.03607199     19355.98
      7147.4    0.9991534     2.991444   0.06180669     19355.84
      7147.6    0.9968103     3.030232   0.09522942     19357.98
      7147.8    0.9941142     3.013289   0.05309116     19360.43
        7148    0.9911132     3.017106   0.02521515     19359.91
      7148.2    0.9880863     3.033917     0.049166     19360.96
      7148.4     0.985361     3.050404   0.01645368     19364.62
      7148.6    0.9823144     3.052622  -0.01459071     19366.59
      7148.8    0.9790863     3.030269  -0.03498379     19368.26
        7149    0.9761377     3.022245   -0.0255433     19371.42
      7149.2    0.9730976     3.022417   0.05461866     19373.54
      7149.4    0.9698898     3.032187    0.0607941     19375.54
      7149.6    0.9666924     3.073964 0.0007789188     19377.95
      7149.8    0.9635819      3.07088  -0.03468917     19379.13
        7150    0.9609655      3.02304  -0.09339062     19380.32
      7150.2    0.9584272     3.004436  -0.07554362     19380.28
      7150.4    0.9557532     2.999252  0.003397188     19379.93
      7150.6    0.9533429     3.010445    0.0415515     19380.79
      7150.8    0.9509016     3.025758    0.1108731     19380.71
        7151    0.9487862     3.037677    0.1413216     19383.13
      7151.2    0.9462297      3.08795   0.09719085     19384.95
      7151.4    0.9442003     3.123502   0.08010215     19385.22
      7151.6    0.9425389     3.103511    0.0318371      19384.7
      7151.8    0.9415164     3.101759  -0.01967165     19387.19
        7152    0.9403648      3.11342  -0.03776911     19389.65
      7152.2    0.9393486     3.107765  -0.01418715     19391.76
      7152.4    0.9380021     3.073295  0.004360853     19393.48
      7152.6    0.9368745     3.090409 0.0004202744      19393.4
      7152.8    0.9354491     3.116908   0.01264852     19391.49
        7153    0.9345281     3.108101   -0.0499596     19391.56
      7153.2    0.9342382     3.083414   -0.1198347     19393.16
      7153.4    0.9341771     3.050441   -0.1394248     19394.22
      7153.6    0.9338988     3.021041  -0.04296911      19395.9
      7153.8    0.9339723     2.996561   0.03456134     19395.23
        7154    0.9339742     3.049039   0.04512935     19394.54
      7154.2    0.9340651      3.07809   0.09593057     19397.25
      7154.4    0.9346001     3.057144    0.0454534     19397.56
      7154.6    0.9355522     3.073306   0.01185295     19400.68
      7154.8    0.9365709     3.085402   0.05976462     19404.31
        7155    0.9375317     3.087573   0.01096243      19405.2
      7155.2    0.9386421     3.104956   -0.0267974     19404.38
      7155.4    0.9396247     3.082076  0.008070194     19403.44
      7155.6    0.9406644     3.063964  -0.02410761     19402.95
      7155.8    0.9413952     3.094029  -0.04282049     19403.54
        7156    0.9418669      3.08567  -0.02023109     19404.07
      7156.2    0.9428348     3.047819  -0.03221044     19405.83
      7156.4    0.9441082     3.047779 -0.002215412     19408.66
      7156.6    0.9454403     3.068261   0.06901775      19409.7
      7156.8    0.9467449     3.083897    0.1007305     19410.64
        7157    0.9481287     3.103034   0.04608257      19411.6
      7157.2    0.9495726     3.128363  -0.02487972     19413.39
      7157.4    0.9508056     3.105127  -0.04666214     19413.87
      7157.6    0.9516168     3.063994  -0.06325025     19414.62
      7157.8    0.9527381     3.065704  -0.03128445     19415.41
        7158    0.9541629     3.077763 0.0007961142     19417.67
      7158.2    0.9553795     3.080099  -0.01845201      19417.1
      7158.4    0.9562275      3.06463  -0.07277779     19416.16
      7158.6     0.957059     3.050942  -0.08012864     19415.51
      7158.8     0.957915     3.019541  -0.07199073     19413.83
        7159    0.9587415     3.015996  -0.02037241      19414.3
      7159.2    0.9598121     3.007038   0.01662219     19415.52
      7159.4    0.9605695     3.034644  -0.01262588     19418.56
      7159.6    0.9614595     3.032839  -0.01836898     19420.66
      7159.8    0.9627744     3.005895   -0.0336137     19421.09
        7160    0.9640223     2.992343  -0.03027573     19421.79
      7160.2    0.9647254     3.007753   0.06545376     19422.49
      7160.4    0.9652104     3.008618    0.1381495     19422.73
      7160.6    0.9659375     3.058258    0.1180437     19424.72
      7160.8    0.9667267     3.102862    0.1125131     19427.25
        7161    0.9675194     3.102188    0.0751724     19427.95
      7161.2    0.9684677     3.098628   0.01847273     19427.15
      7161.4    0.9691121     3.118396  -0.03577074     19426.46
      7161.6    0.9692612      3.11764  -0.04516234     19426.34
      7161.8    0.9698288     3.073572  -0.05545382     19427.61
        7162    0.9703252     3.062499  -0.06716318     19427.51
      7162.2    0.9704755     3.074033 -0.006646792        19427
      7162.4    0.9710118      3.06391  0.003976759     19427.34
      7162.6    0.9716466     3.068254   -0.0224568     19428.28
      7162.8    0.9723276      3.06568  0.003437864     19431.93
        7163    0.9727691     3.056068  -0.02520377     19432.73
      7163.2    0.9728735      3.06666  -0.06135942     19431.26
      7163.4    0.9732192     3.048091  -0.04962506     19432.16
      7163.6    0.9737286     3.016592   -0.0616108     19436.06
      7163.8    0.9736384     3.016368  -0.02330166     19436.53
        7164    0.9737486     3.017372   0.02391513     19434.77
      7164.2    0.9745414      3.02945  0.003644533     19433.14
      7164.4    0.9755052     3.035725 -0.004063635     19432.04
      7164.6    0.9765627     3.019283  -0.02022825     19430.57
      7164.8    0.9770272     3.014121  0.006786559     19430.21
        7165    0.9770832     3.013267   0.01155804     19432.77
      7165.2    0.9771883     3.041154  -0.01078728      19436.8
      7165.4    0.9773931      3.02853  -0.01516871     19438.44
      7165.6    0.9776825     3.005491  -0.05159205     19439.59
      7165.8     0.978287     3.001132  -0.03093167     19440.84
        7166    0.9789608      2.99988   0.03089186     19439.21
      7166.2    0.9797284     3.003785   0.08034994     19438.97
      7166.4    0.9809333     3.030204   0.06743432     19437.39
      7166.6    0.9816579     3.065412   0.02685981     19435.43
      7166.8     0.982044     3.053828   0.03176602     19435.19
        7167    0.9826425     3.025272 0.0004121167     19435.97
      7167.2    0.9833522     3.055617  -0.04534096     19437.36
      7167.4    0.9840896     3.065742  -0.05528687     19438.22
      7167.6    0.9846672     3.017555  -0.09766225     19437.66
      7167.8    0.9849628     2.981043    -0.104374      19436.4
        7168    0.9857215     2.977487  -0.04284852     19436.56
      7168.2    0.9867772     2.982243   0.01429373     19438.48
      7168.4    0.9873463     2.983276   0.02651818     19439.65
      7168.6    0.9880808     2.992478   0.01362834     19439.66
      7168.8    0.9890297     2.998702   -0.0310059     19440.07
        7169    0.9895888     2.993146  -0.03445051     19440.77
      7169.2    0.9898321     2.958471   0.03170907     19441.97
      7169.4    0.9904295     2.964917   0.06767652     19444.38
      7169.6    0.9909276     3.024069    0.0695796     19446.29
      7169.8    0.9916003     3.047287   0.03284853     19445.49
        7170    0.9929238     3.014135  -0.02588077     19444.75
      7170.2    0.9938944     2.991196  -0.02754142     19444.49
      7170.4     0.994481     3.003365  -0.01861423     19444.98
      7170.6    0.9951457     3.025254 -0.004750358     19445.73
      7170.8    0.9957932     2.999244  -0.02686232     19446.73
        7171     0.996482     2.987396  -0.06884123     19449.98
      7171.2    0.9977048     2.981875  -0.06120518     19450.58
      7171.4     0.998648     2.970181  -0.02966756     19450.27
      7171.6    0.9995516     2.950279 -0.007313743     19451.45
      7171.8     1.000115     2.963662 -0.0002000097     19450.15
        7172     1.000373     2.976024   0.02794425     19451.49
      7172.2     1.000811     2.970021  0.001736549      19453.6
      7172.4     1.000984     2.972635  -0.01727363     19453.45
      7172.6     1.001201     2.965051   0.00832928     19452.11
      7172.8     1.002004     2.962205 -0.0007331599     19450.84
        7173     1.002938     2.976684  -0.02223332     19451.23
      7173.2     1.003533     2.972048  -0.02291006     19454.77
      7173.4     1.004193     2.947265  -0.01872511     19456.91
      7173.6     1.005018     2.943877  -0.01407253     19456.81
      7173.8     1.005472     2.961704 -0.004969658     19458.05
        7174     1.005755      2.96079  -0.02069113      19459.9
      7174.2     1.006093     2.943289  -0.05295487     19461.21
      7174.4     1.006342     2.927324  -0.06373445     19459.25
      7174.6     1.006697      2.91934   -0.0722602     19459.14
      7174.8     1.007069     2.909803  -0.05133336     19460.98
        7175     1.007306     2.885481  -0.01884166     19461.42
      7175.2       1.0075     2.886257  -0.00205624     19461.95
      7175.4     1.008072     2.904267   0.03190141     19464.49
      7175.6     1.008565     2.908158    0.0213803     19464.98
      7175.8     1.008804     2.911002   0.01769631     19465.66
        7176     1.008744     2.903361   0.03419316     19466.54
      7176.2     1.008692     2.918424   0.02218526     19467.81
      7176.4     1.008659     2.935512   0.02818875     19466.85
      7176.6     1.008217      2.92875 -0.007882257      19464.5
      7176.8     1.008323     2.925912  -0.05035817     19465.54
        7177     1.008539     2.912118  -0.02915323     19467.44
      7177.2     1.008756     2.895226  -0.03072254     19469.44
      7177.4     1.008567     2.905427  -0.02519275     19471.36
      7177.6     1.008282     2.901334  0.005906529     19471.09
      7177.8      1.00837     2.891964  0.002603636     19470.14
        7178     1.008329     2.899951  -0.01192166     19469.38
      7178.2     1.008077      2.90751  -0.03243737     19470.19
      7178.4     1.007823     2.891797  -0.06201794     19473.29
      7178.6      1.00753     2.866014  -0.08627401     19475.09
      7178.8     1.007305     2.850337  -0.06118119     19474.86
        7179      1.00739     2.838491  -0.02243575     19475.22
      7179.2     1.008063     2.842852  -0.01782046     19475.94
      7179.4     1.008556     2.848065  0.007488417     19477.58
      7179.6     1.008394      2.83608   0.01086898     19479.59
      7179.8     1.008551     2.844482     0.024471     19479.36
        7180     1.008515     2.851547   0.06616512      19480.5
      7180.2     1.008576     2.867642   0.03930313     19481.35
      7180.4     1.008583     2.889012  0.004281092     19480.37
      7180.6     1.008642     2.875924  -0.02943471     19480.43
      7180.8     1.008516     2.854972  -0.05671807     19483.07
        7181     1.008293     2.844094  -0.02803361     19485.69
      7181.2      1.00848     2.843638  -0.02378204     19487.73
      7181.4      1.00881     2.853497 -0.0003799312     19487.11
      7181.6     1.009215     2.835947   0.05137083      19486.3
      7181.8     1.009508      2.84379   0.01877594     19486.74
        7182     1.009574     2.884735   0.05079678     19487.39
      7182.2      1.00994     2.868518   0.04374925     19490.11
      7182.4     1.010163     2.876584  -0.03362843      19488.5
      7182.6     1.010192      2.87879  0.003143551     19488.82
      7182.8     1.010286     2.857832   0.01216072     19488.99
        7183     1.010302     2.871033   0.01199212     19490.09
      7183.2     1.010545     2.886313   0.01620943     19492.52
      7183.4     1.010887     2.888384  -0.01517737     19493.58
      7183.6     1.010988     2.870799   -0.0159611     19495.06
      7183.8     1.010855     2.858891 0.0003946391     19494.39
        7184     1.010606     2.873544   0.01676075      19492.3
      7184.2     1.010605     2.888699 -0.003071323     19493.32
      7184.4     1.010858     2.884208   0.00526374      19495.1
      7184.6     1.011103     2.856434 -0.0002940257     19495.81
      7184.8     1.011294     2.877755  -0.01499444     19497.58
        7185     1.011755     2.888464   0.04153909     19500.29
      7185.2     1.012376     2.872212  0.006663858     19500.46
      7185.4     1.012302     2.889665  -0.03117067     19499.91
      7185.6     1.012874     2.883086 -0.004848797     19502.12
      7185.8     1.012832     2.863527   -0.0387051     19500.09
        7186      1.01287     2.868333   -0.0056645     19500.39
      7186.2     1.013095     2.858701   0.04382799     19499.45
      7186.4      1.01356     2.878554   0.05293551     19501.63
      7186.6      1.01358      2.89859   0.04106731     19503.98
      7186.8     1.013602     2.910682  0.003147164     19504.34
        7187     1.013643     2.891555   0.02578015      19504.5
      7187.2     1.013795     2.881072   0.02053914     19505.07
      7187.4     1.013793     2.919214   0.01535094     19506.25
      7187.6     1.013765     2.927113    0.0170814     19505.13
      7187.8     1.013931     2.903836  -0.02759577     19505.28
        7188     1.013792     2.894737  -0.04256275     19506.31
      7188.2     1.013489     2.897137  -0.00297852     19506.91
      7188.4     1.013367     2.893063   0.02212826     19508.81
      7188.6     1.013522     2.901453   0.03256167     19510.94
      7188.8     1.013529      2.91244   0.07118924     19510.77
        7189     1.013278     2.923187   0.06259684     19510.66
      7189.2     1.013529     2.950014   0.03599779     19511.45
      7189.4     1.013933     2.951531   0.01513619     19512.54
      7189.6     1.013866     2.941238 -0.002757361     19516.86
      7189.8      1.01369     2.935296  0.007485004     19517.71
        7190      1.01377     2.947808   0.01853415     19516.67
      7190.2     1.013777     2.957519   0.03122691     19516.96
      7190.4     1.013764     2.956065   0.02567539     19516.55
      7190.6     1.014011     2.960277  0.006216195     19516.63
      7190.8      1.01377     2.968349 -0.004880842     19515.73
        7191     1.013621     2.962491  -0.02517891     19518.37
      7191.2      1.01356      2.95216  -0.02261067     19519.33
      7191.4     1.013698     2.940134  0.002637298      19520.9
      7191.6     1.013937      2.95026   0.01728069     19522.65
      7191.8     1.014279     2.964601   0.01559408     19524.36
        7192      1.01467     2.965985   0.01856379     19525.42
      7192.2     1.014316     2.952609 -9.94081e-05     19525.77
      7192.4     1.013854     2.965111  0.009865245     19523.86
      7192.6     1.013354     2.964522   0.05269892     19523.76
      7192.8     1.013052     2.973877   0.03359979     19523.06
        7193     1.013083     2.994768   0.01642883     19521.57
      7193.2     1.013198     2.991991 -0.003867924     19523.24
      7193.4     1.013304     2.977665 -0.007028888     19528.43
      7193.6     1.013622     2.970783   0.01055628     19532.51
      7193.8     1.014069     2.989145   0.01661722     19532.86
        7194     1.014192     3.000436     0.042308      19532.7
      7194.2     1.014173     2.990959   0.03284507     19532.65
      7194.4     1.014097     3.004629 -0.005061034     19534.59
      7194.6     1.014169     3.015421  -0.01726986     19537.04
      7194.8     1.014079     2.996387  -0.02960539      19538.5
        7195     1.014144     2.977143  -0.02128607     19540.69
      7195.2     1.014488     2.980945 0.0006802903      19542.4
      7195.4     1.014886     2.998393   0.01988597     19540.28
      7195.6     1.015436     2.996931   0.01897066     19540.12
      7195.8     1.015862     2.993052   0.01911797     19539.57
        7196     1.016213     2.996121   0.01943377     19540.34
      7196.2     1.016039     3.013687   0.02015309     19539.24
      7196.4     1.015878     3.012478  0.002105416     19539.39
      7196.6     1.015749     3.009174  -0.03691467     19542.42
      7196.8     1.015931     2.997806  -0.05002776     19543.18
        7197     1.016269     2.984155  -0.05812311     19542.57
      7197.2      1.01622     2.972456  -0.05601549     19544.39
      7197.4     1.016547     2.962676  -0.02645829     19546.93
      7197.6     1.017261     2.952993   0.01036697     19549.44
      7197.8     1.017703     2.962989   0.03275981        19550
        7198     1.017882      2.98075   0.07135871     19550.29
      7198.2      1.01791     2.988883   0.07044877     19551.41
      7198.4     1.017791      3.01008  0.006984185     19551.65
      7198.6     1.017674     3.019348  -0.05039459     19552.73
      7198.8      1.01777     2.986337  -0.09093722     19553.16
        7199     1.017944     2.948568   -0.1163065     19553.26
      7199.2     1.018157     2.937331  -0.08240264     19554.41
      7199.4     1.018518     2.926302  -0.01529237      19555.6
      7199.6     1.019032     2.920415   0.02403259     19553.82
      7199.8     1.019299     2.936334   0.04239588     19554.28
        7200     1.019688     2.956557    0.0166106     19556.43
      7200.2      1.01955     2.960219  -0.02299757     19558.67
      7200.4      1.01973     2.933704  -0.06887271     19560.43
      7200.6     1.019912     2.917936    -0.095395     19563.49
      7200.8     1.020007     2.901459  -0.08361176     19563.91
        7201      1.02022     2.883903  -0.04799843     19565.33
      7201.2      1.02058     2.866814  0.003839683     19565.16
      7201.4     1.020467     2.879537   0.03273675     19563.12
      7201.6     1.019936      2.90453   0.03778813     19563.07
      7201.8     1.019418     2.910092  0.005794793     19563.55
        7202     1.019715     2.897045    -0.031752     19564.28
      7202.2     1.020217     2.884173   -0.0264288      19565.6
      7202.4      1.02028     2.879129  0.002264831     19566.09
      7202.6     1.020381     2.888949   0.01106957     19566.15
      7202.8     1.020196     2.898856    0.0196569     19565.76
        7203     1.019786     2.893028   0.03305357      19565.4
      7203.2     1.019659     2.894854   0.04034297     19566.55
      7203.4     1.019733     2.915392  -0.01712782      19568.4
      7203.6     1.020152     2.931131  -0.08783424     19570.01
      7203.8      1.02025     2.879326   -0.1109289     19570.69
        7204     1.020242     2.824587   -0.1159411      19572.2
      7204.2     1.020139     2.826649  -0.03568981     19571.33
      7204.4     1.020402     2.838378  -0.01275164      19573.4
      7204.6     1.020624     2.850774  -0.05651818      19573.8
      7204.8     1.020598     2.814385  -0.07756361     19574.75
        7205     1.020826     2.781435   -0.1076709     19576.48
      7205.2     1.020794     2.776327  -0.04818619     19577.28
      7205.4     1.020886     2.764638   0.01674226     19578.03
      7205.6     1.020954     2.775837  0.006788069     19576.35
      7205.8     1.020896     2.794828 -0.004566026     19577.94
        7206     1.020903     2.781758 -0.008768263     19579.82
      7206.2     1.020992     2.760985   0.01396461     19581.72
      7206.4     1.021072     2.768822   0.06418842     19582.61
      7206.6     1.021203        2.806   0.09583245        19581
      7206.8     1.021059     2.833108   0.08572361     19581.14
        7207     1.020619     2.837651   0.03116113     19582.07
      7207.2     1.020344     2.837401  -0.01382882     19582.03
      7207.4     1.020503     2.830929  -0.02089767     19583.19
      7207.6     1.020774     2.822045  -0.01848051     19584.12
      7207.8     1.020711     2.820933  -0.03655055     19584.71
        7208     1.021053     2.822616  -0.02324511     19586.61
      7208.2     1.021353     2.801689 -0.002926369      19588.4
      7208.4     1.021601     2.803449 -0.003000564     19589.77
      7208.6     1.021722     2.818592   0.01516011     19590.74
      7208.8     1.021429     2.820216   -0.0164669     19593.16
        7209     1.020685     2.813817  -0.04183292     19594.05
      7209.2      1.02017     2.790276  -0.04488396     19591.96
      7209.4     1.020218     2.785125  -0.05476206      19593.3
      7209.6     1.020541     2.784309  -0.01325871     19594.36
      7209.8     1.020621     2.770007 -0.005016797     19594.97
        7210     1.019895     2.779669   0.01226672     19595.62
      7210.2     1.019295     2.781112   0.04532022     19595.37
      7210.4     1.019351     2.794122   0.02587782     19594.35
      7210.6     1.019701     2.806263   0.03675943     19595.23
      7210.8      1.01971     2.800371   0.06301661      19597.2
        7211     1.019657     2.810519   0.08169863     19598.42
      7211.2     1.019588     2.844535    0.1162986      19599.8
      7211.4     1.019287     2.871622    0.1321306     19599.88
      7211.6     1.018715      2.89341   0.06864251      19598.9
      7211.8     1.018221     2.916224 -0.005204109     19600.81
        7212     1.018774     2.899449  -0.07043542     19604.86
      7212.2     1.018983     2.867459   -0.1020417     19607.31
      7212.4     1.018598     2.837061  -0.05232322     19606.87
      7212.6     1.018369      2.83459    0.0129152     19606.12
      7212.8     1.018113     2.857591   0.05556136     19606.22
        7213     1.017939     2.877791   0.05521996     19605.65
      7213.2     1.017317     2.881511    0.0308497     19605.71
      7213.4     1.017079     2.878766   0.04337719     19606.63
      7213.6     1.017097     2.882271   0.05979672      19607.4
      7213.8     1.017001     2.912493     0.105633     19608.05
        7214     1.016471     2.929348    0.1375921     19607.89
      7214.2     1.015921     2.963273   0.08332139     19603.38
      7214.4     1.015981     2.992344   0.04259863     19605.77
      7214.6     1.015789      2.97915   0.01803309     19608.87
      7214.8     1.015271     2.963427  0.007578285     19609.62
        7215     1.014892     2.977699   0.02823933     19612.51
      7215.2      1.01434     2.998407   0.04064411     19614.28
      7215.4     1.014042     3.001741   0.03058595     19614.35
      7215.6     1.013959     2.995942   0.01523374      19614.2
      7215.8     1.013644     3.002168   0.01459787     19614.22
        7216     1.013537     3.010594   0.06124098     19615.46
      7216.2     1.013122      3.01342   0.05595139     19616.61
      7216.4     1.012663     3.044935   0.01740291        19616
      7216.6     1.012536     3.046929   0.01768016     19615.97
      7216.8     1.011896     3.024516   0.01560014     19617.51
        7217     1.011524     3.027564 -0.007381101     19620.67
      7217.2     1.011319     3.057415  -0.02321669     19622.43
      7217.4     1.011452     3.041024   0.02266643     19622.38
      7217.6     1.011563     3.005943   0.03780368     19622.41
      7217.8     1.011716     3.045697    0.0622557     19622.36
        7218     1.011348     3.087658    0.1167531     19622.56
      7218.2     1.011077     3.090829   0.07018408     19623.92
      7218.4     1.010954     3.099345  0.005179804     19624.43
      7218.6     1.010538     3.101844  0.004859241     19626.28
      7218.8     1.009941     3.091802   0.02103131     19625.77
        7219     1.009528     3.094716   0.05799966      19624.8
      7219.2     1.009636      3.11617    0.0873379     19626.48
      7219.4     1.009737     3.148244   0.07847267     19626.73
      7219.6     1.009474     3.161672   0.07100798      19627.3
      7219.8     1.009115     3.157494  0.009224214     19629.37
        7220     1.008798     3.172977  -0.07436885     19630.99
      7220.2     1.008622     3.155623  -0.05444802     19634.18
      7220.4     1.008124     3.102177  -0.05007102     19635.67
      7220.6     1.007815     3.113936  -0.01523743     19634.19
      7220.8      1.00744      3.13292   0.04802787     19632.76
        7221     1.006944     3.143433   0.01960932     19632.85
      7221.2     1.006975     3.140599  0.000553085     19633.17
      7221.4     1.006714     3.129623 -0.008536591     19634.25
      7221.6     1.006825     3.133362   0.01210732     19635.17
      7221.8     1.006524     3.136604   0.03057007     19634.87
        7222     1.006052     3.150285 -0.000746298     19636.35
      7222.2     1.005871      3.15408   0.02568383     19639.22
      7222.4     1.005746     3.132765 -0.0003429471      19640.7
      7222.6     1.005412     3.157151   -0.0602651      19641.1
      7222.8     1.005356     3.150011   -0.0701629     19640.08
        7223     1.005186     3.105867   -0.1032024     19640.46
      7223.2     1.004707     3.076635   -0.0841439     19642.02
      7223.4     1.004422     3.074589   -0.0524578     19643.12
      7223.6     1.004214     3.082696  -0.03605274      19644.3
      7223.8     1.004051     3.063901  -0.03196359     19644.48
        7224     1.003926     3.047793  0.004500738     19644.56
      7224.2     1.003775     3.049018   0.04398618      19645.2
      7224.4     1.003761     3.086296   0.04595963     19646.56
      7224.6     1.003541      3.09909   0.04972064     19648.49
      7224.8     1.003262     3.084561 -0.004301209      19649.4
        7225     1.002597     3.088795  -0.02147708     19647.32
      7225.2     1.002673     3.082855  -0.04507781     19646.63
      7225.4     1.002548     3.081908  -0.05728634     19646.45
      7225.6     1.001995     3.048498   -0.0692489     19647.68
      7225.8     1.001865     3.042966  -0.09474615     19651.77
        7226     1.001667     3.027456  -0.04320659     19651.42
      7226.2      1.00143     3.006112  -0.02919172      19650.1
      7226.4     1.001208     3.013933  -0.02499032      19651.1
      7226.6     1.000628     3.019612   -0.0236791     19651.79
      7226.8     1.000085     3.007464  -0.03451906     19652.75
        7227    0.9999617     2.987168  -0.05130197     19656.54
      7227.2    0.9993799     2.986318  -0.07498553     19659.48
      7227.4    0.9987916     2.978571  -0.06707314     19659.39
      7227.6    0.9990676     2.947476  -0.06671897     19658.91
      7227.8    0.9990673      2.93351  -0.04853956     19658.32
        7228     0.998626     2.932943  -0.04935575     19657.99
      7228.2    0.9984117     2.939739  -0.02946983     19658.58
      7228.4    0.9983664     2.907991   0.01146106     19661.18
      7228.6    0.9982103     2.909934  0.008460651     19663.41
      7228.8    0.9982187     2.942112   0.02060563     19664.04
        7229    0.9983312     2.946508   0.02478093     19663.88
      7229.2    0.9982276     2.924475  -0.02789542     19665.01
      7229.4    0.9976742     2.929759  -0.03542368     19666.39
      7229.6    0.9970691     2.919795     0.028235     19667.68
      7229.8    0.9964282     2.918169   0.05922242     19667.63
        7230    0.9961285     2.947063    0.0392093     19668.54
      7230.2    0.9959222     2.977137  -0.02340019     19668.64
      7230.4    0.9957407     2.951163  -0.08658905     19667.16
      7230.6    0.9956727     2.899449   -0.1278875     19666.86
      7230.8    0.9955854     2.877792  -0.09777057     19668.24
        7231    0.9952992     2.874827  -0.04343624     19668.54
      7231.2    0.9949511     2.872946  -0.02480623     19668.32
      7231.4    0.9947689       2.8647  -0.02123055     19668.81
      7231.6    0.9946401     2.857947  -0.04531357     19668.84
      7231.8     0.994273     2.857842  -0.04577978     19670.01
        7232    0.9936695     2.836695  -0.04730194     19672.35
      7232.2    0.9934302     2.828076  -0.04906306     19674.58
      7232.4    0.9930565     2.820106  -0.03535256     19673.38
      7232.6    0.9929312     2.818592  -0.05418714     19671.06
      7232.8    0.9926973     2.808413  -0.05624623     19673.34
        7233     0.992487     2.784726  -0.03935929     19673.83
      7233.2    0.9924579     2.775109  -0.02619834     19676.07
      7233.4    0.9918554     2.787104  -0.01040399     19676.17
      7233.6    0.9917803     2.787455   0.01209775     19677.36
      7233.8    0.9917297     2.776403 -0.001990977      19678.8
        7234    0.9916605     2.784787  -0.02121334     19680.39
      7234.2    0.9916847     2.785511  -0.01304036     19681.14
      7234.4    0.9917206     2.770484  -0.01481793        19681
      7234.6    0.9917429     2.765971   -0.0171888     19681.87
      7234.8    0.9916208     2.772933 -0.008837148     19682.97
        7235    0.9916611      2.77176  -0.01427881     19684.09
      7235.2    0.9917061     2.763414  -0.03586033     19684.93
      7235.4    0.9913907     2.754548  -0.03066572     19683.65
      7235.6    0.9910755     2.744244  -0.04138172      19682.7
      7235.8     0.990643     2.747228  -0.03734334     19683.95
        7236    0.9904041     2.730309  -0.01327497     19683.31
      7236.2    0.9903873     2.724673  0.001245564     19684.15
      7236.4    0.9900292     2.733624  0.007493839     19685.06
      7236.6    0.9903262     2.748224 -0.005334098     19685.97
      7236.8    0.9904745     2.736304  -0.02293824     19686.93
        7237    0.9902535     2.720406  -0.03550594     19687.27
      7237.2    0.9901633     2.715274  -0.01724321        19687
      7237.4    0.9905105      2.71982  0.003197108     19689.85
      7237.6    0.9905298     2.722509 0.0006497977     19691.29
      7237.8     0.990471     2.722963 -0.007968427     19691.05
        7238    0.9906852     2.715794 -0.007921727     19690.83
      7238.2    0.9907166     2.713445  -0.01837581     19692.69
      7238.4    0.9907437     2.716172 0.0002858837      19694.3
      7238.6    0.9908411     2.708263   0.02692471     19693.95
      7238.8    0.9909099     2.716022   0.02174892     19694.47
        7239    0.9909035     2.734985   0.04662482     19694.11
      7239.2    0.9905536     2.733571   0.04919731     19693.52
      7239.4    0.9904397     2.745562   0.02294132     19694.53
      7239.6    0.9903489      2.75538   0.02362376     19695.41
      7239.8    0.9905491     2.753338   0.00847561     19696.88
        7240    0.9907397      2.75247  -0.01209812     19698.57
      7240.2    0.9909769     2.752343  -0.00528012        19699
      7240.4    0.9913263     2.745702  -0.00396262     19698.73
      7240.6    0.9916366     2.749114  -0.02614806     19699.89
      7240.8    0.9919132       2.7493  -0.03250656     19700.55
        7241    0.9922578     2.731425   -0.0405076     19699.55
      7241.2    0.9927777     2.719696  -0.03295805     19703.18
      7241.4    0.9929157     2.716707 -0.008511195     19706.18
      7241.6    0.9924486     2.722934 -0.001691977     19706.31
      7241.8     0.992174     2.724616  -0.01356848      19706.5
        7242    0.9924399     2.718343  -0.02199674     19705.69
      7242.2    0.9928114     2.705853  0.002737987     19705.59
      7242.4    0.9930342     2.705336  0.006740375     19705.95
      7242.6     0.993114     2.726806   0.01384823     19705.22
      7242.8    0.9931088     2.723735   0.03022341     19706.98
        7243    0.9931488     2.716931   0.03589282     19709.73
      7243.2     0.993284     2.729515    0.0506996     19710.35
      7243.4    0.9931653      2.75552   0.06029218     19708.04
      7243.6    0.9928229     2.764295    0.0408883     19708.26
      7243.8    0.9926645     2.765165 -0.006503276     19708.95
        7244    0.9927422     2.762226  -0.02614542     19708.48
      7244.2    0.9929127     2.750318  -0.02027242     19710.65
      7244.4    0.9935921     2.743378 -0.005106726     19710.57
      7244.6    0.9941139     2.748947   0.02453307      19709.8
      7244.8    0.9946059      2.75814   0.04296235     19712.25
        7245    0.9954458     2.769944   0.02552738     19715.48
      7245.2    0.9958827     2.777748   0.01865252      19716.4
      7245.4    0.9959023     2.769369   0.01134376     19714.91
      7245.6      0.99574     2.773062  -0.02299755      19716.3
      7245.8    0.9955117     2.779019  -0.01792402      19719.1
        7246    0.9956725      2.75935  -0.01043255     19718.96
      7246.2    0.9958631      2.75503  -0.01540901     19718.71
      7246.4     0.995759     2.764716   0.00724048     19717.47
      7246.6    0.9957629     2.766692  0.001779474     19718.25
      7246.8     0.996074     2.765143   0.02131841     19719.46
        7247    0.9964142     2.756453   0.02679967     19718.61
      7247.2     0.996879     2.781771   0.02079682     19720.22
      7247.4     0.997362     2.788132   0.03999731     19722.47
      7247.6    0.9980571      2.78178  0.001982346     19723.09
      7247.8    0.9985024     2.788451 -0.004841607     19724.05
        7248    0.9987196     2.783357   0.02523164     19726.65
      7248.2    0.9986963     2.784258   0.02127841     19725.01
      7248.4     0.998627     2.801965  0.007852554     19723.75
      7248.6     0.998533     2.805474  0.005752628     19726.28
      7248.8    0.9986767     2.789639 -0.003254892     19728.13
        7249    0.9989562      2.78886   -0.0249091     19728.94
      7249.2    0.9991921     2.799361  -0.01929656     19729.06
      7249.4    0.9996745     2.785547  0.007083275     19728.79
      7249.6     1.000017     2.774202   0.01095116     19728.59
      7249.8    0.9999482     2.794527   0.02635187     19726.54
        7250    0.9998383     2.808122   0.02416955     19726.81
        7252     1.002475     2.786646 -0.001890092     19739.12
        7254     1.005111     2.759069 -0.007161488     19748.72
        7256     1.006208      2.76944 -0.003355597     19753.74
        7258     1.009553     2.738693  0.001259853     19756.71
        7260     1.012141     2.759801 0.0003844747     19765.56
        7262     1.015147     2.769148  0.005489616     19777.72
        7264      1.01615     2.772516  0.004894148     19780.17
        7266     1.017436     2.782609  0.004041393     19786.29
        7268     1.018861     2.798955  0.005996263     19794.62
        7270     1.018844     2.801479 3.162095e-05     19797.15
        7272     1.019269     2.820486  0.004895875     19809.68
        7274     1.018724     2.782862  0.007482275     19818.78
        7276     1.019134     2.838122 -0.002451085     19819.39
        7278       1.0179     2.861337   0.01321116     19827.65
        7280     1.017536     2.800877   0.00614751     19833.99
        7282     1.016346     2.888552 -0.001468075     19838.47
        7284     1.014296     2.887302   0.01368942     19853.68
        7286     1.012969     2.849593  0.002810365     19859.43
        7288     1.011105     2.910392 -0.005035246     19863.31
        7290     1.009916     2.911035  0.001460255     19871.68
        7292     1.007974      2.84702  -0.01562404     19877.83
        7294     1.006512     2.861275   -0.0185575     19881.74
        7296     1.006152       2.7854  -0.01130432     19890.55
        7298      1.00411     2.762575   -0.0232544     19895.36
        7300     1.004239     2.756585  -0.01231572     19905.33
        7302     1.003445     2.675239 -0.007640564      19911.6
        7304     1.002692     2.686874  -0.01290916     19915.69
        7306     1.002855      2.70145 -0.005341167     19926.38
        7308      1.00279     2.653312 -0.005809427     19931.03
        7310     1.003742      2.63251  -0.00746407     19936.31
        7312     1.002881     2.640399   0.00271606     19943.25
        7314     1.002297     2.641737 0.0003401778     19949.47
        7316      1.00276      2.67504  0.002457278     19958.29
        7318     1.002091     2.635231 -0.002342977     19963.23
        7320     1.001601     2.660057  -0.00878427     19968.42
        7322     1.001756     2.622994  0.001390782     19978.96
        7324     1.001523     2.604766 -0.004611486     19980.48
        7326     1.001171     2.646358 -0.002971941     19991.18
        7328     1.001683     2.623165  0.002648354     19995.99
        7330     1.001765     2.599218 -0.005567597     19998.66
        7332      1.00112     2.625953 -0.003854758     20005.57
        7334     1.000488     2.601817   0.00130374     20010.48
        7336     1.000575     2.592327 -0.005574375     20018.76
        7338     1.000607     2.609648 -0.001356958     20026.69
        7340     1.000075     2.581358   0.00358364     20029.83
        7342     1.000127     2.590961  0.001220727     20030.65
        7344     1.000614     2.620996  0.006476229     20040.01
        7346     1.000564     2.619414  0.009253447     20049.85
        7348     1.001265     2.633168  0.006553252     20057.43
        7350    0.9998171     2.664989  0.006538823     20055.89
        7352     1.000585     2.673422   0.01013788     20068.68
        7354     1.000711     2.671724  0.009415034     20072.42
        7356      1.00085     2.714271   0.00260776      20080.3
        7358     1.000422     2.740309  0.006049453     20086.61
        7360     1.000436     2.694284  0.002329321     20089.17
        7362      1.00068      2.72012  0.001403534     20096.85
        7364     1.000783     2.732905  0.003573443     20103.97
        7366      1.00117     2.751537 -0.003366863     20108.05
        7368     1.000395     2.722872 -0.004061551      20113.5
        7370     1.000665     2.693185  -0.01296704     20119.49
        7372     1.000389     2.700413  -0.01051479     20126.61
        7374     1.000768     2.647801  -0.01326163     20132.88
        7376     1.000434     2.638754  -0.01614779     20138.72
        7378    0.9997246     2.587092  -0.01439715     20142.19
        7380     1.001055     2.571231   -0.0144668     20156.93
        7382     1.000218     2.532624  -0.00883963     20159.76
        7384    0.9992698     2.523019  -0.01050205     20163.73
        7386     1.000113     2.516375 -0.002720566     20167.51
        7388    0.9999146     2.487214 -0.002926895      20172.8
        7390    0.9990491     2.510859 -0.004144352     20178.94
        7392    0.9995022     2.499604    0.0027364     20187.04
        7394    0.9989703      2.48322 -0.0001761306     20194.02
        7396    0.9983534     2.509105 -0.001255765     20200.32
        7398    0.9979977      2.50945 -8.885242e-05     20203.69
        7400    0.9983723     2.489558 2.254205e-05     20213.41
        7402     0.998154     2.482509  0.000811089     20218.25
        7404    0.9981326     2.509286  0.000230969     20220.79
        7406    0.9983225     2.515939 0.0008691785     20226.87
        7408    0.9975756     2.491406 -0.002233569     20231.88
        7410    0.9975889     2.489463 -0.003648646     20240.13
        7412    0.9971123     2.491417 0.0003522591     20246.56
        7414    0.9969969      2.48675 -0.003431939     20250.06
        7416    0.9972558     2.494224 -0.0009756388     20259.89
        7418    0.9969671     2.462007  -0.00168561     20258.84
        7420    0.9971352     2.483612 -0.004544985     20268.21
        7422    0.9970114     2.473265 -0.001036245     20276.88
        7424    0.9957667     2.457864   -0.0032759     20278.55
        7426    0.9967661     2.453717 -0.002931156     20286.82
        7428    0.9966874     2.457405 -0.0007745821     20292.91
        7430    0.9969245     2.449816 -0.001939676     20301.69
        7432    0.9972373     2.451667 -0.001883747     20307.47
        7434    0.9962968       2.4382  0.001480028     20311.69
        7436    0.9966118     2.442335 0.0006868329     20319.93
        7438    0.9964395     2.461656  0.003583702     20325.83
        7440    0.9958721     2.457162  0.003254132     20324.96
        7442    0.9965403      2.46687  0.001027964     20336.73
        7444    0.9966906     2.468368  0.003014106     20341.41
        7446    0.9968159      2.46988  0.001076983     20349.51
        7448    0.9967268     2.481275   0.00401673      20349.5
        7450    0.9964773     2.475485   0.00443613     20356.95
        7452    0.9965059     2.500502 -0.0006339759     20364.99
        7454    0.9963079     2.505369 -2.280799e-05      20366.6
        7456    0.9962358     2.476203 -0.003028182      20372.5
        7458    0.9965387     2.475303 -0.004401317     20379.91
        7460    0.9960031     2.476276 -0.001283338     20384.33
        7462    0.9961701     2.470158 -0.002732715     20389.01
        7464    0.9963198     2.465936  -0.00518499     20391.59
        7466     0.996035     2.453441 -0.003788922     20399.21
        7468    0.9962326     2.434796 -0.004990739     20405.95
        7470    0.9958249     2.439847 -0.005135531     20410.37
        7472    0.9961161      2.42601 -0.004700722      20416.7
        7474    0.9956951     2.412357 -0.006872565     20419.22
        7476    0.9956315     2.397191 -0.004145703     20424.15
        7478    0.9951813     2.384866  -0.00424419     20427.76
        7480    0.9957383     2.392845 -0.005840887     20436.64
        7482    0.9959643     2.378404 -0.002319812     20440.83
        7484    0.9956847     2.350464 -0.004914916     20445.39
        7486    0.9949239     2.366308 -0.006047662     20450.25
        7488    0.9952175     2.353525  -0.00346014     20455.62
        7490    0.9953417     2.330022 -0.002791611     20459.13
        7492    0.9954313     2.322782   -0.0031994     20466.25
        7494    0.9948503     2.343975 -0.0003551673     20464.86
        7496    0.9953117      2.32793 -0.0005002289     20473.93
        7498    0.9951944     2.327181 -0.002422764     20481.03
        7500     0.995589     2.318781 -0.0002212168      20483.5
        7502    0.9946582     2.324593 -0.0002031594     20490.94
        7504    0.9954438      2.32616 -8.987392e-05     20497.86
        7506    0.9946049     2.325556 -0.001812054     20499.22
        7508    0.9947634     2.318062 -0.001847359     20502.35
        7510    0.9948357     2.310096 -0.003171738     20508.53
        7512    0.9948032     2.311382 -0.001249657     20511.93
        7514    0.9953528     2.300182 -0.002259319     20519.96
        7516    0.9947517     2.308064 -0.002368306     20523.94
        7518    0.9952407     2.292022 0.0002603678     20504.63
        7520    0.9952086     2.292435 -0.001051425     20495.51
        7522    0.9945143     2.302265 0.0005022778     20493.68
        7524    0.9948584     2.299653  0.001045053     20449.01
        7526    0.9964928      2.29604 -0.001335619     20045.64
        7528    0.9932734     2.300796 -0.0006912537     20338.64
        7530    0.9957166      2.29158 -0.001389282     20110.45
        7532     0.994851     2.294123 -0.001635854     20417.55
        7534    0.9947082     2.284926 -0.001551019     20555.67
        7536    0.9948809     2.287709 -0.001065241      20543.9
        7538    0.9950574     2.279172 -0.002082859     20548.99
        7540    0.9953056     2.285601  -0.00291447     20571.84
        7542    0.9954672     2.268263 -0.001066918     20590.82
        7544    0.9955732     2.264393 -0.001242713     20596.26
        7546    0.9952191     2.270636 0.0006921386     20602.37
        7548    0.9949796     2.275659 -0.001140411     20600.02
        7550    0.9947094       2.2738 -0.002280845     20612.74
        7552     0.995386      2.25527 -0.001298152     20620.91
        7554    0.9947594     2.252389 -0.002216091     20623.71
        7556    0.9946774     2.265274 -0.000222941     20628.19
        7558    0.9951227     2.256071  0.002087099     20630.63
        7560    0.9952658     2.253486 -0.0008512664     20638.47
        7562     0.995174     2.269086  0.001056677     20638.84
        7564    0.9943714     2.258464 -0.000826208     20643.35
        7566     0.994844     2.264525 -0.002306662     20652.23
        7568    0.9949526     2.246877  -0.00185836     20654.43
        7570    0.9950031     2.250633 -0.005157932     20657.02
        7572    0.9954072     2.243597 -0.001739526     20662.73
        7574      0.99519     2.223261 -0.005002618     20670.33
        7576    0.9950813      2.23296 -0.003227556      20670.9
        7578    0.9953049     2.210612 -0.003614887     20676.83
        7580    0.9953137     2.217777 -0.004123188     20681.66
        7582    0.9950032     2.194342 -0.0007206109     20682.04
        7584    0.9951228     2.199975  -0.00190456     20681.65
        7586    0.9947876     2.204847 -0.002321265     20689.35
        7588    0.9954866      2.20254  -0.00262814     20692.31
        7590    0.9953518     2.175772 -0.002351455     20699.23
        7592    0.9955962      2.17895 -0.003113506     20703.06
        7594    0.9957466     2.186035 -0.001608629     20705.34
        7596    0.9957097     2.177632 -0.001622753        20712
        7598    0.9956727     2.162903 -0.001958751     20711.82
        7600    0.9953674     2.165968 -0.0005553033     20714.32
        7602    0.9950135     2.170365 -0.000803066     20718.36
        7604    0.9951848      2.17319 -0.0003517522     20722.19
        7606     0.995439     2.156478  -0.00189068     20726.31
        7608    0.9954336     2.163154 -0.003479927     20729.89
        7610    0.9960676      2.15524 -0.001056224     20733.83
        7612    0.9954243      2.14535  -0.00218077     20740.06
        7614    0.9951462     2.148029 -0.002504817     20742.91
        7616    0.9954112     2.145707 -0.001176874        20748
        7618    0.9958709     2.135202 -0.001039242     20751.85
        7620    0.9957543     2.135935 -0.0004853448     20753.39
        7622    0.9959524     2.139715  -0.00110737     20756.28
        7624    0.9956392     2.141825 -0.001756069     20758.35
        7626    0.9958755     2.126343  -0.00237199     20766.19
        7628    0.9956278     2.121887 -0.002953872     20771.09
        7630    0.9959446     2.120739 -0.001777198     20772.03
        7632    0.9957644     2.118194 -0.001081399     20775.59
        7634    0.9958284     2.112125 -0.002362656     20778.78
        7636    0.9963074     2.113236 -0.002495908     20786.37
        7638     0.995645     2.101838 -0.001583655     20789.96
        7640    0.9958507     2.098226 -0.002112417     20793.89
        7642    0.9957813     2.099456 -0.001818602     20801.57
        7644    0.9959359     2.096336 -0.001777682     20798.15
        7646    0.9960142     2.087289 -0.001608883     20804.83
        7648    0.9964826     2.084005 -0.003000103      20807.5
        7650    0.9967494     2.086585 -0.001851888     20815.39
        7652    0.9964866     2.072335 -0.0009955708     20815.92
        7654    0.9963694     2.072474 -0.002693192     20820.03
        7656     0.996257      2.07604 -0.0001505864     20823.46
        7658    0.9965825     2.065039 -0.0007926811     20828.39
        7660    0.9970103     2.071131 -0.0005136117     20830.98
        7662    0.9967081     2.066132 0.0005053956     20840.52
        7664    0.9972194     2.071932 -0.001798068     20844.26
        7666    0.9970151     2.069082 -0.001486356     20847.79
        7668    0.9970098     2.056746 -0.001134389     20853.75
        7670    0.9969679     2.054241 -0.001528431     20854.39
        7672    0.9970625     2.062856 0.0004610559        20858
        7674    0.9973849     2.056855 0.0001806003     20861.22
        7676     0.997946     2.060435 -0.002295012     20868.76
        7678    0.9975632     2.055686 -0.0002820662     20872.08
        7680    0.9982388     2.044496 -0.001273564     20875.83
        7682     0.997433     2.054598 -0.001713365     20875.55
        7684    0.9976601     2.050246  8.82147e-05     20883.84
        7686    0.9974227     2.041979 -0.002734709     20887.86
        7688    0.9976477     2.045202  -0.00164719     20889.88
        7690    0.9972017     2.032721 -0.001873348      20890.8
        7692     0.997763     2.037069 -0.003580025     20894.24
        7694    0.9979061     2.026992 -0.002727886     20901.74
        7696    0.9982245     2.016562 -0.002183453     20910.39
        7698    0.9986456     2.010898 -0.002278441     20910.69
        7700    0.9984737     2.019601 7.312861e-05     20917.72
        7702    0.9984433     2.008765 -0.001254539     20919.72
        7704    0.9980425     2.017147 -0.001860022     20921.58
        7706    0.9983665     2.000861 -0.0005928755     20925.37
        7708    0.9981695     2.004721 -0.001935541     20930.85
        7710    0.9982022     2.004022 -0.0004755689     20930.77
        7712    0.9980581     2.001663 -0.001017259     20935.35
        7714    0.9983524     1.997057 -0.0008004245     20939.82
        7716    0.9985234     1.996583 -0.001723059     20944.53
        7718    0.9988204     1.997618 -0.0004896821     20950.56
        7720    0.9991893     1.987878 -0.0002355059     20951.67
        7722    0.9986765     1.993139 -0.001346699      20952.2
        7724    0.9992051     1.994699 -0.0009522808     20959.93
        7726    0.9987692     1.986845 -0.002529084     20955.95
        7728    0.9994667      1.98026 -0.002619896     20960.06
        7730    0.9990296     1.972907 -0.001418339     20960.96
        7732    0.9993242     1.973739 -0.0008857487     20966.32
        7734    0.9991994     1.975498 -0.0006731621     20970.72
        7736    0.9992875     1.973174 -0.001110606     20977.32
        7738     0.999451     1.967521 -0.002027779     20979.13
        7740    0.9995524     1.964855 -0.001221316     20981.08
        7742    0.9991456     1.959276 -0.001911437     20982.92
        7744    0.9998958     1.963403 -0.001196109     20989.15
        7746     1.000015      1.95223 -0.0005968287     20992.24
        7748    0.9996836     1.955286 -0.001563955      20993.1
        7750     1.000161     1.954501 -0.0005996649     20994.89
        7752     1.000144     1.950892 -0.001649703     20997.48
        7754     1.000395     1.947432 -0.001152736     21002.94
        7756     1.000336     1.942088 -0.0007901924     21004.86
        7758     1.000205     1.945279 -0.001017861     21009.86
        7760     1.001094      1.94457 -0.001356138     21015.73
        7762     1.001041      1.93929 -0.002384181     21013.01
        7764     1.000692     1.931239 -0.002195942     21017.21
        7766     1.000931     1.926206 -0.003065001     21020.23
        7768     1.001014     1.927003 -0.002348346     21016.23
        7770     1.001159      1.91477 -0.0004844453     21022.71
        7772     1.000849     1.912452   -0.0016063     21028.57
        7774     1.001479      1.92233  -0.00135578     21028.84
        7776     1.001444     1.914152 -0.002390591      21025.7
        7778     1.001621     1.903923 -0.002393496     21020.41
        7780     1.001966     1.893328 -0.001918063     21015.56
        7782     1.001831     1.903182 -0.0001433832     20986.52
        7784     1.003154     1.898808 8.997397e-07     20819.27
        7786     1.005687     1.902776 -0.003084178     19905.08
        7788     1.001503     1.893335 -0.001639157     20094.23
        7790    0.9985855     1.878509 -0.003128983     20354.11
        7792     1.001738     1.885694  -0.00194383     21046.44
        7794     1.002149     1.877744 0.0003780921     21074.43
        7796     1.002399     1.877784 -0.001803219     21081.63
        7798     1.002015     1.881534 -0.0004757442     21087.88
        7800     1.001974     1.871269 -0.0006558713     21090.64
        7802     1.001696     1.873938  -0.00146926     21095.13
        7804     1.002107     1.872537 -0.001395198     21098.85
        7806     1.002287      1.86978 -0.001719223     21102.06
        7808     1.001916     1.860107  -0.00154302      21102.4
        7810     1.002319     1.860185 -0.0004547694     21108.83
        7812     1.002094     1.860193 -1.892262e-05     21113.03
        7814     1.002122     1.866142 -0.0009779919     21116.32
        7816     1.002482     1.859956 -0.002142526     21114.84
        7818      1.00239     1.852361 -0.002746697     21118.95
        7820     1.001972     1.843053   -0.0019224     21118.21
        7822     1.002306     1.844168  -0.00130013     21123.06
        7824     1.002384     1.844577 -0.000958216      21125.1
        7826     1.002362      1.84196 -0.001029951     21127.04
        7828     1.002597     1.835387   -0.0019131        21129
        7830     1.002603     1.835928 -0.002109937     21132.43
        7832     1.002543     1.829272 -0.001419465     21140.06
        7834     1.002678      1.82508 -0.001355722     21142.78
        7836     1.002905     1.824031 -0.001418986     21142.48
        7838      1.00251     1.825083 -0.001201331     21143.52
        7840     1.002515      1.81792 -0.0006204022     21151.43
        7842      1.00278      1.81547 -0.001028588     21154.14
        7844     1.002242     1.819068 -0.001064417     21157.11
        7846     1.002428     1.816854 -0.0005621265     21163.29
        7848     1.002987     1.809405  -0.00198546      21164.6
        7850     1.002785     1.810973 -0.001729433     21162.03
        7852     1.002885     1.803184 -0.0007213722     21165.47
        7854     1.002991     1.803018 -0.002245196     21167.68
        7856     1.003422     1.803634 -0.001539407      21172.2
        7858     1.003682     1.793011  -0.00216953      21176.9
        7860     1.003673     1.790869 -0.002486093      21178.7
        7862     1.003714     1.785662 -0.002172956     21183.14
        7864     1.003243     1.783745 -0.001009626      21183.4
        7866     1.003312     1.775627 -0.0007309731     21187.34
        7868      1.00406     1.782792 -0.001158129     21192.35
        7870     1.003724     1.779814 -0.0004449622     21195.07
        7872     1.003731      1.77448  -0.00175803      21195.8
        7874      1.00416     1.772068 -0.001692696     21199.43
        7876     1.004048     1.768728 -0.001553291     21201.74
        7878     1.004179     1.766273 -0.001648426        21206
        7880     1.004325     1.762053 -0.001050076     21207.29
        7882      1.00462      1.75888 -0.002431896     21210.64
        7884     1.004385     1.760327 -0.001710963     21213.32
        7886     1.004745     1.746818 -0.002163207     21215.92
        7888     1.004467     1.748366 -0.002286111     21217.22
        7890     1.004459     1.741575  -0.00165911      21224.2
        7892     1.004581     1.742038 -0.001925695     21225.42
        7894     1.004743     1.733545  -0.00085441     21226.87
        7896     1.004951      1.73296 -0.001606285     21227.77
        7898     1.005513     1.734739 -0.0006166415     21235.05
        7900     1.004935     1.729188 -0.0006826356     21236.68
        7902     1.005412     1.728612 -0.001859168     21239.93
        7904     1.005055     1.727499 -0.001368203      21240.5
        7906     1.004915     1.719866   -0.0016946     21247.85
        7908     1.005417     1.718242 -0.001823705     21251.12
        7910     1.005257     1.715055 -0.001221182     21253.41
        7912     1.005127     1.712909  -0.00099796     21253.32
        7914      1.00598     1.710096 -0.001192315     21217.68
        7916     1.006198     1.710259 -0.002139328     20952.41
        7918      1.00553     1.705516 -0.001158887     20549.93
        7920     1.004835     1.695795 -0.001143783     20955.97
        7922     1.005451     1.700825 -0.0007963434     21199.36
        7924     1.005263     1.701109 -0.0005147613     21232.61
        7926      1.00552     1.699146  -0.00188964     21240.52
        7928     1.005162     1.691677 -0.001641163     21251.01
        7930     1.005714     1.685708 -0.001749492     21257.97
        7932     1.005537     1.687979 -0.001370655     21258.15
        7934     1.005998      1.68515 -0.0007783495     21264.23
        7936     1.005431     1.680712 -0.001678736     21265.58
        7938     1.005478     1.679481 -0.001455498     21273.15
        7940     1.006155     1.674549 -0.001133744     21281.38
        7942     1.006087     1.673506 -0.001512565      21279.5
        7944     1.005938     1.671642 -0.001138852     21281.74
        7946      1.00551     1.667381 -0.0009758834     21285.66
        7948     1.005941     1.665439 -0.001497031     21287.77
        7950     1.005599     1.665699 -0.0009394639     21288.64
        7952     1.005897     1.659665 -0.001208576     21289.73
        7954     1.005872     1.659865 -0.001713313     21293.67
        7956      1.00607      1.65577 -0.001353355     21296.09
        7958     1.005723     1.651992 -0.001536009      21296.7
        7960     1.005649     1.648838   -0.0014445     21302.04
        7962     1.005789     1.647577 -0.001205515        21308
        7964     1.005705     1.644214 -0.0009607078     21305.79
        7966     1.005457     1.642348 -0.001034866     21310.81
        7968     1.005728     1.641153 -0.0009684046     21313.75
        7970     1.005921     1.639298 -0.001742828     21315.07
        7972      1.00552     1.636467 -0.001788534     21316.83
        7974     1.006021     1.628405 -0.001672514     21320.94
        7976     1.005448     1.626845 -0.001413145     21323.81
        7978     1.005798     1.625918 -0.001055063     21328.65
        7980     1.005715     1.625162 -0.0009940457      21329.5
        7982       1.0053     1.619965 -0.001647894     21329.74
        7984      1.00513     1.618892 -0.002041053     21335.66
        7986     1.005111     1.612735  -0.00115531     21333.86
        7988     1.005215     1.608833 -0.001406362     21335.52
        7990     1.005589     1.610722 -0.001038538      21338.4
        7992     1.005079     1.607641 -0.001094287     21342.96
        7994     1.005424     1.604427  -0.00116664     21345.85
        7996     1.005714     1.600079 -0.001113329     21346.14
        7998     1.005448     1.601389 -0.001069961      21347.6
        8000     1.005392     1.598735 -0.0008999868     21350.39
        8002     1.005004     1.595867 -0.001445502     21351.56
        8004     1.005317     1.592879 -0.001645491     21352.48
        8006     1.005168     1.589825 -0.001898687     21355.51
        8008     1.005322     1.585571 -0.001466713      21356.8
        8010      1.00477     1.580677 -0.002120703      21359.3
        8012     1.005011     1.581145 -0.001150369     21361.55
        8014     1.005326      1.57286 -0.0008808639     21365.65
        8016     1.004722     1.576368 -0.001671434     21364.08
        8018     1.004772     1.573631 3.745136e-05      21368.7
        8020     1.004692     1.567774 -0.001336124     21370.98
        8022     1.004502     1.573159 -0.001628416     21374.13
        8024     1.004624     1.565679 -0.001261108     21375.18
        8026     1.004309     1.560603 -0.001514173     21378.35
        8028     1.004198     1.557685 -0.001021549      21377.6
        8030     1.004301     1.561046  -0.00147027     21380.53
        8032     1.004494     1.557506 -0.001732905     21380.93
        8034     1.004572     1.548841 -0.001623816     21388.31
        8036     1.004543     1.543822 -0.001668374     21386.95
        8038     1.004477     1.548055 -0.001232117     21387.26
        8040     1.004058     1.544159 -0.001161642     21394.24
        8042     1.004121     1.538984 -0.001677144        21393
        8044     1.004405     1.534528 -0.001347359     21395.61
        8046     1.004404     1.534638 -0.001524911     21397.76
        8048     1.004065     1.533381 -0.001144501     21393.49
        8050      1.00433     1.526785 -0.001586018      21399.9
        8052     1.003961     1.525372 -0.001629032     21399.84
        8054     1.003916      1.52195 -0.001083765     21402.49
        8056     1.003814     1.520348 -0.001211743     21404.32
        8058     1.003529     1.518115 -0.001331188     21407.42
        8060      1.00371     1.515679 -0.001388462     21409.54
        8062     1.003567     1.511301 -0.001160579     21412.44
        8064      1.00397     1.509241 -0.001369931     21418.49
        8066      1.00342      1.50883 -0.001182408      21415.5
        8068       1.0038     1.504719 -0.001095134     21417.22
        8070     1.003448     1.501841 -0.001820663     21415.62
        8072     1.003575     1.500479 -0.001986398      21418.5
        8074     1.003157     1.494265 -0.001612497     21423.25
        8076     1.003089     1.488828 -0.001416409     21421.89
        8078     1.003267     1.488941 -0.0007851978     21425.84
        8080      1.00296     1.489148 -0.000886345     21424.75
        8082     1.002645     1.487983   -0.0012819     21429.04
        8084     1.002807     1.481737 -0.001087894     21428.03
        8086     1.002725     1.478686 -0.001757959     21426.26
        8088     1.002448     1.480445 -0.001234689        21429
        8090     1.002615      1.47392 -0.001091761     21434.63
        8092     1.002826      1.47186 -0.001238167     21437.15
        8094     1.002699     1.469952 -0.0008256659     21441.45
        8096      1.00211      1.47054 -0.0009351901     21439.56
        8098     1.002223     1.467314   -0.0012917     21443.32
        8100     1.002425     1.464378 -0.001440959     21447.36
        8102     1.001829     1.459618 -0.001431592     21444.67
        8104     1.001764     1.459012 -0.001188047     21445.36
        8106     1.002077     1.455861 -0.001180231     21451.39
        8108     1.001499     1.454874 -0.001307237     21452.19
        8110     1.001558     1.450177 -0.001267121     21451.93
        8112     1.001342     1.448554 -0.001200362     21451.24
        8114     1.001097     1.445724 -0.001065742      21458.6
        8116     1.000808     1.445271 -0.001345447     21459.18
        8118     1.000716     1.441651 -0.001179674     21460.83
        8120     1.000648     1.437791 -0.001773057     21461.64
        8122     1.000262     1.436287 -0.001388772      21457.7
        8124     1.000154     1.431086 -0.001091058     21460.58
        8126     1.000035      1.43054 -0.001138954     21465.92
        8128    0.9998753     1.429062 -0.0008756114     21470.26
        8130    0.9997568     1.427175 -0.001238983      21469.9
        8132     1.000013     1.424081 -0.001459803     21470.43
        8134    0.9995215     1.420629 -0.001347924     21466.13
        8136    0.9993211     1.417384 -0.001267964     21468.03
        8138     0.999297     1.416392 -0.001087496      21471.3
        8140    0.9989963     1.413938 -0.001205367     21471.96
        8142    0.9990856     1.411929 -0.001546387     21472.91
        8144    0.9989923     1.407741 -0.001017671     21473.63
        8146    0.9986358     1.404021 -0.001340273     21473.57
        8148    0.9984603     1.405796 -0.001121556     21473.41
        8150    0.9982291     1.401206  -0.00127002     21471.67
        8152    0.9983828     1.398768 -0.001506426     21475.42
        8154    0.9982567     1.393861 -0.001020441     21474.61
        8156    0.9985263     1.393745 -0.001200965     21475.86
        8158    0.9979281     1.393043 -0.001049898     21478.02
        8160    0.9981099     1.389161 -0.001004681     21480.61
        8162    0.9976941     1.385462 -0.001565642     21481.17
        8164    0.9976122     1.385708 -0.001189962     21481.31
        8166    0.9975952     1.380518 -0.001475935     21481.05
        8168    0.9971968     1.379641 -0.001556304     21484.44
        8170    0.9968165     1.373654  -0.00134293     21483.81
        8172     0.996833     1.373257 -0.001127985     21485.32
        8174    0.9965183     1.369774 -0.0009350151     21491.59
        8176    0.9967734     1.370617 -0.001162808     21490.22
        8178    0.9965411     1.366174 -0.0009885048      21488.3
        8180    0.9965131     1.363955  -0.00155898      21488.7
        8182    0.9969801     1.361866 -0.001155053     21489.33
        8184    0.9961887     1.358145 -0.001309668     21494.05
        8186    0.9961471     1.356934 -0.001461949     21496.96
        8188    0.9956732     1.353477 -0.0007279975     21495.09
        8190    0.9949292     1.350171 -0.001458647     21493.32
        8192    0.9952498     1.352321 -0.001102975     21497.26
        8194    0.9946053     1.345264 -0.001301845     21496.53
        8196    0.9949119     1.344654 -0.001498071     21497.95
        8198    0.9948201     1.339756  -0.00116096     21497.78
        8200     0.994609     1.340337  -0.00138016     21500.94
        8202    0.9941503     1.335977 -0.0009868011      21500.7
        8204    0.9941096     1.333612 -0.001289831     21502.36
        8206     0.993844     1.331861 -0.001191368     21503.51
        8208    0.9935537     1.330018 -0.001479238     21504.63
        8210    0.9935483     1.326446 -0.001305184     21504.42
        8212    0.9934589     1.321778 -0.0009921145     21504.93
        8214    0.9933667      1.32142 -0.001240608     21504.31
        8216    0.9928379     1.322081 -0.001357671     21506.07
        8218    0.9929237     1.316521 -0.001239894     21508.85
        8220    0.9926498     1.310917 -0.001451094     21509.57
        8222    0.9918463     1.311501 -0.001232213     21508.54
        8224    0.9916416     1.310472 -0.001019034     21514.73
        8226    0.9913756     1.306663 -0.001194334     21510.79
        8228    0.9915904     1.302765 -0.001437082     21515.26
        8230     0.991315     1.301946 -0.0009536927     21512.99
        8232    0.9913102     1.298976 -0.0009898138     21512.34
        8234    0.9908951     1.299034 -0.000794762     21518.29
        8236     0.990578     1.294846 -0.001258099     21513.81
        8238    0.9905588     1.295588 -0.001508879     21516.97
        8240    0.9901637     1.288911 -0.001340572      21517.8
        8242    0.9895641     1.286963 -0.001231705     21517.04
        8244    0.9896475     1.284122 -0.0009974742     21518.48
        8246    0.9894079     1.285734 -0.001207987     21524.77
        8248    0.9891816     1.280931 -0.0006834162     21517.41
        8250    0.9892053     1.277299 -0.0005846438     21519.36
