# This file has been produced by extranormal (v 1.0.1 - February 23, 2017)
# O. Roudenko - Synchrotron SOLEIL. Covered by GPL licence.
#Data from HDF File: /nfs/ruche-rock/rock-soleil/com-rock/2021/Projets/20210209_Hilde/InSitu/10Ni-10Fe_50BN/10Ni-10Fe_50BN_RWGS750_CO2pulses_H2cst_ratio1/10Ni-10Fe_50BN_RWGS750_CO2pulses_H2cst_ratio1_00118.nxs to 10Ni-10Fe_50BN_RWGS750_CO2pulses_H2cst_ratio1_00119.nxs
#Time at start=2021-02-10 14:42:38.997
#Time from start (seconds)=587.640589263
#Sample temperature (C)=24.8
# Normalization -------------
# pivot spectrum: Pivot_Fe_10Ni-10Fe_50BN_RT_air_av2000_00001.txt
# E0=7112.0   Eshift=1.92568024639
# E0_pivot = 7112.0
# pre-edge params: from E0_pivot-140.0 to E0_pivot-20.0
# pre-edge range: [6972.0, 7092.0]
# post-edge params: from E0_pivot+100.0 to E0_pivot+1140.0
# post-edge range: [7212.0, 8250.0]
# I jump at E0_pivot = 1.24302554972
# shifted energy	normalized	reference	ref.derivative	I0
        6970  0.001983411     1.680967 -0.001341878     18804.05
        6972  0.001983411     1.680967 -0.001341878     18804.05
        6974  0.001787299     1.678193 -0.002502398     18812.85
        6976  0.001477927     1.670935 -0.002263438     18820.45
        6978  0.001304712     1.668592 -0.002056332     18828.54
        6980  0.001635235     1.662859 -2.149095e-05     18836.83
        6982 0.0008458781     1.661742 -0.001795459     18846.94
        6984 0.0006793343     1.670764  -0.00166589     18854.59
        6986 0.0005340522     1.654228 -0.001032026     18860.16
        6988 0.0005913518     1.649532 -0.002171865     18865.81
        6990 0.0002692917     1.653486 -0.0006780807     18877.15
        6992 0.0002929815     1.653389 -0.001568927     18885.04
        6994 0.0002912544     1.648803 -0.002058245     18890.56
        6996 -7.220323e-05     1.636981 -0.002492562      18899.2
        6998 0.0002830765      1.63702 -0.002140466     18909.36
        7000  0.000489429     1.633448 -0.001634727     18913.12
        7002 -0.0003413444     1.631679 -0.0003937702     18925.56
        7004 0.0002008561     1.623903 -0.0009562533     18933.74
        7006 -0.0003166252      1.63387 -0.002436518     18942.96
        7008 -0.0003445825     1.625798   -0.0016571     18948.95
        7010 -0.0001772971     1.612187 -0.002745107     18956.15
        7012 -0.001091975     1.610646 -0.002458939     18963.41
        7014 -0.0009532309     1.611909 -0.0002120016     18971.02
        7016 -0.000298632     1.606127 -0.001023249     18980.66
        7018 -0.001041591     1.610491 -0.000963026     18991.54
        7020 -0.0003594315      1.60246  -0.00012625     19000.23
        7022 3.437184e-05     1.604205 -0.001489039     19007.95
        7024 -0.000602361     1.605117 -0.001024476     19015.06
        7026 -0.001177097     1.598579 -0.002312738     19022.27
        7028 -0.0009691373     1.594264 -0.002438676     19030.87
        7030 -0.000720324     1.585703 -0.001761335     19044.02
        7032 -0.001135591     1.585607 -0.001737546     19047.52
        7034 -0.0007847643     1.584488 -0.0004903279      19058.5
        7036 -0.0005430991     1.580364 -0.001084716     19066.75
        7038 -0.0005357453      1.58178 -0.002184624     19074.87
        7040 -0.0006182886     1.576929 -0.001724612     19081.39
        7042  -0.00103361     1.567011 -0.001627828     19089.33
        7044 -0.001114654     1.566567  -0.00255287      19097.6
        7046 -0.0007394752     1.568758 -0.000656464     19111.32
        7048 -0.001204167     1.556506 -0.001776565     19117.17
        7050  -0.00119642      1.56176 -0.001081889     19124.41
        7052 -0.001206772     1.552355 -0.0008514641     19129.33
        7054 -0.0007848034     1.560102 -0.001605891     19141.24
        7056 -0.001134298     1.549695 -0.001422115     19150.58
        7058 -0.0009220924     1.548912 -0.002338098     19155.77
        7060 -0.000538862     1.540978 -0.001220663     19169.27
        7062 -0.0001168826     1.541398 -0.001645545     19176.84
        7064 -0.0001236903     1.539929 -0.0008639721      19180.2
        7066 -0.0001665903     1.535748 -0.001284974     19188.65
        7068 -0.0002087415     1.534066 -0.001808776     19196.02
        7070 -0.0001601225     1.531118 -0.001382722     19199.13
        7072 0.0001919536     1.525459 -0.001989161     19208.08
        7074 0.0006201877     1.524686 -0.001927648     19216.69
        7076 0.0003942669     1.518153 -0.0003752813     19223.87
        7078 0.0003190043     1.515697 -0.0009815073     19232.36
        7080 0.0005564271     1.522457 -0.0008913391     19240.22
        7082  0.000946039     1.516834 -0.0007980142     19248.02
        7084  0.001226578     1.511022 -0.002201758      19256.7
        7086   0.00132879     1.509313 -0.002123985     19262.95
        7088   0.00227864     1.504843 -0.001035005     19274.31
        7090  0.001692968     1.499842 -0.001675039     19278.07
        7092  0.002511969     1.502742 -0.001127311     19284.82
        7094  0.003146684     1.495912 -0.0004560424     19300.18
        7096  0.003684882     1.495824 -0.001131988     19303.17
        7098  0.004868816     1.496194 -0.0009050458     19310.66
        7100   0.00589235     1.493686 -0.001138794     19320.35
      7100.2  0.006013553     1.493174 -0.001092807     19321.21
      7100.4  0.006134756     1.492661  -0.00104682     19322.08
      7100.6  0.006255959     1.492149 -0.001000834     19322.94
      7100.8  0.006377162     1.491637 -0.0009548471     19323.81
        7101  0.006498365     1.491125 -0.0009088605     19324.67
      7101.2  0.006619568     1.490612 -0.0008628739     19325.53
      7101.4  0.006740771       1.4901 -0.0008168872      19326.4
      7101.6  0.006861974     1.489588 -0.0007709006     19327.26
      7101.8  0.006983177     1.489075 -0.000724914     19328.12
        7102  0.007173623     1.488711 -0.000171747     19329.17
      7102.2  0.007343724     1.490342  0.004427732     19330.12
      7102.4  0.007273038     1.494155   0.01063395     19330.77
      7102.6  0.007307748     1.496323  0.007874379     19331.44
      7102.8  0.007460837     1.497219  0.002066042     19330.47
        7103  0.007671527     1.496642  -0.00200435      19328.9
      7103.2  0.008084341     1.495808 -0.005440254     19329.84
      7103.4  0.008230042      1.49472 -0.005345071      19332.7
      7103.6  0.008245994     1.492866 -0.003845418     19334.08
      7103.8  0.008236989     1.492366 -0.0005995413     19336.07
        7104  0.008503913     1.492732    0.0071938     19337.33
      7104.2  0.008848049      1.49424   0.01032405     19336.99
      7104.4  0.008969478     1.498621  0.003737743     19334.99
      7104.6  0.009115917     1.500625 -0.005294759     19332.93
      7104.8  0.009194154     1.495722  -0.01092695     19334.68
        7105  0.009298339     1.490004  -0.01126628     19337.92
      7105.2  0.009514156      1.48988 -0.001672223     19341.38
      7105.4   0.00970623     1.491612  0.008677153     19343.29
      7105.6  0.009995513     1.494384  0.009878334     19343.18
      7105.8   0.01063708     1.496946  0.006835248     19344.46
        7106   0.01110535     1.497782  0.001882616     19344.95
      7106.2   0.01147863      1.49708 -0.004610274     19345.12
      7106.4   0.01185136      1.49589 -0.008366086     19345.67
      7106.6   0.01209074     1.493258 -0.005859513     19345.08
      7106.8   0.01242743      1.49109 -0.003481486     19346.21
        7107   0.01267013     1.492393 0.0004774856     19348.32
      7107.2   0.01303943     1.493105   0.00670112      19348.9
      7107.4   0.01359632      1.49364  0.007265459     19349.05
      7107.6   0.01415183     1.496451  0.007313286     19348.82
      7107.8   0.01460467     1.498205  0.009781423     19349.15
        7108   0.01506495     1.498956  0.009634762     19351.11
      7108.2   0.01566703     1.501465  0.009090957     19352.28
      7108.4   0.01628291     1.504158   0.01135962     19353.56
      7108.6   0.01700715     1.505478   0.01097899     19355.41
      7108.8   0.01780733     1.508043  0.009779803     19356.86
        7109   0.01861823     1.510248   0.01318053     19357.82
      7109.2   0.01959385     1.511982   0.01471314     19358.05
      7109.4   0.02077642     1.516022   0.01681686     19358.35
      7109.6   0.02209781     1.519814   0.02293081     19358.93
      7109.8   0.02354146     1.523702   0.02748338     19358.45
        7110    0.0250401     1.530327   0.03210961     19357.58
      7110.2   0.02658325     1.538009   0.04075223     19356.68
      7110.4   0.02849284     1.545502   0.05149127     19353.63
      7110.6   0.03130088     1.556304   0.06407507     19351.07
      7110.8   0.03515465      1.57152    0.0797289     19350.81
        7111   0.03962206     1.589269   0.09346702     19349.42
      7111.2   0.04492545     1.609285    0.1094415     19348.62
      7111.4   0.05159025     1.631077    0.1270085     19349.83
      7111.6   0.05953133     1.659073    0.1417172     19349.15
      7111.8    0.0684499     1.690876    0.1557846     19346.87
        7112   0.07809263     1.722658    0.1637365     19344.51
      7112.2   0.08828692     1.755705    0.1620153     19342.01
      7112.4   0.09889104     1.790062    0.1557599     19340.64
      7112.6    0.1093895     1.820488    0.1474167     19339.31
      7112.8     0.118941     1.847266    0.1281894     19337.79
        7113    0.1277005     1.873638    0.1127433     19338.15
      7113.2    0.1359784     1.892614    0.1019747     19337.41
      7113.4    0.1435947     1.910683   0.08898944     19338.15
      7113.6    0.1504183     1.928846    0.0791213     19336.07
      7113.8    0.1569797      1.94483   0.07214795     19335.04
        7114    0.1634085     1.955911   0.06750938     19335.18
      7114.2    0.1692184     1.968401    0.0656596     19335.54
      7114.4    0.1744652     1.982854   0.06454061      19336.7
      7114.6    0.1791137     1.997358   0.06093321     19338.58
      7114.8    0.1832416     2.007543   0.05584704      19338.8
        7115    0.1866659     2.017148   0.04532294     19339.18
      7115.2    0.1895143     2.027531   0.04179054     19338.86
      7115.4    0.1919283     2.033616   0.03480617     19337.63
      7115.6    0.1945695     2.040976   0.03083014     19337.03
      7115.8    0.1977147     2.044993   0.03554997     19335.15
        7116    0.2016207     2.052195   0.02990607     19336.64
      7116.2    0.2060071     2.062056   0.03013707     19337.78
      7116.4    0.2107741     2.064901   0.03166611     19338.78
      7116.6    0.2161545     2.069102   0.02821196     19339.61
      7116.8    0.2224846     2.077528   0.03378393     19339.92
        7117    0.2295486     2.084625   0.03879444      19340.1
      7117.2    0.2375485     2.091928   0.03836692     19338.57
      7117.4    0.2466148     2.100138   0.04153125      19338.5
      7117.6    0.2565266     2.108222   0.04662332     19338.25
      7117.8    0.2672613      2.11785    0.0595545     19336.95
        7118    0.2791852     2.129226   0.07763402     19337.76
      7118.2    0.2924593     2.147781   0.08828134     19337.12
      7118.4     0.306781     2.170329   0.09401163     19333.92
      7118.6    0.3223449     2.188475   0.09341634     19331.16
      7118.8    0.3398204     2.204436   0.09463055     19331.22
        7119    0.3588527     2.222514    0.1084274     19333.55
      7119.2    0.3789147     2.246033    0.1291085     19336.35
      7119.4    0.4001091     2.275217    0.1384037     19338.76
      7119.6    0.4223278     2.307723    0.1399405     19338.58
      7119.8     0.444639     2.333237    0.1463665     19336.49
        7120    0.4664096     2.357986     0.143646     19335.62
      7120.2    0.4880593     2.392311    0.1479522     19335.57
      7120.4     0.509307     2.422639    0.1521316     19336.69
      7120.6    0.5295267     2.451599    0.1407043     19338.38
      7120.8    0.5482426     2.479691    0.1281985      19336.4
        7121    0.5654285     2.504874    0.1067424     19334.19
      7121.2    0.5818241     2.525198   0.08467007     19334.49
      7121.4    0.5973822     2.536993   0.08645938      19334.8
      7121.6    0.6120416     2.547427   0.09758707     19335.62
      7121.8    0.6263509     2.574042    0.1010182     19336.77
        7122    0.6407957     2.603268   0.09566748     19337.65
      7122.2    0.6556555     2.617808    0.0943329     19335.87
      7122.4    0.6712395     2.623961   0.09938113     19334.21
      7122.6    0.6873589     2.649508   0.09868314     19332.89
      7122.8    0.7037034     2.682773    0.1108847     19333.24
        7123    0.7197094     2.696754   0.09157521      19331.9
      7123.2    0.7366899     2.712669   0.07051526     19332.53
      7123.4    0.7540667     2.722768   0.07964024     19331.79
      7123.6    0.7711568     2.739185   0.07573018     19330.29
      7123.8    0.7889522     2.760466     0.087816      19331.5
        7124    0.8071181     2.773253   0.08536819     19331.25
      7124.2    0.8252397     2.793021   0.07228026     19331.59
      7124.4    0.8423327     2.807479   0.05368985     19332.52
      7124.6    0.8584129     2.818291    0.0245476     19331.61
      7124.8    0.8739634     2.816205   0.01755418     19331.43
        7125    0.8888696     2.812659   0.01545816     19331.36
      7125.2    0.9031364     2.821523   0.02322904     19330.32
      7125.4    0.9167637     2.830657   0.03306536     19329.29
      7125.6    0.9297404     2.834788   0.03185474     19329.01
      7125.8    0.9418931     2.839111   0.03155804     19328.78
        7126    0.9534253     2.847007   0.02407777     19326.64
      7126.2    0.9652378     2.855904   0.04026175     19323.21
      7126.4     0.977313      2.85405   0.04618878     19321.02
      7126.6    0.9892411     2.871321   0.03752679     19320.79
      7126.8     1.000969     2.883958    0.0588074     19321.38
        7127     1.012471     2.885925   0.06391145      19320.9
      7127.2     1.023983     2.901096   0.05826153     19320.85
      7127.4     1.036378      2.92245   0.06079237     19321.34
      7127.6       1.0491     2.930567   0.07585542     19319.94
      7127.8     1.061769     2.934559   0.07780546     19319.28
        7128     1.074789     2.961781   0.06175224     19319.06
      7128.2     1.087719     2.984694   0.08065581     19316.75
      7128.4     1.100711     2.979969   0.06139797     19314.56
      7128.6     1.113818     2.999084   0.02131843     19314.07
      7128.8     1.126204     3.010899   0.05964982     19314.57
        7129     1.137488     3.001749   0.02542931     19314.51
      7129.2     1.148225     3.027688  -0.01425289     19313.52
      7129.4     1.158105     3.019427   0.02527078     19313.99
      7129.6     1.165986     2.999497   0.03568465     19315.05
      7129.8     1.172422     3.021965   0.09061952     19312.79
        7130     1.177694     3.056236    0.1413999     19311.06
      7130.2     1.181989     3.091923     0.118705     19310.94
      7130.4     1.185504     3.112617    0.1130744     19310.45
      7130.6     1.187691      3.11693   0.07508508     19308.77
      7130.8     1.188662     3.146696    0.0514434      19307.4
        7131     1.189429     3.151991   0.03560242     19307.33
      7131.2     1.190406     3.153771   0.03382653     19307.82
      7131.4     1.191129     3.145411   0.04577419     19307.21
      7131.6     1.191915     3.173757  -0.01734201     19304.96
      7131.8     1.192814      3.18861   -0.0279264     19302.74
        7132     1.193538     3.139898  -0.08173638      19302.3
      7132.2     1.194115      3.12307   -0.1476731     19303.28
      7132.4     1.193684     3.108368    -0.154051     19303.55
      7132.6     1.193067     3.070472   -0.1546675     19303.96
      7132.8      1.19233     3.016657   -0.1558823     19302.87
        7133     1.190608     2.999336   -0.1174292     19300.52
      7133.2     1.187887     2.983662  -0.03310583     19299.69
      7133.4     1.184382     2.976528   0.02001758     19300.95
      7133.6     1.179882     2.990172   0.04317438     19302.68
      7133.8     1.174687      3.01535   0.02395431      19303.9
        7134     1.169279     3.018201   -0.0234976     19305.11
      7134.2     1.163699     2.995692  -0.07891695     19307.23
      7134.4     1.157601     2.971374   -0.1039535     19308.73
      7134.6     1.151204     2.952217  -0.07642137     19310.84
      7134.8     1.144787     2.935039  -0.02947519     19313.97
        7135     1.138271     2.934555  -0.01397481     19315.02
      7135.2     1.131896     2.947794   -0.0210341     19313.38
      7135.4     1.125784     2.941037  -0.02694279     19312.77
      7135.6      1.11982     2.918211  -0.03845491     19313.36
      7135.8     1.113753        2.913  -0.03700581     19315.38
        7136     1.107675      2.91703  -0.02447773     19317.76
      7136.2     1.101695     2.911432  -0.03260474     19319.04
      7136.4     1.095757     2.898629   -0.0193811     19317.86
      7136.6     1.090288     2.886917  -0.01578147     19312.25
      7136.8     1.085763     2.901525  -0.02011494     19307.14
        7137     1.081535     2.898807   0.04455269     19301.42
      7137.2       1.0773     2.882537   0.07123918     19286.87
      7137.4     1.073487     2.922559   0.09707751     19260.12
      7137.6     1.069639     2.958517   0.09853773     19224.58
      7137.8     1.066373     2.976469   0.02619789     19185.53
        7138      1.06316     2.961367  -0.02210181      19144.9
      7138.2      1.05975     2.943517  -0.03438152      19110.8
      7138.4      1.05657     2.940835  -0.03444753     19089.54
      7138.6     1.053463     2.948964  -0.03968943     19083.43
      7138.8     1.050712     2.933809  -0.06286472     19089.63
        7139     1.048016     2.911765  -0.02105034     19108.72
      7139.2     1.045658     2.890543   0.04104554     19134.85
      7139.4     1.043962     2.932124   0.04682216     19161.52
      7139.6     1.042927     2.966646 -0.002086954     19190.95
      7139.8     1.041642     2.949223  -0.05460293     19217.97
        7140     1.040593     2.888874  -0.05869193     19244.27
      7140.2     1.039521     2.888441   -0.0332884     19267.85
      7140.4     1.038332     2.919692   0.04523523     19287.15
      7140.6     1.037832     2.922592   0.07648112     19300.43
      7140.8      1.03734     2.925062   0.04928968     19309.23
        7141     1.036279     2.949626   0.05343537     19314.51
      7141.2     1.035261     2.959124   0.09560929     19315.01
      7141.4     1.034621     2.965341   0.08549495     19311.24
      7141.6     1.033742     3.001549   0.04465909     19298.76
      7141.8     1.032944     3.018022  0.003907092     19279.87
        7142     1.032321     2.994851  -0.03726029     19254.68
      7142.2     1.031358     2.968466  -0.05898689     19219.75
      7142.4     1.030205     2.971741  -0.02249319     19179.23
      7142.6     1.029057     2.970833    0.0235299     19139.58
      7142.8     1.028024     2.976857  0.002354754     19107.09
        7143     1.026966      2.98729  -0.00107548     19086.57
      7143.2     1.025634     2.973625  -0.02765615      19081.3
      7143.4     1.024462     2.969972  -0.07035299     19093.17
      7143.6     1.023692     2.954732  -0.05000914     19117.56
      7143.8     1.022741     2.931008  -0.04885203     19151.54
        7144      1.02161     2.933618  -0.02069765     19190.53
      7144.2     1.020932     2.930891   0.02748155     19226.43
      7144.4     1.020165     2.938174   0.01474513     19260.26
      7144.6     1.018822     2.952993  0.008545005     19290.08
      7144.8     1.017591     2.945414   0.01285572     19310.33
        7145     1.016661     2.937727    0.0142464     19321.14
      7145.2      1.01602     2.948458   0.04333664     19326.78
      7145.4     1.015488      2.96439   0.07528738     19332.54
      7145.6     1.014623     2.980083   0.05122395     19338.78
      7145.8     1.013278     2.997957   0.01030537     19339.61
        7146     1.011921     2.989438  -0.02374592     19341.42
      7146.2     1.010063     2.972635  -0.04875008     19344.47
      7146.4     1.007832     2.961086  -0.04458492     19347.75
      7146.6     1.006014     2.958957  -0.02719549     19350.01
      7146.8     1.004364      2.95377   0.01205224     19351.96
        7147     1.002347     2.950878   0.05265695     19354.38
      7147.2     1.000109     2.970728   0.06361319     19357.61
      7147.4    0.9980619     3.001082   0.04450423     19361.11
      7147.6    0.9955959      3.00466   0.02037873     19363.56
      7147.8     0.993181     2.986482  0.001831811     19365.76
        7148    0.9906015     2.987031   0.00688449     19366.51
      7148.2    0.9879295     3.002548   0.02513739     19368.75
      7148.4    0.9853824     3.010168    0.0345646     19370.15
      7148.6      0.98264     3.006592   0.02142043      19369.5
      7148.8    0.9799922     3.014683   0.01040674     19369.52
        7149    0.9775263     3.019684    0.0354407     19370.35
      7149.2    0.9749764     3.018493   0.04908172     19371.85
      7149.4    0.9724223     3.034944   0.06239269     19373.72
      7149.6    0.9697081     3.053948   0.07829553      19375.1
      7149.8    0.9669398     3.069598   0.08147498     19375.92
        7150    0.9641945      3.08113   0.08419074     19378.18
      7150.2    0.9618747     3.100124   0.04416507     19381.48
      7150.4    0.9596234     3.121301  -0.01249041     19383.86
      7150.6    0.9570712      3.10493  -0.05601535     19386.48
      7150.8    0.9549844     3.071137  -0.06482999     19388.36
        7151    0.9530324     3.055312  -0.03116431     19388.75
      7151.2    0.9510963     3.069437  -0.01679795     19388.63
      7151.4    0.9495047     3.079999  -0.01385372     19387.67
      7151.6    0.9483123     3.057699  -0.03538602     19387.69
      7151.8    0.9470049     3.044229  -0.04924653     19387.58
        7152     0.945655     3.041128  -0.01476482     19386.93
      7152.2    0.9448217     3.040601     0.018727     19389.03
      7152.4    0.9438419     3.045887   0.01767976     19391.35
      7152.6    0.9426382      3.05921    0.0186886     19391.86
      7152.8    0.9417495     3.055272  0.007839132     19393.11
        7153    0.9412278     3.055552  0.009782842      19395.2
      7153.2    0.9409415     3.052158   0.01881537     19396.75
      7153.4    0.9407789     3.067037   0.02997595     19398.14
      7153.6    0.9408989     3.070324   0.06512282     19402.11
      7153.8    0.9409472     3.079533   0.05063945     19403.41
        7154    0.9410952     3.104257    0.0442545     19401.97
      7154.2    0.9411595     3.107548   0.05693376     19399.29
      7154.4    0.9414472     3.105728   0.03488846     19398.43
      7154.6    0.9421553      3.12508  -0.03828901     19400.73
      7154.8    0.9432469     3.132167  -0.06662686     19401.87
        7155    0.9443702     3.076917  -0.07904788     19402.89
      7155.2    0.9451105     3.052426   -0.1174316     19404.25
      7155.4    0.9456082     3.061842  -0.09804936     19405.48
      7155.6    0.9460216     3.038222   -0.0667889     19406.63
      7155.8    0.9468227     2.998478  -0.03773906     19407.28
        7156    0.9480926     2.998995 -0.007101826     19408.57
      7156.2    0.9493036     3.031651   0.02131538     19409.08
      7156.4    0.9507862     3.032541   0.01515502     19408.72
      7156.6    0.9523434      3.01553  -0.01987811     19410.21
      7156.8     0.953527     3.011119   0.02686014     19411.38
        7157     0.954858     3.015748   0.09463598      19412.1
      7157.2    0.9559363     3.054029   0.08483012      19414.4
      7157.4    0.9566551     3.091239   0.05026883     19415.78
      7157.6    0.9577673     3.078983  -0.02171179     19416.27
      7157.8    0.9590675     3.055963  -0.09244259     19417.15
        7158     0.960066     3.036659  -0.01393718     19417.89
      7158.2    0.9609789     3.017285   0.05522331     19418.12
      7158.4    0.9624582     3.067833   0.04417836     19417.88
      7158.6    0.9636287     3.100142   0.05375097     19417.41
      7158.8     0.964545     3.072002  -0.01099644     19418.47
        7159    0.9653529     3.060285  -0.06424456     19420.99
      7159.2    0.9655931     3.059036  -0.02381808     19420.88
      7159.4    0.9659667     3.048746   0.03055388     19420.52
      7159.6    0.9666021     3.052947   0.03236658     19421.82
      7159.8    0.9676657     3.084728    0.0285769     19422.62
        7160     0.968882     3.084929   0.01384855      19424.2
      7160.2    0.9699221     3.071608  -0.06245274     19426.08
      7160.4    0.9707904     3.064026   -0.1170956      19426.7
      7160.6    0.9716746     3.034766   -0.0948219     19427.88
      7160.8    0.9724375     2.991253 -0.008946064      19428.1
        7161    0.9727648      2.99575   0.05851552     19427.39
      7161.2    0.9730122     3.056869    0.1007911     19427.92
      7161.4    0.9731273     3.081579     0.123665     19428.49
      7161.6    0.9732973     3.071886   0.07747286     19430.24
      7161.8    0.9739748     3.094682   0.04803353     19432.39
        7162    0.9744454     3.118848   0.06214643     19432.62
      7162.2    0.9746172     3.120005   0.03386274     19431.33
      7162.4    0.9751964     3.121603  -0.02887115     19431.68
      7162.6    0.9758734     3.121772  -0.05658931     19432.16
      7162.8    0.9762261     3.095751  -0.06603704     19431.76
        7163    0.9764176     3.074734   -0.1217959     19431.98
      7163.2    0.9764242     3.068773   -0.1256492     19432.08
      7163.4     0.976761     3.024336  -0.06843194      19433.8
      7163.6    0.9773145     2.995231  -0.01197416     19435.19
      7163.8    0.9774416     3.019988   0.07277375     19435.84
        7164    0.9778126     3.059194   0.09092987     19437.36
      7164.2    0.9778085     3.082555   0.04120537     19436.35
      7164.4    0.9778532     3.067975  -0.02622866     19433.95
      7164.6    0.9781949     3.052953  -0.05619805     19434.81
      7164.8    0.9786501     3.038211  -0.06904546     19436.46
        7165    0.9790184     3.037596  -0.05160343     19437.73
      7165.2    0.9791267     3.012739  -0.04981821     19439.31
      7165.4    0.9793188      3.01167  -0.07266073     19442.74
      7165.6    0.9796498     2.998357  -0.07493698     19443.57
      7165.8    0.9801686     2.979468   -0.0767086     19442.79
        7166    0.9806161     2.952789 -0.005943563     19441.79
      7166.2    0.9809538     2.950303   0.04670158     19440.29
      7166.4    0.9814152     2.993602    0.1406365     19440.44
      7166.6    0.9819557     3.016829     0.171716      19440.6
      7166.8    0.9827584     3.065299    0.1071289     19440.32
        7167     0.983422     3.087676   0.09004162      19440.4
      7167.2    0.9836648     3.079305   0.03694038     19440.24
      7167.4    0.9840612     3.088862   0.01352649     19439.04
      7167.6    0.9845342     3.094851   0.02083818     19439.08
      7167.8    0.9850156     3.098497 -0.001689069     19441.76
        7168     0.985698     3.095975  -0.04869523     19444.65
      7168.2    0.9861535     3.087511   -0.1081102     19446.15
      7168.4    0.9864242     3.055895  -0.09186198     19445.36
      7168.6    0.9870325     3.012009  -0.04101776     19444.28
      7168.8    0.9881494     3.022486 -0.003146508      19445.5
        7169    0.9895122     3.054697   0.01554056     19446.76
      7169.2     0.990159     3.053378  -0.03019907     19447.06
      7169.4     0.990416     3.024441  -0.04591318     19447.46
      7169.6    0.9911895     2.998327  -0.01660969     19448.31
      7169.8     0.991698     3.017966 -0.003121669     19448.76
        7170    0.9920979      3.04009   0.03232828     19448.45
      7170.2    0.9926174     3.021944   0.02132386     19448.99
      7170.4    0.9933695     3.024189   -0.0172841      19450.1
      7170.6    0.9939305     3.035025 -0.005128968      19450.1
      7170.8    0.9944035     3.026262 -0.0004897521     19450.06
        7171    0.9951818     3.017841 -0.009387358     19450.97
      7171.2    0.9957573     3.023797  0.003530956     19452.19
      7171.4    0.9964655     3.027515   0.03571545     19452.26
      7171.6    0.9971829     3.029087   0.03746521     19452.85
      7171.8    0.9977396     3.046413   0.01436742     19453.96
        7172    0.9985447      3.05377  -0.03448773     19453.47
      7172.2    0.9991522     3.039009    -0.101406     19452.94
      7172.4    0.9994719     3.001497   -0.1154953     19453.56
      7172.6    0.9996907     2.965288  -0.09034948     19455.41
      7172.8    0.9999077     2.961373  -0.04171727     19456.26
        7173     1.000218      2.96673  -0.01016206     19455.74
      7173.2     1.000896     2.968123  -0.03413338     19456.87
      7173.4     1.001457     2.957159  -0.04602459     19458.89
      7173.6     1.001849     2.934067  -0.03007196     19459.76
      7173.8     1.002174      2.92991 -0.002789381      19461.4
        7174     1.002137     2.944066  0.006538658     19462.33
      7174.2     1.002406     2.954927  -0.04055677     19461.99
      7174.4     1.002989     2.939298  -0.05992134      19462.4
      7174.6     1.003266     2.897465  -0.02210867     19461.82
      7174.8     1.003553     2.896129  0.007043129     19462.94
        7175     1.004148      2.93724   0.04345723     19464.63
      7175.2     1.004915     2.944932   0.04575148     19465.15
      7175.4     1.005189      2.93223  -0.01640668     19469.87
      7175.6     1.005268      2.93273  -0.02184232     19472.49
      7175.8     1.005542     2.924115   0.01904451     19473.08
        7176     1.005845     2.927458   0.01906347     19472.97
      7176.2     1.005943     2.947466  0.006238128     19471.39
      7176.4     1.006055     2.947981  -0.02059946      19472.1
      7176.6     1.006496     2.929106  -0.06609043     19474.18
      7176.8     1.006623     2.910979  -0.06132262     19474.34
        7177     1.006187     2.894594  -0.03445234     19474.17
      7177.2     1.005841     2.898922  -0.03027637     19472.89
      7177.4     1.005856     2.901544  -0.01935739     19472.65
      7177.6     1.005711     2.886758  -0.01451612     19473.24
      7177.8     1.005268     2.879108 -0.006697049     19475.57
        7178     1.004796      2.88731  -0.01205237     19476.58
      7178.2     1.004771     2.896186  -0.02086227     19477.88
      7178.4     1.004947     2.877116  -0.05619343     19478.91
      7178.6     1.005177     2.862418  -0.09605105     19478.86
      7178.8     1.005322     2.842355  -0.06801952     19478.64
        7179     1.005507     2.819345   -0.0354588     19479.55
      7179.2     1.005914       2.8227 0.0009964809     19480.61
      7179.4     1.006115     2.834051    0.0388645     19482.53
      7179.6     1.006032     2.843152    0.0558672     19483.47
      7179.8     1.005974     2.850437   0.05942577     19481.61
        7180     1.005885     2.867394   0.02395914     19482.67
      7180.2     1.005766     2.881591   -0.0166897     19483.85
      7180.4     1.005961     2.862319   -0.0208387      19485.2
      7180.6      1.00619     2.837085  -0.03063037     19487.22
      7180.8     1.006015     2.850723  -0.02534088     19487.24
        7181     1.005658     2.857087 -0.001693984     19487.01
      7181.2     1.005716     2.842047  0.007164907     19487.59
      7181.4     1.005653      2.83573   0.02537821     19488.77
      7181.6     1.005755     2.856455   0.02559425      19490.6
      7181.8     1.005847      2.87739  0.005118295     19491.62
        7182     1.005999     2.862522  -0.03260731     19490.75
      7182.2     1.005931     2.839824  -0.04135933     19488.86
      7182.4     1.006054     2.830369  0.004241551     19490.27
      7182.6     1.006349     2.844302   0.02667061     19490.95
      7182.8     1.006554     2.865915   0.02682813     19491.02
        7183     1.006461     2.861161  0.007866558     19491.67
      7183.2     1.006288     2.851831  -0.01755241     19491.12
      7183.4     1.006222     2.850596 -0.0008710903     19492.23
      7183.6     1.006099     2.851873 -0.005556657     19494.53
      7183.8     1.006244     2.860464  -0.03383505     19495.71
        7184     1.006631     2.847386   -0.0222339     19497.74
      7184.2     1.007181     2.823527  -0.01186255     19498.78
      7184.4     1.007725     2.834086  0.007953562     19498.27
      7184.6     1.007893     2.850974   0.04329623     19499.79
      7184.8     1.008075     2.853749   0.02893573      19501.4
        7185     1.008431     2.858164   0.01629212        19501
      7185.2     1.008641     2.857235   0.01828489     19501.37
      7185.4     1.008629     2.864008 -0.006966431      19503.2
      7185.6      1.00846     2.868377  -0.01370236     19504.36
      7185.8     1.008246     2.852591   -0.0124783     19505.16
        7186     1.008507     2.846273 -0.0009698264     19504.47
      7186.2     1.008959     2.854025   0.02854679     19504.59
      7186.4     1.009705     2.867601   0.04498955     19505.71
      7186.6      1.01035     2.875429   0.04061069     19505.53
      7186.8     1.010296     2.882265   0.01909498     19505.78
        7187     1.010023     2.886514   0.02828008     19507.17
      7187.2     1.009961     2.882877   0.04107558     19507.79
      7187.4     1.010382     2.898053   0.02402189      19510.1
      7187.6      1.01044     2.915125  0.006515771     19513.69
      7187.8      1.01044     2.905731 0.0001410654     19515.84
        7188     1.010659      2.88809  0.003184312      19517.3
      7188.2     1.010856     2.898166   0.02329813     19517.79
      7188.4     1.010894     2.917672   0.01904311      19516.4
      7188.6     1.011037      2.92437   -0.0176913     19514.69
      7188.8     1.011352     2.903324  -0.03101106     19513.55
        7189     1.011608     2.884013  -0.01506626      19514.4
      7189.2     1.011838     2.892864   0.02101794     19517.03
      7189.4     1.012039     2.912317   0.04148093     19517.81
      7189.6     1.011958     2.920138   0.05288241     19517.49
      7189.8     1.011619     2.917197   0.04765785     19517.09
        7190     1.011716      2.93517   0.04220139     19517.11
      7190.2     1.012176     2.950443   0.05848368      19519.9
      7190.4     1.011934       2.9539   0.03005147     19521.27
      7190.6     1.011406     2.963984 -0.004332118     19522.43
      7190.8     1.011209     2.959211  -0.03047121     19525.08
        7191     1.011329     2.946977  -0.03210101     19526.31
      7191.2      1.01162     2.929523   0.01158288     19527.98
      7191.4     1.011768     2.938304   0.03761874     19527.71
      7191.6     1.011713     2.968477   0.04881676     19525.11
      7191.8     1.011853     2.977072   0.01076702     19525.59
        7192     1.011694     2.968576  -0.02336057     19526.96
      7192.2     1.011651     2.946917  -0.01567761     19527.93
      7192.4     1.011784     2.949789 -0.001756052     19528.23
      7192.6     1.011964      2.96453   0.04480129     19528.03
      7192.8     1.011861     2.967171   0.04465091     19528.44
        7193     1.011954     2.982758   0.02739041     19529.74
      7193.2     1.012371     2.985509   0.04860155     19531.49
      7193.4     1.012582     2.986442   0.03353864     19534.32
      7193.6      1.01281     3.006052   0.01624518     19536.42
      7193.8     1.013019     3.009589   0.01719887     19538.09
        7194      1.01277     2.998505 -0.006500129     19539.14
      7194.2     1.012929     3.000202  -0.02700976     19539.65
      7194.4     1.013557     3.000852  -0.02452377     19540.08
      7194.6     1.013875     2.987981  -0.01641052     19540.38
      7194.8     1.014054     2.978886 -0.003298517     19542.56
        7195     1.013962     2.987073 -0.007932944     19543.17
      7195.2     1.013887     2.998213 -0.0004035589     19543.62
      7195.4      1.01356     2.981635  0.003175157     19544.94
      7195.6     1.013445     2.978564  -0.02346571     19544.72
      7195.8     1.013492     2.989613  -0.01502631     19543.27
        7196     1.013502     2.979441  -0.01329029      19544.1
      7196.2      1.01407     2.969614  -0.02098014     19545.53
      7196.4     1.014622     2.967931   0.01593567     19546.68
      7196.6      1.01512     2.972829   0.02717877     19547.14
      7196.8     1.015431     2.992189  0.003541531      19546.2
        7197     1.015563     2.991357  -0.01787569     19546.11
      7197.2     1.015996     2.970765  -0.02842355     19547.73
      7197.4     1.016124     2.958529  -0.01350849     19548.24
      7197.6     1.016455     2.969451  0.001530024     19549.25
      7197.8       1.0167      2.98055 -0.003615505     19552.92
        7198     1.016695     2.971989  -0.02594313     19553.38
      7198.2     1.017192     2.955636   -0.0212641     19553.96
      7198.4     1.017747     2.948696  0.004915448     19556.41
      7198.6     1.018014     2.963539    0.0210877     19557.75
      7198.8     1.018034     2.975921   0.02547749     19558.54
        7199     1.017864     2.972506  -0.01076968     19557.95
      7199.2     1.017955     2.969078   -0.0412832     19558.02
      7199.4     1.018015     2.954923  -0.04472189     19559.78
      7199.6     1.018112     2.942894   -0.0533743     19561.26
      7199.8     1.018649     2.936729  -0.05740054     19562.08
        7200     1.019143     2.926379   -0.0571148     19563.09
      7200.2     1.019271     2.909003  -0.04140883     19560.99
      7200.4     1.019383     2.897203  -0.02753444     19561.65
      7200.6     1.019422     2.903602  -0.04932792     19562.34
      7200.8     1.019852     2.904351  -0.04002519     19563.52
        7201     1.019938      2.86954   -0.0135354     19565.23
      7201.2     1.019838     2.865182   0.01218005     19565.38
      7201.4     1.019699     2.892774   0.05453887      19565.6
      7201.6      1.01982     2.914095   0.02604292     19566.14
      7201.8     1.019987     2.913171  -0.01411587     19567.64
        7202     1.019847     2.886017  -0.02507074     19568.81
      7202.2     1.019793     2.881481  -0.02131902     19568.93
      7202.4     1.019842     2.894039   0.01835907     19568.91
      7202.6     1.020224     2.896116   0.02725675     19570.18
      7202.8     1.020516     2.900704   0.01356698     19570.85
        7203     1.020521     2.903286   0.00816203     19570.37
      7203.2     1.020821     2.904892 -0.007758054     19571.51
      7203.4     1.021257     2.902646     -0.01492     19573.32
      7203.6     1.021443     2.894498   -0.0395114     19574.78
      7203.8     1.021425      2.89135   -0.0524608     19576.97
        7204     1.021552     2.873283   -0.0517934     19578.54
      7204.2      1.02181     2.860677  -0.06869281     19579.94
      7204.4     1.022004     2.853063  -0.05787905     19581.21
      7204.6     1.021892     2.836396  -0.05423464     19580.21
      7204.8     1.021743      2.82698  -0.05684421     19579.36
        7205     1.021728     2.817289  -0.03986663     19578.92
      7205.2     1.021824     2.807587    -0.027351     19577.87
      7205.4      1.02191     2.804503  -0.01420189     19577.52
      7205.6     1.021987     2.805099  0.003465276     19579.57
      7205.8     1.022039     2.805928  0.005864838     19579.72
        7206     1.021931      2.81036   0.01184109     19579.78
      7206.2     1.021719     2.809195   0.03384773     19580.49
      7206.4     1.021676     2.814572    0.0199486     19581.83
      7206.6      1.02171     2.833006  0.001465546     19582.69
      7206.8     1.021587     2.826319 -0.002714977     19584.29
        7207     1.021484     2.810367  -0.02260009     19587.17
      7207.2     1.021624       2.8124  -0.01166997     19588.41
      7207.4      1.02166     2.814926    0.0142205     19589.02
      7207.6     1.021496     2.816983   0.01908134     19590.64
      7207.8     1.021641     2.821743   0.02143901     19591.12
        7208     1.021864     2.827665   0.00898271     19589.97
      7208.2     1.021906     2.832077   -0.0111395     19589.77
      7208.4     1.021886     2.824169  -0.03532961     19590.25
      7208.6     1.021548     2.812832  -0.05756915     19589.26
      7208.8     1.021577     2.799401  -0.06504144     19590.69
        7209     1.021783     2.786022  -0.07225297     19594.29
      7209.2     1.021884     2.772136  -0.02615375     19596.47
      7209.4     1.022296     2.755029    0.0511391     19596.37
      7209.6     1.022307     2.778478   0.09612686     19597.51
      7209.8      1.02196     2.826933    0.1198947     19597.35
        7210     1.021934     2.849037    0.0894248     19597.59
      7210.2     1.021398     2.850945   0.04256065     19597.94
      7210.4      1.02088     2.850018   0.02001814     19598.35
      7210.6     1.020421     2.860982  0.009507927     19599.58
      7210.8      1.02013     2.865052 -0.002542401     19600.33
        7211     1.020026     2.858552 -0.005775153     19601.22
      7211.2     1.020051     2.847984 -0.005462493     19601.89
      7211.4     1.019998     2.856362 -0.004439747     19603.59
      7211.6     1.019776     2.860682   0.02282893     19606.21
      7211.8     1.019553        2.855   0.01030696     19608.89
        7212     1.019287     2.866247  0.002674903     19609.94
      7212.2     1.018886     2.864607   0.03049833     19609.05
      7212.4     1.018625     2.862822    0.0300145     19609.63
      7212.6     1.018728     2.879398   0.03964032     19609.63
      7212.8      1.01865     2.890259    0.0597577     19608.82
        7213     1.018697     2.896319   0.06818714     19608.76
      7213.2     1.018981     2.910628   0.06321146     19609.38
      7213.4     1.018687     2.933948   0.06652684     19607.66
      7213.6     1.018406     2.940828   0.08934154     19607.36
      7213.8     1.018023     2.949541   0.05367209     19609.29
        7214     1.017181     2.982101   0.02854574     19611.61
      7214.2     1.016336     2.976886  0.009204477     19612.99
      7214.4     1.015727     2.963665  -0.01643987     19613.56
      7214.6     1.015373     2.956904   0.01354096     19614.03
      7214.8     1.015377     2.968949   0.05209964     19615.03
        7215     1.015228     2.987719   0.06303433     19616.18
      7215.2     1.015138     3.005344   0.06537699     19615.86
      7215.4     1.015224     3.007332   0.06139013     19614.87
      7215.6     1.015041     3.021251   0.02728335     19616.45
      7215.8     1.014689     3.036831   0.03230673     19619.03
        7216     1.014397     3.027171   0.03081912     19619.85
      7216.2     1.014053     3.033177   0.01508708     19620.54
      7216.4     1.013752     3.045906   0.03388389     19620.43
      7216.6      1.01372       3.0489   0.02575929     19618.97
      7216.8      1.01377     3.054278  0.005184765     19620.42
        7217     1.013698     3.053785  0.001185294     19623.77
      7217.2     1.013541     3.050054   0.01590844     19625.19
      7217.4      1.01334     3.049849   0.04287601     19625.53
      7217.6     1.013069     3.067005   0.03399688     19625.19
      7217.8     1.012443     3.088086   0.06593843     19625.57
        7218      1.01162     3.077251   0.08512915      19624.9
      7218.2     1.010837     3.102599   0.04845729     19623.43
      7218.4     1.010587     3.135108   0.05544039     19624.18
      7218.6      1.01069     3.126851    0.0278189     19627.48
      7218.8     1.010518     3.121604   0.00953269     19629.06
        7219     1.010076     3.124854   0.04313663     19628.18
      7219.2     1.009766     3.142734   0.04459067     19627.88
      7219.4     1.009664     3.161361   0.01695791     19629.54
      7219.6     1.009607     3.157276  0.002802239     19630.74
      7219.8     1.009271     3.138421   0.01267143     19630.41
        7220     1.008862     3.144976 -0.0006114845     19632.55
      7220.2     1.008709     3.171498 -0.0002023869     19634.77
      7220.4      1.00874     3.156787   0.01189576     19633.89
      7220.6     1.008917     3.138259  -0.03443168     19635.49
      7220.8     1.008922     3.154493  -0.03901677     19638.79
        7221     1.008635     3.143953 -0.007808451     19639.54
      7221.2     1.008225     3.125573  -0.04191623     19638.18
      7221.4     1.007676     3.132012  -0.04545358     19639.02
      7221.6     1.006736      3.12096  -0.01161311     19640.49
      7221.8     1.006337      3.10759 0.0002503267      19640.7
        7222     1.006227     3.116283 -8.381496e-06     19640.81
      7222.2     1.006442     3.132212 -0.006501566     19643.07
      7222.4     1.007166     3.120953 -0.001204612     19645.64
      7222.6     1.007175     3.102388  -0.01331491     19646.02
      7222.8     1.006899     3.115319  0.004106789     19647.39
        7223      1.00635      3.12156   0.04861095      19649.5
      7223.2     1.005618     3.124239   0.03762372     19650.12
      7223.4     1.005006     3.141277  0.007331622     19649.02
      7223.6     1.004521     3.145418  -0.01689815     19648.65
      7223.8     1.004562     3.127426  -0.03063152     19648.61
        7224     1.004968      3.11072  -0.02181387     19647.64
      7224.2     1.005062     3.116772 -0.009005817     19648.05
      7224.4     1.004964     3.127967   0.01814815     19650.33
      7224.6      1.00479     3.120221   0.02707424     19652.51
      7224.8     1.004337     3.125239 -0.004569714     19652.46
        7225     1.003852     3.138431   0.03495383     19651.17
      7225.2     1.003421     3.124311   0.08146324     19651.47
      7225.4     1.003079     3.148184  -0.01650819     19652.47
      7225.6     1.002818     3.190409   -0.1110472     19652.45
      7225.8     1.002196     3.125225   -0.1847441     19652.42
        7226     1.001759     3.035474   -0.2585038     19653.61
      7226.2     1.001681     3.000389   -0.1801532     19654.76
      7226.4     1.001689     2.983606  -0.06237927      19655.6
      7226.6     1.001706     2.981102  0.004846661      19657.4
      7226.8      1.00145      2.98557   0.02029298     19656.72
        7227     1.000935     3.004266  -0.04403095     19655.99
      7227.2     1.000368      2.99984  -0.08327633     19655.85
      7227.4    0.9997688     2.945877  -0.09378781     19657.14
      7227.6    0.9995582     2.918949   -0.1014372     19659.29
      7227.8    0.9995061     2.929236  -0.03362228     19660.29
        7228    0.9993736     2.918691   0.04143763     19662.21
      7228.2    0.9990185      2.91898   0.03582326     19662.52
      7228.4    0.9983452     2.952099   0.02965669     19661.18
      7228.6    0.9980804     2.957895    0.0335869     19661.45
      7228.8    0.9979647     2.942416  -0.04512035      19660.5
        7229    0.9981373     2.945849  -0.09520422     19661.51
      7229.2    0.9981075     2.916003  -0.04742909     19663.84
      7229.4    0.9978142     2.881731  -0.01750187     19665.52
      7229.6    0.9973983     2.904473   0.03211611     19666.04
      7229.8    0.9969524     2.931848   0.07341602     19667.12
        7230    0.9963898     2.941696   0.02345592     19668.16
      7230.2    0.9959031     2.940464  -0.04941716     19668.12
      7230.4    0.9953491     2.923238  -0.08053976     19668.13
      7230.6    0.9948752     2.892314  -0.08153442     19668.42
      7230.8    0.9946119     2.877264  -0.06578442     19668.27
        7231    0.9943018     2.875236  -0.01780214     19670.41
      7231.2    0.9939922      2.87061 0.0001948256     19672.09
      7231.4    0.9939262     2.878072  -0.04634726      19672.1
      7231.6    0.9939729      2.87742  -0.08115818     19672.81
      7231.8    0.9938872     2.838159    -0.106095     19672.99
        7232    0.9938039     2.805683    -0.102639     19673.28
      7232.2    0.9935812     2.793196  -0.01264088     19673.88
      7232.4    0.9929968     2.795309   0.02130479     19673.49
      7232.6    0.9924581     2.828046  -0.01264733     19674.15
      7232.8    0.9921015     2.822727   -0.0612329     19675.22
        7233    0.9920256     2.783078  -0.09557274     19674.18
      7233.2    0.9917304     2.746322  -0.07595295     19674.12
      7233.4    0.9914409     2.751588  -0.02646915     19675.75
      7233.6    0.9913405     2.761965   0.01800452      19676.2
      7233.8    0.9911814     2.761903   0.01142204     19677.97
        7234    0.9908935     2.760726 -0.002904962     19680.07
      7234.2    0.9905914     2.760725 -0.009947526     19679.76
      7234.4    0.9905292     2.759641  -0.01012926     19680.63
      7234.6     0.990562     2.753945 -0.006979376     19682.79
      7234.8    0.9903657     2.752623 -0.005221244     19682.63
        7235    0.9901491     2.755142    0.0107982     19682.41
      7235.2    0.9900625     2.755464   0.01946555     19683.56
      7235.4    0.9902153     2.762584   0.01276598     19684.74
      7235.6    0.9905812     2.768195   0.02883891     19685.47
      7235.8    0.9908413     2.765355   0.05117287     19685.58
        7236    0.9910206     2.778535   0.04284292     19686.29
      7236.2    0.9910381     2.803522  0.006794602     19687.48
      7236.4    0.9909056     2.802469  -0.03545482     19688.12
      7236.6    0.9908109      2.77079  -0.06750053     19687.81
      7236.8    0.9905315     2.750171  -0.07224329     19687.83
        7237    0.9902579     2.749521  -0.05877386     19688.63
      7237.2    0.9904346     2.744675  -0.07157052     19691.44
      7237.4    0.9902138     2.723771  -0.08149558     19692.02
      7237.6     0.989894     2.692915  -0.06243334     19692.62
      7237.8    0.9898414     2.684325  -0.03094209     19695.12
        7238     0.989973     2.694728   0.01650717     19694.42
      7238.2     0.990152     2.699018   0.02364018     19692.28
      7238.4    0.9902763     2.706121 -0.003729844     19690.72
      7238.6     0.990574     2.703237 -0.003488355     19690.75
      7238.8    0.9907572     2.691744  0.004635637     19691.71
        7239    0.9907425     2.696227   0.02868148     19692.24
      7239.2    0.9907419     2.709829     0.064684     19694.34
      7239.4    0.9904916     2.726182   0.04461774     19696.18
      7239.6    0.9901537     2.743491  -0.01677485     19695.02
      7239.8    0.9900922     2.731921  -0.04922537     19695.01
        7240    0.9904094     2.696409  -0.06812815     19697.49
      7240.2    0.9906641     2.686802  -0.05322429     19698.98
      7240.4    0.9905737     2.688989  -0.02548845     19699.78
      7240.6    0.9905176     2.689342  -0.01333376     19701.81
      7240.8    0.9906162     2.676018 -0.003542588     19702.73
        7241    0.9910129     2.676135 -0.007863315     19703.25
      7241.2    0.9914994     2.686155  0.008084893      19703.9
      7241.4    0.9916647     2.683051   0.02411213     19703.56
      7241.6    0.9919243     2.682486   0.03073446     19704.74
      7241.8    0.9923099     2.695425   0.04672146     19705.89
        7242    0.9924793     2.710742   0.06175701     19706.64
      7242.2    0.9923783     2.720428    0.0680593     19706.55
      7242.4     0.992292     2.731892   0.04559654     19705.91
      7242.6     0.992548     2.749872    0.0088505     19708.36
      7242.8    0.9928911      2.74722  -0.00472626     19710.84
        7243    0.9931669     2.727509  -0.01719455     19710.19
      7243.2    0.9935366     2.728111 -0.009764568     19710.11
      7243.4    0.9938375     2.736116   0.00826526     19710.16
      7243.6    0.9941516     2.739408 -0.004593581     19710.08
      7243.8    0.9942299     2.734121 -0.007352114     19710.53
        7244    0.9939052     2.724436  0.002132131     19711.28
      7244.2     0.993619     2.730235   0.01826084     19712.34
      7244.4    0.9937026     2.741114   0.05307946     19712.29
      7244.6    0.9938839     2.748729   0.03944994     19712.16
      7244.8    0.9943538       2.7669   0.01324301     19713.85
        7245     0.994905     2.761795   0.01554332     19716.45
      7245.2    0.9952765     2.751708  0.006688538     19718.08
      7245.4    0.9953774     2.761164   0.02317018     19718.34
      7245.6    0.9954913      2.77225   0.04322085     19718.39
      7245.8    0.9955387     2.780331   0.03005911     19718.48
        7246    0.9954445     2.786285   0.02601256     19717.27
      7246.2    0.9956317     2.785211   0.02322274     19716.68
      7246.4    0.9958542     2.793061  -0.01858679     19719.58
      7246.6    0.9959057     2.798909  -0.05103567     19722.03
      7246.8    0.9961565     2.771415  -0.04818701     19722.22
        7247     0.996301     2.744383  -0.03534522     19723.83
      7247.2    0.9962427     2.754511 -0.001362828     19724.54
      7247.4    0.9964143     2.770633   0.04463133     19725.55
      7247.6      0.99692     2.770325   0.03885782     19727.25
      7247.8    0.9971469     2.780088  -0.00098475     19725.56
        7248    0.9975911     2.785597  -0.01693874     19726.28
      7248.2    0.9981581     2.769845   -0.0246177     19729.26
      7248.4    0.9981913     2.756774  -0.01139738     19731.23
      7248.6     0.998428     2.760394   0.02077216      19733.3
      7248.8    0.9989824     2.776479   0.04089252     19734.65
        7249    0.9992797     2.786463   0.03599436     19735.89
      7249.2    0.9993809     2.789488   0.01040539     19737.49
      7249.4    0.9995101     2.789189  0.009196035     19737.38
      7249.6    0.9996237     2.784804   0.02142852     19735.99
      7249.8    0.9996078      2.79382   0.01517027     19735.22
        7250    0.9994689     2.806631   0.01751718     19734.24
        7252     1.001275     2.784018 -0.009761173     19744.22
        7254      1.00367     2.775554 -0.005701707     19748.97
        7256     1.006709     2.757234  -0.00266818     19758.39
        7258     1.009415     2.750385  0.001443467     19760.76
        7260     1.011763     2.762672  0.001782657     19773.03
        7262     1.013167     2.787102  0.005114066     19776.98
        7264     1.016108     2.771495  0.004110962     19788.12
        7266     1.017004     2.791298  0.001294657     19791.66
        7268       1.0183      2.79556  0.008421758     19796.97
        7270     1.019388     2.797459  0.005877504     19806.26
        7272     1.018503     2.838869  0.007102749     19815.24
        7274       1.0195     2.838318  0.008815975     19822.05
        7276      1.01855     2.852382  0.002004467     19826.21
        7278     1.017513     2.867987  0.005087438     19831.73
        7280     1.016925     2.854905  0.001846816     19840.81
        7282     1.016049     2.879017  0.002822542     19844.77
        7284     1.013633     2.867156  0.005481275     19854.36
        7286     1.012325     2.890567  0.002683214     19860.48
        7288     1.010676     2.898755  0.002829872      19864.1
        7290     1.008618     2.900483  -0.00786417     19874.34
        7292     1.007257     2.889795  -0.01550663     19882.72
        7294     1.005131     2.827654  -0.01516115     19884.19
        7296     1.004983     2.774702  -0.01506581     19895.46
        7298     1.003839     2.779194  -0.01966108     19901.63
        7300     1.002836     2.769269  -0.01336693      19906.8
        7302     1.002907     2.670365  -0.01280795     19910.83
        7304     1.002756     2.667767  -0.01474361     19918.88
        7306     1.002715      2.67673 -0.005002095     19926.17
        7308     1.001798      2.65132 -0.005243565     19933.98
        7310     1.001341     2.630348  0.001872902     19942.28
        7312     1.001472     2.625818 0.0008218897     19947.02
        7314     1.001439     2.691713  0.000590771     19952.92
        7316     1.001694     2.657895 0.0005956966     19961.03
        7318      1.00122     2.635075 -0.003376147     19964.89
        7320     1.001416     2.630584 -0.0004851964     19969.69
        7322     1.001772     2.664704  0.003395131        19978
        7324     1.001233     2.654013 0.0007703734     19985.78
        7326     1.000753     2.662236 -0.005463625     19992.86
        7328     1.001252     2.636747 -0.004374891     19993.61
        7330     1.000528     2.620995 -0.006371392     20004.36
        7332      1.00026     2.619014 -0.006267192     20008.66
        7334    0.9996963     2.611265  -0.00494818     20012.28
        7336     1.001419     2.586609  -0.00635979      20024.5
        7338     1.000438      2.58141 -0.002369638     20027.15
        7340     1.000427     2.568136  0.002701451     20035.58
        7342     1.000801     2.592307   0.00493877     20037.26
        7344    0.9996239     2.608221  0.009663961     20045.38
        7346     1.000867      2.62092  0.006227259     20050.44
        7348     1.000824     2.645448  0.007767303     20054.52
        7350     1.001019     2.642126  0.008842978     20066.07
        7352     1.001156     2.670359  0.005456572     20073.31
        7354     1.001044     2.691664  0.006947418     20075.83
        7356     1.001054       2.6891  0.003417118     20085.06
        7358      1.00104     2.697705  0.002898299     20091.98
        7360     1.000501     2.697696  0.007383008     20097.33
        7362     1.001562      2.71485  0.003563988     20100.19
        7364      1.00149     2.748164  0.002593545     20107.12
        7366     1.001172     2.726217 -0.0004251925     20118.47
        7368     1.001077     2.718445 -0.005788284     20120.43
        7370     1.000393     2.711448 -0.009628621     20126.12
        7372     1.000072     2.701858 -0.008129554     20128.77
        7374     1.000568     2.649188  -0.01312693     20133.24
        7376      1.00035     2.653408  -0.01693567     20141.71
        7378       1.0002     2.606433  -0.01053634     20147.34
        7380     1.000147     2.566373  -0.01627448     20154.57
        7382    0.9993492     2.564897  -0.01336752     20160.22
        7384    0.9990273     2.523212 -0.007797929     20167.86
        7386    0.9994861     2.499493 -0.006731186     20174.14
        7388    0.9995578     2.503989  0.002024084     20180.84
        7390    0.9997967     2.511048 -0.001577041      20182.6
        7392    0.9991854     2.539405  0.001550664     20191.93
        7394    0.9991309     2.486876 -0.003276583     20192.03
        7396    0.9985867     2.516395 -0.004431006     20205.38
        7398    0.9983683     2.484835 0.0009693795     20205.61
        7400    0.9976834     2.503957 -0.001882528     20214.18
        7402    0.9975388     2.494631  0.001129323     20216.41
        7404    0.9972666     2.501334 -0.000926984     20224.48
        7406    0.9977301      2.49387 -0.001196652      20228.4
        7408    0.9970336     2.496541 -0.003328635     20239.86
        7410    0.9973284     2.485058 -0.002028824     20246.68
        7412    0.9981272     2.474705 1.000255e-05     20251.63
        7414    0.9969123     2.477639  0.002730962     20256.78
        7416     0.996134     2.496621 0.0009396001     20262.38
        7418    0.9969568     2.506906 0.0001529198     20268.28
        7420     0.996363     2.482222 -0.003547986     20271.63
        7422    0.9965716     2.478862 -0.005644943     20274.74
        7424    0.9967228     2.468237 -0.002996038     20286.33
        7426    0.9964895     2.461746 -0.001104736     20290.59
        7428    0.9972059     2.458254 -0.002454558     20300.92
        7430     0.996923     2.470024 -0.0007675049     20303.11
        7432    0.9969064     2.448601 -0.0002526103     20310.82
        7434    0.9959214     2.455606 -0.002698112     20314.77
        7436     0.995732     2.456233 0.0004217791     20321.97
        7438    0.9964063      2.44844 -0.0001045639     20332.74
        7440    0.9970171     2.451975  0.001570253     20338.12
        7442    0.9965339      2.45477  0.002163926     20339.95
        7444    0.9963261     2.468795  0.002924036     20345.33
        7446    0.9968668     2.465751  0.002302604     20351.26
        7448    0.9957138     2.475367 0.0007741229     20358.95
        7450    0.9964027     2.473191 0.0003803827     20367.79
        7452    0.9960308     2.474988 -0.0004710442     20368.57
        7454     0.996295     2.468794 -0.001138405     20370.98
        7456    0.9962242     2.471599  -0.00229578     20380.67
        7458     0.996284     2.464083 0.0003692054     20384.07
        7460    0.9960816     2.456622 -0.001830422     20390.92
        7462    0.9960206     2.471748 -0.002510009     20397.69
        7464    0.9957176     2.456956 -0.001821158     20398.76
        7466    0.9950677     2.444003 -0.005736931     20406.91
        7468    0.9953091     2.442052 -0.006968154     20410.14
        7470    0.9958431     2.425852 -0.004546426     20415.14
        7472    0.9960913      2.40121 -0.005776899      20420.9
        7474    0.9958428     2.407632 -0.003263642     20429.54
        7476    0.9957891     2.395837 -0.002597074      20431.3
        7478    0.9959585     2.399743 -0.003657476      20435.7
        7480    0.9958022     2.380434 -0.004976175     20443.69
        7482    0.9957944     2.378372 -0.005554894     20448.41
        7484    0.9951574     2.356028 -0.005028383     20451.41
        7486    0.9960213     2.355304 -0.005048331      20456.6
        7488    0.9957269     2.340207 -0.001817096     20463.94
        7490    0.9954233     2.337986 -0.002616273     20465.31
        7492    0.9957584     2.341491 -0.002611611     20473.76
        7494    0.9946599     2.334374 0.0004260512     20474.43
        7496    0.9949676     2.319314 -0.001605207     20484.56
        7498    0.9958374     2.341394 -0.001427731     20487.99
        7500    0.9954262     2.328649  0.002116038     20497.35
        7502    0.9954861     2.322952 -0.0006872306     20499.86
        7504    0.9962203     2.336242 0.0003481485     20504.79
        7506    0.9961677     2.335896 -0.0006672703     20512.42
        7508    0.9956368     2.331435 -0.002823608     20514.69
        7510     0.995332     2.317614 -0.003388182     20517.62
        7512    0.9950406     2.313653 -0.0009572992     20516.91
        7514    0.9960269     2.308791 -0.002994007     20524.89
        7516    0.9953397     2.323776 -0.002350129     20528.65
        7518    0.9953643     2.293662 -0.001352324      20509.2
        7520     0.995001     2.294852 -0.003943405     20504.23
        7522    0.9950783     2.297972 -0.0008549569     20500.83
        7524     0.995945     2.292229 -0.001782873     20463.05
        7526    0.9971371     2.286822 -0.0006716126     20015.29
        7528    0.9938887     2.280589 -0.001604012     20372.28
        7530    0.9962703     2.292599 4.051921e-05     20064.79
        7532    0.9949554     2.279397  0.001301374     20449.86
        7534    0.9954285     2.287146 -0.001827589     20564.18
        7536    0.9951446        2.291  -0.00149958     20551.49
        7538    0.9959632     2.277978  -0.00239293     20557.18
        7540    0.9955763       2.2674  -0.00160471      20577.1
        7542    0.9953862     2.268003  -0.00176493     20595.66
        7544    0.9954469     2.278163  0.001117159     20598.01
        7546    0.9952907     2.263859 0.0001859933     20609.32
        7548    0.9952328     2.276337 -0.003204522     20609.79
        7550    0.9948492     2.269491 -0.0001894475     20611.37
        7552    0.9948866     2.252526 -0.0009579295     20621.28
        7554    0.9961692     2.262343 -0.001771109     20627.91
        7556    0.9953426     2.268674  0.001395206     20626.77
        7558    0.9955596     2.255322  9.77861e-07     20635.84
        7560     0.995789     2.263688 -0.0008593075     20638.95
        7562    0.9947604     2.262351 0.0001465769     20641.82
        7564    0.9951846       2.2618 -0.002375221     20649.57
        7566    0.9953134     2.256494 -0.001492933     20655.98
        7568    0.9953747     2.244686 -0.002418198     20657.63
        7570    0.9955584     2.250408 -0.003222746     20663.42
        7572    0.9957703     2.242454 -0.002676143     20671.65
        7574    0.9948085     2.230712 -0.002914297     20671.67
        7576    0.9952993     2.223277 -0.004430003      20678.7
        7578    0.9949607     2.227093 -0.003562867     20682.55
        7580    0.9952479     2.207014  -0.00118115     20689.16
        7582     0.995055     2.202209 -0.003508005      20687.4
        7584    0.9952086     2.213828 -0.000962923        20693
        7586    0.9950694     2.199029 -0.0001216522      20699.2
        7588    0.9945619     2.199311 -0.002983534     20702.89
        7590    0.9950942     2.201236 -0.003196786     20703.49
        7592    0.9950563      2.18996 -0.004192327     20702.55
        7594    0.9951235     2.173455 -0.003620905     20706.77
        7596    0.9949564     2.165772 -0.001166784     20711.01
        7598    0.9953126     2.172269 0.0004271427     20717.54
        7600    0.9956034     2.180625 -0.0006742559     20720.96
        7602    0.9953642     2.176872 -0.003301751     20724.28
        7604    0.9953315     2.160378 -0.004704067     20725.93
        7606    0.9947685     2.145855 -0.003832668     20729.21
        7608    0.9950071     2.142993 -0.001352617     20734.51
        7610    0.9953101     2.146211 0.0001424134     20738.64
        7612    0.9955158     2.149557 -0.0001007533      20744.6
        7614    0.9958245     2.146994 -0.0001540486     20748.36
        7616    0.9963557     2.142187 -0.001169216     20752.66
        7618    0.9955041     2.144978  -0.00107958     20754.04
        7620    0.9960284     2.140203 -0.002744555     20760.44
        7622    0.9953543     2.138358 -0.001648065     20762.47
        7624    0.9957985      2.12023 -0.001771449     20765.56
        7626    0.9964403     2.131794 -0.0006661591     20769.75
        7628    0.9961985     2.126032  7.50253e-05     20781.93
        7630    0.9964628     2.133028 -0.0008597171     20782.16
        7632    0.9963194     2.120831 -0.0007687567     20784.97
        7634    0.9963003     2.124916 -0.002706682     20788.89
        7636    0.9962719     2.119882 -0.002270781     20789.11
        7638    0.9966697     2.111375 -0.003733903     20794.44
        7640    0.9966198     2.102664 -0.003801515     20796.26
        7642    0.9972376     2.095045 -0.003052915     20803.54
        7644    0.9970241     2.089469  -0.00228836     20811.25
        7646    0.9970663     2.086952 -0.002069116     20811.16
        7648     0.996766     2.084357 -0.001112042     20812.06
        7650    0.9969633     2.078492 -0.0003490779     20821.43
        7652    0.9975798     2.080573 -0.002281649     20823.64
        7654    0.9971583     2.084159 -0.0009738104     20827.31
        7656    0.9977851     2.066104 -0.001481897     20831.54
        7658    0.9977733     2.070702 -0.002513087     20833.63
        7660     0.997985     2.068718 -0.0004722494     20839.53
        7662    0.9976096     2.064054 -0.001218383     20844.73
        7664    0.9979187     2.062326 -0.0007441651     20848.18
        7666    0.9982189     2.060955 -0.001233407      20855.9
        7668    0.9978742     2.062765 -0.0007652597     20857.75
        7670    0.9984114     2.054187  -0.00157231     20856.62
        7672      0.99835     2.056204 -0.001719284     20863.32
        7674    0.9988562     2.048376 -0.000647325     20865.15
        7676    0.9984468      2.04901 -0.000447522     20871.68
        7678    0.9984016     2.049008 -3.912788e-05     20876.23
        7680    0.9983975     2.052624 -0.0001754306     20879.86
        7682    0.9988698     2.048063 -0.0002220565     20882.09
        7684    0.9990271     2.047607 -0.001801306     20886.99
        7686    0.9987114     2.047232 -0.001361065     20888.94
        7688    0.9988178     2.038214 -0.002509191     20897.36
        7690    0.9985515     2.037175 -0.002449613     20897.19
        7692    0.9990959     2.027533 -0.002363723     20901.84
        7694    0.9989971     2.027635 -0.002176352     20907.71
        7696    0.9990764     2.019304  -0.00175517     20909.42
        7698    0.9993149     2.019764 -0.001949175     20915.18
        7700    0.9986678     2.013492 -0.002255601     20918.05
        7702    0.9996009     2.012042 -0.000252321     20923.15
        7704    0.9989179     2.001259 7.818904e-05     20923.86
        7706    0.9993664     2.017745 -0.0004988533     20929.44
        7708    0.9992647     2.014118 -3.059318e-05     20931.92
        7710    0.9990201     2.008051 -0.003125629     20936.17
        7712    0.9982657     2.001014 -0.002950331     20940.38
        7714    0.9991953      1.99274  -0.00044367      20942.8
        7716    0.9991941     1.990515 0.0006812259     20944.39
        7718    0.9988908     2.004502 0.0001905634     20949.78
        7720    0.9989564     2.006464 -0.0001758649     20952.46
        7722    0.9996805     1.994265 -0.001762669     20958.25
        7724    0.9996895     1.989108 -0.002482459     20959.35
        7726     0.999078       1.9904 -0.0005834371     20961.48
        7728    0.9990085     1.986604 -0.001711175     20962.16
        7730    0.9989243     1.989597 -0.002133812     20972.82
        7732     0.998783     1.975419  -0.00131096     20972.41
        7734    0.9996902      1.97333 -0.001856257     20983.17
        7736    0.9994717     1.976117 -0.0006853157      20977.3
        7738    0.9994532     1.974747 -0.001225919     20983.11
        7740    0.9993571     1.969936 -0.002108903     20990.89
        7742    0.9989813     1.963522 -0.002951877     20991.13
        7744    0.9993072     1.959246 -0.002538527     20995.15
        7746    0.9989609     1.951132 -0.001754742     20998.18
        7748    0.9990353     1.949628 -0.001327019     21000.52
        7750    0.9996152     1.949484 -0.0003960516     21002.04
        7752    0.9995681     1.948629 -0.0007934703     21008.23
        7754    0.9996671     1.947964  -0.00112629      21010.7
        7756       1.0002      1.94328 -0.0008794305     21010.62
        7758     1.000072     1.940474 -0.002043556     21013.03
        7760     1.000065     1.941594 -0.001116697     21022.39
        7762     1.000165     1.931615 -0.001816861     21023.51
        7764     1.000871     1.934347 -0.002283572     21024.11
        7766     1.000161     1.925939 -0.001596635     21026.34
        7768     1.000558     1.923325 -0.002236729     21027.26
        7770     1.001201     1.918842 -0.001690146     21032.47
        7772     1.000193     1.916453 -0.001882034     21030.34
        7774     1.000365     1.912418 -0.001521026     21033.24
        7776     1.000457     1.908269 -0.001553764     21036.77
        7778    0.9999981     1.906674 -0.001447629     21026.82
        7780     1.000942     1.904023 -0.0005657808      21017.6
        7782     1.000958     1.900837 -0.001208835     20993.49
        7784     1.002378     1.903743 -0.0008093094     20836.41
        7786      1.00366     1.897003 -0.002626791      19838.9
        7788     1.000937     1.897548 -0.002256761     20062.39
        7790    0.9978709     1.879823 -0.001214403     20448.48
        7792     1.000518     1.885689 -0.002058684      21050.4
        7794     1.001223     1.887288 -0.000716939      21079.4
        7796     1.001526     1.881079 -0.001532621     21089.52
        7798     1.001761     1.874087 -0.001632442     21096.06
        7800     1.001641     1.873428 -0.001620735     21101.29
        7802     1.002053     1.874228 -0.0003218829     21103.87
        7804     1.001282     1.868113 -0.001064319     21106.28
        7806     1.001614     1.871512 -0.001116871     21104.92
        7808     1.001858     1.864913 -0.001255121     21110.96
        7810     1.002086     1.865293 -0.001423375     21113.24
        7812     1.002126     1.858072 -0.0008839072     21117.59
        7814     1.002375     1.860125 -0.001662476     21120.35
        7816     1.002035     1.857842 -0.0002359889     21118.62
        7818     1.002439     1.851994  -0.00199968     21124.85
        7820     1.002547     1.856184 -0.001282662     21126.55
        7822      1.00255     1.844128 -0.002843658     21126.43
        7824     1.002147     1.847581 -0.002994928     21129.81
        7826     1.002374     1.829244 -0.001380509     21137.76
        7828     1.002533     1.832224 -0.001376336     21139.77
        7830     1.002716     1.833084  0.001342961      21140.2
        7832     1.002414      1.83657 -0.001938216     21140.79
        7834     1.002704     1.839988 -0.002668747      21142.7
        7836     1.003361     1.816719 -0.003403573     21154.19
        7838     1.003292     1.811734  -0.00293909     21152.29
        7840     1.003028     1.809341 -0.0001969537     21155.73
        7842     1.003247     1.816475 6.769064e-05     21162.37
        7844      1.00317     1.815143 -4.600266e-05     21164.17
        7846     1.002843     1.812275  -0.00213703     21169.62
        7848     1.003434     1.808973 -0.001443856     21171.48
        7850     1.003967     1.799379  -0.00106302     21171.66
        7852     1.003908     1.803592 -0.001721372     21175.49
        7854     1.003257     1.803771 -1.833101e-05     21176.25
        7856     1.003272     1.795202 -0.0006012856     21178.08
        7858     1.003333     1.799233 -0.002152752     21184.56
        7860     1.003768     1.798782 -0.001275625     21180.91
        7862     1.003016     1.786549 -0.001839475     21184.14
        7864     1.002855     1.784997 -0.002086362     21185.43
        7866     1.003801     1.784517 -0.0007162798     21190.82
        7868     1.003737     1.782091 -0.001155134      21196.1
        7870      1.00406     1.780819 -0.001645258     21200.05
        7872      1.00395     1.775756 -0.001780167     21202.61
        7874     1.003967     1.771355 -0.001831489     21203.27
        7876     1.003952      1.76785 -0.001708186     21210.97
        7878     1.003516     1.766167 -0.001572674     21213.16
        7880     1.003607     1.762091   -0.0011939     21214.89
        7882      1.00358     1.758773 -0.001491831     21217.36
        7884     1.004245     1.758299  -0.00151493     21220.84
        7886     1.004169     1.754232 -0.002206258     21221.54
        7888     1.004413     1.749971  -0.00173355     21225.97
        7890     1.004325     1.741123 -0.002022208     21229.56
        7892     1.004041      1.74443 -0.002320524     21233.26
        7894     1.004216     1.738054 -0.001821764     21229.03
        7896     1.003744     1.731407 -0.001578413     21238.97
        7898     1.004307     1.726549 -0.001286366     21242.45
        7900     1.003667     1.731803 -0.001652017     21244.56
        7902     1.004147     1.727764  -0.00149245     21249.69
        7904     1.004383     1.718191   -0.0010914     21249.74
        7906     1.004659     1.714609 -0.001129913     21256.35
        7908     1.004478     1.723072 -0.0007120254     21261.44
        7910     1.004394     1.718724 0.0003385154     21263.57
        7912     1.003932     1.712495 -0.001423793     21264.45
        7914     1.004607     1.717318 -0.002648371      21231.1
        7916     1.005436     1.711681 -0.001712902     20960.25
        7918     1.004589     1.697537 -0.001607055     20543.24
        7920     1.004576     1.698792 -0.001998712     20965.08
        7922      1.00464     1.704461 -0.001076809      21209.1
        7924     1.004783     1.695692 -0.000854733     21238.67
        7926     1.004729     1.688923 -0.001812296     21254.62
        7928     1.004697     1.691954 -0.001206871     21261.32
        7930     1.004957     1.689963 -0.0008451047      21267.4
        7932     1.005601     1.686037 -0.001614428     21270.69
        7934     1.004793     1.682162 -0.002385215     21271.65
        7936     1.005433     1.679038 -0.001288671     21276.81
        7938     1.005026     1.670881 -0.0009468109      21282.7
        7940     1.004929     1.675727 -0.001306807     21285.87
        7942     1.004654     1.674587 -0.0001256114     21281.77
        7944     1.005552     1.668584 -0.001286822     21289.66
        7946     1.005432     1.669876 -0.000814336     21294.01
        7948     1.005595     1.665433 -0.0004291837      21296.1
        7950     1.005404     1.668073 -0.000926671      21300.7
        7952     1.005478      1.66515  -0.00157681     21299.49
        7954     1.004978     1.662463  -0.00244016      21300.5
        7956     1.005217     1.652818 -0.001370878     21305.78
        7958     1.004944     1.648551 -0.001580152     21306.15
        7960     1.005164     1.654183 -0.000222412     21314.58
        7962      1.00552     1.649822 -0.0009008354     21316.14
        7964     1.005168     1.651039 -0.001399335     21310.55
        7966     1.005407     1.641345 -0.001971716     21319.82
        7968      1.00547     1.642989 -0.002054666      21321.4
        7970     1.005373     1.634048 -0.001364051     21320.47
        7972     1.005126     1.634602 -0.002140969     21325.59
        7974     1.004836     1.630432 -0.001708139     21322.98
        7976      1.00479     1.625861 -0.001571228     21327.63
        7978     1.005222     1.620383 -0.001229769     21329.99
        7980     1.004905     1.622032 -0.001073848     21330.86
        7982     1.004827     1.620594 -0.0007781276     21336.05
        7984     1.004954      1.61727  -0.00111956     21338.97
        7986     1.004643     1.614158 -0.001963969     21338.21
        7988     1.004912     1.613075  -0.00103099     21341.73
        7990     1.004941     1.604882 -0.0008728512     21341.15
        7992      1.00444     1.609022 -0.001663351     21345.91
        7994     1.004686     1.607175 -0.0009630103     21348.25
        7996     1.005396     1.599768   -0.0021286     21353.13
        7998     1.004853     1.597178 -0.002115602     21351.68
        8000     1.004382     1.591993 -0.001118152     21351.21
        8002     1.004513      1.59025 -0.001235028     21355.04
        8004     1.005144     1.590823 -0.0009160205     21361.22
        8006     1.005104     1.587298 -0.0005666202     21363.46
        8008     1.005103     1.584665 -0.001372232     21367.07
        8010     1.004626     1.585717 -0.001334485     21368.65
        8012     1.004406     1.579845 -0.001389134     21369.19
        8014     1.005038     1.576622 -0.001800536     21374.09
        8016     1.004772     1.573552 -0.001586889      21375.3
        8018     1.004573     1.571313 -0.001491991     21380.92
        8020     1.004659      1.56715 -0.001107825     21378.72
        8022     1.005151     1.564686 -0.001608091     21384.67
        8024     1.004804      1.56469 -0.001316115     21384.62
        8026      1.00519     1.558448 -0.000874853     21387.12
        8028     1.004656     1.556621 -0.001243567     21388.04
        8030     1.004657     1.557688 -0.001145148        21388
        8032     1.004784     1.554741 -0.001263552     21390.88
        8034     1.004294     1.549287 -0.001520501     21391.93
        8036     1.004917     1.546513 -0.001282374     21395.88
        8038     1.004732     1.545524 -0.0006788194      21396.7
        8040     1.004856     1.544482 -0.001450275      21401.1
        8042     1.004619     1.543856 -0.001308822     21398.79
        8044     1.004739     1.534911 -0.001450139     21403.28
        8046     1.004636     1.535053 -0.002174765     21407.22
        8048     1.004231     1.532881 -0.001027861     21407.69
        8050     1.003825     1.526458 -0.001309151     21407.94
        8052     1.004356     1.526688 -0.001297696     21412.87
        8054     1.003937      1.52458 -0.001043893     21412.96
        8056     1.003911     1.522499 -0.001280959     21414.74
        8058      1.00436     1.518107 -0.001739838     21414.67
        8060      1.00406      1.51644 -0.001435405     21420.59
        8062     1.004054     1.510661  -0.00117925     21417.73
        8064     1.003909     1.511016 -0.001072886     21420.93
        8066     1.003625     1.508673 -0.0007699637     21417.57
        8068     1.003248     1.507857 -0.001951935     21423.28
        8070     1.003588     1.504501 -0.001406918     21422.77
        8072     1.003004     1.495401 -0.002377761        21425
        8074     1.003031     1.497418  -0.00166327     21427.01
        8076     1.003315     1.488835  -0.00118194     21429.21
        8078     1.003648     1.491195 -0.001791452     21427.67
        8080     1.002822     1.485945 -0.000553134     21428.53
        8082     1.003105     1.483086 -0.0005746328     21430.53
        8084     1.002786      1.48441 -0.001161111     21431.63
        8086     1.002642     1.486598 -0.001490695     21435.87
        8088     1.002596     1.476656 -0.001452141     21435.15
        8090     1.002771     1.471161  -0.00191702     21438.73
        8092     1.002831     1.472793 -0.001243684     21438.94
        8094     1.002586     1.471262 -0.0009140612     21441.97
        8096     1.002455     1.466707 -0.001439405     21441.41
        8098     1.002502     1.463848  -0.00160052     21451.33
        8100     1.002563     1.461278 -0.001234772     21444.34
        8102     1.002554     1.458458 -0.0008725215     21450.56
        8104     1.002715     1.456829 -0.001234392        21449
        8106     1.002614     1.456868 -0.0009193913     21453.05
        8108     1.001942     1.451402 -0.0008359089     21453.17
        8110     1.001599     1.451103 -0.001478787     21453.79
        8112     1.001766     1.450141 -0.001328354     21458.49
        8114     1.001784     1.445038 -0.001030326     21457.94
        8116     1.001429     1.440776 -0.001262519     21462.39
        8118     1.001079      1.44286 -0.001000832     21459.54
        8120     1.001169     1.440041 -0.001049411     21462.63
        8122     1.000845     1.437031 -0.001547933     21463.12
        8124     1.000623      1.43238 -0.001291379        21469
        8126     1.000762     1.430477 -0.0007772247     21465.81
        8128     1.000561      1.42971 -0.001051436     21466.45
        8130     1.000243     1.430813 -0.001391058     21467.22
        8132     1.000586     1.423969 -0.001560735     21470.37
        8134     1.000868     1.419348  -0.00190562     21471.35
        8136     1.000372     1.417224 -0.001031539     21472.57
        8138     1.000068     1.415568 -0.001157381     21476.82
        8140    0.9996506     1.415716 -0.001122437     21474.94
        8142     1.000046     1.410089 -0.001189685     21479.35
        8144     0.999716     1.408245 -0.001222903     21478.18
        8146    0.9996598     1.406051 -0.001245406     21482.69
        8148    0.9994628     1.405933 -0.0007978883     21479.45
        8150    0.9991676     1.400126 -0.001162786     21481.74
        8152      0.99876     1.401862 -0.001432136     21480.47
        8154     0.998808     1.396748  -0.00105994     21481.75
        8156    0.9992456     1.394476 -0.001369237     21484.85
        8158    0.9985437     1.391646 -0.001575883     21485.01
        8160    0.9984723     1.390908 -0.001469603     21487.86
        8162    0.9986205     1.384141 -0.001159285     21490.95
        8164    0.9980607     1.382719  -0.00175268      21489.5
        8166    0.9977364     1.382372 -0.0006856937     21495.74
        8168    0.9972146     1.376886 -0.001286971     21492.04
        8170    0.9972202     1.378656 -0.001458603     21493.84
        8172    0.9968848     1.372424 -0.001038674     21491.19
        8174    0.9967835     1.370703 -0.001489644      21493.7
        8176    0.9967553     1.368577 -0.001056716     21493.77
        8178    0.9962578     1.366739 -0.001205653     21494.83
        8180    0.9961805      1.36397 -0.001196051     21497.64
        8182    0.9960777     1.361058 -0.001416433     21499.61
        8184     0.995632     1.359009 -0.001368286     21494.99
        8186    0.9954175     1.355407 -0.000923111     21497.82
        8188    0.9957004     1.353024 -0.0006052231     21501.48
        8190    0.9951785     1.353673 -0.001157659     21502.75
        8192    0.9949396     1.354167 -0.001264513     21501.85
        8194    0.9946183     1.346146 -0.001828179     21503.28
        8196    0.9945181     1.342907 -0.002161683     21503.62
        8198     0.994679     1.339048 -0.0007090332      21505.5
        8200    0.9939372     1.336873 -0.0009055473     21504.35
        8202     0.993509     1.340474 -0.0008667132     21506.24
        8204    0.9934017     1.335663 -0.0009378537     21505.47
        8206    0.9933529     1.332114 -0.001168007     21504.84
        8208    0.9934494      1.32937 -0.001142892      21505.5
        8210    0.9932227      1.33113 -0.001429743     21509.21
        8212     0.993233      1.32652 -0.0009894188     21509.87
        8214     0.992913     1.320676 -0.001398851     21510.47
        8216    0.9927271     1.321455  -0.00125844     21512.02
        8218    0.9927495     1.319939 -0.0007339227      21511.3
        8220    0.9921355     1.316452 -0.001548017      21514.7
        8222     0.992138     1.314805 -0.001277042     21514.52
        8224    0.9916346     1.309071  -0.00137371     21511.16
        8226    0.9912931     1.309723 -0.001641947     21515.09
        8228    0.9916752     1.305463 -0.001081489     21520.02
        8230    0.9916247     1.301669 -0.001608009     21515.92
        8232    0.9914978     1.300419 -0.001424556     21519.67
        8234    0.9908315     1.296858 -0.0008434591     21517.54
        8236     0.990649     1.294066 -0.001460026     21515.88
        8238    0.9903614     1.294921 -0.001142017        21521
        8240    0.9900315     1.288739 -0.001198014      21521.1
        8242    0.9901104     1.287722 -0.001669035     21521.59
        8244    0.9896495     1.284482 -0.001229717     21521.54
        8246    0.9894563     1.281569 -0.001140825     21518.83
        8248    0.9891608     1.278901 -0.001200461     21524.56
        8250    0.9890534     1.278596 -0.001029761     21520.34
