# This file has been produced by extranormal (v 1.0.1 - February 23, 2017)
# O. Roudenko - Synchrotron SOLEIL. Covered by GPL licence.
#Data from HDF File: /nfs/ruche-rock/rock-soleil/com-rock/2021/Projets/20210209_Hilde/InSitu/10Ni-10Fe_50BN/10Ni-10Fe_50BN_RWGS750_CO2pulses_H2cst_ratio1/10Ni-10Fe_50BN_RWGS750_CO2pulses_H2cst_ratio1_00275.nxs to 10Ni-10Fe_50BN_RWGS750_CO2pulses_H2cst_ratio1_00276.nxs
#Time at start=2021-02-10 14:42:38.997
#Time from start (seconds)=1372.92473798
#Sample temperature (C)=24.6
# Normalization -------------
# pivot spectrum: Pivot_Fe_10Ni-10Fe_50BN_RT_air_av2000_00001.txt
# E0=7112.0   Eshift=1.87999999414
# E0_pivot = 7112.0
# pre-edge params: from E0_pivot-140.0 to E0_pivot-20.0
# pre-edge range: [6972.0, 7092.0]
# post-edge params: from E0_pivot+100.0 to E0_pivot+1140.0
# post-edge range: [7212.0, 8250.0]
# I jump at E0_pivot = 1.24455386996
# shifted energy	normalized	reference	ref.derivative	I0
        6970  0.001916293     1.675342 -0.0008897849     18812.91
        6972  0.001916293     1.675342 -0.0008897849     18812.91
        6974  0.001590796     1.673464 -0.001616043     18820.16
        6976  0.001496378     1.669024 -0.000959136     18825.72
        6978  0.001334298      1.67218 -0.001278696     18835.91
        6980  0.001500853     1.667668  -0.00108126     18845.35
        6982 0.0008179692     1.663234 -0.001318953     18851.82
        6984  0.001043992     1.660374 -0.001731286     18857.99
        6986 0.0008734272     1.661628  -0.00212643     18868.51
        6988 0.0004240783     1.653818 -0.001882804     18873.94
        6990  0.000735948     1.646223 -0.001868645     18882.85
        6992 0.0003189637     1.645311 -0.0009647907     18892.02
        6994 0.0004645105     1.646679 -0.0006625062     18899.26
        6996 0.0003464814       1.6461 -0.001603083     18910.53
        6998  0.000262236     1.640923 -0.002186983     18915.22
        7000 0.0001892394     1.632487 -0.002405276     18923.51
        7002 -0.0003091005     1.629183 -0.001724103     18932.77
        7004 6.293519e-05     1.626858  -0.00081019     18940.32
        7006 -0.0005881572      1.62713 -0.001228094     18948.48
        7008 0.0001993504     1.626005 -0.001135214      18958.5
        7010 -0.0003097634     1.619358 -0.001649454     18964.19
        7012 -0.0008653084     1.617776 -0.001305961     18971.66
        7014 -0.0001647204     1.613934 -0.001233009     18983.66
        7016 -0.0008548193     1.615557 -0.001510211     18989.12
        7018 -0.0006784753     1.609494 -0.001690807     19001.95
        7020 -0.0008848883     1.605694  -0.00246181     19003.82
        7022 -0.0004304993     1.600408  -0.00222826     19011.61
        7024 -0.000641457     1.595863 -0.002638146     19019.58
        7026 -0.001061152     1.591668 -0.001836933     19030.54
        7028 -0.001025989     1.584589 -0.001552728     19037.24
        7030 -0.0007407956     1.585712 -0.001217528     19044.85
        7032 -0.001061679     1.583441 -0.001294073     19053.94
        7034 -0.001364256     1.581928  -0.00116949     19056.91
        7036 -0.001368035     1.574237 -0.000812627     19064.67
        7038  -0.00112701     1.576356 -0.001306642     19074.18
        7040 -0.001218355      1.57694 -0.0005492938     19083.24
        7042 -0.000527094     1.571475 -0.001787063     19095.23
        7044 -0.0009569372     1.569842 -0.001332663     19101.14
        7046 -0.000794339      1.56206 -0.001626634     19111.15
        7048 -0.001173447     1.566279 -0.001920496     19117.42
        7050 -0.000817374     1.558462 -0.001394151     19128.01
        7052 -0.0005768996     1.554478  -0.00269622     19133.83
        7054 -0.0005373051     1.550907 -0.001459628     19143.89
        7056 -0.0009427498     1.544709 -0.001742791     19153.17
        7058 -0.001442924     1.546785  -0.00161875      19158.6
        7060 -0.0004797322     1.540536 -0.001308043     19167.58
        7062 -0.0005368213     1.537957 -0.001992767     19174.37
        7064 -0.001034735     1.534245 -0.001332615     19179.91
        7066 -0.0001124633     1.530843 -0.0008816788     19188.46
        7068 -0.0002858927     1.529875 -0.0003667406     19193.61
        7070 0.0001014748     1.530903 0.0002988694     19204.56
        7072 -0.0002427925     1.531311 -0.001100397     19208.13
        7074 0.0002145886     1.533234 -0.001137035     19217.13
        7076 0.0001203383     1.521072 -0.002013803     19225.81
        7078  0.000658262     1.521807 -0.002925805     19233.13
        7080  0.001174968       1.5152 -0.001359459     19240.93
        7082  0.001106026     1.509827 -0.001616403     19250.99
        7084  0.001280944     1.510196 -0.001670153     19259.42
        7086  0.002116728     1.508876 -0.0009111625      19266.2
        7088  0.002079982     1.501839 -0.001683375     19274.22
        7090  0.001990909     1.502538 -0.001701252     19277.96
        7092  0.002731394     1.496729 -0.001104406     19287.79
        7094  0.003028392     1.495266 -0.0008796931     19293.92
        7096  0.004308304     1.493004 -0.0001087626     19304.49
        7098  0.004675724       1.4955 -0.000213047     19309.38
        7100  0.006149122     1.495859 -0.0003204677      19318.4
      7100.2  0.006222137     1.495636 -0.0003547284     19319.16
      7100.4  0.006295152     1.495412 -0.0003889891     19319.91
      7100.6  0.006368166     1.495189 -0.0004232498     19320.67
      7100.8  0.006441181     1.494966 -0.0004575105     19321.43
        7101  0.006514196     1.494743 -0.0004917712     19322.18
      7101.2   0.00658721     1.494519 -0.0005260318     19322.94
      7101.4  0.006660225     1.494296 -0.0005602925      19323.7
      7101.6   0.00673324     1.494073 -0.0005945532     19324.45
      7101.8  0.006806254     1.493849 -0.0006288139     19325.21
        7102  0.006919797     1.492096 -0.001234786     19327.21
      7102.2  0.006917103      1.49198 0.0001315978     19327.54
      7102.4    0.0071211      1.49211  0.005260875     19326.63
      7102.6  0.007450055     1.493585   0.00803033     19328.08
      7102.8  0.007773609     1.496305  0.003761502     19329.53
        7103  0.007975751     1.498404 -0.004744115      19330.4
      7103.2  0.008023571     1.495119 -0.009735018     19331.55
      7103.4  0.007966256      1.48979  -0.01342861      19331.9
      7103.6   0.00797282     1.488517  -0.01079671     19332.47
      7103.8     0.008223     1.487661 -0.006875245     19333.04
        7104  0.008514231     1.486482 -0.007591995     19332.92
      7104.2  0.008746538      1.48429 -0.004923732     19333.81
      7104.4  0.008895929     1.482443  0.003664933     19334.17
      7104.6  0.009149285     1.483722   0.01673179     19335.62
      7104.8  0.009244251     1.489414   0.02156561     19336.28
        7105   0.00946814     1.497675   0.02041512     19337.12
      7105.2    0.0099168     1.499696   0.01377351      19338.8
      7105.4    0.0104637     1.500054   0.00100831     19341.16
      7105.6    0.0108391     1.500433    -0.003716     19343.19
      7105.8   0.01105902     1.498482   -0.0062095     19342.92
        7106   0.01128602     1.496723  -0.00824727     19341.94
      7106.2   0.01155464     1.495087 -0.005221087     19342.55
      7106.4   0.01177428     1.493835  0.001150453     19342.31
      7106.6   0.01213844     1.494305  0.003527245      19344.7
      7106.8   0.01263232     1.497643   0.00381967     19345.71
        7107   0.01317518     1.497909  0.003169202     19345.44
      7107.2     0.013431     1.496891  0.001510105     19346.96
      7107.4   0.01359075      1.49684  0.006188465     19347.66
      7107.6   0.01392507     1.498852   0.01024981     19349.46
      7107.8   0.01454416     1.502859   0.01184701     19351.46
        7108   0.01531915     1.505091   0.01218598     19352.73
      7108.2   0.01613533     1.506318   0.01059935      19353.8
      7108.4   0.01689001       1.5086  0.009017397     19354.19
      7108.6   0.01736536     1.511339   0.00707548     19353.68
      7108.8   0.01763904     1.512305  0.004160037     19352.19
        7109   0.01807007     1.511978  0.004729125     19351.63
      7109.2   0.01898776     1.511928   0.01182103     19353.22
      7109.4   0.02015087     1.515122   0.01937126     19354.69
      7109.6   0.02132786     1.521761   0.02609527     19354.71
      7109.8   0.02265771     1.527475   0.02868369     19354.13
        7110   0.02410176     1.532805   0.03021586     19354.46
      7110.2   0.02558578     1.538069   0.03697293     19355.89
      7110.4   0.02743971     1.545934   0.04473312     19354.34
      7110.6   0.03000436     1.557054   0.05766267     19350.97
      7110.8   0.03320147     1.568591   0.07231025     19347.68
        7111   0.03708296     1.584199   0.09015127     19345.65
      7111.2    0.0420445     1.603782    0.1132339     19345.31
      7111.4   0.04807151     1.629175    0.1266502      19344.5
      7111.6   0.05506782     1.659178    0.1379911     19345.96
      7111.8   0.06304642     1.685519    0.1513657     19346.63
        7112   0.07213023     1.714175    0.1543401     19344.36
      7112.2   0.08187442     1.750267    0.1619916     19341.46
      7112.4   0.09168657      1.78265    0.1596352     19339.97
      7112.6    0.1013284     1.815113    0.1384039     19336.56
      7112.8     0.110392     1.841883     0.120065     19333.38
        7113    0.1187932      1.86099    0.1116492     19332.78
      7113.2    0.1266259     1.878702    0.1085736     19334.19
      7113.4     0.133661     1.904432    0.1054285     19333.53
      7113.6    0.1398588     1.928742    0.0988579     19332.53
      7113.8    0.1456981     1.945333   0.07724806     19333.07
        7114    0.1512183     1.957789   0.05871522     19332.36
      7114.2    0.1563922     1.966231    0.0577508      19331.5
      7114.4    0.1611186     1.975714   0.06104077     19332.77
      7114.6    0.1652288     1.991534   0.06700114     19333.93
      7114.8    0.1687628     2.006621   0.07113904     19332.61
        7115    0.1717417     2.019831   0.05557665     19331.07
      7115.2    0.1742859     2.032626   0.04069739     19331.26
      7115.4    0.1767744     2.035995   0.03919174     19331.14
      7115.6    0.1794401     2.039179   0.03532646     19334.01
      7115.8    0.1821346     2.051185   0.04105206     19335.62
        7116    0.1851407     2.060887   0.04024914      19335.1
      7116.2    0.1886793     2.068837   0.02859008     19333.69
      7116.4    0.1931003     2.071378   0.02400945     19334.21
      7116.6    0.1984602     2.074057   0.02217253     19336.89
      7116.8    0.2047901     2.080094   0.03006727     19336.12
        7117    0.2123028     2.086575   0.03555525     19333.98
      7117.2    0.2206069     2.095432   0.03748979     19333.32
      7117.4    0.2297595     2.102501   0.04318447     19334.34
      7117.6     0.239686     2.110086   0.04618356     19336.29
      7117.8    0.2506659     2.121122   0.05585535     19337.23
        7118    0.2630742     2.132379   0.06777838     19336.84
      7118.2    0.2766846     2.147185   0.07472434     19337.29
      7118.4    0.2914898     2.164309   0.09198842     19338.41
      7118.6    0.3078634     2.180902    0.1120995      19338.4
      7118.8    0.3260786      2.20597     0.119846     19338.76
        7119    0.3454242     2.236865    0.1161311     19338.57
      7119.2     0.365384     2.260186    0.1036254     19338.89
      7119.4    0.3866848     2.273807   0.09496911      19340.3
      7119.6    0.4095494      2.28887   0.09740433     19338.25
      7119.8    0.4331929      2.31284    0.1114047     19335.77
        7120    0.4569654     2.338109    0.1160021     19334.72
      7120.2    0.4802446      2.36293    0.1187381     19333.14
      7120.4     0.502585     2.381672    0.1372306     19333.79
      7120.6    0.5239601     2.407831    0.1438341     19335.81
      7120.8     0.543774     2.447894    0.1548957     19334.69
        7121    0.5620624     2.477998      0.14924     19333.68
      7121.2    0.5792189     2.505588    0.1291923     19334.81
      7121.4    0.5951579     2.527223    0.1207509      19335.5
      7121.6    0.6105746     2.551247    0.1024918      19336.1
      7121.8    0.6249744     2.574598    0.1042651     19335.28
        7122    0.6388607     2.587582    0.1097281     19335.41
      7122.2    0.6535317     2.610635   0.09765273     19334.95
      7122.4    0.6690203      2.63903   0.09760645     19335.61
      7122.6    0.6849624     2.652721   0.08120538     19335.45
      7122.8    0.7013039     2.665667   0.06508235     19335.24
        7123      0.71798     2.675599   0.07181636     19334.73
      7123.2    0.7354002     2.691096   0.07678247     19335.17
      7123.4    0.7534883     2.710174   0.07578159     19335.12
      7123.6    0.7711673     2.727093   0.07421578     19332.39
      7123.8    0.7885328     2.736224   0.08159486     19330.07
        7124    0.8070332     2.750468   0.07493438     19329.01
      7124.2    0.8257669      2.77545   0.07886027     19329.16
      7124.4    0.8434807     2.787041   0.08029216     19328.88
      7124.6    0.8603395     2.799313   0.04965619     19329.23
      7124.8      0.87629     2.814702   0.03294491     19328.88
        7125    0.8915308     2.815175   0.03945558     19328.96
      7125.2    0.9061658     2.813396   0.02638628     19329.54
      7125.4    0.9197022     2.830877   0.02406195     19330.22
      7125.6    0.9325685     2.835811   0.04471555      19328.7
      7125.8    0.9451617     2.834424   0.02356262     19326.38
        7126    0.9576708     2.849169   0.01457849     19326.84
      7126.2    0.9701402     2.849727   0.03753145     19329.07
      7126.4    0.9821493     2.847474   0.01954708     19329.61
      7126.6    0.9935542     2.864449   0.00943008     19327.15
      7126.8     1.005131     2.864807   0.01124601     19323.61
        7127      1.01747     2.857271   0.01928791     19321.24
      7127.2     1.030082     2.856471   0.04767565     19321.45
      7127.4      1.04272      2.87988   0.04726779     19321.33
      7127.6     1.055822     2.902947   0.07229874     19319.48
      7127.8     1.069532     2.895085     0.074121      19319.9
        7128     1.083437      2.91431   0.05341402     19321.14
      7128.2     1.097027     2.939176    0.1121461     19320.49
      7128.4     1.110709     2.945678    0.1547043     19319.39
      7128.6     1.124773     2.984802    0.1327467     19318.83
      7128.8     1.138439     3.038073    0.1060577     19320.44
        7129     1.151127     3.045374   0.04716249     19321.84
      7129.2     1.162318     3.030524  -0.01253322     19320.56
      7129.4     1.172856     3.022532   0.01436708     19319.57
      7129.6     1.182417     3.028047    0.1181969     19319.24
      7129.8     1.189599     3.056867    0.1159308     19318.86
        7130     1.194932     3.125082   0.06556226      19317.2
      7130.2     1.199232     3.115277   0.04674602     19315.38
      7130.4     1.202931     3.080496  -0.04374426      19313.8
      7130.6     1.205187     3.094264  -0.07785125     19310.37
      7130.8     1.206407     3.090087  -0.06026038     19310.19
        7131     1.207498     3.052996  -0.06803987     19310.19
      7131.2     1.208001     3.032288  -0.02559974     19308.61
      7131.4     1.208128     3.039832  -0.01882533     19307.61
      7131.6     1.207919     3.069607  -0.01711702     19306.35
      7131.8     1.207919     3.037936   0.02470034      19305.2
        7132     1.208194     3.018595   -0.0259215     19303.79
      7132.2     1.208025     3.059593   0.03131585     19302.53
      7132.4       1.2072      3.04887   0.06975507     19301.35
      7132.6      1.20603     3.062988   0.04030695     19300.61
      7132.8     1.204213     3.074399   0.05876191     19301.23
        7133     1.201987     3.091838  0.004900494     19302.13
      7133.2     1.199155     3.095879  -0.02905487     19302.16
      7133.4     1.195344     3.066909  -0.04800428     19302.73
      7133.6     1.190695     3.051155  -0.07018276     19303.59
      7133.8      1.18525     3.053435  -0.09674609     19304.54
        7134     1.179309     3.039733   -0.1365757     19304.65
      7134.2     1.173026     2.989512   -0.1284249      19305.8
      7134.4     1.166366     2.941894   -0.1028607     19306.41
      7134.6     1.159671     2.950695  -0.07949731     19307.14
      7134.8     1.152822     2.957444  -0.05895408      19309.6
        7135     1.145909     2.925914  -0.07643765     19311.45
      7135.2     1.139085     2.894731  -0.05176105     19313.58
      7135.4     1.132146     2.889545  0.001674109     19315.23
      7135.6     1.125201     2.916036   0.01906631     19316.42
      7135.8     1.118597     2.927253   0.03039899     19318.17
        7136     1.112346     2.909984   0.01583534     19319.33
      7136.2     1.106297     2.913864 -0.004544433     19320.33
      7136.4     1.100429     2.928704 0.0002565679     19319.81
      7136.6     1.094645     2.923618  -0.03086625     19316.71
      7136.8     1.089446     2.910189  -0.06503034     19311.21
        7137     1.084733     2.889171  -0.07084579     19302.06
      7137.2     1.080275      2.87668  -0.02196259     19286.79
      7137.4     1.076088     2.866941   0.05740884     19264.65
      7137.6     1.072304     2.892619    0.1060091     19231.34
      7137.8     1.069186     2.935098   0.08493734     19190.92
        7138     1.066107     2.961487   0.03423248     19149.75
      7138.2      1.06269     2.934891  -0.01279497     19115.34
      7138.4      1.05916     2.920005   -0.0245736     19092.62
      7138.6     1.055586     2.924862   0.02044373      19084.3
      7138.8       1.0527     2.941828   0.04255555     19087.34
        7139     1.050292     2.951246   0.03560609     19103.29
      7139.2     1.048026      2.95405  -0.02739012     19129.35
      7139.4     1.046227     2.953347  -0.04681892     19159.13
      7139.6     1.044659     2.919916  -0.03489048     19189.61
      7139.8     1.043297     2.913791 -0.006087834     19217.52
        7140     1.042101     2.926137   0.01103325     19241.48
      7140.2     1.041213     2.948477 -0.007018356     19264.52
      7140.4     1.040624     2.928743   -0.0107072     19285.11
      7140.6     1.040391     2.908176  -0.02174075     19299.29
      7140.8     1.039776     2.917571  0.008376294     19305.66
        7141     1.039074     2.931084   0.05184674     19310.27
      7141.2     1.038086     2.935444   0.07744644     19311.07
      7141.4     1.037203     2.949654   0.09408777     19307.38
      7141.6     1.036478     2.979529    0.1244546     19297.66
      7141.8     1.035645     3.006354    0.1396641     19281.05
        7142     1.034909     3.035007   0.09486946     19255.42
      7142.2     1.034022     3.061385   0.02926304     19218.48
      7142.4     1.032754     3.055424  -0.01749426     19177.81
      7142.6     1.031815     3.029765  -0.04653738     19139.62
      7142.8     1.031253     3.021012  -0.06228211     19107.15
        7143     1.030291     3.024155  -0.07014031     19086.15
      7143.2     1.029339     3.005598  -0.08789315     19080.11
      7143.4     1.028407     2.973652   -0.1159821      19090.1
      7143.6     1.026962     2.950697  -0.09273025     19114.58
      7143.8     1.025618     2.931369  -0.05407135     19149.78
        7144     1.024794     2.931414  -0.01738041     19192.49
      7144.2     1.023888     2.930395   0.01254139     19234.87
      7144.4     1.022914     2.936793  -0.03153136     19268.77
      7144.6     1.022218     2.941402  -0.01181434     19294.05
      7144.8     1.021155     2.906189   0.01837111     19311.81
        7145     1.019978     2.920944 0.0001034368      19321.6
      7145.2     1.018713      2.95149    0.0476729     19327.31
      7145.4     1.017464     2.941485   0.03587355     19332.36
      7145.6     1.016004     2.944328  -0.01402942     19337.67
      7145.8     1.014542     2.949643   0.03677221     19341.13
        7146     1.013078     2.940266   0.04877067     19343.52
      7146.2     1.011233     2.970903   0.07210632     19346.85
      7146.4     1.009417     2.983344    0.1081019     19349.65
      7146.6     1.007553     3.007328   0.06485143      19352.5
      7146.8     1.005751     3.026748    0.0369132     19354.82
        7147     1.003692     3.022784  -0.00587371     19356.63
      7147.2     1.001419     3.012875  -0.04708628     19358.28
      7147.4    0.9988741     3.002629  -0.03884072     19359.36
      7147.6    0.9958999     2.989079 -0.0008951037     19361.73
      7147.8      0.99309     2.991711   0.03377625     19363.61
        7148     0.990399     3.012159   0.05305301     19364.95
      7148.2    0.9876243      3.02965   0.05243024      19367.3
      7148.4    0.9850342     3.031521   0.04344157     19369.98
      7148.6    0.9819239     3.033656   0.03024902        19371
      7148.8     0.978384     3.046912   0.02299202     19371.47
        7149    0.9753953     3.053849  0.006497307     19371.95
      7149.2    0.9725898     3.049915  -0.00972602     19372.57
      7149.4    0.9696002     3.038854    0.0129808     19372.76
      7149.6    0.9666218     3.039131   0.06272374     19373.24
      7149.8    0.9640052     3.064234   0.09443458     19375.82
        7150    0.9616552     3.100094   0.07540182     19378.78
      7150.2    0.9588822     3.114401   0.03081628     19380.94
      7150.4    0.9560576     3.099452  -0.02407244     19381.43
      7150.6    0.9534696     3.088887  -0.02326802     19381.89
      7150.8     0.951042     3.080836    0.0224623     19383.65
        7151    0.9492198     3.095787   0.01027434     19384.21
      7151.2    0.9476691     3.117422  -0.01677501     19384.93
      7151.4     0.945781     3.097106  -0.02555091     19388.57
      7151.6    0.9439276     3.067416   -0.0178684     19391.12
      7151.8    0.9422092     3.075346   0.03632095     19392.17
        7152    0.9403444     3.103128   0.04645963     19392.36
      7152.2     0.938856     3.126163  -0.01849018     19391.69
      7152.4    0.9374707     3.104584   -0.0758165      19392.4
      7152.6    0.9359508     3.060554    -0.101559     19393.17
      7152.8    0.9351946     3.042474  -0.04753425     19394.93
        7153    0.9350317     3.044916   0.04356746     19396.68
      7153.2    0.9347562     3.066556   0.04382037     19395.71
      7153.4    0.9344468     3.095408   0.01799709     19393.64
      7153.6     0.934119     3.077531  -0.01932807     19394.17
      7153.8     0.934039     3.059313  -0.03575152     19396.34
        7154    0.9343586     3.051094 -0.005198371     19397.93
      7154.2    0.9346784     3.066807    0.0251499     19399.57
      7154.4    0.9351124     3.073372     0.081145     19401.59
      7154.6    0.9356063     3.079433   0.05039714     19402.64
      7154.8    0.9362969      3.11601   0.02680254     19402.54
        7155    0.9368968     3.107124   0.04088184      19403.9
      7155.2    0.9374103     3.094814 -0.007258317     19405.81
      7155.4     0.938391     3.112139  -0.01094952     19406.62
      7155.6    0.9396674     3.110203  0.004540422     19408.13
      7155.8    0.9406439     3.098365 -0.001859968     19409.85
        7156    0.9413884     3.098446 -0.008713903     19410.01
      7156.2    0.9423471     3.110651  -0.01672515     19409.95
      7156.4    0.9437846     3.103232   -0.0194712     19410.83
      7156.6    0.9456293     3.084985  -0.04088133     19411.99
      7156.8    0.9470911     3.082869  -0.02625652     19412.37
        7157    0.9480554     3.077946  0.006970948      19412.7
      7157.2    0.9492595     3.082227   0.01651961     19414.69
      7157.4    0.9505076     3.090561   0.02706726        19416
      7157.6    0.9512216     3.096085 -0.009282585     19417.12
      7157.8    0.9520409       3.0996  -0.04696761     19417.56
        7158    0.9531867     3.074801  -0.03913494     19416.78
      7158.2    0.9546823     3.052987  -0.05059439     19417.39
      7158.4    0.9558315     3.064777  -0.04308592     19418.31
      7158.6    0.9571976     3.059124   -0.0196919     19419.45
      7158.8    0.9585751     3.040332  -0.02848633     19422.26
        7159    0.9598913     3.037234   0.01934855      19424.2
      7159.2    0.9610659     3.041988   0.05565176      19424.1
      7159.4     0.961989     3.074603   0.02980337     19422.76
      7159.6    0.9627941     3.084853   0.00920165     19421.19
      7159.8    0.9634609     3.061076  -0.02406794     19420.07
        7160    0.9640364     3.049349  -0.02365802     19421.47
      7160.2     0.964645     3.055349   0.01173998     19422.82
      7160.4    0.9651507     3.065927   0.03712333     19423.59
      7160.6    0.9651801     3.070468   0.02195188     19423.85
      7160.8    0.9655045     3.079048 -0.006572766     19425.05
        7161    0.9664151      3.07291 -0.007365272      19426.5
      7161.2    0.9673131     3.060669  -0.02465038     19427.49
      7161.4    0.9681837     3.064576  -0.05053894     19429.88
      7161.6    0.9686213     3.059328  -0.06503902     19431.79
      7161.8    0.9689858     3.032479  -0.07297359     19430.76
        7162    0.9696434     3.008638  -0.05005691     19429.85
      7162.2    0.9701381     3.006197 -0.003823214     19430.58
      7162.4    0.9705113     3.019282   0.03319497     19431.03
      7162.6    0.9707345      3.02942   0.06593739     19432.29
      7162.8    0.9709459     3.035194   0.07206218     19434.13
        7163    0.9713613     3.058947   0.04319299     19434.86
      7163.2    0.9720906     3.076932   0.02977104     19434.43
      7163.4    0.9725936     3.063975 -0.003026607     19433.18
      7163.6    0.9727886      3.05901  -0.02571627     19433.49
      7163.8     0.973201     3.056526 0.0004041963     19434.51
        7164    0.9738298     3.056359   0.01328918     19433.89
      7164.2    0.9744575     3.064298   0.02671118     19434.49
      7164.4     0.975043     3.069642   0.03170401     19437.63
      7164.6    0.9757429     3.077895  0.004500354     19438.74
      7164.8    0.9761537     3.081722  -0.01829105     19439.57
        7165    0.9762715     3.067898  -0.03232911     19441.42
      7165.2    0.9766604     3.055009  -0.07443895     19443.05
      7165.4    0.9774133     3.052032  -0.06876887     19443.55
      7165.6     0.978056     3.022171    -0.017944     19442.89
      7165.8    0.9782879     3.012883 -0.009927788      19442.5
        7166     0.978611     3.040654   0.08106537     19442.91
      7166.2    0.9791977     3.044089    0.2088154     19442.53
      7166.4    0.9802269     3.087023    0.1743315     19442.63
      7166.6    0.9810864     3.179936   0.02067795     19440.32
      7166.8    0.9816841     3.180119   -0.1375849     19438.57
        7167    0.9820687     3.060632   -0.2496953     19439.58
      7167.2    0.9822539     2.976955   -0.2262073     19441.03
      7167.4    0.9826252     2.980179  -0.06090437     19441.73
      7167.6    0.9833215     2.999153   0.03357928     19442.13
      7167.8    0.9840095     3.011908   0.03580782     19442.73
        7168    0.9847785     3.003819   0.04865983     19442.94
      7168.2    0.9856989     3.008826  0.008101683     19443.51
      7168.4     0.986332     3.038081  -0.01959639     19443.59
      7168.6    0.9873024      3.01839  -0.03734243     19443.23
      7168.8    0.9886267     2.988142  -0.06128376     19443.76
        7169    0.9897049     2.978952   0.01518929     19444.95
      7169.2    0.9906884     2.989054   0.08074081     19445.72
      7169.4    0.9914268     3.030541   0.01582641     19445.91
      7169.6    0.9916616     3.052734  -0.05015496      19446.9
      7169.8    0.9915018     2.991613  -0.08853908     19446.85
        7170    0.9913862      2.94893   -0.1032133     19446.98
      7170.2    0.9920968      2.95971  -0.03011811     19447.69
      7170.4    0.9927668     2.970164   0.01230962     19448.39
      7170.6    0.9933428     2.967518  0.008388887      19449.3
      7170.8    0.9939893     2.958778   0.00380525     19448.01
        7171    0.9947193     2.966421 -0.003823145      19448.1
      7171.2    0.9955487     2.973208   -0.0083567     19447.79
      7171.4    0.9965394      2.96446  -0.03918509     19447.85
      7171.6     0.997394     2.952092  -0.04337822     19448.65
      7171.8    0.9980496     2.935073  -0.02307638     19449.89
        7172    0.9986618     2.938505  -0.03053568     19452.63
      7172.2     0.999445     2.945999   -0.0262872      19454.8
      7172.4     1.000112     2.927664  -0.03030564     19455.55
      7172.6     1.000675     2.914043 -0.008899384     19457.81
      7172.8     1.001239     2.914261   0.03973649     19458.54
        7173      1.00173     2.938879   0.05235413     19456.98
      7173.2     1.002355     2.959453   0.05221635        19458
      7173.4     1.002929     2.955926   0.02022995     19459.42
      7173.6      1.00336     2.956034  -0.00659463     19459.89
      7173.8     1.003953     2.955063  0.005478378     19460.94
        7174     1.004512     2.954177   0.05640966     19460.57
      7174.2     1.004647     2.960309      0.08685     19459.93
      7174.4     1.004577     3.001162   0.07914532      19460.7
      7174.6     1.004885     3.024543   0.04772323      19462.1
      7174.8       1.0054     3.017493  -0.06979902     19463.38
        7175     1.005754     2.998488   -0.1154165     19463.49
      7175.2     1.006274     2.945322  -0.07733849     19464.66
      7175.4     1.006759      2.93221  -0.05747968     19466.11
      7175.6     1.007136     2.955623  -0.01130521     19466.37
      7175.8     1.007421     2.952504  -0.01015481     19468.18
        7176     1.007283     2.936278  -0.07916106     19470.92
      7176.2     1.007513     2.924086    -0.097339     19471.25
      7176.4     1.007566     2.892294  -0.08095928     19469.88
      7176.6     1.007193     2.874633  -0.08915838     19469.72
      7176.8     1.007299     2.871511  -0.05696964     19470.69
        7177       1.0078     2.852759  -0.03388696     19471.57
      7177.2     1.008134     2.846718  -0.01949183     19472.36
      7177.4     1.008172     2.847523   0.03928433     19472.09
      7177.6     1.007872     2.855917   0.07896736     19473.14
      7177.8     1.007512     2.884187   0.04698942     19474.56
        7178     1.007448     2.909892 -0.002727826     19476.03
      7178.2     1.007363     2.885115  -0.01847395      19477.5
      7178.4     1.007215     2.853735  -0.02430341     19478.67
      7178.6     1.006964     2.869408   0.03262007     19479.39
      7178.8     1.006467     2.890449   0.06216426     19479.35
        7179     1.006179     2.911211  -0.02492627     19479.48
      7179.2     1.006217     2.903466  -0.07925062     19479.87
      7179.4     1.006503     2.849467   -0.1029151     19480.61
      7179.6     1.006691     2.827049  -0.09338994     19480.23
      7179.8     1.006483     2.828879  -0.02929934     19481.31
        7180     1.006533     2.828755 -0.004978458     19481.27
      7180.2     1.006661     2.826027  -0.01875254     19481.07
      7180.4     1.007034     2.823066 -0.004905339      19482.6
      7180.6     1.007542     2.813877   0.02902164     19484.22
      7180.8     1.007641      2.82483   0.05781866     19485.55
        7181     1.007557     2.849244   0.04167702     19487.13
      7181.2     1.007725     2.869321 -0.004790104      19488.1
      7181.4     1.007833     2.847218  -0.03316244     19486.59
      7181.6      1.00808     2.820998  -0.07947662     19487.12
      7181.8     1.008201     2.822715  -0.06842349      19489.3
        7182     1.008319      2.80574 -0.004624301     19489.59
      7182.2     1.008257     2.792479   0.03017374     19489.33
      7182.4     1.008145     2.817299   0.04373767     19488.77
      7182.6     1.008244     2.846854   0.05237144     19488.14
      7182.8     1.008266      2.84073   0.02928333     19490.82
        7183     1.008454     2.834377 -0.007844886     19493.85
      7183.2     1.008803     2.840725   0.01018118     19495.61
      7183.4     1.009278     2.840578   0.02567336      19498.4
      7183.6     1.009822     2.848875  0.001776527     19500.04
      7183.8      1.01008     2.854915 -0.008928925      19500.7
        7184     1.010353     2.842147   -0.0126645     19502.31
      7184.2      1.01078     2.833434  -0.01748217     19503.06
      7184.4     1.011084     2.838743   0.01274108     19504.26
      7184.6     1.011112      2.84093   0.05618914     19506.35
      7184.8      1.01086     2.852339   0.04796271     19504.74
        7185      1.01092     2.878386   0.04407562     19503.12
      7185.2     1.011225     2.877113   0.03763122     19504.27
      7185.4      1.01153      2.87619    0.0140976     19505.56
      7185.6     1.011556     2.882444   0.01500088     19504.66
      7185.8     1.011514     2.889664    0.0128935     19505.09
        7186     1.011135     2.889114   0.01006784     19505.82
      7186.2     1.010769     2.886505  0.007945707     19504.85
      7186.4     1.010893     2.890499 -0.005546576      19505.6
      7186.6     1.011027      2.89602  0.006243763     19505.92
      7186.8     1.011387     2.884677   0.01462506     19506.18
        7187     1.012014       2.8915   0.00329669     19509.05
      7187.2     1.012352     2.902199  0.009267331     19509.89
      7187.4     1.012577     2.898658 0.0008989392     19510.78
      7187.6     1.012535     2.892091  -0.00821965     19512.75
      7187.8     1.012525     2.892219 -0.001359675     19514.08
        7188     1.012599     2.895623   0.01536397     19513.43
      7188.2       1.0125      2.89757   0.02729267     19511.97
      7188.4      1.01253     2.904382   0.02831324     19512.78
      7188.6     1.012663     2.914053   0.02581219     19515.43
      7188.8     1.012798     2.918274   0.02414517      19517.4
        7189     1.013067      2.91822   0.02233458     19517.93
      7189.2     1.013419     2.923698   0.02920277     19519.14
      7189.4     1.013583     2.931921   0.04968888     19520.29
      7189.6     1.013433     2.941636   0.04597476        19520
      7189.8     1.013206     2.957971   0.02689988     19520.91
        7190      1.01289     2.960478   0.02388167     19522.48
      7190.2     1.012358     2.953441 -0.006897829     19523.08
      7190.4     1.012109     2.960741 -0.009369592     19522.72
      7190.6     1.012387     2.952453  -0.01590611     19522.13
      7190.8     1.012796     2.952982  -0.04890365     19523.29
        7191     1.013074     2.940716  -0.01995662     19523.12
      7191.2     1.013034     2.921618   0.01854888     19522.99
      7191.4      1.01282     2.936487   0.04249203     19526.01
      7191.6     1.012781     2.967821   0.06197051     19527.02
      7191.8     1.012765     2.974709   0.05330052     19528.59
        7192      1.01261     2.971195     0.013861     19530.71
      7192.2     1.012642     2.979128  -0.02260282     19530.04
      7192.4     1.012588      2.97891  -0.01867245      19530.8
      7192.6     1.012485     2.956627  -0.01213451     19531.76
      7192.8     1.012582     2.956257  -0.01721325     19532.35
        7193     1.012716      2.96942   0.01284054     19533.44
      7193.2     1.012786     2.965139   0.02176064     19534.19
      7193.4     1.012773       2.9669   0.01691207     19535.28
      7193.6     1.012831     2.973665   0.03246128     19536.84
      7193.8     1.012657      2.98295   0.03316906     19537.39
        7194      1.01257     2.991108    0.0402118     19536.51
      7194.2     1.013212     2.993435   0.01498331     19537.29
      7194.4     1.013587     3.005835  -0.00403201     19539.33
      7194.6     1.014135     2.994936    -0.011104     19541.88
      7194.8     1.014615     2.987883  -0.00876165     19543.95
        7195     1.014528     2.984552   0.03780766     19545.13
      7195.2     1.014335     2.998825   0.05458959     19544.55
      7195.4     1.013967     3.025183   0.05625429     19543.58
      7195.6     1.014075     3.031554 -0.004469901     19546.63
      7195.8     1.014356     3.029555  -0.02724771     19548.95
        7196     1.014015     2.995249  -0.02639519     19549.35
      7196.2     1.013856     3.003384  -0.05280886      19549.5
      7196.4     1.014462     3.010438  -0.01438978     19549.66
      7196.6     1.015301     2.987308 -0.004251066      19548.4
      7196.8     1.016203     2.983738   -0.0195682     19547.52
        7197     1.016602     2.999984 -0.006038242     19547.24
      7197.2     1.016578     2.994784  -0.00470882     19548.56
      7197.4     1.016411     2.982477  -0.02729018     19549.88
      7197.6     1.016422     2.979971  -0.01144507     19551.21
      7197.8     1.016594     2.978151   0.00531013     19551.89
        7198     1.016669     2.985628  -0.01033449     19550.87
      7198.2     1.016909     2.986726   -0.0276066      19552.1
      7198.4     1.017161     2.971703  -0.05673547     19554.77
      7198.6     1.016889     2.956066  -0.08064969     19556.66
      7198.8      1.01634     2.940239  -0.05558633     19558.34
        7199     1.016515     2.922206   0.01150221     19558.42
      7199.2      1.01702     2.927234   0.02612097     19557.57
      7199.4     1.017558     2.965268   0.02154542     19558.73
      7199.6     1.017898     2.961136  -0.01171754     19559.28
      7199.8     1.018158     2.939442  -0.04053335      19559.8
        7200     1.018388      2.91786 -0.007921521      19560.9
      7200.2     1.018446     2.932841  0.002637889     19563.65
      7200.4     1.018508     2.954799    0.0359864     19565.32
      7200.6     1.018463     2.941552  0.008027077     19566.84
      7200.8     1.018594     2.946649  -0.03421275     19569.22
        7201      1.01863     2.939263  -0.04086669     19570.48
      7201.2     1.018287     2.927429  -0.08093893     19568.46
      7201.4     1.018014     2.908859  -0.06862795     19567.45
      7201.6     1.017967     2.881898  -0.03037608     19568.68
      7201.8     1.017907     2.884361  0.001286794     19569.32
        7202     1.018448     2.903128    0.0152704     19571.19
      7202.2     1.019097     2.909889   -0.0183751     19570.86
      7202.4     1.019353     2.894114  -0.05986945     19569.14
      7202.6     1.019427      2.86966  -0.07881662     19570.31
      7202.8     1.019299     2.855232  -0.05607569     19571.91
        7203     1.019324     2.846835  -0.01930054     19574.27
      7203.2     1.019214     2.849254  -0.01190637     19576.43
      7203.4     1.019215      2.85422 -0.006852225     19577.44
      7203.6     1.019312     2.845707  -0.00338044     19577.66
      7203.8     1.019102     2.841353 -0.004807052     19576.97
        7204     1.018643     2.846549   0.01874834     19577.34
      7204.2     1.018574     2.850374   0.04255391     19578.31
      7204.4     1.019016     2.860706   0.04028226     19578.16
      7204.6     1.019434     2.875397  -0.01154003     19579.44
      7204.8     1.019418     2.878775  -0.03799795     19581.19
        7205     1.019308     2.841142  -0.04735358     19581.58
      7205.2     1.019188     2.830307  -0.03995025     19582.01
      7205.4     1.019151     2.837514  0.004596744     19582.51
      7205.6     1.019105     2.846815 -1.485631e-05     19585.58
      7205.8      1.01917      2.84482  -0.03612766     19587.26
        7206     1.019127     2.830296  -0.05116745     19585.72
      7206.2     1.019086     2.808612  -0.03487736     19584.42
      7206.4     1.019527     2.805881  -0.02946712     19584.68
      7206.6     1.019914     2.816918  -0.01396215     19585.45
      7206.8     1.019726     2.806722   -0.0113942     19585.98
        7207     1.019672     2.797442  -0.03306522      19586.4
      7207.2     1.020178     2.796766  -0.02093639     19587.09
      7207.4     1.020407     2.790466 -0.003981775     19587.89
      7207.6     1.020167     2.789973  -0.01141994     19588.71
      7207.8     1.020112     2.794256  -0.01531835     19590.96
        7208     1.020141      2.78763  -0.02574124     19592.96
      7208.2     1.020265     2.778211  -0.03127685     19595.45
      7208.4     1.020192      2.76938  -0.01583031     19596.51
      7208.6     1.019892     2.769235  0.007868058      19595.8
      7208.8     1.019731     2.774965   0.04185299     19596.26
        7209     1.019062     2.784505   0.05403054     19595.94
      7209.2     1.018736     2.802862   0.05686818     19596.71
      7209.4     1.018982     2.812459   0.04627605     19598.01
      7209.6     1.019331      2.82046  0.007736791        19600
      7209.8     1.019431     2.821526  -0.00668453     19600.57
        7210     1.019697     2.809052  -0.01011567     19601.64
      7210.2     1.019791     2.807112 -0.003437419     19601.79
      7210.4     1.019635     2.812367   0.04285789     19600.84
      7210.6     1.019875     2.818776    0.0678503     19600.29
      7210.8     1.020241     2.843338    0.0589354     19599.59
        7211     1.020058     2.861392   0.04613923     19600.12
      7211.2     1.019451     2.859516   0.01268922     19601.36
      7211.4      1.01876     2.855688  -0.00509056     19602.98
      7211.6     1.018004     2.853489  -0.00295937     19604.45
      7211.8     1.017652      2.85732   0.01316927     19605.67
        7212     1.017595     2.857148   0.02847278      19607.3
      7212.2     1.017285     2.866223   0.04139314     19606.12
      7212.4     1.017197     2.876268   0.06140271     19606.54
      7212.6     1.017102     2.890434   0.02662268     19606.17
      7212.8     1.017034      2.90627   0.01578873     19608.34
        7213     1.016937     2.887521   0.04240398     19612.04
      7213.2     1.016531     2.888898    0.0336912     19614.55
      7213.4     1.015974     2.924357   0.07172672     19614.22
      7213.6     1.015967     2.933223    0.0948881     19614.24
      7213.8     1.015837     2.944903   0.05066131      19614.9
        7214      1.01551     2.964809    0.0577146     19613.47
      7214.2     1.015488     2.964886   0.06235116     19613.89
      7214.4     1.015268     2.979395   0.03883327      19616.2
      7214.6     1.014895     2.994784   0.03226253     19617.82
      7214.8     1.014402     2.995876    0.0283129     19617.23
        7215     1.013568     2.990696   0.02824183     19615.85
      7215.2     1.012841     3.002045   0.02770003     19615.66
      7215.4     1.012811     3.017377   0.05698429     19617.29
      7215.6     1.013127     3.018036   0.05002092     19619.59
      7215.8     1.013002     3.036284   0.01992595        19619
        7216     1.012584     3.042062  0.005032712     19618.79
      7216.2     1.012339     3.033318  -0.03330895     19622.37
      7216.4     1.012528     3.022062  -0.06182283     19623.82
      7216.6     1.012716     3.009637  -0.05734117      19622.6
      7216.8     1.012473     2.992604  -0.02227702     19623.39
        7217     1.012319     2.987445   0.03582476     19624.49
      7217.2     1.011957      3.00424   0.06256615     19625.13
      7217.4     1.011397     3.038296   0.07155669      19624.5
      7217.6     1.011062     3.042657   0.04180103     19625.31
      7217.8     1.010978      3.04469   0.01571489      19628.4
        7218     1.010898     3.037681   0.03485572     19630.04
      7218.2     1.010749     3.050868   0.03555896     19630.02
      7218.4     1.010457     3.070541    0.0369986     19630.76
      7218.6     1.010216     3.073137   0.03585188     19631.07
      7218.8     1.009909      3.06728   0.06240301     19629.58
        7219     1.009397      3.07955   0.08924269     19630.74
      7219.2     1.009407     3.120464    0.1052078     19633.86
      7219.4     1.009578     3.144532    0.1148048     19633.99
      7219.6     1.009222     3.151446   0.06500642     19632.99
      7219.8     1.008924     3.171394  0.005193864      19632.3
        7220     1.008688     3.172469   0.01459891     19631.73
      7220.2     1.008317     3.148687  0.008586674     19633.19
      7220.4     1.007943     3.163125  -0.02140233     19634.69
      7220.6     1.007797     3.178263 -0.007219569     19635.41
      7220.8     1.007575     3.155347  -0.02010401     19635.26
        7221     1.007251     3.142911  -0.07340311     19634.78
      7221.2     1.007087     3.147042  -0.07440814     19634.73
      7221.4     1.006806     3.119541  -0.04653223     19636.93
      7221.6     1.006536      3.09582  -0.07741205     19638.82
      7221.8     1.006308     3.105685  -0.06813256     19640.26
        7222     1.006071     3.085112  -0.03441672     19643.42
      7222.2     1.005702     3.065034  -0.03351054     19646.17
      7222.4     1.004976     3.068287 -0.001963696     19644.86
      7222.6     1.004499     3.078877   0.03488088     19643.09
      7222.8     1.004582     3.083541   0.03908922      19643.8
        7223     1.004743     3.092939  0.009246491     19644.45
      7223.2     1.004666     3.099558  -0.00583714     19644.69
      7223.4     1.004439     3.086274 -0.003188775     19645.42
      7223.6     1.004124     3.078872  0.002518393     19646.84
      7223.8     1.003809     3.090388 -0.0007935453     19647.98
        7224     1.003846     3.101573 -0.007869008     19648.46
      7224.2     1.004071     3.085639  -0.02486653     19650.19
      7224.4     1.004093     3.072577   -0.0171068     19650.27
      7224.6     1.004087     3.070495 -0.0003402998     19649.82
      7224.8     1.004152     3.087888 -5.378014e-05     19651.21
        7225     1.003881     3.085367   0.01886934     19653.68
      7225.2     1.003197     3.072533  0.007648814     19654.89
      7225.4     1.002889      3.08559 -0.007512067     19655.39
      7225.6     1.002525     3.094007  -0.02314043     19656.76
      7225.8     1.001991     3.079357  -0.06902548     19658.32
        7226     1.001711     3.054021  -0.09526357      19657.6
      7226.2     1.001474      3.03037   -0.1005966     19656.24
      7226.4     1.001217     3.017796  -0.09160435     19656.47
      7226.6     1.000904      2.99888  -0.07341954     19658.53
      7226.8     1.000448     2.980738  -0.07879939     19659.12
        7227     1.000015     2.971634  -0.06939309     19659.57
      7227.2    0.9997952     2.954756  -0.03681935     19662.08
      7227.4    0.9995005     2.943366  -0.02008909      19661.6
      7227.6    0.9991755     2.951282 -0.005561304     19660.07
      7227.8    0.9992505     2.955563    0.0140734     19661.69
        7228    0.9993425     2.950307 -0.008433364     19662.38
      7228.2    0.9991818     2.954624  -0.04089162     19662.21
      7228.4     0.998571     2.944535  -0.03611688     19661.87
      7228.6    0.9980981      2.92285  -0.03068434     19662.01
      7228.8    0.9979852     2.921414  -0.03834353     19662.18
        7229    0.9978222     2.930077  -0.04903749     19664.48
      7229.2    0.9978478     2.913861  -0.03725808     19667.61
      7229.4     0.997895      2.88362  -0.02378046     19667.07
      7229.6    0.9977594     2.891607   0.02186472     19666.82
      7229.8    0.9976098     2.911052   0.05363661     19667.28
        7230    0.9972482     2.931352   0.01780222     19669.02
      7230.2    0.9965183     2.926529 -0.004982872     19670.98
      7230.4    0.9956087     2.905849  -0.03791975     19672.18
      7230.6    0.9949167     2.907066   -0.0529556     19671.56
      7230.8    0.9946535     2.901017  -0.03665329     19671.88
        7231    0.9943341     2.884165  -0.05731901     19673.53
      7231.2    0.9940516     2.876527  -0.06665312     19673.03
      7231.4    0.9942182     2.861211  -0.05292392     19672.78
      7231.6    0.9942996     2.847694  -0.07009927     19673.58
      7231.8    0.9940755     2.841826  -0.06540073      19673.9
        7232     0.993704     2.820447  -0.06034273      19672.6
      7232.2    0.9934812      2.80889  -0.06227827     19672.85
      7232.4    0.9931273      2.79942  -0.02501617     19675.05
      7232.6    0.9929686     2.792003 -0.008076493     19677.24
      7232.8    0.9927611     2.800434  0.001733371     19678.45
        7233    0.9923591     2.802429 -0.006107506     19679.67
      7233.2    0.9924242     2.800807  -0.04064663     19681.41
      7233.4    0.9925327     2.787117  -0.04351951     19680.94
      7233.6    0.9924091     2.767917  -0.03800374     19679.37
      7233.8    0.9923322     2.767614  -0.03113681     19678.68
        7234    0.9925209     2.770404  -0.01303153     19680.36
      7234.2    0.9926269     2.762207 -0.007348215     19681.72
      7234.4    0.9925117     2.757492  -0.01032943     19683.46
      7234.6     0.992344     2.761735 -0.004282387     19685.59
      7234.8    0.9920977      2.76214  0.009284485     19684.93
        7235        0.992     2.758782  0.004599814     19685.26
      7235.2    0.9920707     2.764919  -0.01773898     19687.32
      7235.4    0.9919398     2.765415  -0.02335642     19687.33
      7235.6    0.9917079     2.747949  -0.03760507     19687.63
      7235.8    0.9915637     2.740096  -0.05803599     19689.04
        7236    0.9912873     2.734835  -0.05967622     19689.11
      7236.2    0.9912717     2.718986  -0.06878203     19688.26
      7236.4    0.9911921     2.700208  -0.07464235     19688.91
      7236.6    0.9909091     2.685071  -0.04022827     19688.86
      7236.8    0.9909232     2.675121  0.008950721     19690.45
        7237    0.9908468     2.686803   0.07455214     19692.54
      7237.2    0.9904874     2.707369    0.1022615     19693.92
      7237.4    0.9901527     2.744713   0.06549529     19693.56
      7237.6    0.9901575     2.756931   0.02465926     19692.21
      7237.8    0.9899677       2.7392  -0.02124279     19690.72
        7238    0.9898139     2.727096   -0.0420671     19692.01
      7238.2    0.9902259     2.727718  -0.03033706     19695.84
      7238.4    0.9906849     2.723277  -0.01209092      19697.6
      7238.6    0.9907757      2.71493  -0.01025821     19697.82
      7238.8    0.9907212     2.717423    0.0145218     19699.26
        7239    0.9907924     2.719512   0.03560867     19701.36
      7239.2    0.9909882     2.734894   0.03118081     19701.96
      7239.4     0.991487     2.743417   0.02590583     19701.63
      7239.6     0.991907     2.742368  -0.01952823     19702.71
      7239.8    0.9920122     2.740236  -0.03904129     19705.98
        7240    0.9917378     2.719272  -0.03533897     19706.59
      7240.2    0.9918503     2.712184  -0.03896682     19706.22
      7240.4    0.9923539     2.714097  -0.01207606     19706.84
      7240.6    0.9922334     2.709063   0.02755685     19708.09
      7240.8    0.9918507     2.709611   0.03306379     19707.73
        7241    0.9916771     2.734229    0.0447594     19706.75
      7241.2    0.9920183     2.740548   0.06232653     19708.25
      7241.4     0.992246      2.74487   0.01030066     19708.92
      7241.6    0.9923959     2.759472  -0.02348073     19707.58
      7241.8    0.9928577      2.74247  -0.02010346     19709.09
        7242    0.9931646     2.721763  -0.02154342     19712.41
      7242.2    0.9933377     2.728788   0.01475483     19713.17
      7242.4    0.9935951     2.742237   0.05822575     19713.76
      7242.6    0.9939174     2.754274   0.06245074     19715.59
      7242.8    0.9941492     2.768344   0.04420746     19715.79
        7243    0.9942335     2.778748   0.01065789     19715.71
      7243.2    0.9944496     2.777603  -0.01951391     19715.99
      7243.4     0.994397       2.7628  -0.03864135     19714.66
      7243.6    0.9942724     2.752733  -0.03871878     19713.69
      7243.8    0.9943142     2.747835 -0.001445468     19714.71
        7244    0.9944797     2.746628   0.02948289     19716.06
      7244.2    0.9950781     2.761644   0.03703903     19717.91
      7244.4    0.9957433     2.776319   0.03583697     19717.98
      7244.6    0.9959764     2.777466   0.03386929      19717.9
      7244.8    0.9957515     2.775298   0.03185044     19719.55
        7245    0.9952938     2.788739   0.01808991     19720.69
      7245.2    0.9952024     2.801799 -0.002056031      19721.4
      7245.4    0.9953659     2.791938  -0.03531463     19721.86
      7245.6    0.9958325     2.773653  -0.06432121     19721.52
      7245.8    0.9966427     2.760487  -0.05313326     19723.01
        7246     0.997045     2.750342  -0.02202344     19725.74
      7246.2    0.9972258     2.749432  -0.01926452     19725.71
      7246.4    0.9974116     2.756034  -0.02047463     19725.84
      7246.6    0.9975128     2.745076  -0.01760097     19727.83
      7246.8    0.9972892     2.733963  -0.03220368      19727.5
        7247    0.9967347     2.735351  0.000166167     19728.26
      7247.2      0.99644     2.730271   0.03363967     19728.33
      7247.4    0.9966413     2.745209   0.03889533     19726.65
      7247.6    0.9970985     2.760874   0.05747882     19728.42
      7247.8    0.9971732     2.766467    0.0634132     19730.02
        7248    0.9974034     2.776254   0.07840659        19729
      7248.2    0.9978797     2.795939   0.07859579     19730.07
      7248.4    0.9984316       2.8236   0.05524975     19732.14
      7248.6    0.9989074     2.829344   0.03240713     19733.05
      7248.8    0.9992184     2.820454 -4.381364e-05     19735.66
        7249     0.999505     2.821865  -0.01688782     19737.78
      7249.2    0.9996043     2.823565  -0.02562211     19737.75
      7249.4    0.9996093     2.815834  -0.04510486     19737.58
      7249.6    0.9998687     2.799957  -0.05786868     19736.48
      7249.8     1.000192     2.785781  -0.06304808        19736
        7250     1.000272      2.77727  -0.06252316     19736.36
        7252     1.002726     2.809511 -0.003142491     19743.28
        7254     1.005752      2.79726 -0.008096798     19752.83
        7256      1.00774     2.755934 -0.006857543     19760.42
        7258     1.009645     2.728064 -0.007736568     19762.84
        7260     1.012701     2.754651  0.002344645     19773.28
        7262     1.015402     2.735368   0.01044136      19779.1
        7264     1.017306     2.774691 -0.0003938671     19790.15
        7266     1.017586     2.811595  0.003889529     19793.62
        7268     1.018743       2.7515  0.004168785     19801.58
        7270     1.018736     2.766484  0.001325779     19803.37
        7272     1.018997     2.808041      0.01097     19812.69
        7274     1.019168     2.822201   0.01014945     19820.25
        7276      1.01845      2.83926  0.006556981     19824.36
        7278     1.017602     2.847679  0.004240395     19837.17
        7280     1.016792     2.860497  0.009139479     19836.57
        7282     1.016001     2.856124  0.002651087     19842.56
        7284     1.014234     2.912376  0.007497981     19852.61
        7286     1.013168     2.868888  0.005743525     19857.22
        7288     1.010701     2.920481 -0.005738447     19863.38
        7290     1.009175     2.902072 -0.005110847     19872.39
        7292     1.007717     2.866468  -0.01586354     19878.07
        7294     1.007304     2.828001  -0.01630033     19890.48
        7296     1.005002     2.793572  -0.01621171     19896.91
        7298     1.004359      2.77167  -0.01404748     19899.28
        7300     1.003991     2.736774  -0.01315086     19904.07
        7302     1.003244     2.715621 -0.009846158     19911.31
        7304     1.003177     2.688366  -0.01117526     19919.44
        7306     1.002824       2.6929 -0.008560857     19929.85
        7308     1.002644     2.647372 -0.0009032147     19928.71
        7310     1.002156     2.647135 -0.004457902     19940.09
        7312     1.001896      2.68114  0.001597241     19944.74
        7314     1.002173     2.657237  0.001071711     19950.77
        7316     1.002486      2.66015 -0.006549234     19958.55
        7318      1.00111     2.655708 -0.001783722     19963.56
        7320     1.001333     2.628746 -0.007627772     19971.28
        7322     1.002322     2.642967 -0.004167234     19977.99
        7324     1.000977     2.599128  0.000935337     19982.48
        7326     1.001284      2.62237 -0.003013627     19991.44
        7328     1.001473     2.636229  0.002859857     19994.45
        7330     1.001724     2.618858 -4.284963e-05     20003.35
        7332     1.000798     2.622007 -0.009555037     20009.65
        7334     1.000865     2.622028 -0.004279584      20014.9
        7336    0.9998624     2.559788 -0.003100035     20021.47
        7338     1.000307     2.584622 -0.004426262     20029.67
        7340     1.000093     2.597207  0.006042921     20032.07
        7342     1.000301     2.586617  0.007253475      20037.5
        7344     1.000269     2.608132  0.003848507     20041.09
        7346     1.001001     2.642649  0.005191406     20050.08
        7348     1.000169     2.627995  0.008584197     20052.58
        7350     1.000574     2.628149  0.006379483     20061.65
        7352     1.000785     2.676805  0.007286191     20068.61
        7354      1.00001     2.693685  0.009665216     20072.63
        7356     1.000338     2.686284  0.008254252     20081.26
        7358    0.9999999      2.70547  0.003327329     20088.35
        7360     1.000679     2.742839  0.006823716     20095.52
        7362      1.00084     2.720304 -0.0003675845     20102.05
        7364     1.001358     2.740874  -0.00529288      20108.4
        7366     1.001335      2.70253 -0.002017284     20113.58
        7368     1.001428     2.700496 -0.005930274     20122.23
        7370    0.9997851     2.704166 -0.004763962     20127.77
        7372     1.000786     2.693432 -0.007611206     20129.28
        7374     1.000063     2.664418  -0.01338419     20136.59
        7376     1.000671     2.639607  -0.01634788     20144.22
        7378      1.00016     2.597092  -0.01686474     20143.85
        7380     0.999806     2.562649  -0.01423671     20151.93
        7382    0.9998939       2.5295  -0.01082847     20160.96
        7384    0.9994815     2.525713  -0.01021428     20166.16
        7386    0.9990154     2.510464 -0.006112082     20173.45
        7388    0.9994125     2.480934 -0.002709856     20175.14
        7390    0.9988539     2.480604 -0.001512612     20181.75
        7392    0.9991366     2.504034  0.002448181     20186.35
        7394    0.9983729     2.498364  0.003051573     20195.79
        7396    0.9978715      2.50052 -0.002777204     20199.69
        7398    0.9979005     2.505016 -0.002280692     20202.54
        7400     0.998078     2.481816 -0.002138221     20212.79
        7402     0.998785     2.480118 -0.0009675838     20217.21
        7404    0.9979358     2.483414  0.003748436     20225.85
        7406    0.9966877     2.497275   0.00318438     20233.07
        7408     0.997097     2.511804 -0.000548097     20238.96
        7410     0.996934     2.505593 -0.0003991509     20243.59
        7412    0.9964893     2.479029 -0.001793834     20244.28
        7414    0.9972353     2.494082 -0.004289759     20254.64
        7416    0.9962784     2.497453 -0.0008988508     20262.34
        7418    0.9970969     2.471275 0.0003300848     20267.75
        7420    0.9955832     2.471838 -0.0009634248     20272.96
        7422    0.9960791     2.496723   0.00126322     20276.78
        7424    0.9961765     2.489746  -0.00183197     20281.66
        7426    0.9952284     2.481381 -0.004506281     20286.08
        7428    0.9962202     2.457183 -0.005246547     20294.84
        7430    0.9962409     2.460673 -0.004687342     20304.35
        7432    0.9957495     2.447773 -0.0005348892     20307.83
        7434    0.9953298     2.443882 -0.0003735634     20312.96
        7436    0.9950839     2.452904 -0.001771261     20314.49
        7438    0.9951907     2.457684  0.001903791     20328.53
        7440    0.9953439     2.433603 0.0006088026     20333.33
        7442    0.9948094     2.459112  0.001200235     20334.71
        7444    0.9960989     2.457774  0.005385504     20345.02
        7446    0.9954241     2.467286  0.001209389      20348.3
        7448    0.9952742     2.476687  0.001716356     20351.33
        7450    0.9946936     2.468787 0.0006842357     20356.49
        7452    0.9950443     2.471505 -0.001249833      20363.6
        7454    0.9952383      2.47276  0.001779717     20370.58
        7456    0.9946292     2.466689 -0.0003389373     20373.99
        7458    0.9944909     2.483025 -0.001594021     20380.11
        7460    0.9942411     2.468793 -0.001448313     20384.58
        7462    0.9944507     2.460008  -0.00238332     20391.95
        7464    0.9942823     2.455102 -0.004129501     20394.93
        7466     0.994584     2.463959 -0.004263149     20401.89
        7468    0.9946982     2.435757  -0.00233976     20403.67
        7470    0.9946164     2.425903 -0.007057981     20414.22
        7472    0.9947274     2.436384 -0.005247744     20415.65
        7474    0.9944019     2.407495 -0.003551566     20422.47
        7476    0.9950394     2.393775 -0.004797094     20431.86
        7478    0.9946313      2.39749 -0.004007096     20430.94
        7480    0.9947511     2.398007  -0.00345366     20438.14
        7482    0.9940414     2.375438 -0.002433817      20443.5
        7484    0.9946517     2.366146 -0.006583879     20448.37
        7486    0.9944628     2.378019 -0.003005088     20449.08
        7488    0.9941661     2.345336 -0.002162286     20455.29
        7490    0.9940881     2.351397 -0.006949526     20463.88
        7492    0.9946168     2.348848 -0.0007076968     20466.62
        7494    0.9947132     2.322423 -0.002346937     20473.98
        7496    0.9946468     2.339675  -0.00368237     20480.04
        7498    0.9948967     2.332622 0.0007032553     20479.97
        7500    0.9944309     2.319389 -0.004603562     20488.47
        7502    0.9946581     2.328049 -0.002061802     20491.31
        7504    0.9940056     2.302846  0.002446213     20500.75
        7506    0.9948649     2.316127 0.0002221497     20502.92
        7508    0.9952675     2.338959  0.001267099      20510.1
        7510    0.9952609     2.329827  0.001298808     20510.53
        7512    0.9950782     2.312983 -0.002759977     20515.36
        7514      0.99458     2.326518 -0.004135457     20520.05
        7516    0.9947344     2.316879 -0.001726241     20526.11
        7518    0.9951552     2.296743  -0.00285888     20509.85
        7520    0.9943392     2.299173 -0.002536757     20498.15
        7522    0.9938675     2.303647 -0.002438469     20491.82
        7524    0.9946306     2.296585 -0.001345021     20452.98
        7526    0.9966565     2.277235 -0.001555658     20040.83
        7528    0.9939324     2.288413 -0.001550434     20350.32
        7530    0.9949832     2.291202 0.0006297677     20097.14
        7532    0.9938054     2.284181 -5.442353e-05      20422.3
        7534    0.9946474     2.282273 -0.001320522     20565.13
        7536    0.9953433     2.287978 -0.0006211507     20551.96
        7538    0.9943833     2.280637 -0.0009199028     20554.84
        7540    0.9946443     2.279212  -0.00171135        20576
        7542    0.9947594     2.274914 -0.002630564     20589.27
        7544    0.9944814     2.274287 -0.001797585     20599.14
        7546    0.9944216     2.259593 -0.001263062     20599.05
        7548    0.9943089     2.264831 -0.002480076     20604.51
        7550    0.9954286      2.26481  0.000107749     20615.17
        7552    0.9949827     2.254446 -0.000416461     20618.37
        7554    0.9951638     2.260455 -0.0001256378     20623.54
        7556    0.9939942       2.2615   0.00109058      20627.6
        7558    0.9945717     2.263804 -0.0003305415     20632.39
        7560    0.9949732     2.263171 -2.994058e-05     20639.57
        7562    0.9950531      2.25781 -0.001807687     20641.32
        7564    0.9950126      2.26126 -0.0009879367     20649.75
        7566    0.9946888     2.249343 -0.003643657     20653.21
        7568    0.9942127     2.255267  -0.00495336     20658.12
        7570    0.9942142     2.228661 -0.002554343     20659.12
        7572    0.9946421     2.221633  -0.00317172     20668.25
        7574    0.9952946     2.228908 -0.002160925      20674.4
        7576    0.9950875     2.229894 -0.0002987536     20676.39
        7578    0.9953453     2.211374 -0.002653516     20683.39
        7580    0.9954838     2.219243 -0.002025041     20685.53
        7582    0.9950245      2.20768 -0.001660433     20684.09
        7584    0.9950525     2.213693 -0.003286857      20691.2
        7586    0.9950426      2.19809 -0.002927205     20695.37
        7588    0.9950087     2.192948 -0.003824051     20699.47
        7590    0.9951918     2.184262 -0.002569457     20700.41
        7592    0.9951041     2.183101  -0.00221613     20705.18
        7594    0.9958705     2.177535 -0.001220423     20711.31
        7596    0.9952294     2.175219 -0.002003408     20707.89
        7598    0.9952957     2.174499 -0.001080177     20711.08
        7600    0.9957442     2.167074 -0.001240958     20719.94
        7602    0.9959019     2.168893 -0.001217739     20727.94
        7604    0.9955569     2.165292 -0.0008064002      20723.7
        7606    0.9952046     2.164757 -0.002648163     20729.59
        7608    0.9957041     2.160622 -0.001198372     20736.57
        7610    0.9961804     2.147708 -0.004293232      20738.8
        7612      0.99598     2.155705 -0.001478399     20740.71
        7614    0.9961999     2.130411 -0.002722388      20744.1
        7616    0.9961165     2.148795  -0.00305308     20751.31
        7618    0.9965572     2.125929  0.001261733      20753.1
        7620    0.9964313      2.13128 -0.0002891224     20757.74
        7622    0.9965674     2.140505 0.0003306189     20758.91
        7624    0.9964084     2.146482 -0.0009364321     20767.99
        7626    0.9965892     2.128574 -0.0008686579     20767.42
        7628    0.9974312     2.123789 -0.002909921     20770.04
        7630    0.9966134     2.133556 -0.0009680469      20774.6
        7632    0.9967835     2.123203 -0.001103814     20774.49
        7634    0.9971783     2.120829 -0.002901351     20782.96
        7636    0.9971117     2.114958 -0.001578154     20787.84
        7638    0.9972081     2.110345 -0.002115896     20793.35
        7640      0.99718     2.110578  -0.00316447     20793.13
        7642    0.9968574     2.103902 -0.001707773     20801.02
        7644    0.9973126     2.089642 -0.003309925     20809.86
        7646    0.9969236     2.096683 -0.003307642     20807.81
        7648    0.9973453     2.084098 -0.001721642     20807.19
        7650    0.9976308     2.077441 -0.002601174     20813.27
        7652    0.9975435     2.075869 -0.001606953     20817.96
        7654    0.9975681     2.075873 -0.001883819     20823.39
        7656    0.9976383     2.071243 -0.002145829      20828.2
        7658    0.9976184     2.062371 -0.000953844     20830.55
        7660    0.9976975     2.058703 0.0001168737     20836.98
        7662    0.9980113     2.068243 -0.001089854     20838.44
        7664    0.9977901     2.072178 0.0007656951     20848.37
        7666    0.9976287     2.053652 -0.000374866     20850.39
        7668    0.9982087     2.064828 -0.002097884     20852.34
        7670    0.9983459     2.065244 -0.0003851334     20859.43
        7672    0.9983243     2.055395 -0.001728093     20860.85
        7674    0.9978406     2.050571 -0.001224624      20863.3
        7676    0.9981853     2.051003 -0.0003155156     20869.59
        7678    0.9980594     2.055447 8.833343e-05     20874.01
        7680    0.9986107      2.05287 0.0001958889     20876.73
        7682    0.9985081     2.051277 -0.0007636645     20878.42
        7684    0.9989226      2.05257 -0.001687045     20882.01
        7686    0.9983025     2.049337 -0.002424804     20884.69
        7688    0.9984065     2.039374 -0.002115039     20889.65
        7690     0.998437     2.031879 -0.002642288     20895.48
        7692    0.9988306      2.03565 -0.001786933     20902.49
        7694    0.9986592     2.028199 -0.001399784     20898.85
        7696    0.9987082     2.025079 -0.002100993     20907.72
        7698    0.9989144     2.020681 -0.001537609     20911.22
        7700    0.9986434     2.018842 -0.002222755     20913.03
        7702    0.9984079     2.015898 -0.001855836     20917.77
        7704    0.9988952     2.007297 -0.002494717     20920.15
        7706    0.9988269     2.005834 -0.0004677018     20923.76
        7708    0.9987591     1.998884 0.0002334129     20926.63
        7710    0.9988046     2.012157 -0.001466539     20933.58
        7712    0.9990183     2.009164 -0.0006816162     20938.12
        7714    0.9990615     1.994102 -0.001864854     20942.57
        7716      0.99865     1.993432 -0.003889939     20941.92
        7718    0.9983888     1.997238 -0.0003149705     20945.98
        7720    0.9987089     1.978044 -0.0004398056     20948.43
        7722    0.9992576     1.991582 -0.000698695     20949.37
        7724    0.9992612     1.989913 0.0008689371     20959.63
        7726    0.9994186     1.991648 -0.001838335     20961.69
        7728     0.999348     1.984996 -0.001519159     20966.76
        7730    0.9994356     1.976875 -0.001044464     20965.21
        7732    0.9991817      1.97776 -0.001543715     20967.86
        7734    0.9991026     1.983293 -0.001239282     20969.71
        7736    0.9988814     1.972646 -0.001443697     20973.29
        7738    0.9990315     1.966961 -0.002647993     20977.26
        7740    0.9992707      1.96621 -0.002039163     20980.39
        7742    0.9997411     1.962109 -0.002374157     20986.13
        7744     0.999827     1.956333 -0.001331355     20987.64
        7746    0.9995336     1.947968 -0.001159236      20994.9
        7748    0.9997777     1.955559 -0.001925737     20997.49
        7750    0.9994327     1.952835 -0.0004181204     20997.34
        7752    0.9998823     1.940927 -0.0004182139     21001.03
        7754     1.000006     1.944623 -0.0003113478     21005.72
        7756     1.000319     1.952214 0.0004076854     21011.13
        7758     1.000878     1.950344 -0.000846289     21013.05
        7760       1.0011     1.944188 -0.001435664     21018.08
        7762     1.000846     1.937852 -0.002073266     21017.65
        7764     1.001224     1.940728 -0.003025006     21023.19
        7766     1.000854     1.933758 -0.001867274     21023.16
        7768     1.001409     1.919988 -0.003309266     21027.11
        7770      1.00126     1.922914 -0.002292701     21027.11
        7772     1.000808     1.914254 -0.0006808836     21025.22
        7774     1.001119     1.915416 -0.002277447     21030.02
        7776     1.000957     1.914541 -0.001630217     21027.49
        7778     1.001536     1.904695 -0.002068855     21023.85
        7780     1.001352     1.901213 -0.0008969648     21016.32
        7782     1.001566     1.898865 -0.000750416     20988.33
        7784     1.003081     1.907366 -0.0006878673     20828.38
        7786     1.005833     1.898691 -0.001996119     19886.48
        7788     1.001607      1.89571 -0.002694244     20090.64
        7790    0.9977566     1.882896 -0.002061134     20372.27
        7792     1.002008     1.885812 -0.002215396     21049.69
        7794     1.002076     1.882202 -0.0007309187     21075.17
        7796     1.002008     1.877986 -0.001336015     21083.54
        7798     1.001951     1.877049 -0.001130748     21088.58
        7800       1.0021     1.875123 -0.0008535492     21092.75
        7802      1.00186     1.873156 -0.001148531     21097.25
        7804     1.001932     1.871158 -0.001089899     21101.41
        7806     1.001874     1.867861 -0.001175732     21109.64
        7808     1.001656     1.866404 -0.001438643     21105.51
        7810      1.00217      1.86375 -0.001360626     21110.34
        7812     1.001793     1.859649 -0.001001892     21109.87
        7814     1.002145     1.856976 -0.001460446     21114.71
        7816     1.002137     1.858389 -0.001309745     21116.44
        7818     1.001952     1.852067 -0.001545172      21114.4
        7820       1.0021     1.849171 -0.002285136     21117.07
        7822      1.00248     1.844614 -0.001605932     21126.05
        7824     1.002658     1.840108 -0.001599342     21129.13
        7826     1.002674     1.839219 -0.001367536     21132.19
        7828       1.0026     1.836376 -0.0009073832     21131.56
        7830     1.002967     1.833674 -0.001437399      21133.6
        7832     1.003373     1.832849 -0.001882132     21139.45
        7834     1.003265      1.82772 -0.001538626     21138.07
        7836      1.00357     1.821319 -0.002048717     21147.67
        7838     1.003722     1.821365 -0.001613508     21148.12
        7840     1.003473     1.816459 -9.011793e-05     21157.17
        7842      1.00402     1.814812 -0.002354301     21156.75
        7844     1.003526     1.820598 -0.000809117     21156.94
        7846     1.003691     1.802531 -0.0007710956     21166.84
        7848      1.00403     1.809986 -0.002586416     21167.29
        7850     1.003869     1.808643 -0.0003792713     21171.67
        7852     1.003975     1.799907 -0.0007813095     21169.41
        7854     1.003976     1.799497 -0.001302933     21174.01
        7856     1.003796     1.803736 -0.0009045172     21174.03
        7858     1.003762      1.79822 -0.001460735     21173.13
        7860     1.004368     1.792671 -0.002416331     21176.06
        7862     1.004476     1.787811 -0.001161265     21184.95
        7864     1.004075     1.784405 -0.001365019     21186.38
        7866     1.003779      1.78893 -0.002003727     21190.25
        7868     1.004321     1.781751 -0.0009945376     21194.71
        7870     1.004115     1.771781 -0.001991548     21196.08
        7872      1.00387     1.776449 -0.001491567     21197.77
        7874     1.004345     1.772997 -0.000982332     21204.44
        7876     1.004308     1.769818 -0.001987148     21205.24
        7878     1.004339     1.763922  -0.00147264     21208.06
        7880     1.004344     1.760552  -0.00216679     21212.06
        7882     1.004651     1.761216 -0.001463422     21214.92
        7884     1.004461     1.752484 -0.001594704     21214.45
        7886     1.004756     1.752215 -0.001354856     21220.95
        7888     1.004603     1.747794 -0.001317105     21226.52
        7890     1.004304     1.750377  -0.00168947      21224.2
        7892     1.004304     1.741947  -0.00160023      21224.7
        7894     1.004464     1.738699 -0.001895337      21226.8
        7896     1.004531     1.734992 -0.001257549     21233.84
        7898     1.004162     1.735215 -0.001379873     21230.75
        7900     1.004902     1.731886 -0.001333195     21236.88
        7902     1.004444      1.72766 -0.001840179     21236.76
        7904     1.004955     1.724327 -0.001865729     21247.33
        7906     1.005052     1.720493 -0.001169954     21250.25
        7908     1.004614     1.716961 -0.001103095     21250.67
        7910     1.004361     1.718301 -0.001065773     21253.69
        7912     1.004629     1.715502 -0.0009354976     21255.98
        7914     1.005379     1.711967  -0.00174928     21219.47
        7916     1.005841     1.709477 -0.001949427     20947.72
        7918     1.004993     1.704306 -0.001583685     20541.95
        7920     1.004505     1.699906 -0.001641418     20955.58
        7922      1.00503     1.699298 -0.0009992424     21202.42
        7924      1.00503     1.696345 -0.0008589299     21235.21
        7926     1.004825     1.696312 -0.001816184     21247.45
        7928     1.005153     1.693035 -0.001517924     21252.15
        7930     1.004759     1.684768 -0.001476496     21257.73
        7932     1.004853     1.684202 -0.0007832825     21256.85
        7934     1.004981       1.6845 -0.0008811996     21264.44
        7936     1.004931     1.686769 -0.001011984     21268.68
        7938     1.005536     1.677719 -0.001737235      21274.7
        7940     1.005605     1.676106 -0.001569576     21279.04
        7942     1.005488     1.670602 -0.001701472      21279.5
        7944     1.005476     1.674212 -0.001434854     21286.03
        7946     1.005245     1.664107 -0.001395467     21284.09
        7948     1.005352     1.664627 -0.001905935     21285.64
        7950     1.006149     1.659439 -6.999285e-05      21295.2
        7952     1.005813     1.658965 -0.001294411     21296.39
        7954     1.005931     1.663547 -0.0006852092     21299.27
        7956      1.00604     1.654272 -0.001215053      21297.6
        7958     1.005942     1.653957 -0.001842404     21303.43
        7960     1.005853     1.649244 -0.001031786     21306.33
        7962     1.005665     1.648808  -0.00225565     21310.05
        7964     1.005442     1.646018 -0.001271899     21306.69
        7966     1.005317     1.635912 -0.001388919     21312.36
        7968     1.005225     1.639069 -0.001725188     21310.91
        7970     1.005388     1.637696 2.899969e-05     21315.66
        7972     1.005947     1.632216 -0.001889766     21323.12
        7974     1.005461     1.636144 -0.001549863     21323.21
        7976     1.005554     1.623951 -5.646308e-05     21325.26
        7978     1.005518     1.625297 -0.002134396     21325.93
        7980     1.004643     1.631764 -0.001121627     21325.13
        7982     1.004697     1.619069  -0.00114331     21329.67
        7984     1.004887     1.614978 -0.002022712     21336.76
        7986     1.005159     1.616151 -0.001316149     21339.53
        7988     1.005109     1.615583  -0.00123427     21341.93
        7990      1.00502     1.608539  -0.00169002      21338.6
        7992     1.004809     1.605104 -0.001741129     21342.58
        7994     1.005096     1.602631 -0.0006533424     21347.69
        7996     1.004831     1.601654 -0.001372841     21350.84
        7998     1.004171     1.603313 -0.001374027      21345.9
        8000     1.004049     1.594121 -0.001171602      21351.3
        8002      1.00456     1.591639 -0.001859393     21354.64
        8004     1.004436     1.592281 -0.001421001     21354.59
        8006     1.004682     1.588438 -0.001027164     21356.68
        8008     1.004807     1.582753  -0.00103052     21361.22
        8010     1.004646     1.583421   -0.0012304     21363.74
        8012     1.004691     1.584037 -0.0007869103     21364.26
        8014     1.004653     1.578594 -0.001260996     21366.51
        8016     1.004237     1.576458 -0.002014598     21365.27
        8018     1.004943     1.573333 -0.001446402     21373.84
        8020     1.004277      1.56792 -0.001501216     21366.18
        8022     1.004821     1.567023 -0.001308475      21370.9
        8024     1.004837     1.564448 -0.001297039     21370.77
        8026     1.004941     1.562865 -0.001460694     21374.71
        8028     1.004995     1.557544 -0.001177024     21382.02
        8030     1.004763     1.555338 -0.001661976     21386.36
        8032     1.004652     1.555032  -0.00131111     21383.29
        8034     1.004577      1.54957 -0.0008402729     21386.17
        8036     1.004556     1.547055 -0.001482349        21388
        8038     1.004743     1.548615 -0.001157029      21391.4
        8040     1.004729     1.543173  -0.00146871     21393.28
        8042     1.004422     1.540313 -0.001944971      21390.8
        8044     1.004887     1.535305 -0.001429406     21396.86
        8046     1.004579     1.533056  -0.00156384     21402.53
        8048     1.004361     1.531738 -0.001422441     21403.71
        8050      1.00524     1.527803 -0.001133244     21407.47
        8052     1.004855     1.523926  -0.00177693     21409.65
        8054     1.004587      1.52399 -0.0009463572     21407.83
        8056     1.004958     1.517522 -0.0008577994     21409.14
        8058     1.004653     1.520232 -0.001640918     21415.06
        8060     1.004376     1.517063 -0.0009591042     21413.01
        8062     1.004959     1.510862 -0.001619138     21419.06
        8064     1.004454      1.50985 -0.001624217     21418.16
        8066     1.003991     1.507279  -0.00150121     21420.22
        8068     1.003604     1.504069 -0.001876449     21418.81
        8070     1.003474     1.498853 -0.001427896     21420.74
        8072     1.003367     1.494838 -0.001078601     21423.24
        8074      1.00383     1.495856 -0.001317148     21423.01
        8076      1.00359     1.495441 -0.0008113996     21424.36
        8078     1.003912     1.488316 -0.001403975     21427.27
        8080     1.003697     1.488347 -0.002009468     21426.04
        8082     1.003093     1.484624 -0.001028823     21432.47
        8084     1.002992     1.479365 -0.001165707     21435.75
        8086     1.002654     1.480085  -0.00104529     21434.84
        8088      1.00295     1.479021 -0.000872137     21435.48
        8090      1.00321     1.476261 -0.001042316      21437.6
        8092     1.002458     1.472388 -0.001330841     21438.71
        8094     1.002388     1.471746 -0.001287388      21440.2
        8096     1.002281     1.468374 -0.001270637     21443.93
        8098     1.002021     1.465962 -0.001146808     21441.65
        8100     1.001993     1.462223 -0.001706824      21442.6
        8102     1.001601     1.462572 -0.001289917     21445.27
        8104     1.001636      1.45472 -0.001006777     21446.67
        8106     1.001592     1.455643 -0.001435559     21452.38
        8108     1.001744     1.454168 -0.0008268266     21454.84
        8110     1.001747     1.451087 -0.000610601      21453.9
        8112     1.001842     1.448105 -0.001183349     21454.97
        8114     1.001519     1.450758 -0.001160365     21456.58
        8116     1.001165     1.444702 -0.001462009     21459.56
        8118     1.000999     1.441805 -0.001709827     21461.58
        8120     1.000423     1.436409 -0.001335396     21458.38
        8122      1.00075      1.43708 -0.001203823     21459.59
        8124     1.000526     1.434019 -0.0008373181     21461.53
        8126     1.000404     1.432174 -0.001664762     21464.17
        8128     1.000078     1.429711 -0.001325856     21465.38
        8130     1.000261     1.423762  -0.00136878     21471.13
        8132     1.000008     1.423412 -0.001087316     21467.57
        8134     1.000106     1.421224 -0.0008440881      21472.2
        8136    0.9993623     1.421012 -0.001306625     21471.45
        8138    0.9988888     1.417009 -0.001212307     21473.18
        8140    0.9990593     1.412959 -0.001447198     21472.88
        8142     0.999522     1.411525 -0.001613287     21480.16
        8144    0.9989599     1.409434 -0.0009696731      21474.3
        8146    0.9992053     1.404103 -0.001172352     21477.53
        8148    0.9990617     1.405201 -0.001200659     21477.86
        8150    0.9990788     1.402146  -0.00074144     21478.86
        8152    0.9985004     1.399829 -0.001344275     21473.47
        8154    0.9979756     1.398171 -0.0009747109     21480.05
        8156    0.9975657     1.394447 -0.0009755799     21482.42
        8158    0.9973626     1.394349 -0.001328175     21481.36
        8160    0.9975525     1.392025  -0.00116925     21481.18
        8162    0.9974478     1.387546 -0.001146293     21485.18
        8164    0.9976763     1.385093 -0.001510898     21486.36
        8166    0.9977468     1.385178 -0.001168015     21486.19
        8168    0.9977541     1.379937 -0.001257779     21489.79
        8170    0.9973043     1.378201 -0.001471166     21487.45
        8172    0.9967914     1.375031 -0.001370454     21490.37
        8174    0.9967581     1.373409 -0.001488756     21488.87
        8176    0.9966804     1.368974  -0.00110805     21492.75
        8178    0.9962856     1.366291 -0.001412786     21493.39
        8180    0.9957777     1.366166 -0.001364504     21488.47
        8182    0.9956546     1.362107 -0.0009855733     21492.16
        8184    0.9959987     1.358058  -0.00117732      21493.2
        8186    0.9957421     1.358407 -0.001319038     21495.84
        8188    0.9954934     1.356748 -0.001095301     21497.13
        8190     0.995375     1.351555 -0.001295167      21502.4
        8192    0.9951979     1.349295 -0.001728324     21500.62
        8194    0.9944687     1.348045 -0.001317528     21497.21
        8196    0.9947499     1.342921 -0.001453139      21498.8
        8198    0.9947352     1.341014 -0.001297545     21502.96
        8200    0.9944773      1.33767 -0.0009790002     21506.11
        8202    0.9946723     1.337665 -0.001259739     21506.86
        8204    0.9944912     1.335089 -0.001288747     21504.83
        8206    0.9937279     1.330936 -0.001242903     21501.34
        8208    0.9933782      1.32736 -0.0009907642     21504.28
        8210    0.9934219     1.327722 -0.001291502     21502.87
        8212     0.992819     1.327163 -0.001042469     21504.34
        8214    0.9925008     1.320604 -0.001418471     21507.06
        8216    0.9921521      1.31902 -0.001842979     21504.07
        8218    0.9919953     1.316374 -0.0009174256     21508.66
        8220    0.9918594     1.312419 -0.001066119     21512.61
        8222    0.9920898     1.313265 -0.001514147     21508.29
        8224    0.9915307     1.310491 -0.001206861     21511.89
        8226    0.9914898     1.304261 -0.001345941     21516.62
        8228    0.9911449     1.302764 -0.002059005     21513.01
        8230    0.9910889     1.302497 -0.0007721569     21512.84
        8232    0.9905442     1.294019 -0.0007012293     21515.58
        8234    0.9907397     1.298084 -0.001786011     21516.24
        8236    0.9902754     1.297155 -0.0006662552     21516.15
        8238    0.9900922     1.288209 -0.001144331     21513.41
        8240    0.9895161     1.288689 -0.001628514     21512.96
        8242    0.9898653     1.288929 -0.001081157     21516.13
        8244    0.9896669     1.284126 -0.0008968993     21519.65
        8246    0.9890077      1.27956 -0.001246953     21514.24
        8248    0.9888097     1.281514 -0.0007180996     21519.35
        8250    0.9886109     1.278953 -0.0007087481     21517.98
