# This file has been produced by extranormal (v 1.0.1 - February 23, 2017)
# O. Roudenko - Synchrotron SOLEIL. Covered by GPL licence.
#Data from HDF File: /nfs/ruche-rock/rock-soleil/com-rock/2021/Projets/20210209_Hilde/InSitu/10Ni-10Fe_50BN/10Ni-10Fe_50BN_RWGS750_CO2pulses_H2cst_ratio1/10Ni-10Fe_50BN_RWGS750_CO2pulses_H2cst_ratio1_00189.nxs to 10Ni-10Fe_50BN_RWGS750_CO2pulses_H2cst_ratio1_00190.nxs
#Time at start=2021-02-10 14:42:38.997
#Time from start (seconds)=942.769088594
#Sample temperature (C)=24.7
# Normalization -------------
# pivot spectrum: Pivot_Fe_10Ni-10Fe_50BN_RT_air_av2000_00001.txt
# E0=7112.0   Eshift=1.89408406867
# E0_pivot = 7112.0
# pre-edge params: from E0_pivot-140.0 to E0_pivot-20.0
# pre-edge range: [6972.0, 7092.0]
# post-edge params: from E0_pivot+100.0 to E0_pivot+1140.0
# post-edge range: [7212.0, 8250.0]
# I jump at E0_pivot = 1.24420086019
# shifted energy	normalized	reference	ref.derivative	I0
        6970  0.001798708     1.680548 -0.000683807     18812.01
        6972  0.001798708     1.680548 -0.000683807     18812.01
        6974  0.001621832     1.678913 -0.002995177     18813.84
        6976  0.001171728     1.668092 -0.001557323     18823.58
        6978  0.001052994      1.66468 -0.002246464     18830.68
        6980  0.001366091      1.66809 -0.0007032186     18844.89
        6982  0.001042265     1.660941 -0.0006976555      18850.8
        6984  0.000934537     1.662466 -0.001030195     18854.97
        6986 0.0005505859     1.659099 -0.001052917     18861.37
        6988 0.0007609117     1.659848 -0.001418011     18870.84
        6990 0.0001925225     1.652518 -0.002154853     18877.78
        6992 0.0007065856     1.651122 -0.003465672     18884.48
        6994   0.00051792      1.64186 -0.001803536     18895.59
        6996 5.014527e-05     1.632123 -0.001365721     18902.01
        6998 -0.0001921527      1.63809 -0.001070069     18909.42
        7000 -0.0002361862     1.640196 -0.0002584493     18919.08
        7002 -9.255034e-05       1.6333 -0.002020452      18928.1
        7004 4.467843e-05     1.630055 -0.002621398     18937.48
        7006 -5.71887e-05     1.621926 -0.001465212     18942.93
        7008 -0.0006194543     1.619225 -0.001642239     18953.25
        7010 -0.0003845954     1.621578 -0.001239546     18960.24
        7012 -0.000433476     1.616917 -0.001187779     18971.83
        7014 -0.0008202798      1.61201 -0.002354333     18976.77
        7016 -0.0004782356     1.609723 -0.001085491     18987.02
        7018 -0.0003364774     1.602743 -0.001653826     18994.23
        7020 -0.0006131894     1.608234 -0.001946084     18999.22
        7022 -0.0003649913     1.598779 -0.000582366     19008.43
        7024 -0.0006728848     1.594154 -0.001744505      19017.5
        7026 -0.0006696496     1.598084 -0.001619384      19028.1
        7028 -0.0003457203     1.594277 -0.0008339415     19037.64
        7030 -0.0009189516     1.585824 -0.002011068     19044.44
        7032 -0.0004809875     1.587483 -0.001915401     19051.84
        7034 -0.0004837779     1.581996 -0.0007649985     19057.49
        7036 -0.0009348206     1.578954 -0.002097954     19065.57
        7038 -0.001111105     1.579704 -0.001830751      19074.9
        7040 -0.001250046     1.570699 -0.001567817     19082.01
        7042 -0.001274196      1.56735  -0.00228494     19089.39
        7044 -0.001203267     1.566412 -0.0008398506     19098.46
        7046 -0.0009134477     1.561425  -0.00146742     19104.61
        7048 -0.001255653      1.56398 -0.0007005769     19115.55
        7050  -0.00074264     1.555611 -0.001263168     19120.15
        7052 -0.0008485934     1.560807 -0.001403155     19132.43
        7054  -0.00027597     1.551319 -0.001381412     19140.82
        7056 -0.0006985101     1.552755 -0.002936646     19150.06
        7058 -0.0007276344     1.544559 -0.0009394425     19157.93
        7060 -0.0004365569     1.537314  -0.00211767     19167.21
        7062 -0.0001908878     1.543804 -0.0008249194     19172.61
        7064 -0.0001226308     1.535814 -0.0004131393     19177.47
        7066 -0.0008320446      1.53796 -0.002537218     19180.56
        7068 -0.0006788606     1.534009 -0.001930175     19194.48
        7070 -0.0001087715     1.523506 -0.002223283     19203.28
        7072 -0.0002914617     1.520372 -0.001064204     19209.94
        7074 0.0003375656     1.520174 -0.001404001     19217.19
        7076 0.0006869246     1.525495 -0.0003306405     19224.68
        7078 0.0001744175     1.512274   -0.0013627      19230.6
        7080 0.0009643204     1.517727 -0.001092806     19241.74
        7082 0.0009336126     1.509272 -0.0008789329     19249.34
        7084  0.001281525     1.516753  -0.00119898        19257
        7086  0.001540155     1.505243 -0.001256985     19261.63
        7088  0.001291537     1.508135 -0.002107586     19271.37
        7090  0.002152288     1.499216  -0.00121482     19278.79
        7092  0.002817763     1.499892 -0.001197628     19286.94
        7094  0.003468976     1.495524 -0.0004962919     19295.56
        7096  0.003991174     1.498554 -0.001998416      19303.1
        7098  0.004615241     1.495246 0.0003641766     19309.33
        7100  0.005723263     1.483905 -0.0002992166     19314.86
      7100.2   0.00592054     1.485451 -0.0003223246     19315.98
      7100.4  0.006117816     1.486998 -0.0003454326      19317.1
      7100.6  0.006315093     1.488544 -0.0003685406     19318.22
      7100.8  0.006512369     1.490091 -0.0003916486     19319.34
        7101  0.006709646     1.491637 -0.0004147566     19320.46
      7101.2  0.006906923     1.493184 -0.0004378646     19321.58
      7101.4  0.007104199      1.49473 -0.0004609726      19322.7
      7101.6  0.007301476     1.496277 -0.0004840806     19323.82
      7101.8  0.007498753     1.497823 -0.0005071886     19324.94
        7102  0.007644514     1.497688  0.001073575     19326.89
      7102.2  0.007877939     1.495187 -0.005002302     19328.04
      7102.4  0.008268788     1.491479 -0.008871999     19329.46
      7102.6  0.008335543      1.48938 -0.001507734     19330.95
      7102.8  0.008096752     1.490591  0.006839736     19331.03
        7103  0.008060599     1.493981  0.009521447     19331.82
      7103.2  0.008056674      1.49695  0.006343129     19332.94
      7103.4   0.00808051     1.496997 -0.0009727486     19333.26
      7103.6  0.008382349     1.495665 -0.007379871     19333.86
      7103.8  0.008908167     1.493203 -0.008219318     19335.55
        7104  0.009180517     1.491046 -0.006907227     19334.42
      7104.2  0.009329126     1.490422 -0.002699752     19333.62
      7104.4  0.009435783     1.490139  0.001892953      19334.6
      7104.6  0.009415661     1.491043  0.003853638     19334.72
      7104.8  0.009679363     1.492561  0.006623235        19337
        7105   0.00994232     1.493505  0.006170987     19338.25
      7105.2   0.01019093     1.495438  0.003719017     19337.69
      7105.4   0.01052937      1.49598  0.003776649        19339
      7105.6   0.01066018     1.495536  0.002026715     19340.51
      7105.8   0.01073444     1.496526 0.0004567024     19340.63
        7106   0.01104202     1.497059 -0.000616103     19342.11
      7106.2    0.0115561     1.496345 -0.002804546     19344.73
      7106.4   0.01193737     1.495043 -0.001326946     19345.63
      7106.6   0.01214746     1.494282  0.003620637     19344.24
      7106.8   0.01258747     1.495998  0.004570886     19343.71
        7107   0.01319309     1.499242  0.002471716     19343.66
      7107.2   0.01354516       1.4987 0.0008295063     19343.06
      7107.4   0.01375941      1.49626 -0.001265349     19343.01
      7107.6   0.01415725     1.496661  0.002621046     19345.28
      7107.8   0.01469319      1.49823  0.008622114     19350.93
        7108   0.01528578     1.500797   0.01023445     19355.39
      7108.2   0.01594411     1.503158   0.01075692     19356.18
      7108.4   0.01645456     1.504849  0.008666271     19354.46
      7108.6   0.01680685     1.506835  0.009052565     19352.78
      7108.8   0.01741621      1.50773   0.01115381     19353.19
        7109   0.01817919       1.5104   0.01156429     19353.72
      7109.2   0.01898953     1.513772   0.01636984     19352.46
      7109.4   0.02009621     1.516086   0.02069698     19350.98
      7109.6   0.02127922     1.520826   0.02592396     19350.58
      7109.8   0.02235719     1.526957   0.03343759     19349.53
        7110   0.02359384     1.534511   0.03817861      19348.9
      7110.2   0.02540842     1.542837   0.04342623     19349.89
      7110.4   0.02775227     1.551369   0.04834357     19350.33
      7110.6   0.03049626     1.561698   0.05673517     19349.98
      7110.8   0.03372653     1.573186   0.06911179     19349.26
        7111   0.03751932     1.588225    0.0838707     19347.72
      7111.2   0.04217704     1.606658      0.10258     19344.78
      7111.4   0.04826743     1.628795    0.1201317     19343.66
      7111.6   0.05562306      1.65525    0.1368109     19343.52
      7111.8   0.06389229      1.68433    0.1510604     19343.17
        7112   0.07306454     1.716107    0.1569964     19344.41
      7112.2   0.08251936     1.749643    0.1581803     19343.43
      7112.4   0.09220833     1.780847    0.1511149     19342.72
      7112.6    0.1017037     1.810874    0.1350872     19342.04
      7112.8    0.1106436     1.836999    0.1219179     19339.24
        7113    0.1188027     1.857713    0.1112105     19335.16
      7113.2    0.1262261     1.878382    0.1044923     19331.08
      7113.4    0.1332817     1.899843    0.1007188     19330.53
      7113.6    0.1398265     1.920592    0.0960524      19332.2
      7113.8    0.1456546     1.938288   0.08832533     19331.26
        7114    0.1510668     1.955223   0.07688913     19330.63
      7114.2    0.1561981     1.970503   0.06961404     19330.72
      7114.4    0.1609009     1.982104   0.06278852     19331.21
      7114.6    0.1651489     1.993979   0.05566475     19332.89
      7114.8    0.1690944     2.005454   0.04894092     19333.16
        7115    0.1724303     2.015035   0.03985702     19333.69
      7115.2    0.1748708     2.021256   0.02957282      19334.1
      7115.4     0.176984     2.025865   0.03244542     19333.67
      7115.6    0.1793096     2.029113   0.04386985     19332.98
      7115.8    0.1821905     2.040991   0.04588657     19334.12
        7116    0.1855852     2.056352   0.05105462     19335.63
      7116.2    0.1895116     2.062574   0.04561341     19335.69
      7116.4     0.194203     2.069956   0.03231796     19336.06
      7116.6    0.1997669     2.077482   0.02845372     19335.92
      7116.8    0.2062361     2.082207   0.02194785     19336.16
        7117    0.2136748     2.085337   0.02108131     19336.71
      7117.2    0.2221202     2.087515   0.03137279     19336.74
      7117.4    0.2315078     2.094347   0.04633581     19336.94
      7117.6    0.2417503     2.107305   0.06182402     19337.92
      7117.8    0.2530695     2.122406   0.06810934     19339.15
        7118    0.2655428     2.136974   0.07092675     19337.77
      7118.2    0.2791963     2.148834   0.07618702     19335.64
      7118.4    0.2942666     2.164046   0.07667446     19334.97
      7118.6    0.3108667     2.183355   0.08491979     19335.12
      7118.8     0.329097     2.198313   0.09924798     19337.31
        7119    0.3485929      2.21677    0.1091881     19337.74
      7119.2     0.368994     2.243445    0.1165924     19335.09
      7119.4    0.3906927     2.270706    0.1159431     19335.97
      7119.6    0.4138682     2.291587    0.1183197      19338.8
      7119.8    0.4375808     2.309525     0.134896     19338.21
        7120    0.4609022       2.3381    0.1564345      19336.4
      7120.2    0.4838684     2.378623     0.170778      19335.4
      7120.4    0.5062855     2.416735    0.1692021     19335.22
      7120.6    0.5274924     2.446147    0.1479784     19336.01
      7120.8    0.5470683     2.473462    0.1199955     19338.31
        7121    0.5650288     2.497005    0.1062205     19339.01
      7121.2    0.5819232     2.512731    0.1145167     19337.24
      7121.4    0.5978229     2.531124    0.1214168     19335.15
      7121.6    0.6132215     2.565076    0.1305792     19334.24
      7121.8    0.6283344     2.594139    0.1371171     19332.63
        7122    0.6428274     2.617195    0.1231397      19330.6
      7122.2    0.6573013     2.640817    0.1029704     19330.13
      7122.4    0.6726467     2.663587   0.09113235     19330.45
      7122.6     0.688974     2.676515   0.08243925     19330.44
      7122.8    0.7057567       2.6901   0.07046679     19330.24
        7123    0.7228629     2.706769   0.05880682     19327.77
      7123.2    0.7405657     2.719961    0.0550877     19326.57
      7123.4    0.7584435      2.72356   0.04509806     19327.42
      7123.6    0.7765653     2.734171   0.02663936     19327.33
      7123.8    0.7947946     2.742847   0.02007699     19327.07
        7124    0.8130353     2.741272  0.006759341     19326.67
      7124.2    0.8312297     2.739622   0.01366556     19326.09
      7124.4    0.8486294     2.739578   0.05657597     19326.19
      7124.6    0.8653817     2.753779   0.09809975     19327.51
      7124.8    0.8817786     2.786533    0.1090536     19328.87
        7125    0.8973203     2.818102   0.07029411     19328.67
      7125.2    0.9115604     2.826821   0.01420022     19328.07
      7125.4    0.9253287     2.810015 -0.006396851     19329.42
      7125.6     0.938482     2.797893   0.03921428     19330.51
      7125.8    0.9507009     2.812984    0.1246175     19330.85
        7126    0.9628085     2.858192    0.1319326     19330.73
      7126.2    0.9748532     2.909709   0.07464832     19328.81
      7126.4    0.9869012     2.903439    0.0169985     19326.24
      7126.6    0.9988373     2.872703 -0.008909763      19324.1
      7126.8     1.010547     2.871791    0.0503937     19322.28
        7127     1.022466     2.902581    0.1070013     19322.36
      7127.2     1.034531     2.943754   0.09021994     19323.87
      7127.4     1.046924     2.958304   0.02707109     19322.95
      7127.6     1.060105     2.943967  -0.01582613     19320.24
      7127.8     1.073907     2.924238  -0.02698775     19319.05
        7128     1.088064     2.931093  -0.02394986     19318.35
      7128.2     1.102151     2.936714   0.05896984     19317.66
      7128.4       1.1157     2.924807    0.1920049     19319.45
      7128.6     1.129107     2.971414     0.264548      19320.6
      7128.8      1.14265     3.084697    0.3007723     19319.24
        7129     1.155277     3.148352    0.2505975     19318.83
      7129.2     1.166281     3.165425    0.0956026     19317.87
      7129.4     1.175954     3.171892 -0.004130835     19316.14
      7129.6     1.183876     3.161179  -0.06606932     19314.38
      7129.8      1.19013     3.145048   -0.0823444     19313.85
        7130     1.195377      3.11257  -0.08459989     19313.81
      7130.2     1.199431     3.106016  -0.06731716     19312.76
      7130.4     1.202496     3.093499  -0.01829669     19310.88
      7130.6      1.20455     3.091194  -0.05539943     19309.35
      7130.8     1.206002     3.097932  -0.07742572      19308.9
        7131     1.207196     3.061697   -0.1008055     19308.07
      7131.2     1.208173     3.031559  -0.09606146     19307.82
      7131.4     1.208662     3.010549   0.02309175     19308.46
      7131.6     1.208773     3.021083   0.08028373      19309.1
      7131.8     1.208881      3.08017   0.08327142     19307.29
        7132     1.208845     3.095786   0.09172742     19305.01
      7132.2     1.208315     3.077167   0.01761777     19303.86
      7132.4      1.20726     3.094465   -0.0225216     19302.85
      7132.6     1.206645     3.094264   0.01182866     19302.74
      7132.8     1.205444     3.077768 -0.009019424     19302.09
        7133     1.202874      3.08663  -0.02896847     19301.29
      7133.2     1.199983     3.087249  -0.01328049     19302.87
      7133.4     1.196261     3.071089  -0.06464327     19304.59
      7133.6     1.191494     3.067144   -0.1514468     19304.89
      7133.8     1.186134     3.034915   -0.1230186     19305.65
        7134     1.180351     2.966092  -0.06177973     19307.47
      7134.2     1.173909     2.972675  -0.02054939     19308.47
      7134.4      1.16667      3.01772   0.03306211     19308.05
      7134.6      1.15954     3.018475 -0.000914884     19310.33
      7134.8      1.15264     2.992542  -0.06354359     19312.92
        7135     1.145799     2.971943   -0.0889631     19313.43
      7135.2      1.13897     2.966885  -0.06491415     19312.84
      7135.4     1.132047     2.947305  -0.03452135     19311.42
      7135.6     1.125342      2.94061  -0.06331678     19312.23
      7135.8     1.119007     2.944326  -0.07045353     19313.79
        7136     1.113131     2.916232  -0.05118493     19315.78
      7136.2     1.107386     2.890942  -0.03168906     19318.78
      7136.4     1.101597     2.899662 -0.0003647183     19319.56
      7136.6     1.095756     2.918974  0.009522104      19317.8
      7136.8     1.090343      2.91594  -0.01031543     19314.27
        7137     1.086006      2.89856  0.004341337     19306.09
      7137.2     1.081733      2.89141    0.0273749     19288.89
      7137.4     1.077754     2.922447   0.03242233     19263.49
      7137.6     1.074294      2.93784   0.06636688     19229.94
      7137.8     1.070364     2.924498   0.04685583     19189.89
        7138     1.066312     2.944504   0.03973417     19148.15
      7138.2     1.062975     2.959932    0.0626775     19112.24
      7138.4     1.060129     2.969627   0.01448905     19089.98
      7138.6     1.057028      2.97464  -0.03558536     19083.19
      7138.8     1.053855     2.956095  -0.06234341     19089.68
        7139     1.051009     2.931464  -0.05674129     19105.41
      7139.2     1.048656     2.919753  -0.03484789     19129.04
      7139.4     1.046976     2.929247   -0.0283464     19157.27
      7139.6     1.045594     2.928217  -0.03953752     19187.53
      7139.8     1.044377     2.908787  -0.03169448     19218.99
        7140     1.043585     2.888123  -0.01223738     19246.58
      7140.2     1.042814     2.903891   0.02366006     19268.83
      7140.4     1.041815     2.918427   0.08549705      19288.5
      7140.6     1.041212     2.927715   0.07372871     19302.41
      7140.8     1.040617      2.95652   0.07793742     19309.31
        7141     1.039743     2.962874    0.1101611     19313.45
      7141.2     1.039112     2.980777   0.07407854     19315.62
      7141.4     1.038637     3.015844   0.06145779     19313.04
      7141.6     1.037687     3.015783   0.04307757     19301.95
      7141.8     1.036536      3.01204   -0.0108695     19282.14
        7142     1.035586     3.015239  -0.01332895     19253.42
      7142.2      1.03444     3.007148 -0.008413783     19215.41
      7142.4     1.033276      3.00512  -0.01565093     19172.69
      7142.6     1.032187     3.005309  -0.01182554     19132.33
      7142.8     1.030907     3.002718  -0.02277068     19101.14
        7143     1.029613     2.997688  -0.03339472     19082.15
      7143.2     1.028573     2.986904  -0.03951988     19077.93
      7143.4      1.02775     2.978593  -0.04941386     19090.55
      7143.6      1.02697     2.971102  -0.06336865      19116.6
      7143.8     1.026186     2.958156  -0.09705238     19152.68
        7144     1.025457     2.936209  -0.09712029     19193.71
      7144.2     1.024686     2.900952  -0.08117223     19232.51
      7144.4      1.02381     2.893406  -0.06010376     19265.68
      7144.6     1.023169     2.893219  0.008165092     19291.63
      7144.8     1.022109     2.888126     0.042786     19310.08
        7145     1.020834     2.907484   0.06065383     19323.25
      7145.2     1.019619     2.927635   0.05686629     19330.82
      7145.4     1.018062     2.941742   0.04629526     19335.47
      7145.6     1.016349     2.933619   0.06264654     19337.05
      7145.8     1.014661      2.94452   0.07974347     19337.68
        7146     1.012907     2.977752   0.09378196     19340.37
      7146.2     1.011164     3.005537   0.04978429     19342.89
      7146.4     1.009659     3.008644  -0.02283945      19346.3
      7146.6     1.007978     2.984347  -0.06026695     19348.95
      7146.8     1.006038      2.95948  -0.02942603     19351.25
        7147      1.00404     2.957323 -0.001794429     19353.26
      7147.2     1.001593     2.985103   0.02558365     19355.05
      7147.4    0.9985191     2.982912   0.04711749     19356.64
      7147.6    0.9954739     2.979947    0.0117085     19359.29
      7147.8    0.9928696     2.995017  0.003581446     19362.99
        7148    0.9901689      2.99447  0.008349447     19366.85
      7148.2    0.9874129     2.985777   0.01133953     19369.66
      7148.4    0.9848195     2.986627   0.03346312     19370.19
      7148.6    0.9820884     3.004089   0.05330311     19371.76
      7148.8    0.9792318     3.021241   0.07231046     19373.39
        7149    0.9762158     3.028419   0.04377039     19372.74
      7149.2    0.9731988     3.044475  -0.02377696     19371.75
      7149.4    0.9705335     3.039105  -0.02199695     19372.29
      7149.6    0.9678258     3.002219 -0.008820488     19374.89
      7149.8    0.9646225     3.010822 -0.006177157     19377.94
        7150    0.9613607     3.037419   0.05429141     19378.71
      7150.2    0.9585128     3.034163   0.07196418     19378.81
      7150.4    0.9559209     3.045652   0.03501368     19380.87
      7150.6    0.9534882     3.068393  0.004240825     19382.45
      7150.8    0.9510323      3.06543 -0.007066483     19382.17
        7151    0.9484167     3.037556 -0.0002570261     19382.22
      7151.2    0.9464649     3.039999   0.02117913     19384.52
      7151.4    0.9452212     3.068187   0.06354787      19387.9
      7151.6    0.9440584     3.082373   0.05748354     19390.28
      7151.8    0.9424286     3.088394    0.0190251     19390.04
        7152    0.9407928     3.085986  0.002246617     19389.33
      7152.2    0.9394439     3.083408  -0.00577931     19388.82
      7152.4    0.9383328      3.08417  0.005940037      19388.1
      7152.6    0.9379361     3.083771  -0.01029155     19390.13
      7152.8     0.937554     3.090738  -0.01769314     19392.13
        7153      0.93689     3.075174  -0.02590308     19392.99
      7153.2    0.9364676     3.070016  -0.06289723     19396.51
      7153.4    0.9357662     3.063048  -0.05262147     19400.17
      7153.6    0.9350723      3.04042  -0.03714224     19400.24
      7153.8    0.9351029     3.033077  0.003218652     19400.69
        7154    0.9354087     3.040302   0.05036185     19402.03
      7154.2     0.935579     3.065623   0.06525932     19402.59
      7154.4    0.9360405      3.08071    0.0784638     19404.77
      7154.6    0.9369367     3.085285   0.06806596     19406.49
      7154.8    0.9378065     3.103073   0.05496148     19405.57
        7155    0.9385078     3.120076   0.04516298     19403.89
      7155.2    0.9390906     3.124679   0.03459768     19403.67
      7155.4    0.9397075     3.121415   0.02267247     19403.87
      7155.6      0.94085     3.130751 -0.008049916     19404.51
      7155.8    0.9421872     3.138214  -0.03329451     19406.13
        7156    0.9429355     3.118239  -0.06772208     19405.88
      7156.2    0.9437348     3.094779  -0.06590995     19406.64
      7156.4    0.9448797     3.076573  -0.01601774     19409.61
      7156.6    0.9457606     3.085486  -0.02093955     19409.89
      7156.8    0.9467155     3.105425  -0.02482553     19409.34
        7157    0.9478961     3.078028  -0.01795835     19409.69
      7157.2    0.9489781     3.056713  -0.06421226     19409.98
      7157.4    0.9501953     3.071119  -0.06236481     19410.28
      7157.6    0.9517453     3.054055   -0.0361001     19411.45
      7157.8     0.953133     3.028136  -0.05033168     19413.79
        7158    0.9546135     3.027833  -0.02627769     19415.76
      7158.2    0.9558406     3.030854   0.03520244     19416.61
      7158.4    0.9566693     3.033033   0.04337142     19417.59
      7158.6     0.957567     3.056298   0.03176316     19417.05
      7158.8    0.9582332      3.06253   0.01016106     19416.62
        7159    0.9592142     3.056264  -0.03514756     19417.07
      7159.2    0.9605114     3.041162  -0.04027857      19416.4
      7159.4    0.9614059      3.02818  -0.00860621     19417.17
      7159.6     0.962124     3.030307   0.03194477     19419.01
      7159.8    0.9628662     3.049379   0.07942211     19419.72
        7160    0.9636656     3.066717   0.09883036     19420.73
      7160.2    0.9644506     3.091717     0.067097     19421.29
      7160.4     0.965068     3.109371   0.02966317      19422.5
      7160.6    0.9656898     3.103057 -0.003079866     19423.32
      7160.8    0.9664757     3.090448  -0.01269542     19423.84
        7161    0.9672484     3.089254  -0.02280894      19425.4
      7161.2    0.9679249     3.099215  -0.04436993     19426.59
      7161.4     0.968623      3.08481  -0.05380067     19427.95
      7161.6    0.9692494     3.054952  -0.07194948      19428.5
      7161.8    0.9696479     3.046213  -0.07310935     19428.15
        7162    0.9701091     3.041656  -0.04231553     19426.97
      7162.2    0.9705842     3.026322  -0.05126588     19425.82
      7162.4    0.9709345       3.0211  -0.06570993     19426.72
      7162.6    0.9714941       3.0052  -0.04129889     19429.02
      7162.8    0.9718577     2.989088  -0.01631332     19431.73
        7163    0.9720949     2.993283    0.0132096      19432.9
      7163.2    0.9724419     3.008049   0.06561902     19433.29
      7163.4    0.9725608     3.015768    0.1071705     19433.57
      7163.6    0.9727114     3.041583   0.07713466     19433.22
      7163.8    0.9731734      3.07902   0.03467756     19433.69
        7164      0.97403     3.069757   0.01402545     19433.92
      7164.2    0.9747969      3.04351 -0.001993656        19432
      7164.4    0.9752319     3.052803    0.0189282     19433.24
      7164.6    0.9755074     3.077425   0.04028661     19433.07
      7164.8    0.9757106     3.084899  0.008497797     19431.31
        7165    0.9763535     3.075739  -0.04314235     19431.16
      7165.2    0.9768934     3.059601  -0.06464261     19429.91
      7165.4     0.977173     3.042911  -0.05217869     19430.22
      7165.6    0.9778611     3.033185  -0.04439411     19431.29
      7165.8    0.9784268     3.033996  -0.03860644     19432.59
        7166    0.9789782     3.024086  -0.02438503     19434.79
      7166.2    0.9797899     3.012026  -0.02509132     19436.73
      7166.4    0.9802401     3.013677   -0.0257928     19436.59
      7166.6    0.9805766     3.013923  -0.01166784     19435.62
      7166.8    0.9814068     3.003452 0.0006330126     19436.44
        7167    0.9822948     3.002691  -0.02161739     19437.74
      7167.2    0.9833041     3.014183  -0.04274446     19438.06
      7167.4    0.9846064     2.996629  -0.04980678     19438.18
      7167.6    0.9854495     2.969256  -0.04849879     19437.36
      7167.8    0.9857839     2.962846   0.01580803     19436.17
        7168    0.9861715     2.975384   0.06927989     19436.28
      7168.2    0.9866031     3.009276   0.05805109     19436.31
      7168.4    0.9868156      3.02468    0.0303535     19436.81
      7168.6     0.987287     3.009287   0.01588593     19438.22
      7168.8    0.9883588     2.999667   0.03266497     19439.46
        7169    0.9895018     3.021985   0.07341888      19441.5
      7169.2    0.9904211     3.050812   0.08248035     19443.65
      7169.4     0.991241     3.068022   0.02253563     19442.85
      7169.6    0.9919033     3.065651  -0.01512131     19442.38
      7169.8    0.9922973     3.040013  -0.02386453     19443.19
        7170    0.9930534     3.038715  -0.02409094      19443.7
      7170.2    0.9941598      3.04893  -0.00970666     19446.37
      7170.4     0.994974     3.046379  -0.02374368     19447.83
      7170.6    0.9956465     3.032248  -0.06176153      19447.3
      7170.8    0.9963686      3.01972     -0.10142     19447.49
        7171    0.9970484     2.999521   -0.1083543     19446.64
      7171.2    0.9976104     2.965243   -0.1024674      19446.4
      7171.4    0.9982334     2.945564   -0.0739099     19447.72
      7171.6    0.9990064     2.937746  -0.02730884     19446.73
      7171.8     0.999678     2.940393 0.0002793278     19445.01
        7172     1.000344     2.943396   0.02269299     19445.85
      7172.2     1.001438     2.945788   0.03019676     19448.87
      7172.4     1.002325     2.955901   0.03090411     19450.18
      7172.6     1.002873     2.964551   0.03941136     19450.42
      7172.8     1.003549     2.968119    0.0468862      19452.5
        7173     1.003799     2.977317   0.06267697     19453.26
      7173.2     1.003754      2.99341   0.08101589     19453.13
      7173.4      1.00382     3.014692   0.05223723      19455.2
      7173.6     1.004085     3.032932 -0.001380326     19457.16
      7173.8     1.004645     3.019107  -0.05053227     19456.37
        7174     1.005148     2.992305  -0.08896156      19455.4
      7174.2     1.005721     2.974266  -0.06832669     19456.62
      7174.4     1.006333     2.961762  -0.03031557     19458.12
      7174.6     1.006778     2.964445   0.01612321      19459.3
      7174.8     1.006804     2.968053   0.04011289     19460.83
        7175     1.006857     2.987165    0.0144936     19462.96
      7175.2     1.007175     2.993853  -0.02293909     19463.27
      7175.4     1.007292      2.97604  -0.09121844     19463.21
      7175.6      1.00745     2.949702    -0.113184     19463.86
      7175.8     1.007822      2.91419  -0.09279698     19464.62
        7176     1.008067     2.903306  -0.07244089     19463.45
      7176.2     1.008326     2.901803  -0.05219223     19464.22
      7176.4     1.008417     2.891749  -0.05061989     19466.59
      7176.6      1.00812     2.872436  -0.04679443     19467.76
      7176.8     1.008034      2.86281  -0.03887648     19470.15
        7177     1.007745     2.864367  0.003939874     19470.34
      7177.2     1.007478     2.860648   0.04122981     19470.02
      7177.4     1.007973     2.875588   0.04505747     19470.33
      7177.6     1.008206     2.895793   0.03793813     19469.69
      7177.8     1.008139     2.900413   0.02062999     19470.42
        7178     1.008289     2.890998   0.03885604     19473.36
      7178.2     1.008169     2.892092   0.06935637     19476.14
      7178.4     1.007985     2.926878   0.08546895     19477.57
      7178.6     1.008173     2.955898   0.08852967     19478.07
      7178.8     1.008502     2.959373   0.01011316      19478.4
        7179     1.008609     2.962916   -0.1038539     19479.16
      7179.2     1.008485     2.934969   -0.1200648     19479.15
      7179.4     1.008245     2.872815   -0.1065573     19479.46
      7179.6     1.007912     2.863322   -0.0815088     19481.19
      7179.8     1.007604      2.87767 -0.004590447     19483.01
        7180     1.007309     2.869762 -0.002470757     19482.74
      7180.2     1.007257     2.869143  -0.04150664     19482.65
      7180.4     1.008074     2.861345  -0.02595066     19483.35
      7180.6      1.00865     2.844465  0.007847653     19483.24
      7180.8     1.008713     2.849001   0.02680514     19484.41
        7181     1.008702     2.875421  -0.00703836     19485.63
      7181.2     1.008585     2.882789  -0.04460992      19485.9
      7181.4      1.00841     2.838834  -0.03878035     19484.94
      7181.6     1.008337     2.813313  -0.03009303     19484.31
      7181.8     1.008449     2.844397   0.02071962     19486.86
        7182     1.008845     2.858715   0.06850033     19490.36
      7182.2     1.009007      2.85541   0.03999593     19491.66
      7182.4     1.008669     2.868114   0.02548002     19489.74
      7182.6     1.008823     2.876393   0.02145164      19488.2
      7182.8     1.009226     2.879099 -0.004715752     19488.62
        7183     1.009398     2.872571  -0.02171564     19488.85
      7183.2     1.009552     2.864341  -0.02384947     19490.57
      7183.4     1.009706     2.859021  0.007129994     19492.79
      7183.6     1.009935     2.860019     0.032195     19493.25
      7183.8     1.010289     2.878275    0.0511233     19494.94
        7184     1.010617     2.890097   0.06043124     19496.83
      7184.2     1.010735     2.899919   0.02737317     19496.55
      7184.4     1.010844     2.908364 -0.005479331     19497.51
      7184.6     1.011074     2.900174  -0.01410107     19498.87
      7184.8     1.011347     2.885714  -0.02777439     19499.51
        7185     1.011622     2.888639  -0.08285132     19501.65
      7185.2     1.011602     2.886145   -0.1169091     19502.02
      7185.4      1.01176     2.833893    -0.110072     19500.81
      7185.6     1.012111     2.792186  -0.06749587     19500.54
      7185.8     1.012454     2.800581    0.0261399      19501.3
        7186     1.012676     2.832148   0.07702791     19503.35
      7186.2     1.012546     2.854805   0.06312497     19504.18
      7186.4     1.012666     2.853809   0.02943155     19505.88
      7186.6     1.012411     2.851081   0.01805481     19507.31
      7186.8     1.012162     2.855693   0.05028332     19506.58
        7187     1.012481     2.869249   0.06397542     19508.25
      7187.2     1.012653     2.894035   0.05738074     19509.89
      7187.4     1.012778     2.902261    0.0624533     19509.24
      7187.6     1.013072     2.901598   0.04186577     19510.07
      7187.8     1.013051     2.919211   0.02839644     19511.66
        7188     1.013158     2.927528   0.02667519     19512.11
      7188.2      1.01375     2.924978 -0.008619568     19513.36
      7188.4      1.01398     2.922938  -0.01727139     19514.64
      7188.6     1.013938     2.912316    0.0140939     19515.91
      7188.8     1.013961     2.913711   0.04996512     19517.88
        7189     1.013838     2.936254   0.08735231      19518.6
      7189.2     1.013792      2.96291   0.07649603     19519.66
      7189.4     1.013881     2.982197  0.002709332     19521.15
      7189.6     1.013704     2.974908  -0.05932535     19521.45
      7189.8     1.013532     2.938421  -0.08261825     19520.49
        7190     1.013361      2.91545  -0.03910769     19519.22
      7190.2     1.013182     2.916103   0.07118725     19520.56
      7190.4     1.013119     2.943621    0.1060794     19521.72
      7190.6     1.013113     2.995371   0.02092816     19521.31
      7190.8     1.013458     3.000313  -0.04351115     19522.95
        7191     1.013657     2.932845  -0.07536322     19525.49
      7191.2     1.013224     2.908812  -0.04286907     19526.71
      7191.4     1.013052      2.93508   0.05381657     19528.36
      7191.6     1.013406     2.966018   0.07831121     19529.24
      7191.8      1.01376     2.975899   0.05012521     19529.41
        7192     1.013811     2.971461  -0.01699612      19530.6
      7192.2     1.013812      2.97518  -0.06716015     19530.93
      7192.4     1.013858     2.952421  -0.05413966     19530.58
      7192.6     1.013772      2.92217  -0.04478976     19531.35
      7192.8     1.013736      2.92815  -0.03130449     19532.11
        7193     1.013907     2.939349 -0.007604888     19532.85
      7193.2     1.014112     2.927377  -0.01201744     19534.17
      7193.4     1.014113     2.916087 -0.003681035     19534.56
      7193.6      1.01405     2.918536    0.0261084     19534.79
      7193.8     1.014022     2.936404   0.05446754     19535.71
        7194     1.013981     2.948264   0.09362522     19536.51
      7194.2     1.013962     2.959661   0.08653248     19537.28
      7194.4     1.013892     2.993436   0.02553795     19537.33
      7194.6     1.013775      3.00563  -0.02575236     19536.71
      7194.8     1.013891     2.968694  -0.04528459      19538.2
        7195     1.014325     2.939059  -0.02772298     19540.52
      7195.2     1.014843     2.957208   0.04811156     19541.23
      7195.4     1.015193     2.983451    0.1096054     19541.76
      7195.6     1.014995     3.007184   0.09325722      19542.4
      7195.8     1.014915     3.026743   0.06669414     19543.79
        7196     1.015142     3.031814   0.02838259     19545.52
      7196.2      1.01552     3.036807  -0.03670754     19545.95
      7196.4     1.016083      3.02989  -0.08661526     19547.84
      7196.6     1.016098     2.997377   -0.1204002     19548.78
      7196.8     1.015947     2.962522   -0.1258665     19549.55
        7197     1.015959     2.940487  -0.07324408     19551.05
      7197.2     1.015926     2.929197  -0.02720978     19550.55
      7197.4     1.016186     2.938782  -0.01685643     19551.11
      7197.6     1.016678     2.940754 0.0006835412     19552.53
      7197.8     1.016977     2.927001 -0.001457314     19553.25
        7198     1.017042     2.929743  -0.01382463      19553.3
      7198.2     1.017202     2.937616  -0.01104667     19553.05
      7198.4     1.017628     2.929694  -0.00591901     19554.56
      7198.6     1.018176     2.918164  -0.01377295     19557.28
      7198.8     1.018478     2.925008  -0.01586275     19558.71
        7199     1.018352     2.926597  -0.02099833     19558.78
      7199.2     1.018258     2.917004  -0.05670126      19559.5
      7199.4     1.018126     2.901365  -0.03490285     19557.94
      7199.6     1.017706     2.879647    0.0332473     19557.08
      7199.8     1.017661     2.898675   0.09212463     19558.85
        7200     1.018274     2.943602    0.1381254     19559.62
      7200.2     1.018856     2.975065   0.09034893     19560.78
      7200.4     1.019277     2.990148  -0.03827711      19561.2
      7200.6      1.01925     2.970954   -0.1034393     19562.42
      7200.8     1.019008      2.91298  -0.09783443     19564.03
        7201     1.019025     2.892314  -0.09554872     19565.27
      7201.2     1.018764      2.91188  -0.05769926     19566.17
      7201.4     1.018538     2.894515  -0.03515407     19566.02
      7201.6     1.018674     2.866821  -0.06870947     19565.94
      7201.8     1.018996      2.86419  -0.04664219     19567.76
        7202     1.019295     2.856912 -0.0004147972     19569.99
      7202.2      1.01936     2.857202  -0.01209722     19571.55
      7202.4     1.019496     2.866489 -0.007996207     19573.52
      7202.6     1.019795     2.854513  0.004231421     19573.59
      7202.8     1.019959     2.850515  -0.01078215     19572.38
        7203     1.020075     2.860587 -0.0006361866     19573.13
      7203.2     1.020264     2.857863  0.008259399     19575.54
      7203.4     1.020317     2.854004 -0.007564856     19576.81
      7203.6     1.020375     2.857123  -0.01778675     19578.53
      7203.8     1.020514     2.854535  -0.02273909     19579.62
        7204     1.020589     2.843634  -0.02330418        19579
      7204.2     1.020493     2.835812   -0.0143628     19579.77
      7204.4     1.020384      2.83848 -0.009583757     19578.95
      7204.6     1.020093     2.843045  -0.01043756     19578.27
      7204.8     1.019954     2.835967  -0.02190635     19578.76
        7205     1.020123     2.827462 -0.008461221     19578.77
      7205.2     1.020446     2.820955   0.01441047     19579.68
      7205.4     1.020769     2.836276 -2.06734e-05     19581.34
      7205.6     1.020725     2.847495  -0.01102242     19583.18
      7205.8     1.020627     2.827446   -0.0406661     19585.09
        7206     1.020611     2.812137  -0.06201965     19585.83
      7206.2     1.020228     2.803743  -0.02994837      19584.5
      7206.4     1.019824      2.79788 -0.008670906     19584.45
      7206.6     1.020176     2.803487 -0.002543894      19585.8
      7206.8     1.020632       2.8052  0.004578347     19585.71
        7207     1.020555     2.801708  -0.01026044     19586.08
      7207.2     1.020624     2.801542  -0.01688519     19586.86
      7207.4     1.020936     2.795279 -0.009603549     19586.44
      7207.6     1.021028     2.791692 -0.004505224     19588.15
      7207.8     1.021037     2.794025 -0.002132891     19591.79
        7208     1.021068     2.797938 -0.007324859      19593.4
      7208.2      1.02089     2.793573   0.01405128     19594.21
      7208.4     1.020688     2.785832   0.02261046     19595.13
      7208.6     1.020744     2.805266  -0.00021724     19597.32
      7208.8     1.020805     2.816026  0.009923255     19599.15
        7209     1.020749     2.793399   0.02868489     19599.55
      7209.2     1.020582      2.79377   0.03819584     19600.86
      7209.4     1.020491     2.828214   0.05476591      19601.5
      7209.6     1.020385     2.846583   0.05365656     19601.75
      7209.8     1.019933     2.837211   0.03401086     19602.16
        7210     1.019269     2.836696   0.01122183     19600.72
      7210.2     1.019124     2.855422 -0.004111336     19600.24
      7210.4     1.019325     2.855561  -0.00146199     19600.06
      7210.6     1.019368     2.833922  0.006102462     19600.07
      7210.8     1.019511     2.835526   0.01350273     19602.18
        7211     1.019738     2.860304   0.02100039     19601.72
      7211.2     1.019672     2.866363   0.01890357     19600.41
      7211.4     1.019275     2.850723 0.0006507239     19602.87
      7211.6      1.01897     2.850649  -0.02898995     19605.51
      7211.8     1.018671     2.860825  -0.02240073     19605.38
        7212     1.018424     2.843171  0.004814481     19604.77
      7212.2     1.018473     2.832802   0.02767987     19605.55
      7212.4     1.018236     2.854501   0.06343404     19604.53
      7212.6     1.017865     2.882969   0.09680714     19603.72
      7212.8     1.017561     2.893918    0.0901113      19605.3
        7213     1.017021     2.910248   0.06017856     19607.06
      7213.2     1.016249      2.92659   0.06167099     19608.83
      7213.4     1.015767     2.931112   0.03444288     19607.79
      7213.6     1.015582     2.943255 -0.002009275     19606.47
      7213.8     1.015437     2.937802 -0.002737509     19606.72
        7214     1.015597     2.924982  0.004466526     19607.56
      7214.2     1.015601     2.928922   0.04031525     19609.43
      7214.4     1.015178     2.946828   0.07948758     19611.83
      7214.6     1.014774     2.970054    0.1026603     19614.91
      7214.8       1.0145     2.988572    0.1055997     19616.32
        7215     1.014212      3.01105   0.09652547      19616.4
      7215.2     1.013968     3.031308   0.09147521     19616.94
      7215.4     1.013791     3.047275   0.05627692      19617.5
      7215.6     1.013678     3.061752   0.01933653     19618.65
      7215.8     1.013543     3.056071 -0.007244029     19619.25
        7216     1.013034     3.046777   -0.0323488     19619.88
      7216.2     1.012358     3.041479  -0.01604286     19620.75
      7216.4     1.011862     3.035873   0.02061606     19619.81
      7216.6     1.011711     3.043237   0.07059565     19620.03
      7216.8     1.011586      3.06327   0.07410571        19622
        7217     1.011592     3.097956   0.02949183     19624.83
      7217.2     1.011562     3.095158  0.003606135     19627.19
      7217.4       1.0114     3.066831  -0.03403135     19627.78
      7217.6     1.011414     3.066155  -0.03337568     19628.78
      7217.8     1.011427     3.070731   0.01058092     19629.48
        7218     1.011022     3.068457   0.04253982      19628.6
      7218.2     1.010355     3.075295   0.07117798     19627.29
      7218.4     1.010133     3.100187   0.09426164     19626.83
      7218.6     1.010202     3.127673   0.08817493     19627.35
      7218.8     1.010054     3.143867   0.04952402     19627.06
        7219     1.009781     3.145835   0.01022668     19626.84
      7219.2     1.009392     3.139806  -0.01300359     19627.98
      7219.4      1.00884     3.135855  -0.01491106     19628.32
      7219.6     1.008509     3.133464 -0.009479495     19628.49
      7219.8     1.008329     3.133907 -0.009924031     19630.26
        7220     1.008144     3.132222  -0.01129968     19631.85
      7220.2     1.008271     3.127915  -0.03295183     19632.65
      7220.4     1.008223     3.124424    -0.026379     19632.88
      7220.6     1.007726     3.107545    0.0104769     19631.46
      7220.8     1.007515     3.111119   0.01515807     19631.93
        7221     1.007717     3.136297   0.02325633     19633.37
      7221.2     1.007294     3.136551   0.03767233     19634.79
      7221.4     1.006441      3.12615 -0.002326458     19636.97
      7221.6     1.006209     3.141257  -0.04365826     19637.88
      7221.8     1.005954     3.134436  -0.01726884     19636.24
        7222     1.005887     3.101624   0.01202756     19636.22
      7222.2     1.005996     3.112335   0.05184241     19638.52
      7222.4     1.005709     3.150879   0.09007676     19638.93
      7222.6     1.005598      3.17591   0.05582983     19640.06
      7222.8     1.005455     3.173685   -0.0192011     19641.92
        7223     1.004968     3.156999  -0.08021966     19642.65
      7223.2     1.004814     3.135518  -0.08105482     19642.97
      7223.4      1.00482     3.111734  -0.05070015     19642.41
      7223.6     1.004317     3.108842  -0.02730939     19642.57
      7223.8     1.003897     3.116439  -0.01430958     19644.96
        7224     1.003979     3.113671  -0.02670217     19648.45
      7224.2     1.003959     3.100286  -0.03540382     19650.54
      7224.4     1.003554      3.08748   -0.0315066     19649.87
      7224.6     1.003261     3.088116  -0.03198949     19649.54
      7224.8     1.003051     3.088465  -0.05326375      19650.2
        7225     1.002819     3.074695  -0.07363878     19650.51
      7225.2      1.00292     3.044869   -0.0770044      19651.7
      7225.4     1.002879     3.029205  -0.06619614     19653.46
      7225.6     1.002484     3.026862  -0.03140015     19654.72
      7225.8     1.001991     3.021738  -0.01019337     19655.42
        7226     1.001554     3.019749   -0.0372881     19654.76
      7226.2     1.001324      3.02105  -0.07074384     19655.21
      7226.4     1.001056     2.997031  -0.06539048     19656.25
      7226.6     1.000948     2.965143   -0.0644079     19656.44
      7226.8     1.001032     2.967436  -0.03923626     19658.33
        7227     1.000827     2.969524   0.01228397     19660.41
      7227.2     1.000468     2.965642   0.01262166     19660.79
      7227.4    0.9998361      2.97497  0.003927508     19660.96
      7227.6    0.9990101     2.977534 0.0009198658     19662.15
      7227.8    0.9986454     2.972666  -0.01343497     19662.43
        7228    0.9982976     2.966378  -0.02410227     19660.61
      7228.2    0.9978322     2.964222  -0.03172903     19661.08
      7228.4    0.9974397     2.958252  -0.02607798      19662.2
      7228.6    0.9972212     2.947282  -0.01153266      19661.7
      7228.8     0.997437     2.945516  -0.02012541     19661.54
        7229    0.9976679     2.954996  -0.03716824     19664.31
      7229.2    0.9973581     2.942151  -0.03854546      19666.6
      7229.4    0.9970509     2.917548  -0.06203171     19666.49
      7229.6    0.9965594     2.914679  -0.06251183     19666.51
      7229.8    0.9958083      2.90537  -0.03922826      19666.3
        7230    0.9955366     2.892142  -0.05602973     19666.24
      7230.2     0.995488     2.886165  -0.06686605      19666.1
      7230.4    0.9952233     2.869856  -0.07218587     19666.72
      7230.6    0.9950374     2.851878  -0.08624396     19667.88
      7230.8    0.9950504     2.834393  -0.05746714     19668.66
        7231    0.9947328      2.81717  -0.01515611      19669.9
      7231.2     0.994366     2.823882 -0.002546383     19671.83
      7231.4    0.9943552     2.839753  0.002430006     19673.84
      7231.6    0.9941674     2.832356  0.001088056      19674.6
      7231.8    0.9938176     2.819114  0.003407038     19674.05
        7232    0.9934569     2.824752   0.02233596     19673.08
      7232.2    0.9931899     2.842478   0.03272479     19674.28
      7232.4    0.9931899     2.850225   0.03027847     19676.08
      7232.6     0.993215     2.845294  -0.01455329     19676.44
      7232.8    0.9931482     2.848975     -0.05312      19677.9
        7233    0.9931026     2.830836  -0.04058066     19678.33
      7233.2       0.9931     2.807729  -0.04097069     19677.02
      7233.4    0.9929528     2.812829  -0.03963109     19676.76
      7233.6    0.9927451     2.816199  -0.03974419     19677.91
      7233.8    0.9927585     2.799131  -0.06022425     19677.78
        7234    0.9927997     2.775934  -0.05910526     19677.77
      7234.2    0.9927929      2.76465  -0.01842694     19680.24
      7234.4    0.9926344     2.768914  0.009220302     19682.56
      7234.6    0.9921673     2.784389  -0.01012899      19682.9
      7234.8     0.991699      2.78331  -0.03772744     19682.81
        7235    0.9912594     2.756547  -0.05557353     19684.78
      7235.2    0.9906893     2.738732  -0.06400165     19687.54
      7235.4    0.9903208      2.73993  -0.05100804      19687.7
      7235.6    0.9904776     2.732109    -0.021387     19685.91
      7235.8    0.9907695      2.71574 -0.008462875     19686.74
        7236    0.9909107     2.721623  0.008106189     19688.82
      7236.2    0.9909069      2.73316   0.04814476      19689.9
      7236.4    0.9908013     2.738593    0.0427391     19691.53
      7236.6    0.9908144     2.754256   0.01084417     19691.71
      7236.8    0.9907735     2.755814  0.005185585     19691.03
        7237    0.9906782     2.741835  0.003893473     19692.89
      7237.2    0.9906394     2.742742  -0.01038146     19694.02
      7237.4    0.9907798     2.757371  -0.02456072     19693.02
      7237.6    0.9908699     2.747509  -0.02727667     19691.85
      7237.8    0.9908309     2.722187  -0.03910662     19690.49
        7238    0.9908323     2.720921  -0.03219382      19689.5
      7238.2    0.9906701     2.726086 -0.006603213     19687.77
      7238.4      0.99059     2.721754 -0.008472147     19687.97
      7238.6    0.9908476     2.716904  -0.01279577     19691.97
      7238.8    0.9911658     2.714143  -0.01515433     19693.17
        7239    0.9913359     2.715849  -0.02351579      19692.8
      7239.2     0.991327      2.70963  -0.01823188      19694.9
      7239.4     0.991196     2.698092  -0.01143497        19695
      7239.6    0.9910203     2.699557  -0.01357766     19695.01
      7239.8    0.9906259     2.706701  0.007211634     19696.29
        7240    0.9903524     2.698768   0.02448918     19696.95
      7240.2    0.9903385     2.703861   0.02190166     19698.07
      7240.4    0.9904661     2.719149   0.04018528     19698.43
      7240.6    0.9910204     2.724222   0.03933338     19698.49
      7240.8    0.9918217     2.730917   0.02081555      19699.8
        7241    0.9923816     2.735328   0.01120065     19701.83
      7241.2    0.9925892     2.735801   0.00100045      19704.3
      7241.4    0.9924787     2.733183  -0.00817652     19705.52
      7241.6    0.9922601     2.731717  -0.01238531     19706.11
      7241.8     0.992225     2.728786  0.002169214     19707.32
        7242    0.9922248     2.725893   0.01194778     19707.51
      7242.2    0.9921773     2.734918   0.01140526     19707.12
      7242.4    0.9922948     2.741275   0.01306339     19707.28
      7242.6    0.9925133     2.737911 -0.005321747     19707.94
      7242.8     0.992692     2.736344 -0.005469748     19708.14
        7243    0.9928739     2.730661   0.01437884     19707.76
      7243.2    0.9932108     2.736899   0.01038053     19708.39
      7243.4    0.9938271     2.749414   0.01470839     19709.54
      7243.6    0.9941438     2.744648  0.009493738     19709.23
      7243.8    0.9941492     2.742428   -0.0152687     19708.49
        7244    0.9943671     2.744494  -0.02590789     19709.28
      7244.2    0.9945108     2.737199  -0.04265622     19710.63
      7244.4    0.9945764     2.723922   -0.0443045     19712.08
      7244.6    0.9948169     2.708303  -0.01101099      19713.7
      7244.8    0.9948727     2.709051   0.02733862     19714.24
        7245    0.9950057      2.72839   0.06721018     19714.43
      7245.2    0.9952139     2.745793   0.08248399     19714.67
      7245.4    0.9952491     2.762071   0.05853192     19714.41
      7245.6    0.9955077     2.775038   0.03697465     19715.76
      7245.8    0.9958067     2.775216   0.01818637     19717.63
        7246    0.9960763     2.775372 -0.005397046     19717.89
      7246.2    0.9964833      2.77662  0.005599531     19719.02
      7246.4    0.9968759      2.77072   0.02574373     19720.55
      7246.6    0.9973514     2.779695   0.04108612     19722.48
      7246.8    0.9978748     2.795967   0.06199949     19724.12
        7247    0.9981946     2.809489   0.02560617     19725.75
      7247.2     0.998547      2.82032  -0.01961778     19727.38
      7247.4    0.9990424      2.80018  -0.03656898     19728.37
      7247.6    0.9991528     2.780273  -0.05505719     19728.86
      7247.8    0.9987948     2.780234  -0.02011834     19727.73
        7248    0.9985869     2.776274   0.01397926     19728.84
      7248.2    0.9985754     2.784085 -0.0003253024     19731.21
      7248.4     0.998747     2.791457 -0.005856504     19731.71
      7248.6     0.999097     2.779973  -0.01774617     19731.02
      7248.8    0.9994464     2.771589  -0.03736191     19730.18
        7249    0.9998845     2.769889  -0.03565713     19731.05
      7249.2     1.000367     2.761567   -0.0201567     19733.01
      7249.4     1.000725     2.751448 1.658642e-05     19733.52
      7249.6     1.000665     2.755464    0.0151415     19732.18
      7249.8     1.000476     2.769902   0.01984891     19732.71
        7250     1.000724      2.77368   0.01263718     19734.72
        7252     1.003151     2.797693  0.004825484     19741.14
        7254      1.00552     2.763378 -0.003163952      19747.5
        7256     1.008179      2.74994 -0.001503355     19757.33
        7258     1.010548     2.747317 -0.002672271     19765.67
        7260     1.012743     2.785667  0.003754928     19769.41
        7262     1.015022        2.742  0.001885101      19776.9
        7264     1.017188     2.779979  0.001018545     19783.69
        7266     1.018295     2.762398  0.003493862      19787.8
        7268     1.020002     2.793815  0.005562396     19796.97
        7270     1.019372     2.769951   0.01023677        19806
        7272     1.020314     2.824478   0.01237485     19811.62
        7274     1.019177     2.844292   0.01275214     19819.83
        7276     1.019218     2.892814  0.005067761     19823.49
        7278     1.019191     2.871968  0.006093173     19831.94
        7280     1.017565      2.86502  0.001797278     19835.54
        7282     1.015603     2.893038  0.002995417     19844.25
        7284     1.014297     2.907192  0.004495918     19850.77
        7286     1.012497     2.895931 -1.710417e-05     19855.37
        7288      1.01106     2.900988 -0.005731232     19864.56
        7290     1.008764     2.892901  -0.00703104     19873.36
        7292     1.007417     2.861342  -0.01436111     19879.22
        7294     1.006333     2.839683  -0.01496986      19887.3
        7296      1.00543     2.786099  -0.01749789      19891.5
        7298     1.004151     2.773142  -0.01801754     19900.81
        7300      1.00367     2.721359  -0.01070766      19906.4
        7302     1.004048     2.695543  -0.01354522     19913.24
        7304      1.00345     2.700437 -0.007087726     19922.51
        7306     1.002626      2.66478 -0.003598778     19922.97
        7308     1.003149     2.664657 -0.008353452     19930.23
        7310     1.001984     2.666752  -0.00161986     19935.88
        7312     1.002463      2.63361  0.001591682     19940.77
        7314     1.001434     2.651821 -0.004424683     19948.91
        7316     1.001753     2.677391  0.001292337     19956.03
        7318     1.001681     2.631355 -0.002841737     19965.89
        7320     1.001969     2.643948 -0.005578797     19974.47
        7322     1.002358     2.629087 0.0006685127     19981.43
        7324     1.001934      2.63276 -0.001558165     19985.73
        7326     1.002351     2.636703 5.437225e-05     19991.22
        7328     1.002022     2.631483 -0.003091879     19997.34
        7330     1.001844     2.629522  0.001124918     20006.97
        7332     1.001221     2.608025 -0.002299389     20004.44
        7334     1.001462     2.645702 -0.006439433     20011.96
        7336     1.000501     2.613088 0.0002188037     20020.05
        7338     1.001005     2.578007 -0.007934678     20029.03
        7340      1.00092     2.609776 -0.002870236     20032.58
        7342     1.000698     2.582225  0.008384711     20038.33
        7344     1.000342     2.590126  0.005214593     20046.69
        7346     1.000556     2.645085  0.009047002     20048.55
        7348     1.001377     2.651492  0.008343769     20056.83
        7350     1.001482     2.654601   0.00450978     20065.24
        7352     1.000556     2.656876  0.006886367     20067.61
        7354     1.000763     2.681163  0.003058739     20074.24
        7356     1.000753     2.706583  0.001707294     20083.45
        7358     1.000189     2.679071 0.0009693757     20087.26
        7360     1.000298     2.670535  0.002164323     20094.12
        7362     1.000761     2.688918  0.004553319     20099.52
        7364     1.000733     2.723898  0.003350454     20106.81
        7366     1.000288     2.715497 0.0009143022     20111.29
        7368     1.000668     2.697338  -0.00274801     20116.93
        7370    0.9999973     2.696232  -0.00809856     20124.64
        7372     1.000057     2.701914 -0.007278398     20127.85
        7374    0.9997027     2.650709  -0.01027642     20136.21
        7376     1.000101     2.639111  -0.01468198     20139.01
        7378     1.000243     2.614021  -0.01327997     20147.31
        7380     1.000279     2.584458  -0.01332044     20153.55
        7382     1.000335     2.544469  -0.01337278     20157.51
        7384    0.9987913     2.532548  -0.01053324     20169.34
        7386    0.9987159     2.507039 -0.004821252      20168.9
        7388    0.9992464     2.500192 -0.006778967     20177.31
        7390    0.9986119     2.505899  0.000817806     20183.17
        7392    0.9990502     2.478316 -0.001599543     20188.33
        7394    0.9992389     2.513581 -0.0001679374     20199.76
        7396    0.9980115     2.487396  0.005474428     20201.36
        7398    0.9983727     2.504556 -0.001958446     20210.19
        7400    0.9979326     2.522111 -2.021508e-05     20215.69
        7402    0.9984656     2.497914 -0.0006537638     20221.59
        7404    0.9978252     2.487234 -0.004541761     20225.37
        7406    0.9970619     2.499326 -0.001613758     20231.63
        7408    0.9972354     2.485777 -0.0003295326     20237.46
        7410    0.9972821     2.485004 -0.001693484     20246.89
        7412      0.99764     2.484598 -0.0001188296     20253.26
        7414    0.9968941     2.485778 -0.0001694386     20259.82
        7416    0.9970179     2.484826 -0.0004816016     20265.45
        7418    0.9967939     2.483648 -0.001309719        20266
        7420    0.9965233     2.480745  -0.00453793     20273.31
        7422    0.9970862       2.4753 -0.002252819     20279.09
        7424    0.9966837     2.448523 -0.002914073     20287.36
        7426    0.9967903     2.465625 -0.003983282     20291.16
        7428    0.9960295     2.457432 -0.001077557     20296.82
        7430    0.9965481     2.443434 -0.0003180377     20303.02
        7432    0.9960515     2.439903 -0.002964763     20306.75
        7434    0.9966671     2.463081 0.0005338816     20312.15
        7436    0.9965916     2.433714  0.003242509     20319.92
        7438    0.9956619     2.447705  0.001997534     20327.61
        7440    0.9961685     2.465843  0.003895405     20332.41
        7442    0.9959387     2.479061  0.003184989     20337.48
        7444    0.9952168     2.464877  0.001238468     20340.06
        7446     0.995918     2.473185  0.001959846     20346.59
        7448     0.996118      2.47575  0.002489911     20350.23
        7450    0.9956822      2.49474  0.003302781     20358.74
        7452    0.9958468     2.484797 -0.0007894378     20365.87
        7454    0.9952143     2.499607 -0.003908891     20367.78
        7456    0.9956267     2.469435 -0.0005595434     20377.47
        7458    0.9958932     2.463469 -0.005786542     20382.21
        7460     0.995914      2.48032 -0.0005653423     20386.36
        7462    0.9959784     2.453315 -0.001504372     20393.45
        7464    0.9956185     2.464912  -0.00587378     20397.62
        7466    0.9951696     2.451434 -0.003910789     20400.15
        7468     0.995333      2.43333 -0.005635247     20411.28
        7470    0.9957516     2.422028 -0.006487429     20414.56
        7472    0.9953618      2.41983 -0.005581202     20417.55
        7474    0.9958243     2.399535 -0.003528905     20425.27
        7476    0.9953099     2.388681 -0.005032097     20427.76
        7478    0.9950692     2.393797 -0.003604705     20437.26
        7480    0.9954122     2.379573 -0.001727602     20441.48
        7482    0.9949966     2.370697  -0.00314088     20446.24
        7484    0.9954537      2.37486 -0.002360304     20451.23
        7486    0.9951858      2.36867 -0.003590182     20456.77
        7488    0.9954917     2.360691 -0.005177515     20459.68
        7490    0.9952454     2.341976 -0.004131621     20465.99
        7492    0.9956249      2.33344 -0.005329414     20471.39
        7494    0.9943654     2.335617 -0.001516097     20473.15
        7496    0.9952734     2.318056 0.0005017262     20478.85
        7498    0.9951801     2.329847 -0.002241946     20484.35
        7500    0.9948853     2.337453  0.001190496     20490.69
        7502    0.9942442     2.317681 0.0001177646     20493.17
        7504    0.9950844      2.32758 -0.002461231     20499.73
        7506    0.9944446     2.330789 -0.0005511245     20502.92
        7508     0.994691     2.317764 -0.002159294     20512.61
        7510    0.9950548     2.313272 -0.002269205     20517.22
        7512    0.9946858     2.310305 -0.0009446753     20519.58
        7514    0.9943131     2.312635 -0.001267074     20524.04
        7516    0.9943485     2.310206 0.0008632043     20525.73
        7518    0.9943621     2.303136  0.002076479     20506.86
        7520      0.99491     2.317211 -0.004242447     20500.35
        7522     0.994403     2.329247 -0.001261325     20499.78
        7524    0.9953004     2.276267  -0.00182798     20462.11
        7526    0.9964139     2.293045 -0.005264684     20026.83
        7528    0.9930532     2.302587  0.002222864     20360.66
        7530    0.9950746      2.28713 -0.0004156142     20079.88
        7532    0.9940021      2.29405 -0.002423091     20432.87
        7534    0.9947883      2.28972 -0.001681872     20560.28
        7536    0.9946455     2.283202 -0.0008884428      20547.1
        7538    0.9953746     2.273675   -0.0020687     20554.53
        7540    0.9945838     2.286942 -0.004049459      20572.9
        7542    0.9950358     2.273171 -0.001326914     20594.88
        7544    0.9948085     2.250807 -0.002359982     20598.09
        7546    0.9948583     2.263059 -0.001922177     20603.86
        7548    0.9947426     2.268062 -0.0003859243     20608.98
        7550     0.995336     2.257793 -0.002465401     20613.13
        7552    0.9949394     2.247719 -0.0005781536     20619.99
        7554    0.9948321     2.243336 -0.001003713     20622.35
        7556    0.9949221     2.263437  0.000786736     20629.89
        7558    0.9952694     2.249764  0.001895249     20634.15
        7560     0.995197     2.254013 -0.000327558     20639.46
        7562    0.9950353     2.258498  0.002340132     20644.67
        7564      0.99544     2.260816 -0.0001073606     20645.43
        7566    0.9955229     2.268485 -0.002210882     20655.75
        7568    0.9953461     2.253154 -0.002112021     20657.46
        7570     0.995053     2.240811 -0.005008568     20662.98
        7572    0.9948766      2.24392 -0.003092342     20667.52
        7574    0.9955476     2.228416 -0.003147992     20672.28
        7576    0.9954863     2.228416 -0.004200895     20673.97
        7578     0.995376     2.215627  -0.00316391     20678.27
        7580    0.9955454     2.210313 -0.002396875     20688.02
        7582    0.9951997     2.203105 -0.003229638     20689.87
        7584    0.9950103     2.209241 -0.003939249     20687.37
        7586    0.9953238      2.18979 -0.002358694     20693.29
        7588    0.9948214     2.178799 -0.002694001      20694.4
        7590    0.9960053     2.184235  -0.00133311     20704.07
        7592     0.996518     2.187689 -0.0001567913     20708.75
        7594    0.9957329     2.179125 -0.001120828     20706.35
        7596     0.995781     2.177545 -0.002121101     20709.55
        7598    0.9960803     2.175269 -0.0004780932     20713.55
        7600    0.9956216      2.17072 -0.0003337552     20716.48
        7602    0.9957698       2.1753 -0.001196091     20721.89
        7604    0.9964198     2.174875 -0.001861266     20729.58
        7606    0.9963253       2.1657 -0.003891294     20729.93
        7608     0.996476      2.15583 -0.002977725      20737.4
        7610    0.9962272      2.14417 -0.002948998      20733.7
        7612    0.9959575     2.151053 -0.002927945     20740.28
        7614    0.9956403     2.142108 -0.001383271     20745.54
        7616      0.99548     2.132406 -0.001444362     20749.76
        7618    0.9956866     2.133104 -0.0008490716     20753.11
        7620    0.9963144     2.139498 -0.0007778072     20754.76
        7622    0.9960554     2.135315 -0.0006999514     20760.22
        7624    0.9966112     2.126184 -0.001277913     20759.87
        7626    0.9958508     2.127504 -0.001153768     20766.29
        7628    0.9963365     2.129275 -0.0006015244     20773.51
        7630     0.996666     2.126085 -0.001874443      20777.6
        7632    0.9964516     2.121371 -0.002669929     20778.92
        7634    0.9964358     2.112509 -0.002119933     20785.23
        7636    0.9972256     2.107915 -0.001701751     20790.19
        7638     0.997513     2.109126 -0.0007905377     20797.57
        7640     0.997011     2.107757 -0.001847221     20798.38
        7642    0.9965689     2.106184 -0.002858618     20803.94
        7644    0.9967106     2.093138 -0.002865838     20807.96
        7646    0.9967043     2.086257 -0.003645443     20809.38
        7648    0.9973682     2.084831 -0.001611765     20815.44
        7650    0.9968839     2.077021 -0.0008976606     20820.93
        7652    0.9971074     2.080243 -0.002519628     20824.26
        7654    0.9976857     2.079076 -0.001598144     20826.16
        7656    0.9980153     2.064674 -0.0004780413     20832.12
        7658    0.9973862     2.064236 -0.001208584     20834.05
        7660    0.9974875     2.076419 0.0004837982     20838.22
        7662    0.9974728     2.069407 -0.001312912     20846.66
        7664    0.9971892     2.068544 -0.002228551     20849.67
        7666    0.9976104     2.053732 -0.0001493138     20852.66
        7668    0.9974754     2.058591 -0.001624036     20854.31
        7670    0.9979042     2.068212 -0.0009173805     20854.35
        7672    0.9972095     2.055552 -0.0009554061     20857.75
        7674    0.9972201     2.046393 -0.000986376     20863.47
        7676     0.997429     2.050947 -0.0005099559     20869.74
        7678     0.997295     2.060321 0.0003495931     20872.14
        7680    0.9977341     2.051472 -0.001272577      20880.5
        7682    0.9977906      2.04919 -0.002427018     20880.14
        7684    0.9976048     2.040767 -0.001393324     20889.87
        7686    0.9975999     2.040905 -0.002281257     20892.34
        7688    0.9982252     2.040326  -0.00107114     20895.89
        7690    0.9974465      2.03094 -0.001826808     20897.02
        7692    0.9973277     2.032198 -0.002398165     20897.52
        7694    0.9980968     2.026291 -0.001004735     20910.52
        7696    0.9975575      2.02114 -0.002112691     20908.28
        7698    0.9981792     2.022902 -0.002980445     20911.92
        7700     0.998701     2.015296 -0.001368472     20917.65
        7702    0.9981543     2.002447 -0.001869518     20923.17
        7704    0.9989764     2.010192 -0.001890617     20925.42
        7706    0.9986818     2.007946 0.0005320901     20926.53
        7708    0.9983997     2.000171 -0.0008100998     20928.67
        7710    0.9987522     2.006704 -0.001107273     20934.67
        7712    0.9990973     2.003712 -0.0006282031     20941.02
        7714    0.9982012     1.999088 -0.001638432     20938.19
        7716    0.9988166     1.995146 -0.001115225     20946.33
        7718    0.9991442     1.993596 -0.0007344218     20950.33
        7720    0.9995723      1.99479 -0.001151126     20952.36
        7722    0.9988502     1.993212 0.0007071539     20956.02
        7724    0.9994919     1.985937 -0.001306964     20958.54
        7726    0.9997459     1.999254 -0.001706137      20963.6
        7728    0.9990815     1.984334 -0.001018167     20962.09
        7730    0.9992999     1.979563 -0.001675656     20965.87
        7732    0.9999077     1.977791 -6.429976e-05     20972.34
        7734     1.000058     1.985848 -0.0009847202     20980.42
        7736    0.9997021      1.98382    -0.001507     20976.05
        7738    0.9996089     1.971686 -0.001834608     20979.57
        7740     1.000245     1.965735 -0.002515736     20984.48
        7742    0.9997595     1.971172 -0.001127924     20990.77
        7744    0.9998049     1.963694 -0.001568331     20987.61
        7746     0.999771     1.962662 -0.002587282     20996.74
        7748    0.9998065     1.953189 -0.001249435     20995.27
        7750     1.000046     1.950473 -0.001275541     21000.45
        7752     1.000131     1.953698 -0.001032113     21004.95
        7754     1.000552     1.952458 -0.0009727665     21010.53
        7756     1.000471     1.944932 -0.002569693      21009.8
        7758     1.000406     1.942691 -0.001595039     21011.95
        7760     1.000713     1.933141 -0.001731294     21017.95
        7762     1.000964     1.939698 -0.001563616     21020.86
        7764     1.000743     1.931081 -0.002583427     21021.32
        7766     1.001229     1.930182 -0.002865028     21021.43
        7768     1.001681     1.912473   -0.0009896     21028.98
        7770     1.001108     1.916777 -0.001831691     21027.06
        7772     1.001043     1.923165 -0.001339243     21030.49
        7774     1.001178     1.915529 -0.001807765     21030.81
        7776     1.001043     1.901759 -0.003606096     21029.81
        7778     1.001373     1.902315  -0.00199212     21028.51
        7780     1.001792     1.894316 -0.0003345282     21018.36
        7782      1.00189     1.899592 -0.0007094003      20987.6
        7784     1.003189     1.899083  0.000644949     20827.04
        7786     1.004925      1.89664 -0.002208887      19864.2
        7788      1.00162     1.899475 -0.001405187     20079.03
        7790    0.9983366     1.881921 -0.001461685     20411.84
        7792     1.001404     1.887842 -0.002788619     21049.34
        7794      1.00173     1.884947 -0.0007465018     21075.95
        7796     1.001624     1.877166 -0.0005368648     21087.47
        7798     1.002272     1.875949 -0.001055767     21089.38
        7800       1.0019     1.883547 -0.0005989146     21097.87
        7802     1.002065       1.8765 -0.0001186668     21098.92
        7804     1.001651     1.872375 -0.002131122     21101.45
        7806      1.00172     1.874999  -0.00117729     21105.41
        7808     1.002169     1.866498 -0.001164156     21108.76
        7810     1.002099     1.867082 -0.002117643     21116.53
        7812     1.002369     1.863062 -0.001015621     21113.19
        7814     1.002121     1.858058  -0.00161166     21118.55
        7816     1.002269     1.858373 -0.002043787     21121.62
        7818      1.00247     1.854189 -0.001062089     21121.57
        7820     1.002045     1.846712 -0.001982798     21121.81
        7822      1.00202     1.849561 -0.001716269     21125.14
        7824     1.002368      1.84251 -0.001268133     21133.33
        7826     1.002314     1.840459 -0.002461544     21132.24
        7828     1.002467     1.836567 -0.001301093     21138.07
        7830     1.002597     1.829869 -0.001390398     21136.49
        7832      1.00232     1.832102 -0.001578754     21142.23
        7834     1.002504     1.829335 -0.0009200163     21146.04
        7836     1.002247     1.823936 -0.001853189     21150.14
        7838     1.002349     1.822509   -0.0014029     21151.22
        7840     1.002909     1.817276 -0.001073119     21150.91
        7842     1.002514     1.818112 -0.0005017096     21155.92
        7844      1.00312     1.815352 -0.001367245     21163.88
        7846     1.002847     1.818495 -0.002424131     21164.29
        7848     1.003457     1.806338 -0.001462576     21167.83
        7850     1.003388     1.798719 -0.001827776     21167.92
        7852     1.003123     1.803651 -0.001254851     21170.05
        7854     1.003239     1.803873 -0.001053347     21173.86
        7856      1.00311     1.796299 -0.002029683     21176.27
        7858     1.003455     1.790292 -0.002072009     21182.72
        7860     1.003481     1.787413 -0.0006820919     21182.22
        7862     1.003429     1.787297 -0.001086259     21179.76
        7864     1.003076     1.790843  -0.00159242     21183.59
        7866     1.003871     1.781602 -0.0009187257     21189.38
        7868     1.003912     1.774674 -0.002327445     21192.17
        7870     1.003854     1.779947 -0.0009538625     21195.55
        7872     1.004003     1.772223 -0.001068116      21197.2
        7874     1.003516     1.773972 -0.002551879     21196.46
        7876     1.004517     1.766129 -0.001161497     21209.14
        7878     1.004286     1.759532 -0.001630613     21209.16
        7880     1.004368     1.762931 -0.0009016435     21213.75
        7882     1.004889     1.760927 -2.75117e-05     21215.87
        7884     1.004078     1.758916 -0.001426011     21217.24
        7886     1.004112     1.759312 -0.001837855     21218.04
        7888     1.004239     1.751523 -0.002235454     21220.66
        7890     1.004158     1.746224 -0.003211083     21224.17
        7892     1.004497     1.741032 -0.001221761     21229.52
        7894       1.0047     1.733623 -0.001583693     21232.39
        7896     1.004285     1.741749 -0.001423805        21232
        7898     1.004959     1.733554 -0.0005743006     21237.48
        7900     1.004654     1.729642 -0.002273097     21240.68
        7902     1.004646     1.729029 -0.001693089     21244.76
        7904     1.004772     1.723564  -0.00173973      21249.5
        7906     1.004843     1.720009 -0.001456164     21251.08
        7908     1.005188     1.715724 -0.002173142     21256.71
        7910     1.005206      1.71738 -0.0008353483     21257.98
        7912     1.005473     1.706179 -0.0009135716      21265.9
        7914     1.005566     1.713327 -0.001829582     21227.04
        7916     1.006365     1.708416 -0.0004357533      20955.1
        7918     1.004889     1.702743 -0.002456522     20543.11
        7920       1.0046     1.702693 -0.001461342     20963.81
        7922     1.004927     1.693675 -0.001336709     21203.81
        7924     1.004412     1.696725 -0.001851101     21235.63
        7926     1.004851     1.692049 -0.0009439244      21248.1
        7928     1.004959     1.687884 -0.001814864     21258.27
        7930     1.004996     1.686123 -0.001692593     21262.89
        7932      1.00507     1.682206 -0.001119214     21267.07
        7934     1.004575     1.678509 -0.0009952285     21269.18
        7936     1.004941     1.678931 -0.0009370423     21278.58
        7938     1.004482     1.678161 -0.0004953203     21282.22
        7940     1.005134      1.67471 -0.001280907     21283.19
        7942     1.004598     1.674546  -0.00117139      21282.8
        7944     1.005319     1.668683 -0.001180879     21288.53
        7946     1.004767      1.66879 -0.001354984     21286.37
        7948     1.005018     1.665263 -0.0007277276     21290.74
        7950     1.004915     1.663706 -0.001443336     21292.04
        7952     1.004632     1.662861 -0.001405655     21300.04
        7954     1.005117     1.657244 -0.001375201     21299.13
        7956     1.005215     1.654017 -0.001359516     21300.07
        7958     1.005244     1.652705 -0.001193597        21306
        7960     1.004756     1.651985 -0.001403716     21304.57
        7962     1.005104     1.647695 -0.001311614     21309.21
        7964      1.00509     1.642788 -0.001465465      21313.1
        7966     1.004658     1.642212 -0.001709266     21313.36
        7968     1.004967     1.640262 -0.001154783     21319.11
        7970     1.004878     1.634021 -0.001372566     21319.15
        7972     1.004852     1.633549 -0.001385827     21322.64
        7974     1.004971     1.631231 -0.0008811717     21325.74
        7976     1.005115     1.629175 -0.0007812289     21330.68
        7978     1.004997     1.626971  -0.00115624      21329.4
        7980     1.004809     1.627299 -0.0009305847     21328.63
        7982     1.004687     1.621981  -0.00144169     21331.74
        7984       1.0046      1.62173 -0.001484928     21333.01
        7986     1.004726     1.615438 -0.001946171     21340.44
        7988     1.004813      1.61542 -0.001811911     21341.27
        7990     1.004726     1.606412 -0.001345573     21340.94
        7992     1.004941     1.607235 -0.001462849     21344.95
        7994     1.005053     1.604673 -0.0008211882      21341.9
        7996     1.004634     1.603717 -0.001400998     21343.41
        7998     1.004874     1.599842 -0.0008729159     21346.16
        8000     1.004837     1.596027 -0.001591079     21346.83
        8002     1.005081      1.59769  -0.00144753     21351.88
        8004     1.005652     1.590989 -0.001223102     21358.76
        8006     1.005141     1.588262 -0.001761746     21354.39
        8008     1.005255     1.586242  -0.00140848     21357.96
        8010     1.005384     1.583596 -0.001790966      21364.8
        8012     1.005504     1.579721 -0.002165379        21366
        8014     1.005105     1.573934 -0.001174867     21368.36
        8016     1.005379     1.568919 -0.0005253365     21370.71
        8018     1.005308     1.574197 -0.001000594     21372.87
        8020     1.004644     1.575518 -0.001014306      21371.5
        8022     1.004639      1.56593  -0.00187377     21375.43
        8024     1.004832     1.560805  -0.00190468     21374.33
        8026     1.004592     1.559207 -0.001075387     21378.82
        8028     1.005236     1.560281 -0.001103933     21379.65
        8030     1.005313     1.557327 -0.001282083     21382.25
        8032     1.005046     1.551973 -0.001241662     21383.17
        8034     1.004793      1.54895 -0.001365036     21387.71
        8036     1.004813     1.550347 -0.001149537     21388.52
        8038     1.004771     1.546406 -0.001093634     21393.07
        8040     1.005126     1.542777 -0.001338943     21399.59
        8042     1.004586     1.540201 -0.001131358     21397.24
        8044     1.004673     1.539636 -0.001466134     21396.94
        8046     1.004785     1.537355 -0.001676522     21399.61
        8048     1.004654     1.531048 -0.001905337     21400.72
        8050     1.004934     1.526789 -0.001426249     21402.55
        8052     1.005148     1.524393 -0.0006696153     21406.07
        8054     1.004848     1.525945 -0.0008849213     21409.13
        8056     1.004324     1.525691 -0.001203966     21411.57
        8058     1.004485     1.519709  -0.00196237     21414.05
        8060     1.004365     1.514761 -0.001627128     21414.91
        8062     1.004085     1.510246 -0.001319182     21417.96
        8064     1.004243     1.512674 -0.001575182     21421.49
        8066     1.003928     1.509156 -0.001127795     21420.21
        8068     1.003978      1.50216 -0.001899826     21421.87
        8070     1.003781     1.501224 -0.001487992     21422.51
        8072     1.003749     1.497475 -0.001141419     21425.28
        8074     1.003373     1.497252 -0.001228223     21423.07
        8076     1.003493     1.493029 -0.001247462     21430.15
        8078      1.00335     1.491398 -0.001723547     21427.27
        8080     1.003712     1.487496 -0.001094789     21433.07
        8082      1.00276     1.483464  -0.00147982     21430.07
        8084     1.002691      1.48427 -0.001459832     21432.53
        8086      1.00254      1.47956 -0.0006728052      21433.7
        8088     1.002571     1.475817 -0.001251538     21433.15
        8090     1.002509     1.478081 -0.001100952     21441.56
        8092     1.002578     1.474258 -0.0009329992     21445.16
        8094     1.002307     1.470752 -0.001569554     21439.44
        8096     1.002378     1.468353 -0.001565057      21446.5
        8098     1.002225     1.465525 -0.001386709     21447.96
        8100      1.00169     1.461737 -0.001185027     21447.43
        8102      1.00148     1.459658 -0.001067733     21448.84
        8104     1.001422     1.458873  -0.00133308     21451.96
        8106      1.00142     1.456983 -0.001014529     21454.96
        8108     1.001271     1.451073 -0.001474062     21453.24
        8110      1.00107     1.451542 -0.001723161     21458.81
        8112     1.001454      1.44708 -0.001045116     21459.63
        8114     1.001014     1.443198 -0.001851226     21463.32
        8116     1.000906     1.442712 -0.001304904     21461.26
        8118     1.000914     1.436732 -0.000876359     21466.15
        8120     1.001153     1.436641  -0.00088423     21468.31
        8122     1.000679     1.436187 -0.0008880453     21466.04
        8124     1.000635     1.435638 -0.0009526478     21465.25
        8126      1.00015     1.429628 -0.001030927     21470.06
        8128     1.000139      1.42902 -0.001519198     21469.01
        8130     1.000308     1.427939 -0.001059413     21469.48
        8132     1.000227     1.423485 -0.001308623     21474.16
        8134    0.9999763     1.421153 -0.001562623     21473.07
        8136    0.9998257     1.418551 -0.001304727     21475.59
        8138    0.9997576     1.415438 -0.001015923     21478.88
        8140    0.9992485     1.413047 -0.0008062797     21477.58
        8142    0.9994021     1.413025 -0.001107358     21477.57
        8144    0.9992088     1.412101 -0.001397451     21477.88
        8146    0.9987897      1.40658 -0.001473318     21477.41
        8148    0.9985682     1.401867 -0.001702592     21473.77
        8150    0.9986995     1.401239 -0.001138062     21476.96
        8152    0.9987322      1.39848 -0.0008929814     21482.29
        8154    0.9986266     1.397475 -0.001044524      21483.9
        8156    0.9984531     1.394723 -0.001240936     21482.37
        8158    0.9979124     1.392883 -0.001624081     21486.55
        8160    0.9984383     1.388552 -0.001297087     21487.15
        8162    0.9976016     1.384482 -0.001201208     21483.61
        8164    0.9976229     1.384347 -0.001504941     21483.51
        8166    0.9973147     1.383273 -0.001010912     21487.35
        8168    0.9974635     1.376513 -0.001120257     21489.54
        8170    0.9970355     1.376395 -0.001513461     21488.15
        8172    0.9963309     1.375384 -0.001069809     21488.91
        8174    0.9967346     1.371165  -0.00162526      21490.6
        8176    0.9966568     1.367954 -0.001124042     21497.08
        8178    0.9965089     1.363393 -0.001160426     21493.88
        8180    0.9962587     1.366392  -0.00130907     21493.95
        8182    0.9962722     1.361882 -0.001251178     21493.07
        8184    0.9961473     1.357482 -0.001373833     21497.18
        8186    0.9959425     1.353384 -0.001427093     21499.47
        8188    0.9955379     1.355401 -0.001168897     21501.24
        8190    0.9949777     1.350465 -0.0008848227      21499.2
        8192    0.9952201     1.348131  -0.00147263     21504.28
        8194    0.9952652     1.346305 -0.001035642     21502.96
        8196    0.9950165      1.34362 -0.0009071516     21503.44
        8198    0.9946307      1.34218 -0.001523609     21498.79
        8200    0.9947958     1.340874 -0.001368733     21507.09
        8202    0.9944292     1.334116 -0.001201722     21502.67
        8204    0.9943853     1.332671 -0.001329923     21505.11
        8206    0.9938277     1.332566 -0.000738635      21504.2
        8208    0.9932403     1.330234 -0.0009264458     21503.58
        8210    0.9931227     1.328207 -0.001388293     21505.12
        8212    0.9930526     1.325259 -0.001194754     21511.48
        8214    0.9936937      1.32146 -0.001131349     21513.42
        8216    0.9927534     1.320676 -0.001331239     21510.55
        8218    0.9926207     1.319156 -0.001198046     21511.02
        8220    0.9925758     1.314609 -0.001646905     21509.96
        8222    0.9921047     1.311875 -0.001400835     21511.16
        8224    0.9918812     1.307501 -0.001498401     21512.98
        8226    0.9914197      1.30795 -0.001307022     21515.03
        8228    0.9914486     1.302622 -0.001104804     21513.91
        8230    0.9914331     1.301419 -0.001327378      21515.9
        8232    0.9913262     1.298662 -0.001148118     21519.09
        8234    0.9910712     1.297331 -0.001265407        21516
        8236    0.9908964     1.293437 -0.0009233534     21520.88
        8238    0.9906656     1.291296 -0.001180632     21518.33
        8240     0.990179     1.291276 -0.000896422     21518.44
        8242     0.989787     1.287886 -0.0008657904     21519.35
        8244    0.9898292     1.286266 -0.001426817     21521.99
        8246    0.9891028      1.28437 -0.001176436      21517.6
        8248        0.989     1.279861 -0.0009669674     21522.16
        8250    0.9887766     1.278474 -0.0003754514     21519.96
