# This file has been produced by extranormal (v 1.0.1 - February 23, 2017)
# O. Roudenko - Synchrotron SOLEIL. Covered by GPL licence.
#Data from HDF File: /nfs/ruche-rock/rock-soleil/com-rock/2021/Projets/20210209_Hilde/InSitu/10Ni-10Fe_50BN/10Ni-10Fe_50BN_RWGS750_CO2pulses_H2cst_ratio1/10Ni-10Fe_50BN_RWGS750_CO2pulses_H2cst_ratio1_00553.nxs to 10Ni-10Fe_50BN_RWGS750_CO2pulses_H2cst_ratio1_00554.nxs
#Time at start=2021-02-10 14:42:38.997
#Time from start (seconds)=2763.42794271
#Sample temperature (C)=24.8
# Normalization -------------
# pivot spectrum: Pivot_Fe_10Ni-10Fe_50BN_RT_air_av2000_00001.txt
# E0=7112.0   Eshift=1.72687247242
# E0_pivot = 7112.0
# pre-edge params: from E0_pivot-140.0 to E0_pivot-20.0
# pre-edge range: [6972.0, 7092.0]
# post-edge params: from E0_pivot+100.0 to E0_pivot+1140.0
# post-edge range: [7212.0, 8250.0]
# I jump at E0_pivot = 1.24590195851
# shifted energy	normalized	reference	ref.derivative	I0
        6970  0.001398686     1.677302 -0.002957002     18814.64
        6972  0.001398686     1.677302 -0.002957002     18814.64
        6974  0.001420506      1.67224 -0.0004171657     18818.61
        6976    0.0012344     1.676515 -0.001400115      18826.6
        6978  0.001320876     1.671629 -0.001586551     18835.13
        6980  0.001045622     1.666101 -0.002274282     18842.53
        6982 0.0007055829     1.659548 -0.001362498     18852.14
        6984 0.0006956752      1.65832 -0.001912637     18859.42
        6986 0.0005670981     1.660729 -0.002286848        18869
        6988 0.0005675289       1.6508 -0.001656551     18873.92
        6990 0.0008166813     1.641253 -0.002578207     18885.04
        6992 0.0003030435     1.645068 -0.0009956851     18890.72
        6994 0.0003524062     1.640104 5.135794e-05     18896.47
        6996 0.0004750528     1.642834 -0.001109156     18904.87
        6998 9.648075e-05     1.641664  -0.00128992     18912.38
        7000 0.0001567652     1.636195 -0.002027472     18919.31
        7002 -0.0001263511     1.629784 -0.002035142     18926.89
        7004 6.713063e-05     1.626615 -0.002156325     18941.48
        7006 4.542611e-05     1.625383 -0.001484674     18944.63
        7008 6.626646e-06     1.618944 -0.001616549     18956.14
        7010 -0.0006834629     1.617907 -0.002019409     18962.58
        7012 -0.0005414814     1.613682 -0.001250586     18973.79
        7014 -7.91433e-05     1.609227 -0.001076017     18981.88
        7016 -0.0004677989     1.608939 0.0001248297     18985.56
        7018 -0.001025666     1.609299 -0.001120783     18992.79
        7020 -0.000534354     1.614681 -0.001535461     19003.55
        7022 -0.0008099874     1.600261 -0.001863556     19008.11
        7024 -0.0008413749     1.596656 -0.003161462     19018.05
        7026 -0.0006074436      1.59439 -0.001633776     19024.91
        7028 -0.0008494542     1.589389 -0.001638957     19034.98
        7030 -0.0005983843     1.587191 -0.001260509     19046.08
        7032 -0.0006689137     1.583544  -0.00113774     19053.09
        7034 -0.0008770992     1.584306 -0.001455017     19060.29
        7036 -0.001074229     1.580287  -0.00124272     19063.91
        7038 -0.001291445     1.575551 -0.001827245     19071.69
        7040 -0.0008741517     1.573602 -0.001743188     19082.49
        7042 -0.0009057598     1.569688 -0.0008195084     19094.56
        7044 -0.0009420048     1.566342 -0.001479705     19100.52
        7046 -0.0003735712     1.568995 -0.001483804     19111.04
        7048 -0.0007460118     1.561765 -0.001322963      19117.2
        7050 -0.0007251302     1.557818 -0.001886779     19126.86
        7052 -0.0008480514     1.555758 -0.0006910682     19131.92
        7054 -0.0009001943       1.5539 -0.001426795     19138.54
        7056 -0.001260884     1.556236 -0.001362652     19145.99
        7058 -0.0008372436     1.546403 -0.0009675164     19157.34
        7060 -0.000693127     1.544857 -0.002082837     19165.35
        7062 -0.0003234631      1.54616 -0.002246767     19176.37
        7064 -0.0008497208     1.539573 -0.001753049     19182.58
        7066 -9.430536e-05     1.528429 -0.002119577     19189.55
        7068 -0.0005128567     1.530832 -0.001449765     19194.99
        7070 -0.000418383     1.529204 -0.0001509916     19201.53
        7072 0.0001974596     1.527975 -0.001007705     19208.22
        7074 -0.0002621108     1.527221 -0.001127971      19218.5
        7076 0.0006408356     1.522771 -0.001903004     19226.26
        7078 0.0005939605      1.52018 -0.001475939     19234.45
        7080 0.0007224707     1.512751 -0.001355105     19243.68
        7082  0.001052338     1.515414 -0.001611742     19252.21
        7084  0.001285004      1.51193 -0.0009841031     19261.61
        7086  0.001379325     1.507286 -0.001570915     19261.63
        7088  0.002306189     1.504878  -0.00174244     19272.77
        7090  0.002340058     1.502847 -0.001221918     19279.08
        7092  0.002451482      1.49799 -0.001467463     19286.04
        7094  0.003035978     1.497511 -0.0008562618     19295.37
        7096   0.00376236     1.493139 -0.001117146      19301.7
        7098   0.00447996     1.495996 -0.0008787335     19311.02
        7100  0.005601593     1.489053 -0.0003969025     19318.32
      7100.2  0.005777261     1.489228 -0.0004534429     19319.45
      7100.4  0.005952929     1.489403 -0.0005099834     19320.57
      7100.6  0.006128598     1.489578 -0.0005665238      19321.7
      7100.8  0.006304266     1.489753 -0.0006230643     19322.82
        7101  0.006479934     1.489929 -0.0006796047     19323.95
      7101.2  0.006655602     1.490104 -0.0007361452     19325.07
      7101.4  0.006831271     1.490279 -0.0007926856      19326.2
      7101.6  0.007006939     1.490454 -0.0008492261     19327.32
      7101.8  0.007207112      1.49055 9.397082e-05     19328.08
        7102  0.007345244     1.491517  0.002911641     19327.57
      7102.2  0.007298444     1.493325  0.004888587     19327.54
      7102.4  0.007369462      1.49383  0.002772425     19329.43
      7102.6  0.007586293     1.494461  -0.00237068     19329.32
      7102.8  0.007623906     1.493735 -0.005044806     19327.87
        7103  0.007750485     1.491428 -0.005310747     19327.21
      7103.2  0.008081257     1.489795 -0.003759541     19329.23
      7103.4  0.008167642     1.490212 0.0009785078     19331.58
      7103.6  0.008280691     1.490727  0.005107568     19333.22
      7103.8  0.008518501     1.492211  0.003592558     19333.08
        7104  0.008764911     1.493881  0.004325581     19333.22
      7104.2  0.009095304     1.493087  0.003188497     19334.28
      7104.4  0.009389701     1.494188 7.197386e-05     19334.67
      7104.6  0.009379299     1.494762   0.00229208     19335.38
      7104.8   0.00958947     1.493938 -0.0008852675     19337.86
        7105  0.009897586      1.49492 -0.002882004     19338.44
      7105.2   0.01013753      1.49348  -0.00210061     19337.65
      7105.4   0.01052975     1.492456  -0.00378005      19339.3
      7105.6   0.01098534     1.492258 -0.0006423602     19340.86
      7105.8   0.01126096     1.491896  0.001793553     19341.14
        7106    0.0113246     1.492966  0.004522849     19341.55
      7106.2   0.01124717     1.493891  0.004135448     19343.28
      7106.4   0.01132761     1.495876  0.000624369      19345.4
      7106.6    0.0118095     1.495205 -0.002580376     19346.44
      7106.8   0.01221029     1.493465 -0.002914735     19346.42
        7107   0.01249312     1.491827  0.005095863      19347.4
      7107.2   0.01270864     1.493544   0.01119723     19347.27
      7107.4   0.01290871     1.499281   0.01237245     19346.26
      7107.6    0.0133119     1.502423  0.008848761     19345.91
      7107.8    0.0140667     1.501725 0.0004775941     19346.73
        7108    0.0150129     1.500623 -0.005005862     19348.93
      7108.2   0.01586496     1.499663 -0.0004477151     19350.47
      7108.4   0.01639036     1.498418  0.009110794     19351.86
      7108.6   0.01677066     1.501366   0.01632374     19352.37
      7108.8   0.01718883     1.507912   0.02226818     19351.59
        7109   0.01766828     1.512722   0.02302531     19351.07
      7109.2   0.01868384     1.516233   0.02030461     19352.11
      7109.4   0.01998463     1.519787   0.01989335     19353.69
      7109.6   0.02113324     1.524156   0.01849682     19353.37
      7109.8   0.02227514     1.528637   0.01903527     19352.67
        7110   0.02350833      1.53103   0.02479713     19351.86
      7110.2   0.02515302     1.535015   0.03406281     19351.02
      7110.4   0.02726334     1.543993   0.05199089     19351.56
      7110.6    0.0297396     1.555887   0.07093981     19351.89
      7110.8   0.03281311     1.572623   0.08222248     19351.54
        7111   0.03685884     1.591767   0.09798333     19351.24
      7111.2   0.04181271     1.609771    0.1093234     19351.14
      7111.4   0.04758537     1.634274    0.1167162     19350.08
      7111.6   0.05431383     1.660082    0.1317316     19348.19
      7111.8   0.06209577      1.68514    0.1423677     19346.44
        7112   0.07089048     1.715157    0.1603187     19342.64
      7112.2   0.08058659     1.748168    0.1721579     19340.53
      7112.4   0.09005283     1.788337    0.1646664     19339.83
      7112.6   0.09891656     1.822866    0.1563654     19339.79
      7112.8    0.1073265      1.84689    0.1344888      19340.7
        7113    0.1150575      1.87326    0.1145522     19338.53
      7113.2    0.1221945     1.895928    0.1036719     19337.02
      7113.4    0.1287423     1.914508   0.08508948     19335.74
      7113.6    0.1349055     1.929827   0.07456316     19334.02
      7113.8    0.1405856     1.941332   0.06394148     19333.87
        7114    0.1460814     1.955578   0.05603913     19334.52
      7114.2    0.1510275     1.965661   0.05478463     19335.59
      7114.4    0.1552102     1.974658   0.04921732     19335.18
      7114.6    0.1588216      1.98516   0.06669769      19335.5
      7114.8     0.161934     1.994952   0.08592538     19335.65
        7115    0.1645833     2.019019   0.08431267     19335.69
      7115.2    0.1667409     2.043399   0.07963389     19335.88
      7115.4    0.1688339      2.05261    0.0603601     19338.17
      7115.6    0.1710379     2.058659   0.03017014     19339.34
      7115.8    0.1733763     2.067307   0.01892049     19337.99
        7116    0.1765722     2.067535   0.01523308     19338.01
      7116.2    0.1808556     2.067746  0.002029503      19339.5
      7116.4    0.1856811     2.070846  0.008463778      19340.8
      7116.6    0.1911633     2.068931   0.02269414     19339.32
      7116.8    0.1978159     2.074306   0.02552379     19338.52
        7117     0.205284     2.085901   0.03649765     19337.31
      7117.2    0.2133386     2.091265   0.04596205     19336.55
      7117.4     0.222484     2.098129   0.04780226     19338.97
      7117.6    0.2329569     2.111076   0.05472905     19341.19
      7117.8    0.2449491     2.124143   0.06362734     19341.15
        7118    0.2581278     2.135048   0.07026371      19341.1
      7118.2    0.2719449     2.149031   0.08083989     19339.67
      7118.4    0.2869997     2.167287   0.09393011     19335.67
      7118.6    0.3042978     2.188815    0.1067953     19334.97
      7118.8    0.3234003     2.210192    0.1240839      19337.8
        7119    0.3433529     2.234467    0.1364368      19338.9
      7119.2    0.3646009     2.266554    0.1384074     19339.67
      7119.4    0.3876419     2.297965    0.1290945     19339.76
      7119.6    0.4115691     2.320918    0.1201887     19339.06
      7119.8      0.43565     2.337743    0.1228327     19339.08
        7120    0.4601443     2.362705    0.1220648     19339.22
      7120.2    0.4844042     2.396231    0.1205645     19339.63
      7120.4    0.5074163      2.41857    0.1196935     19339.24
      7120.6    0.5290062     2.434194    0.1040327     19338.77
      7120.8    0.5486755     2.458459    0.0898673     19337.26
        7121    0.5666694     2.479457    0.1037458     19337.24
      7121.2     0.583588     2.490464    0.1224196     19338.74
      7121.4    0.5993192     2.517191    0.1299438     19337.99
      7121.6    0.6140099     2.556395    0.1493032      19335.9
      7121.8    0.6285191     2.583412    0.1462571     19335.31
        7122    0.6432553     2.609906    0.1250145      19334.8
      7122.2    0.6587253     2.634197    0.1194626     19334.64
      7122.4    0.6745179     2.656407    0.1010309      19334.4
      7122.6    0.6901889     2.678982   0.08251837        19334
      7122.8    0.7061557     2.690731   0.07725569     19333.08
        7123    0.7231642     2.700211   0.06532894     19333.02
      7123.2    0.7410581     2.718211   0.07501323     19332.92
      7123.4    0.7589827     2.731245   0.07751972     19334.08
      7123.6     0.776991     2.750741   0.03974627      19334.6
      7123.8    0.7957657     2.762227   0.01473358     19334.77
        7124    0.8146451     2.750008    0.0022738     19333.03
      7124.2    0.8328216     2.743032 -0.007724408     19329.83
      7124.4    0.8499043     2.752561  0.006390183     19328.04
      7124.6    0.8665019     2.756048   0.05054012     19326.65
      7124.8    0.8826619      2.75512   0.06765817     19327.87
        7125    0.8979221     2.783464   0.08529993     19329.54
      7125.2    0.9122827     2.806687   0.06795027     19329.58
      7125.4    0.9259306     2.824288   0.03795762     19329.19
      7125.6    0.9390828     2.809481   0.05752316     19328.74
      7125.8    0.9515298      2.81383   0.04241562     19328.77
        7126    0.9633077     2.852706   0.06755094     19326.44
      7126.2     0.974455      2.85822    0.0881988     19324.85
      7126.4    0.9858986     2.863521   0.04382945     19326.36
      7126.6    0.9976043     2.884389   0.04505026     19324.29
      7126.8     1.009899     2.887769   0.05304595     19320.55
        7127     1.022582      2.89426   0.04091027     19319.74
      7127.2     1.035063     2.905958   0.01789006     19319.28
      7127.4     1.047724     2.917118  -0.02029542     19319.19
      7127.6     1.061109     2.902081  -0.01186565     19320.42
      7127.8     1.074987     2.878024   0.01086971     19322.28
        7128     1.089157     2.896466   0.03964949     19322.01
      7128.2     1.104115     2.925813   0.08405631     19320.31
      7128.4     1.119426     2.933801   0.09712613     19320.68
      7128.6     1.134106     2.945269      0.08502     19320.75
      7128.8     1.147784     2.974167    0.1113082     19319.24
        7129     1.160371     2.993829    0.1476401     19317.96
      7129.2     1.171635     3.022847    0.1156699     19318.65
      7129.4     1.181251     3.063381   0.09915533     19319.36
      7129.6     1.189556     3.066702   0.08297837     19317.96
      7129.8     1.196876     3.073154   0.03167022     19317.41
        7130      1.20316      3.08923   0.04012476     19316.89
      7130.2      1.20819     3.088717   0.02909093     19315.89
      7130.4     1.211723     3.098802  -0.01487191     19315.25
      7130.6     1.213841     3.096426    0.0114519     19313.36
      7130.8     1.215125     3.077333  -0.02238634     19311.05
        7131     1.215623     3.097879  -0.06739203     19309.63
      7131.2     1.215261     3.080893  -0.01808148     19308.83
      7131.4     1.215121     3.042513   -0.0133562     19308.63
      7131.6     1.215085     3.062867   -0.0145059     19308.16
      7131.8      1.21558     3.087194   0.03650861     19307.27
        7132     1.215641     3.069288   0.02879261     19307.42
      7132.2     1.215177      3.07172 0.0009600443     19305.91
      7132.4     1.214431     3.085901  -0.01616153     19305.07
      7132.6     1.212694     3.087962  -0.06578431     19304.29
      7132.8     1.210788     3.056359  -0.09675115     19304.09
        7133     1.208507     3.019092  -0.08652197     19302.73
      7133.2     1.205291     3.008501  -0.03087563     19302.54
      7133.4     1.200857     3.018744  -0.02079932     19303.14
      7133.6     1.195529     3.031659  -0.01618303     19303.56
      7133.8     1.189481     3.002453  -0.05638238     19303.58
        7134     1.183087     2.995554   -0.1257922     19302.17
      7134.2     1.176474     2.973638   -0.1045967     19303.52
      7134.4     1.169411     2.931025   -0.1214281     19305.32
      7134.6     1.162213     2.918775  -0.09190746     19307.29
      7134.8     1.154542     2.898412  -0.01470378     19309.22
        7135     1.146941     2.900112 -0.002882475     19311.14
      7135.2     1.139902     2.919262 -0.009021616     19313.48
      7135.4     1.133223     2.916469 -0.008581469     19314.83
      7135.6     1.126449     2.891194 -0.006566202     19315.66
      7135.8     1.119617     2.893247 -0.002044175     19315.31
        7136      1.11353     2.914009   0.04606463     19315.41
      7136.2      1.10767     2.914834   0.03961167     19315.66
      7136.4     1.101558     2.928046  0.005740214     19313.37
      7136.6     1.095808     2.924937   0.02680733      19312.1
      7136.8     1.090679     2.918601   0.02092045     19310.13
        7137     1.086006      2.93628   0.03633929     19303.06
      7137.2     1.081222     2.944782   0.03267896     19288.42
      7137.4     1.076672     2.954008  -0.01710332     19261.91
      7137.6     1.073018     2.944744  -0.04389966     19226.17
      7137.8     1.069767     2.922597  -0.05548064     19185.83
        7138     1.066259     2.909663  -0.05289915     19145.02
      7138.2     1.062787     2.909623  -0.04778256     19108.86
      7138.4     1.059908     2.902425  -0.03520303     19086.32
      7138.6     1.056753     2.884371   -0.0324959     19078.13
      7138.8     1.053291       2.8815 -0.006831422     19085.63
        7139     1.050507     2.883627   0.04406206     19103.72
      7139.2     1.048543      2.89696   0.01269111     19129.15
      7139.4     1.047075     2.919621   0.02846561     19160.23
      7139.6     1.045946     2.891653   0.07469898     19191.79
      7139.8     1.044753     2.906399   0.05732946     19219.23
        7140     1.043968     2.956719   0.07213983     19244.23
      7140.2     1.042869     2.965484    0.0808438     19267.38
      7140.4     1.042084     2.949365   0.04386216     19287.09
      7140.6     1.041506     2.971074   0.02757406     19300.25
      7140.8     1.040511     2.991809    0.0780846     19307.95
        7141     1.039249     2.987544   0.03422168     19310.75
      7141.2     1.038512     3.011833  -0.01907339     19312.59
      7141.4     1.038043     2.998452  -0.02762923     19310.68
      7141.6       1.0379      2.97655  -0.08041926        19300
      7141.8     1.037319      2.96544  -0.07400945     19281.78
        7142     1.036381     2.947497  -0.04354904     19254.27
      7142.2      1.03521     2.939244  -0.03213432     19219.07
      7142.4     1.034279     2.941711   0.01347906     19178.86
      7142.6     1.033582     2.939733   0.03963854     19137.47
      7142.8     1.032861      2.95828   0.01482145     19103.44
        7143       1.0319     2.970955 -0.002334035     19081.55
      7143.2     1.030614     2.953568  -0.03104483     19075.49
      7143.4     1.029604     2.937866  -0.04284651     19086.67
      7143.6     1.028644     2.933445   -0.0147564     19112.21
      7143.8     1.027742     2.936678   0.02338733     19149.79
        7144     1.027269     2.941763   0.03608296     19193.05
      7144.2     1.026442     2.956575   0.04122311     19232.52
      7144.4     1.025184     2.962311   0.04482512     19264.35
      7144.6     1.024129     2.969656  0.001090318     19290.56
      7144.8     1.022854     2.977623  -0.01027138     19308.78
        7145     1.021324     2.957448   0.01597393     19319.25
      7145.2     1.019982     2.954094   0.02780229     19326.85
      7145.4     1.018729     2.982435   0.04320895     19333.32
      7145.6     1.017669     2.999865    0.0380553      19339.3
      7145.8     1.016496     2.992015  0.007173472      19344.1
        7146     1.014998     2.984538  -0.01481549     19347.51
      7146.2     1.013217     2.988174  0.008081282     19348.46
      7146.4     1.011154     2.988012 -0.007418889     19350.28
      7146.6     1.009035      2.99848  -0.01743041     19351.67
      7146.8     1.006936     2.978603  -0.02286727     19354.59
        7147     1.005329      2.97423  -0.03490909     19357.72
      7147.2     1.003366     2.969719   0.03850892     19361.37
      7147.4     1.000673     2.970553   0.02587456     19363.27
      7147.6    0.9973528      3.00941  0.006833255     19362.11
      7147.8    0.9935047     2.994929   0.01902918     19362.15
        7148    0.9900189     2.975185  -0.03242057     19365.81
      7148.2    0.9870657     2.985776 -0.008709981     19366.94
      7148.4      0.98406     2.983474   0.03253334     19367.06
      7148.6    0.9813104     2.987961     0.025873     19370.32
      7148.8    0.9784813     3.001212    0.0484283     19374.48
        7149     0.975057     3.006474   0.08015962     19376.63
      7149.2    0.9713772     3.022216   0.08618855     19377.38
      7149.4    0.9680568     3.052089   0.09830835     19377.89
      7149.6    0.9652721     3.070163   0.08871622     19378.78
      7149.8    0.9629118     3.085121   0.04766919     19379.15
        7150    0.9604717     3.093189    0.0348095     19380.13
      7150.2    0.9576637     3.090224   0.04394283     19382.04
      7150.4    0.9548571      3.09801   0.04644947     19382.46
      7150.6    0.9523241     3.120275   0.03156343     19383.34
      7150.8     0.949886     3.130349  0.007513026     19385.68
        7151    0.9473316     3.115475  -0.07537061      19387.7
      7151.2    0.9450786     3.104021   -0.1390288     19387.64
      7151.4    0.9431351     3.059979   -0.1141778     19386.45
      7151.6    0.9415165     3.019126  -0.08533063     19388.22
      7151.8     0.940267     3.024133  -0.03338642     19389.08
        7152    0.9387771     3.035756   0.06485115     19387.68
      7152.2    0.9370931      3.03327    0.0683592     19388.97
      7152.4    0.9355794     3.071007   0.05520898     19392.81
      7152.6    0.9344497      3.07882   0.06199213     19395.24
      7152.8    0.9336072     3.079923  0.002834511     19397.79
        7153    0.9328109     3.082863    0.0261721     19399.39
      7153.2    0.9325578     3.073274   0.03803186     19399.79
      7153.4    0.9321186     3.099758   0.01923726     19401.34
      7153.6    0.9317136     3.110349    0.0390081     19402.49
      7153.8    0.9318332     3.098253   0.04829262     19402.68
        7154    0.9322158     3.104481   0.05352431     19403.17
      7154.2     0.932426     3.138392   0.07390638     19404.23
      7154.4     0.932466     3.153168   0.03099533     19404.32
      7154.6    0.9326292     3.157378  -0.03615994     19404.69
      7154.8    0.9328899     3.129277   -0.0758569     19403.21
        7155    0.9333511     3.109464  -0.09460882     19401.51
      7155.2    0.9341533     3.092483  -0.07568812     19402.75
      7155.4    0.9351068     3.081691  -0.06982822     19403.14
      7155.6    0.9359135     3.068727  -0.06158812      19402.2
      7155.8    0.9368893     3.053602  -0.05494695     19404.03
        7156    0.9381961     3.043212  -0.01654249     19406.59
      7156.2    0.9396628     3.037734   0.03537431     19408.09
      7156.4    0.9411229     3.055493    0.0624029     19409.82
      7156.6    0.9422699     3.081901   0.05187671     19410.99
      7156.8    0.9431757     3.093135  0.004442972     19412.36
        7157    0.9442954     3.079235  -0.03179685     19413.46
      7157.2    0.9456847     3.059047  -0.05362427     19413.01
      7157.4    0.9470035     3.056464  -0.03324722     19413.67
      7157.6    0.9481846     3.050235  0.002129848     19416.11
      7157.8    0.9492343     3.052637   0.01990057      19417.8
        7158    0.9502952     3.060751   0.04324107     19417.57
      7158.2     0.951299     3.072384 -0.003155443     19417.38
      7158.4    0.9522271     3.084828  -0.01180217     19417.32
      7158.6    0.9535615     3.050113   0.01568088     19419.68
      7158.8     0.954817     3.051309   0.01325404     19421.55
        7159    0.9557495     3.084929   0.04480672     19421.27
      7159.2    0.9566813     3.095431   0.03856818     19421.97
      7159.4    0.9575347     3.085958  0.003456496      19423.3
      7159.6    0.9580027     3.082164  -0.00751175     19423.94
      7159.8    0.9583884     3.087694  -0.02280532     19424.99
        7160    0.9588891     3.089422  -0.04358891     19424.94
      7160.2    0.9597217     3.067714  -0.05653371     19425.26
      7160.4    0.9609234     3.047293  -0.05640991     19427.46
      7160.6    0.9620431     3.042467  -0.01838206     19428.22
      7160.8    0.9627487     3.044294   0.02428404     19426.54
        7161    0.9635632     3.053008   0.03228413     19424.93
      7161.2    0.9641062      3.06672 -0.004949774     19426.06
      7161.4     0.964579     3.068294  -0.03639528     19426.28
      7161.6    0.9656698     3.040334  -0.02951031        19426
      7161.8    0.9669111     3.023892  -0.03864366     19426.55
        7162    0.9675434     3.043112  -0.02396312     19426.86
      7162.2     0.967933     3.037379    0.0317338     19428.93
      7162.4    0.9682183     3.021164   0.02770048     19432.21
      7162.6    0.9682157     3.049279   0.01979366     19434.78
      7162.8    0.9684588     3.065272   0.03039234     19436.43
        7163    0.9689825     3.053214 -0.005181444     19436.05
      7163.2    0.9694778     3.045478  -0.02659824      19434.8
      7163.4    0.9700099     3.045134  -0.04715373     19434.76
      7163.6    0.9705869     3.043993  -0.03550778     19435.63
      7163.8    0.9709658     3.015491  -0.03127128        19437
        7164    0.9709124     3.017071  -0.03032047     19436.83
      7164.2      0.97104     3.020117   0.02505111        19435
      7164.4    0.9718586     3.019737   0.04995897     19435.63
      7164.6    0.9726769     3.035532    0.0413383     19436.84
      7164.8    0.9734671     3.057039   0.03445239     19438.64
        7165    0.9742917     3.053188 -0.008188373     19439.37
      7165.2    0.9749367     3.047299  -0.04145917      19438.1
      7165.4    0.9753681     3.028981  -0.02605961     19438.23
      7165.6    0.9762084     3.023871  -0.04028073     19440.08
      7165.8     0.976731      3.03234  -0.02252043     19439.98
        7166    0.9770597     3.015074 -0.003141222     19439.92
      7166.2    0.9775896     3.010965   -0.0165045     19440.97
      7166.4    0.9784885     3.021358  -0.01292973     19441.98
      7166.6    0.9791978     3.019136  -0.01033041     19443.37
      7166.8    0.9797238      3.00473   0.01273328     19444.27
        7167    0.9806495     3.002701   0.04179379      19443.9
      7167.2    0.9815539     3.031545   0.05524877     19444.04
      7167.4    0.9826018     3.052571    0.0545107     19444.46
      7167.6    0.9838513      3.04893   0.03845177     19443.64
      7167.8     0.984602     3.046309   0.03287949     19442.51
        7168     0.984894     3.062306   0.02517423     19441.97
      7168.2    0.9853227     3.078875  0.009114244     19442.03
      7168.4    0.9859605     3.069069 -0.002947995     19442.55
      7168.6    0.9869059     3.053601  -0.02128287     19444.24
      7168.8    0.9880688     3.059948  -0.04321781     19446.64
        7169    0.9887091     3.061849  -0.03291981     19446.77
      7169.2    0.9892953     3.034495  -0.04278243     19445.72
      7169.4    0.9905088     3.027265   -0.0920279     19447.21
      7169.6     0.991621     3.025722  -0.07104287     19449.76
      7169.8    0.9921581     2.988226  -0.06154819     19450.88
        7170     0.992607      2.97766  -0.04721775     19451.04
      7170.2    0.9934051     2.978026   0.02581466     19448.54
      7170.4     0.994499     2.987948   0.08496268     19447.58
      7170.6    0.9955027     3.008878     0.115671     19447.06
      7170.8    0.9961285      3.04563   0.05694347     19447.37
        7171    0.9966637     3.070563  -0.01997875     19450.35
      7171.2    0.9972612     3.033503   -0.1262604     19452.11
      7171.4    0.9978345     2.992895    -0.142254     19453.54
      7171.6     0.998216     2.944622  -0.07687037     19454.17
      7171.8    0.9988876      2.95676 -0.004935373     19454.91
        7172    0.9997005     2.972006   0.08984192     19454.64
      7172.2     1.000551     2.988947   0.06327273     19455.51
      7172.4       1.0012     3.016496  -0.01744868     19455.98
      7172.6     1.001689     3.007378  -0.07824626     19455.52
      7172.8     1.002108     2.958047   -0.1147214      19456.7
        7173     1.002605      2.92635  -0.09142392     19457.98
      7173.2     1.003094     2.924719  -0.01116365     19458.55
      7173.4     1.003746     2.934239   0.03090992     19459.97
      7173.6     1.004642     2.949116   0.01323289     19462.05
      7173.8     1.005252     2.951078 -0.009926722      19462.8
        7174     1.005536     2.935305  -0.02745099     19461.81
      7174.2     1.005922     2.926298  -0.01642677     19460.51
      7174.4     1.006476     2.927156   0.03151411     19459.71
      7174.6     1.007081     2.937936   0.06663563     19460.88
      7174.8     1.007332     2.960516   0.09893873      19460.9
        7175     1.007048     2.979606   0.04625981     19459.97
      7175.2     1.007218     3.006307   -0.1069586     19463.48
      7175.4     1.007702     2.974944   -0.1629841     19464.38
      7175.6     1.007988     2.874949   -0.1765988     19465.48
      7175.8     1.008402     2.849219   -0.1371755     19469.63
        7176     1.008292     2.865028  -0.01704934     19469.85
      7176.2     1.007926     2.865204   0.02517965      19466.8
      7176.4     1.007715      2.86131   0.02768327     19468.25
      7176.6     1.007941     2.869363   0.02233308     19468.63
      7176.8     1.008204     2.887174   0.03493583      19470.3
        7177      1.00823      2.88307   0.05513878     19473.26
      7177.2     1.008139     2.889258   0.08699948     19473.11
      7177.4     1.008265     2.913474    0.1607935     19473.24
      7177.6     1.007844     2.956774    0.1259471     19472.85
      7177.8     1.007369     3.011705  -0.03435746     19472.84
        7178     1.007333     2.990016   -0.1636891     19472.39
      7178.2     1.007258     2.885988   -0.2344463     19472.11
      7178.4     1.007318     2.825822   -0.2022972     19474.07
      7178.6     1.007572     2.824148  -0.07932965     19476.32
      7178.8     1.007591     2.828178 0.0006342809     19476.78
        7179     1.007565     2.822524   0.02897133     19476.77
      7179.2     1.007779      2.82633   0.04305134     19477.53
      7179.4     1.007933     2.847325   0.06180767     19479.14
      7179.6     1.008163     2.862619   0.02729268      19481.6
      7179.8     1.008452      2.87197  -0.04775413     19483.63
        7180     1.008064     2.848164  -0.07304026     19483.42
      7180.2     1.007589     2.809122   -0.0985107     19480.85
      7180.4     1.007557     2.804187    -0.054981      19479.6
      7180.6     1.007811     2.793161   0.01636276     19481.44
      7180.8     1.008163     2.804179   0.03107135     19483.49
        7181     1.008119     2.822212   0.03986483     19484.51
      7181.2     1.008266     2.829044   0.01574945     19486.21
      7181.4     1.008224     2.825053 6.296314e-05     19487.23
      7181.6     1.008334     2.816779   0.03121767     19487.37
      7181.8     1.008576     2.822262   0.04608218     19487.76
        7182     1.008854     2.854019   0.07211473     19488.46
      7182.2     1.009447     2.861919   0.07758471     19487.59
      7182.4     1.009917     2.874471   0.02719658      19486.8
      7182.6     1.010507      2.88433  -0.01251178     19488.57
      7182.8     1.010563     2.875776   -0.0628662     19489.66
        7183     1.009872      2.85191  -0.08755684     19489.56
      7183.2     1.009678     2.824178  -0.06179967     19491.86
      7183.4     1.009639     2.814285   -0.0309335     19494.49
      7183.6     1.009368     2.826336 -0.007581207      19493.2
      7183.8     1.009886     2.827163   0.01980253     19492.59
        7184     1.010788     2.818113   0.03321012     19494.22
      7184.2     1.011106     2.830127   0.02515174     19495.15
      7184.4     1.011246     2.852904   0.01314259     19496.87
      7184.6     1.011251     2.847284  0.009938562     19497.33
      7184.8     1.011308     2.828627 -0.009398649     19496.39
        7185     1.011528     2.838078 -0.003350565     19498.25
      7185.2     1.011145     2.845385   0.01834579     19499.92
      7185.4     1.011039     2.844604   0.02285223     19500.23
      7185.6     1.011395     2.843303   0.03600735     19501.41
      7185.8     1.011698     2.856359   0.04023726     19501.13
        7186     1.011855     2.874191     0.020428     19502.16
      7186.2     1.012181     2.876794 -0.003038503     19504.23
      7186.4      1.01271     2.859646 -0.004505112     19505.22
      7186.6     1.013188     2.853928  0.006263052     19504.34
      7186.8     1.013325     2.870587   0.04115987     19503.08
        7187     1.013061     2.881804   0.07895272     19504.02
      7187.2     1.013195     2.892574   0.07320977     19505.55
      7187.4     1.013317     2.917091   0.04632332     19506.83
      7187.6     1.013362     2.929155   0.04087536     19507.94
      7187.8       1.0137     2.918863   0.01635115     19508.13
        7188     1.013369     2.925274 -0.008877526      19508.9
      7188.2     1.012964     2.930172  0.009622664     19509.85
      7188.4     1.012689     2.922053   0.02636477     19510.12
      7188.6     1.012498     2.926561   0.03047245     19510.31
      7188.8     1.012553     2.946366   0.01489696     19510.92
        7189     1.012863      2.95455 -0.006062555     19512.71
      7189.2     1.013292      2.93397 -0.002547867     19513.98
      7189.4     1.013493     2.921711   -0.0104644      19514.1
      7189.6     1.013452     2.944327 0.0002003813     19515.14
      7189.8     1.013197     2.946178   0.05599358     19516.02
        7190      1.01323     2.934131    0.0297113     19515.56
      7190.2     1.013104     2.966506  0.003910085     19515.45
      7190.4     1.012599     2.968096    0.0183838      19516.4
      7190.6     1.012533     2.949306   -0.0361877     19517.44
      7190.8     1.012757     2.948838  -0.02919024     19520.09
        7191     1.012427     2.937556   0.02583364     19519.77
      7191.2     1.012332     2.944744   0.01958359     19518.15
      7191.4     1.012603     2.969973   0.01426128     19519.33
      7191.6     1.012522     2.964505   0.04121178     19521.42
      7191.8     1.012514     2.948965   0.04224824     19522.55
        7192     1.012784     2.977714   0.01587774     19525.56
      7192.2     1.012973     3.003772   0.01364159      19527.1
      7192.4     1.012886     2.977207   -0.0168304     19526.42
      7192.6     1.013142     2.959878  -0.03657882     19528.39
      7192.8      1.01335     2.964249   0.01877004     19530.44
        7193     1.013159     2.974509   0.05926649     19530.16
      7193.2     1.012964     2.992223   0.04690783     19527.96
      7193.4     1.012773     3.007291   0.01273827     19527.18
      7193.6     1.012778     3.001776  0.007444954     19529.28
      7193.8     1.013049     2.984699   0.03215382     19531.62
        7194     1.013307     2.998179   0.04288832     19533.09
      7194.2     1.013292     3.033014   0.03434895      19534.4
      7194.4     1.013305     3.036086 -0.003228476     19536.09
      7194.6      1.01365     3.012178  -0.04058312     19536.55
      7194.8       1.0137     2.995596  -0.03467707     19536.98
        7195     1.013833     3.000548  -0.01050616      19539.3
      7195.2     1.014221     3.008345  0.007896259     19541.94
      7195.4     1.014888     3.003773 -0.004259552     19545.27
      7195.6     1.015038     3.001913  0.003076133      19545.3
      7195.8     1.014821      2.99714  0.005800328     19543.91
        7196     1.014932     3.010806  0.007683833     19543.09
      7196.2     1.014975     3.008414   0.01615397     19543.51
      7196.4     1.015085      3.00806  -0.01912398     19543.74
      7196.6     1.015494     3.010063 -0.006612485     19543.61
      7196.8     1.015885     2.995506 -0.008685928      19543.9
        7197     1.015864     3.003124 -0.009489364     19544.65
      7197.2     1.015826     3.001111  -0.01808528     19545.33
      7197.4     1.015874     3.002472  -0.04237038     19547.17
      7197.6     1.015891     2.981038  -0.01969854     19549.05
      7197.8     1.016099     2.969227 -0.002447602     19550.53
        7198     1.016176     2.985352   0.03080039     19551.67
      7198.2     1.016214     3.000514   0.01550312     19553.45
      7198.4     1.016568     3.005678  -0.03342059     19555.48
      7198.6      1.01702      2.98163  -0.07436917     19556.16
      7198.8     1.017275     2.958616  -0.09270587     19556.15
        7199     1.017446     2.941018  -0.04590937     19556.24
      7199.2     1.017217     2.931514  -0.04862294     19557.12
      7199.4     1.016538     2.944902  -0.03292136     19557.23
      7199.6     1.016843     2.919718  -0.01129877     19556.31
      7199.8     1.017391     2.914681  -0.02751631     19557.52
        7200     1.017799     2.922475   0.02109571     19558.94
      7200.2     1.017823     2.922889   0.02683412     19557.47
      7200.4     1.017669     2.936594   -0.0138287     19558.48
      7200.6     1.017564     2.936148  -0.02432683     19560.44
      7200.8     1.017411     2.911412  -0.03802727     19562.35
        7201     1.017739     2.903428  -0.01524159     19564.33
      7201.2     1.017992     2.906172 -0.003499669     19565.98
      7201.4     1.018013     2.923955  -0.01288879     19568.08
      7201.6     1.017944     2.908612  -0.01632582     19566.67
      7201.8     1.018024     2.893117  -0.04491669     19565.61
        7202     1.018082     2.893112  -0.02686539      19566.5
      7202.2     1.018313     2.888022   0.01114915     19567.12
      7202.4     1.018761      2.88712   0.02321761      19568.1
      7202.6     1.018877     2.902036  0.007134396     19570.83
      7202.8     1.018629     2.911686  -0.01599543     19572.55
        7203     1.018302     2.893729  -0.04180757     19572.09
      7203.2     1.018289     2.874323  -0.07070787     19571.42
      7203.4     1.018725      2.86859  -0.06335578     19571.56
      7203.6     1.019305      2.85512  -0.03615328     19573.25
      7203.8     1.019872     2.843045  -0.03214967     19574.02
        7204     1.019877     2.845401   -0.0310843     19573.88
      7204.2     1.019611      2.84287  -0.01944783     19573.99
      7204.4     1.019479     2.830252  -0.02756272     19574.26
      7204.6     1.019088     2.827486  -0.02805987     19574.93
      7204.8     1.018653     2.823351  -0.02635187     19577.07
        7205     1.018854     2.820422  -0.02205917     19579.75
      7205.2     1.019379     2.809171  -0.03464203     19579.34
      7205.4     1.019841     2.809839  -0.02205364     19581.77
      7205.6     1.019714     2.795637   0.01158823     19583.68
      7205.8     1.019427      2.80278   0.02292492     19584.09
        7206     1.018751     2.818441   0.04516828     19584.84
      7206.2      1.01875     2.828179   0.03671199      19587.4
      7206.4     1.019034     2.831772  0.004965364     19587.16
      7206.6     1.019365     2.832149  -0.04107896      19585.6
      7206.8     1.019642     2.822414  -0.05391052     19585.58
        7207     1.019815     2.795316  -0.03072532     19585.69
      7207.2     1.020044     2.788643  -0.02519863     19586.91
      7207.4      1.02019     2.807569  -0.02568257     19588.38
      7207.6     1.020434     2.802255  -0.03206104      19588.4
      7207.8     1.020447      2.77477  -0.04208656     19588.41
        7208     1.020169     2.762994   -0.0206041     19588.48
      7208.2     1.019902       2.7739  0.006994604     19589.95
      7208.4     1.019578     2.785771  0.006570108     19592.82
      7208.6     1.019651     2.780365 -0.006361646     19593.11
      7208.8     1.019686      2.76825 -0.001618885      19592.8
        7209     1.019686      2.76881   0.02040779     19593.36
      7209.2     1.019691     2.784476   0.03421434     19593.05
      7209.4     1.019498     2.796692   0.03345642     19593.86
      7209.6     1.019387     2.795622  0.005387567     19595.88
      7209.8     1.019157     2.795575 -0.006837654      19596.1
        7210     1.018779     2.788786    0.0184231     19598.36
      7210.2     1.018177     2.791222   0.04572279     19600.19
      7210.4     1.017632      2.81036   0.05527132     19600.99
      7210.6     1.017688     2.832154   0.05809985     19601.09
      7210.8     1.018264     2.833003   0.08399573     19601.12
        7211     1.018642     2.837701   0.09755146     19601.67
      7211.2     1.018749     2.877557   0.08279584     19602.99
      7211.4       1.0183     2.910195   0.06217097     19603.87
      7211.6     1.017339      2.89924   0.03391193     19603.69
      7211.8     1.016589     2.887438   0.01433366     19602.44
        7212     1.016298     2.904687   0.03617415     19601.67
      7212.2     1.016533     2.921662   0.03822464     19601.59
      7212.4      1.01683     2.928179  -0.01544405     19601.82
      7212.6     1.016892     2.918018  -0.03044106     19605.26
      7212.8      1.01663     2.892331  -0.02301368     19606.23
        7213     1.016355     2.897309  0.006444638     19606.86
      7213.2     1.016104     2.909768   0.03018457     19607.99
      7213.4     1.015564     2.923174   0.04277528     19611.12
      7213.6     1.015139     2.916479   0.03096385     19614.18
      7213.8     1.014916     2.931529 -9.355422e-05     19612.96
        7214     1.014914     2.934539 -0.007440033     19613.51
      7214.2     1.015385     2.923099  -0.03131284     19617.22
      7214.4     1.015431     2.910527  -0.02947823     19617.58
      7214.6     1.015123     2.906479 -0.008300094     19617.31
      7214.8     1.015166     2.910957   0.02310758     19620.48
        7215     1.015016     2.916459   0.07086992     19621.17
      7215.2     1.014239     2.929013    0.1037783     19621.05
      7215.4     1.013401     2.963175    0.1252417     19621.55
      7215.6     1.012826     2.993979     0.142957     19620.99
      7215.8     1.012395     3.016652   0.09920651     19621.39
        7216     1.012358     3.043379   0.03770295     19621.57
      7216.2     1.012377      3.04254  0.001976114     19620.24
      7216.4     1.011826     3.024142 -0.002375192     19619.43
      7216.6     1.011311     3.018233   0.05419356     19620.36
      7216.8     1.010976     3.041478   0.08241233     19620.85
        7217     1.010368     3.085895   0.05937781     19621.32
      7217.2     1.009728     3.090072   0.03709436     19621.84
      7217.4      1.00977     3.065735 -0.001462176     19622.16
      7217.6     1.009731     3.071154  0.005355943     19622.47
      7217.8     1.009692     3.084725    0.0278107     19624.54
        7218     1.009729     3.094356      0.01872     19627.11
      7218.2      1.00939     3.087984   0.00787248     19626.57
      7218.4     1.009285      3.08613 -0.008732064     19627.18
      7218.6     1.009245     3.091023  -0.00964915      19627.6
      7218.8     1.008917     3.087371    0.0209812     19626.96
        7219     1.008572     3.080265   0.02891453     19626.91
      7219.2     1.008564     3.102915   0.02889581     19628.64
      7219.4     1.008477     3.114155   0.06694456     19628.87
      7219.6     1.008276     3.110487   0.05102444     19627.63
      7219.8     1.008215      3.13382   0.01252069     19629.87
        7220     1.008088     3.143734   0.01023432     19632.78
      7220.2     1.007957     3.124171   -0.0033583     19632.65
      7220.4     1.007842     3.118675 -0.002898795     19632.76
      7220.6     1.007627     3.131134   0.05506101     19634.38
      7220.8     1.007203     3.141415   0.06273358     19635.71
        7221     1.006556      3.16822  0.003577055     19634.96
      7221.2     1.006168     3.168862  -0.01081278     19635.07
      7221.4     1.006158     3.133995  -0.04519349      19636.8
      7221.6     1.005943     3.132765  -0.07760146     19637.31
      7221.8     1.005823     3.132065  -0.06991657     19639.74
        7222     1.005755     3.106781  -0.06193697     19641.04
      7222.2     1.005794     3.078062  -0.03638399     19641.32
      7222.4     1.005741     3.083216  -0.01163448     19642.16
      7222.6     1.005361     3.102958 -0.003928393     19644.27
      7222.8     1.004884     3.097473  -0.01934753     19644.56
        7223     1.004698     3.074919  -0.03223389     19643.11
      7223.2     1.004571     3.067738 -0.009993468     19644.44
      7223.4     1.004405     3.077171   0.05905235     19648.25
      7223.6      1.00425     3.089478   0.08658445      19650.4
      7223.8     1.004122     3.122161    0.0383131     19650.13
        7224     1.004251     3.137005 -0.009479045     19649.49
      7224.2     1.004417     3.107822    -0.079805     19650.33
      7224.4     1.004215     3.081895  -0.09444605     19652.26
      7224.6       1.0039     3.058317  -0.06745006     19652.76
      7224.8     1.003742     3.061448  -0.05814161     19652.95
        7225     1.003536     3.053861  -0.04342694     19654.56
      7225.2     1.003404     3.035382   -0.0524355     19654.81
      7225.4     1.003366     3.023576  -0.05450191     19655.32
      7225.6     1.003301       3.0195  -0.03159457     19656.91
      7225.8     1.002943      3.01026  -0.01288775     19657.15
        7226     1.002555     3.010106   -0.0139919     19656.45
      7226.2     1.001986     3.013265  -0.01662222     19658.55
      7226.4      1.00149     3.008306  -0.02390852     19658.85
      7226.6     1.001355     2.996962  -0.03472444     19657.73
      7226.8     1.001115     2.990979  -0.03200359     19657.29
        7227     1.000567     2.985486 -0.007404226     19657.33
      7227.2     1.000059     2.982703  -0.02090704     19657.89
      7227.4    0.9998427     2.991039  -0.04347929     19660.53
      7227.6    0.9996568     2.974254  -0.03530256      19662.5
      7227.8    0.9995872     2.950702  -0.05165063     19660.78
        7228    0.9997055     2.954461  -0.02597435     19659.75
      7228.2    0.9992839     2.949718   0.01269438     19660.71
      7228.4    0.9986376     2.953474  0.004541172     19661.48
      7228.6    0.9984972     2.960858  0.009035734     19662.87
      7228.8    0.9983845     2.958094 -0.005976076     19662.99
        7229      0.99815     2.956947   -0.0135859     19663.05
      7229.2    0.9981168     2.948693  -0.02570998     19665.42
      7229.4    0.9978499     2.949989  -0.05501367     19665.86
      7229.6    0.9973839     2.937526   -0.0722973     19665.85
      7229.8    0.9971265     2.912936  -0.09044538     19666.47
        7230    0.9970008     2.890855   -0.1057133     19667.17
      7230.2    0.9966405     2.877633  -0.07565197     19667.88
      7230.4      0.99609     2.852956  -0.05236909     19668.04
      7230.6    0.9957577     2.852414  -0.04781111     19669.21
      7230.8    0.9952628      2.84896 -0.004785724     19668.38
        7231    0.9948586     2.839384 -0.005204063     19668.48
      7231.2    0.9945775     2.849127   -0.0196512     19669.43
      7231.4    0.9943122     2.848251 -0.007972307     19669.18
      7231.6    0.9942004     2.833239 -0.003186591     19670.14
      7231.8    0.9939406     2.833006  -0.01531719     19671.76
        7232    0.9935226     2.846578  -0.03736941     19673.46
      7232.2    0.9932609     2.835997  -0.03134522     19673.82
      7232.4    0.9936322     2.803344  -0.03618078     19673.93
      7232.6    0.9937753      2.80793  -0.03566813     19673.92
      7232.8    0.9935548     2.817633   0.01542111     19673.98
        7233    0.9935541     2.807463  0.006680769     19675.13
      7233.2    0.9931668     2.815681  -0.01946388     19675.66
      7233.4    0.9926898     2.813275  -0.01708894     19674.76
      7233.6    0.9923553     2.802062  -0.03291414        19675
      7233.8     0.992444     2.793792  -0.03021415     19675.17
        7234    0.9924921     2.789349  -0.02456515     19676.46
      7234.2    0.9923915     2.789103  -0.02246475     19677.01
      7234.4    0.9921397      2.78241  -0.03402044     19677.19
      7234.6    0.9919686      2.77582  -0.03484088     19679.05
      7234.8    0.9919688     2.762133 0.0001068036     19679.72
        7235    0.9919437      2.76123 -0.0009502366        19679
      7235.2    0.9920243     2.782495  -0.02198844     19681.02
      7235.4    0.9920982      2.77506  -0.03479849     19683.67
      7235.6    0.9915917     2.744542  -0.06760101     19684.17
      7235.8    0.9907044     2.733392  -0.06392289      19684.2
        7236    0.9902471     2.728415  -0.02241016     19683.27
      7236.2    0.9903745     2.723921 -0.006847106     19684.28
      7236.4    0.9906327     2.726614  0.009312571     19687.49
      7236.6    0.9904701     2.727914  0.004114316      19688.8
      7236.8    0.9901311     2.735865 -0.006699005     19690.51
        7237     0.990162     2.727213  0.007166852     19692.23
      7237.2    0.9901633     2.721255  0.005827278     19691.82
      7237.4    0.9897292     2.733647   0.01515965     19690.56
      7237.6     0.990031     2.740527  0.009285947     19692.15
      7237.8    0.9905707     2.739341  -0.01044946     19693.15
        7238    0.9906939     2.728684 -0.009313748     19693.28
      7238.2    0.9909035     2.725288 -0.007056934     19694.31
      7238.4    0.9912956     2.733076 -0.008037935     19695.75
      7238.6    0.9914926     2.733695  -0.01637362     19696.16
      7238.8    0.9914888     2.722253  -0.03083971     19697.22
        7239    0.9914965     2.712189  -0.03051307      19698.6
      7239.2    0.9917837     2.708404  -0.01429363     19698.59
      7239.4    0.9918886     2.709285  -0.01356723     19698.79
      7239.6    0.9914886     2.710818  -0.02774374     19697.46
      7239.8    0.9915499     2.701335  -0.05931289     19697.12
        7240    0.9920401     2.686209  -0.06347448     19698.95
      7240.2    0.9924672     2.661834  -0.03037252      19699.2
      7240.4    0.9921676     2.660039    0.0242278     19699.86
      7240.6    0.9918309     2.677037    0.0722008     19700.41
      7240.8    0.9918298     2.705591   0.05050007     19701.19
        7241    0.9918419     2.719595   0.01790182     19700.29
      7241.2    0.9918362     2.700439 -0.006251395     19699.35
      7241.4    0.9921079     2.691359  -0.03084903     19700.55
      7241.6    0.9925481      2.70059 -0.005475381     19702.66
      7241.8    0.9927787     2.694916   0.04122789     19703.53
        7242    0.9927561     2.696059   0.05325919     19703.31
      7242.2    0.9929312     2.724341   0.04490355     19704.54
      7242.4     0.993227     2.743197   0.03115418     19706.33
      7242.6    0.9931873     2.730839   0.02548522     19707.13
      7242.8    0.9931376     2.720982   0.03307536     19708.56
        7243     0.993319     2.744729   0.04634917     19708.44
      7243.2    0.9935395     2.769658   0.04664104        19707
      7243.4    0.9936981     2.767918 -0.004751077     19708.33
      7243.6    0.9936561     2.758295  -0.01346144     19710.01
      7243.8    0.9939259     2.740928   0.04548299     19711.21
        7244    0.9942701     2.758888     0.050535     19711.53
      7244.2    0.9942185     2.804304   0.05255125     19711.55
      7244.4    0.9942069     2.798723   0.01357854     19710.68
      7244.6    0.9947728     2.782969  -0.06452338     19711.94
      7244.8    0.9954634     2.769751  -0.04885574     19715.06
        7245    0.9958161     2.752686 -0.007397621     19715.49
      7245.2    0.9959843     2.759638  0.002225833     19716.08
      7245.4    0.9960661     2.777051 -0.001072051     19717.05
      7245.6    0.9962351     2.771532  -0.02104334     19716.17
      7245.8     0.996389     2.751828  -0.03124967     19716.49
        7246    0.9967741     2.742803  -0.01568244     19718.63
      7246.2    0.9971237     2.752051  -0.01546847     19719.17
      7246.4    0.9968882     2.758986  -0.01135222      19718.3
      7246.6    0.9968288     2.739453   0.01965792     19718.59
      7246.8    0.9971366     2.733722   0.04400311     19720.35
        7247    0.9975478     2.767778   0.09154157     19721.98
      7247.2    0.9977008     2.794188   0.09360136     19723.06
      7247.4    0.9979733     2.812686   0.04246244     19724.88
      7247.6    0.9982454     2.808603   0.01169834      19726.9
      7247.8    0.9984128     2.801748  -0.02448953     19727.23
        7248    0.9986299     2.803547 -0.008875238     19728.35
      7248.2    0.9989407     2.793095 -0.006164485     19729.14
      7248.4    0.9991078     2.801503  -0.03254828     19727.74
      7248.6    0.9992056     2.796816  -0.02018397     19728.33
      7248.8    0.9994013     2.777508  -0.02728648     19730.77
        7249    0.9996808     2.776948  -0.04336714     19730.54
      7249.2    0.9997676     2.779673  -0.04533301     19729.03
      7249.4    0.9997223     2.762122  -0.04215359     19729.53
      7249.6    0.9998974     2.741242  -0.02539688      19730.7
      7249.8    0.9999537     2.743225   0.01404058     19730.29
        7250    0.9997922     2.759356   0.06773533     19730.41
        7252     1.002241     2.783605 -0.009998613     19738.95
        7254     1.004907     2.789605 -0.001915852     19744.68
        7256     1.008064     2.772085 -0.002925823     19752.83
        7258     1.009763     2.784296 -0.002619927     19761.01
        7260     1.012022     2.760198  8.29704e-05     19765.63
        7262     1.014089     2.768645  0.002364679     19775.49
        7264      1.01539     2.772749  0.005204397     19780.83
        7266     1.017115     2.803213  0.006480161     19784.67
        7268     1.018247     2.801834   0.00250819     19792.75
        7270     1.018736     2.820487  0.001735104     19802.12
        7272      1.01887     2.792814  0.003617833     19812.39
        7274      1.01869     2.817094  0.002447367     19818.82
        7276     1.017798     2.830776  0.005892395     19824.04
        7278     1.017872     2.840066  0.005512359      19828.9
        7280     1.016873     2.839953   0.00444988     19837.02
        7282     1.014792     2.861193  0.006052604     19841.44
        7284     1.013636     2.866375  0.006696729     19850.83
        7286      1.01205     2.888486  0.007116555      19854.1
        7288      1.01015     2.893527 5.213622e-05     19862.95
        7290     1.008626     2.918125 -0.004695904     19870.45
        7292     1.007233     2.866792  -0.01119548     19874.74
        7294      1.00686     2.850919   -0.0203254     19882.39
        7296      1.00508     2.803963  -0.01590739     19890.93
        7298     1.004205     2.755522  -0.01726974     19896.98
        7300     1.004541     2.739533    -0.014609     19905.21
        7302     1.004017     2.712761  -0.00886098     19911.93
        7304     1.003717     2.687091  -0.00949595     19916.32
        7306     1.003224     2.684634 -0.006983765     19920.75
        7308     1.003082     2.663566 -0.003433934     19928.43
        7310     1.003354     2.656891 -0.001202388     19933.57
        7312     1.002711      2.65962 -0.0009401989     19939.85
        7314     1.002269     2.675015 -0.003599021     19945.36
        7316     1.001648     2.656044  0.001720069     19952.48
        7318     1.001702     2.628099 -0.001464391     19960.13
        7320      1.00165      2.67338  0.001438577      19965.9
        7322     1.001851       2.6633   0.00302515      19971.9
        7324     1.001862     2.667553 -0.004104566     19978.12
        7326      1.00229       2.6523 -0.007378522     19987.17
        7328      1.00163     2.640544  -0.00567041     19994.53
        7330     1.000695     2.604272 -0.006253681     19998.22
        7332     1.000296     2.622189 -0.009811274      20002.2
        7334    0.9999895     2.602271 -0.001101087     20009.57
        7336    0.9993649     2.562054 -0.004989361     20017.07
        7338    0.9999093     2.595463  -0.00262857     20025.41
        7340    0.9998891     2.582275  0.004361628     20028.23
        7342    0.9996522     2.581242  0.003042176     20037.63
        7344    0.9995812     2.596947  0.005384752     20042.08
        7346     0.999024     2.619801  0.009403441     20051.01
        7348     1.000195     2.625353   0.01202489     20054.29
        7350      1.00018      2.65647   0.01008764     20059.92
        7352    0.9998516     2.693146  0.008991257     20065.89
        7354     1.000016     2.700502  0.006490781     20073.67
        7356     1.000396     2.697283  0.004772548     20077.56
        7358    0.9994336     2.708396  0.003959091     20083.06
        7360    0.9998285     2.731326  0.005058326      20092.2
        7362    0.9998173     2.732174  0.001776988     20096.92
        7364     1.000109     2.737749 -0.002790787     20104.36
        7366     1.000264     2.722612   -0.0020205     20110.64
        7368    0.9993093        2.709 -0.006996739     20114.38
        7370    0.9993642      2.71601 -0.007562292     20119.98
        7372    0.9995549     2.681775 -0.008653197     20126.42
        7374     1.000409     2.662113  -0.01500922     20129.92
        7376      0.99911     2.639774  -0.01391194     20135.61
        7378    0.9994896     2.595937  -0.01380003     20143.85
        7380     0.998821      2.57048  -0.01613042     20149.29
        7382    0.9992864     2.551713  -0.01177896     20155.46
        7384    0.9994396     2.510731  -0.00975054     20160.68
        7386    0.9983819     2.501705 -0.008521903     20165.89
        7388    0.9985052     2.492475 -0.001950476     20172.78
        7390    0.9988655     2.483538 0.0001138458     20179.11
        7392    0.9981244     2.495127 -4.183228e-05     20182.98
        7394    0.9984798     2.502616  0.002725755     20190.54
        7396    0.9978706     2.492141  0.001302187     20195.62
        7398    0.9977573     2.505344 7.421331e-05     20203.51
        7400     0.998142     2.505545  0.001093894     20211.27
        7402    0.9978775     2.503209 -0.001475491     20215.82
        7404    0.9975995     2.500892 -0.003495175     20219.65
        7406    0.9973223      2.49354 -0.003657784     20229.76
        7408    0.9973331     2.477583 -0.002617664     20233.87
        7410    0.9972955     2.473947 -0.001275925        20239
        7412    0.9968639     2.479951  0.002938539     20251.08
        7414     0.996802     2.483333  0.003368819     20253.91
        7416     0.996858     2.501092 -0.0009253445     20257.86
        7418     0.996306     2.500898 -0.003426937     20260.31
        7420    0.9966061     2.472548 -0.0005044392     20265.72
        7422    0.9966422     2.455917 -0.005458419     20274.79
        7424     0.997079     2.497056 -0.003546085     20278.52
        7426    0.9965246      2.45723  0.001109045     20284.99
        7428    0.9965361     2.444179 -0.005931905     20290.36
        7430    0.9965789      2.46479 -0.001436103     20296.48
        7432     0.996181     2.449601  0.001989996      20302.3
        7434    0.9959638     2.445741 -0.001405699     20311.79
        7436    0.9963371     2.460099 -0.0005979332     20315.37
        7438    0.9958584     2.453544  0.001769434     20319.04
        7440    0.9952797     2.444817  0.001576667     20322.27
        7442    0.9957096     2.459897   0.00122518     20333.49
        7444    0.9952117     2.472713  0.002831064     20335.65
        7446    0.9955372     2.463345   0.00140908     20338.67
        7448    0.9957893     2.467466  0.001415997     20345.66
        7450     0.995921      2.47117 -0.0006993051     20352.53
        7452    0.9956254     2.484041  0.002638634      20358.4
        7454    0.9958322     2.457751 0.0008854671     20365.39
        7456    0.9951219     2.488575 -0.002059706     20368.34
        7458    0.9955074     2.478253  -0.00010987     20375.57
        7460    0.9953514     2.467563 -0.001362052     20380.79
        7462    0.9959367     2.456872 -0.003980365      20384.3
        7464    0.9956315     2.477678 -0.003656238     20389.31
        7466    0.9961214      2.44641 -0.003350317     20394.04
        7468    0.9958972     2.438313 -0.006471414     20403.59
        7470     0.995633      2.43007 -0.006099706     20405.81
        7472    0.9957863     2.425907 -0.004745633     20415.06
        7474    0.9955605     2.397613 -0.003854049      20421.2
        7476    0.9956139     2.400348 -0.003540427     20426.55
        7478    0.9951483     2.399237   -0.0016818     20429.03
        7480    0.9956598     2.397584 -0.003872415     20436.88
        7482    0.9954171     2.384158 -0.004705706     20440.68
        7484    0.9955699     2.369369 -0.004566293      20446.2
        7486    0.9955625     2.361591 -0.007462666     20453.87
        7488    0.9957648     2.361053 -0.004232031     20454.51
        7490    0.9955655     2.324457 -0.001353864     20460.72
        7492    0.9959502     2.335512 -0.004509039     20467.29
        7494    0.9955384     2.350761 -0.0003515977     20471.67
        7496    0.9954047     2.324981 0.0001329877     20476.97
        7498     0.995748     2.321644 -0.002853029     20484.18
        7500    0.9952696     2.336576 -0.001115271     20487.68
        7502    0.9953703     2.327936 0.0003437703     20489.24
        7504    0.9957384     2.316059 -0.001942811     20498.76
        7506     0.995057     2.324394 -0.0003431938     20503.51
        7508    0.9949563     2.321034 -0.001155995     20506.41
        7510    0.9950877     2.325191 -0.004308894     20511.18
        7512    0.9953224     2.306811 -0.0002676592      20513.5
        7514    0.9950993     2.289923 -0.002797274     20519.71
        7516    0.9952758     2.318892 -0.001178726     20520.43
        7518    0.9950092     2.302813 0.0007613544     20508.87
        7520    0.9947915     2.297381 -0.001680352     20492.77
        7522    0.9952168     2.296014 -0.001924485     20493.37
        7524    0.9957981      2.30545 -0.001974311     20427.91
        7526    0.9971463     2.287417 -0.0001787319     20101.35
        7528    0.9932465     2.281587 -0.003496741     20301.97
        7530    0.9947537     2.294584 -0.0005200422     20158.11
        7532    0.9939491     2.277476 0.0009863261     20389.91
        7534    0.9945708     2.283256  -0.00143345     20554.19
        7536    0.9948896     2.289477 -0.0001832911     20540.77
        7538    0.9947785     2.283117 -0.0009718795     20544.07
        7540    0.9948275     2.276009 -0.002676094     20570.12
        7542    0.9944819     2.275481 -0.002245299     20590.46
        7544    0.9948668     2.268069 -0.001114024     20592.21
        7546    0.9951041     2.265154 -0.001802248     20600.24
        7548    0.9950617     2.267097 0.0002253354     20604.54
        7550    0.9950512     2.261063 -0.0005513761     20606.55
        7552    0.9953869     2.269871 -0.001403245     20614.51
        7554    0.9956219     2.260743 -0.0009018302     20614.62
        7556    0.9955146     2.255871 -0.001506235     20619.67
        7558    0.9955937     2.253849 -0.0004339294     20628.58
        7560    0.9960055     2.257821 8.698056e-05     20634.06
        7562    0.9957669     2.257272 0.0004523703     20636.48
        7564    0.9959492     2.256567 -0.0005091585     20642.71
        7566    0.9961514     2.257468 -0.001289642     20647.07
        7568    0.9960464     2.253748 -0.001512141        20655
        7570    0.9956212     2.246955 -0.004182074      20657.8
        7572    0.9961641      2.24447 -0.003826448     20661.92
        7574    0.9959649     2.224011 -0.003857547     20666.44
        7576    0.9965338     2.223136 -0.003216958     20670.93
        7578    0.9968161     2.216094 -0.001693142     20675.45
        7580    0.9963308     2.218734 -0.004408508     20676.23
        7582    0.9964915     2.210466 -0.003259859     20684.88
        7584    0.9968831     2.187868 -0.004324649     20690.79
        7586     0.996484     2.190015 -0.002541436     20690.21
        7588    0.9966667     2.184137 -0.001338823     20694.04
        7590     0.996891     2.190134 -0.002173297     20696.79
        7592    0.9969658     2.177158 -0.0008583033     20699.93
        7594    0.9964124     2.172629 -0.001319148     20702.69
        7596    0.9964233     2.177271 -0.0005860511     20705.22
        7598    0.9968791     2.179581 -0.0003798335     20709.94
        7600     0.997649     2.172469 -0.001226214      20716.2
        7602    0.9972854      2.16959 -0.002715283     20720.86
        7604    0.9964808     2.167461 -0.002983793     20722.41
        7606    0.9961502     2.157859 -0.002484448     20726.34
        7608    0.9965639     2.148599 -0.0008245378     20730.62
        7610    0.9968804     2.149715 -0.0006852076     20732.03
        7612    0.9963517     2.160865 -0.0004521743     20735.82
        7614    0.9967556     2.152377 -0.000565691      20740.6
        7616    0.9964193     2.144982 -0.002337447     20743.28
        7618    0.9963381     2.145189 -0.002231939     20749.36
        7620    0.9968812     2.142165 -0.002420275     20751.93
        7622    0.9964166     2.134522 -0.001614639     20755.45
        7624    0.9968178     2.125619 -0.0009777992      20757.6
        7626    0.9962011     2.132272 -0.0005953656      20761.5
        7628    0.9971051     2.134343 -0.0003473262     20770.34
        7630    0.9967121     2.129759  -0.00101125     20772.52
        7632    0.9965046     2.122841   -0.0028822     20776.12
        7634    0.9963125     2.124182 -0.001432227     20780.54
        7636    0.9963147     2.111285 -0.002732228     20785.82
        7638    0.9967791     2.118301 -0.003128357     20788.88
        7640    0.9965756     2.100983  -0.00193784     20792.08
        7642    0.9975943     2.099155 -0.004112587     20796.21
        7644    0.9969718     2.095782 -0.002380343     20804.47
        7646    0.9963133       2.0854 -0.001094472     20804.38
        7648    0.9971658      2.08194  -0.00249156      20807.4
        7650    0.9968382       2.0904 -0.001332211     20815.86
        7652    0.9965785      2.07585 -0.001169175     20819.63
        7654    0.9970638     2.074743 -0.003007953     20822.91
        7656    0.9973483     2.072587 -0.001309364     20825.46
        7658    0.9967493     2.066336 -0.001058736     20833.11
        7660    0.9971301     2.065375 -0.001077364     20836.83
        7662    0.9966597     2.066273 -0.0007057703     20838.25
        7664     0.996694     2.063968 -0.0006345327      20844.6
        7666    0.9975441      2.06069 -0.001098312     20847.06
        7668    0.9979592     2.060299 -0.0008651022     20846.74
        7670    0.9970427     2.057486 -0.0008451629     20850.57
        7672    0.9975517     2.057047 -0.0004215511     20856.85
        7674    0.9973408     2.053928 -0.0008230467     20858.67
        7676    0.9979962     2.056926 0.0002118439     20864.17
        7678    0.9976803     2.050902 0.0003663244     20867.71
        7680    0.9974323     2.058742 -0.001351455     20868.95
        7682    0.9977751     2.056859 -0.001022637     20875.26
        7684    0.9982483     2.046115 -0.002211833     20880.49
        7686    0.9983248     2.042721 -0.002554578     20879.37
        7688    0.9986193     2.041047 -0.002655914     20888.47
        7690     0.997997     2.036422 -0.001889999     20890.94
        7692    0.9984861     2.024867 -0.001711793     20892.16
        7694    0.9985004     2.027601 -0.002311603     20898.71
        7696      0.99854     2.027353 -0.001140294     20903.87
        7698    0.9987701      2.01793 -0.001960239     20905.96
        7700    0.9989783     2.015745 -0.001816291     20906.67
        7702    0.9988378     2.011919 -0.001155104     20913.75
        7704    0.9989283     2.012823   -0.0019401     20916.93
        7706      0.99922     2.008689 -0.002022556      20920.1
        7708    0.9989962     2.000224 -0.001617285     20924.39
        7710    0.9991028     1.995739 -0.001279857     20926.46
        7712    0.9991474     1.999884 -0.0002202451     20932.67
        7714    0.9995108      1.99845 -0.001122692     20939.07
        7716     0.999587     1.998462 -0.001247439     20941.11
        7718    0.9994662     1.986757 -0.0002460041     20947.75
        7720    0.9998549     1.989905 -0.001898847     20947.94
        7722    0.9999487     1.996482 5.825905e-05     20952.15
        7724    0.9991531     1.983271 -9.538908e-05     20947.71
        7726    0.9994649     1.987223 -0.002737834     20957.06
        7728     0.999865     1.989142 -0.001657417      20957.6
        7730    0.9996299     1.974579 -0.002082848     20961.51
        7732    0.9998308     1.970012 -0.001529813     20967.79
        7734    0.9997292      1.97056 -0.0007662164     20969.92
        7736    0.9991611     1.976903 -0.0009478284     20971.47
        7738    0.9995316     1.968449 -0.001101576     20973.28
        7740    0.9994726     1.962429 -0.002545914     20981.13
        7742    0.9996782     1.961748 -0.002615892     20979.11
        7744    0.9997747     1.956536 -0.001366307     20985.67
        7746    0.9997112     1.947522 -0.001282731      20989.7
        7748    0.9996127     1.951499 -0.001474705     20992.38
        7750     1.000185     1.951486 -0.0002617181     20995.47
        7752    0.9995205     1.944738 -0.000301166     20998.26
        7754    0.9997454     1.945429 -0.001064234     21000.51
        7756    0.9994605      1.94909 -0.001325428     21003.42
        7758    0.9994486     1.942972 -0.001086149     21006.36
        7760     1.000018     1.934135  -0.00161913     21017.29
        7762    0.9997387     1.936739 -0.002301468     21018.05
        7764    0.9993422     1.936137 -0.001251933     21019.41
        7766     1.000034      1.92456 -0.001744535     21021.09
        7768    0.9999837     1.924119 -0.002636921     21024.13
        7770     1.000128     1.922783 -0.0009922664     21023.76
        7772     1.000393     1.915041 -0.001551118     21025.55
        7774    0.9999992     1.916622 -0.001607642     21029.23
        7776     1.000407      1.91171 -0.001279969     21026.62
        7778     1.000349     1.909922   -0.0022203     21022.87
        7780     1.000477     1.904802 -0.001830037     21012.23
        7782     1.000566      1.89886 -0.001164572      20982.7
        7784      1.00208      1.89707 -0.001736816     20778.59
        7786     1.003825     1.900605  -0.00207569     19981.73
        7788    0.9988002     1.890907 -0.002180964     20102.11
        7790    0.9974916     1.882254 -0.002118437     20312.75
        7792     1.000749     1.879622  -0.00130733     21043.96
        7794       1.0007     1.883658 -0.0004988004      21075.9
        7796      1.00073     1.880448 -0.0009395496     21084.13
        7798      1.00074     1.878264 -0.001570304     21087.94
        7800     1.001131     1.872106 -0.001260992     21089.23
        7802     1.001158     1.871095 -0.001508344     21095.39
        7804     1.000747      1.87036 -0.0005029818     21094.37
        7806     1.000704     1.866197 -0.0006028893     21097.92
        7808     1.001122     1.868082 -0.001417276     21104.81
        7810     1.001617     1.866272 -0.001058617     21106.81
        7812      1.00181     1.859022 -0.002116016      21111.4
        7814     1.001516     1.857728 -0.001840089     21111.61
        7816     1.001766     1.851154 -0.0009301617     21116.11
        7818     1.001878     1.851552 -0.002300791     21116.83
        7820     1.001992     1.851581 -0.001402502     21114.66
        7822      1.00207     1.839322 -0.001533754     21119.12
        7824     1.002476     1.839934 -0.002026546     21124.13
        7826     1.002417     1.839282 -0.0007931221     21126.54
        7828      1.00198     1.835369 -0.0009602224     21128.33
        7830      1.00216     1.832977 -0.001023665     21132.25
        7832     1.002589     1.832252 -0.001371433     21135.51
        7834     1.002405     1.831092 -0.001183179     21138.38
        7836     1.002449     1.824397 -0.001871958     21141.52
        7838     1.002648     1.823511 -0.002357064     21144.05
        7840     1.002865     1.817277 -0.0007111625      21149.4
        7842     1.002853     1.812236 -0.001320147      21150.2
        7844     1.003024     1.818708 -0.001912237     21153.74
        7846     1.002286      1.81295 -0.0004718475     21155.69
        7848     1.003139     1.801979 -0.001167817     21160.95
        7850     1.003226     1.808461 -0.001386231     21162.21
        7852     1.003229     1.809365 -7.673935e-05      21164.5
        7854     1.003454      1.80186 -0.001575728     21169.92
        7856     1.003539     1.801365 -0.001796504     21170.17
        7858     1.002444     1.795855 -0.001475713     21170.25
        7860     1.003012     1.794993 -0.002523157     21171.72
        7862     1.002767     1.790055 -0.001615077     21178.62
        7864     1.003213     1.781179 -0.001416341     21179.87
        7866     1.003467     1.782935 -0.0009276782     21182.16
        7868     1.003598     1.783663 -0.0007384459     21186.46
        7870     1.003231     1.782633 -0.001305509      21187.9
        7872      1.00344     1.775272 -0.002161256     21191.99
        7874     1.003684      1.77249 -0.001924161     21194.32
        7876     1.003583     1.766372 -0.001434873     21200.46
        7878     1.003688      1.76724 -0.002235209     21200.38
        7880     1.003625     1.763793 -0.001744949     21206.03
        7882     1.003829     1.754609 -0.001975918     21210.27
        7884     1.003783     1.752413 -0.001516112     21212.04
        7886     1.003347     1.751433 -0.001459483     21211.37
        7888     1.004264     1.751664 -0.001635166     21219.34
        7890     1.003798     1.742933 -0.002206072     21218.47
        7892     1.004357     1.739332 -0.002146179     21224.13
        7894     1.004513     1.733784 -0.001265282     21226.39
        7896     1.004395     1.734495 -0.0009035001     21227.66
        7898     1.004435     1.732811 -0.001135498     21233.48
        7900     1.004127     1.732104 -0.0009115101     21235.12
        7902     1.004199       1.7247 -0.001519672     21235.55
        7904     1.004134     1.727202  -0.00144044     21238.17
        7906      1.00376     1.720653 -0.001315728     21241.84
        7908     1.003947      1.72058 -0.001868317     21250.03
        7910     1.004607     1.714174 -0.001270919     21255.68
        7912       1.0045     1.712256 -0.001166155     21255.26
        7914     1.005011     1.710486 -0.001131613     21212.88
        7916     1.005758     1.711251 -0.001543225      20942.1
        7918     1.005339     1.705121 -0.001973085     20577.54
        7920     1.004024      1.69991 -0.001979316     20953.52
        7922     1.004671     1.694701 -0.001761786     21189.05
        7924     1.004978     1.695416 -0.000675571     21232.55
        7926      1.00495     1.691027 -0.001146577      21243.5
        7928     1.005086     1.694506 -0.001245487     21250.76
        7930     1.005035     1.685529 -0.0007877764     21254.34
        7932     1.004655     1.685452 -0.001653282     21257.68
        7934     1.005111     1.684725 -0.001354081     21263.65
        7936     1.005156     1.681279 -0.001452595     21269.71
        7938     1.005019     1.674696 -0.001264725     21273.47
        7940     1.004755     1.673832 -0.001320072     21273.04
        7942     1.004877     1.674607 -0.0008334112     21277.37
        7944     1.004825     1.670719 -0.000941555     21277.62
        7946     1.005621     1.668029 -0.001156446      21280.7
        7948     1.005562     1.666299 -0.001162089     21281.93
        7950     1.005878     1.665355 -0.001471021     21291.12
        7952     1.005421     1.661422 -0.001679991     21289.56
        7954     1.005466     1.656261  -0.00160458     21293.08
        7956     1.005496     1.652859 -0.001258398     21295.54
        7958     1.005695     1.652519 -0.001238957     21299.66
        7960     1.005338     1.651355 -0.0009207125      21297.6
        7962     1.005991     1.646349 -0.001064441      21305.8
        7964     1.005844     1.645494 -0.001519246     21306.99
        7966      1.00552     1.644003 -0.000854887     21308.54
        7968     1.005362     1.639201  -0.00115153     21309.12
        7970      1.00536      1.63951 -0.001890124     21307.84
        7972     1.005342     1.636281 -0.000982876     21313.78
        7974     1.005517     1.628882 -0.001302696     21321.47
        7976     1.005263     1.631338 -0.002120075     21321.97
        7978     1.005234     1.629088 -0.001169495        21323
        7980     1.004977     1.619321 -0.001891437     21325.57
        7982     1.005015     1.619526 -0.001781539      21327.1
        7984     1.005402     1.616206 -0.0004225803     21328.77
        7986     1.005312     1.614836 -0.001650473     21325.64
        7988     1.004931      1.61594 -0.001593517     21329.94
        7990     1.004938     1.606322  -0.00159622     21331.98
        7992     1.005284     1.603458 -0.001737667     21333.81
        7994     1.005075     1.602066 -0.0007475836     21337.74
        7996     1.005365     1.602039 -0.001404131     21340.41
        7998     1.005027     1.600342 -0.001207175     21339.78
        8000     1.005426     1.592225 -0.001674678     21347.01
        8002     1.005166     1.592409 -0.001891279     21347.09
        8004     1.005151     1.588641 -0.001119054     21348.07
        8006     1.005445     1.585212 -0.001135267     21352.74
        8008     1.005104     1.583273 -0.0007345095      21357.6
        8010     1.004979     1.583327 -0.001141794     21357.63
        8012     1.004991     1.582765 -0.0009160404     21361.67
        8014     1.004812     1.576077 -0.001201774     21361.53
        8016     1.004969     1.575944 -0.001939506     21364.27
        8018     1.005044     1.573712 -0.001040435     21362.91
        8020     1.004919     1.567249 -0.001436039     21368.08
        8022     1.004971     1.567754  -0.00169944     21368.15
        8024     1.005007     1.564456 -0.0009111374     21370.09
        8026     1.005298     1.560117  -0.00197134     21374.77
        8028     1.004998      1.55996 -0.001496897     21373.46
        8030     1.005145     1.551983 -0.001299318     21377.06
        8032     1.005041     1.552481 -0.001429263     21378.42
        8034     1.004889     1.549722 -0.0004747785     21378.26
        8036     1.004904     1.548526 -0.0007139617     21384.47
        8038     1.004318     1.548185 -0.001388631      21382.6
        8040     1.004418     1.546769 -0.001948546     21383.57
        8042     1.005015     1.538613 -0.001537081     21389.61
        8044     1.004918     1.532938 -0.001547664     21391.04
        8046     1.004679     1.535888 -0.001215553     21391.62
        8048     1.004855     1.534388 -0.0005375466     21397.29
        8050      1.00466     1.528889 -0.001595404     21395.28
        8052     1.004471     1.528637 -0.001958688     21396.93
        8054     1.004788     1.523125 -0.001394315      21401.7
        8056     1.004933     1.518718 -0.001573347     21407.11
        8058     1.004581     1.517734 -0.001581458        21407
        8060     1.004464      1.51605 -0.001168657     21407.07
        8062     1.004473     1.510473 -0.001412801     21409.34
        8064     1.004346     1.509369 -0.001341578     21412.81
        8066     1.004313     1.506432 -0.001073682     21412.62
        8068      1.00438     1.505318 -0.001327813     21414.45
        8070     1.004164     1.501884  -0.00101986     21413.68
        8072     1.004187     1.498747 -0.001966223     21419.36
        8074     1.004452     1.498273 -0.001597298     21420.95
        8076     1.004105     1.489588 -0.002057357     21425.23
        8078     1.004297     1.489105 -0.001494195     21422.79
        8080     1.003849     1.482288 -0.0009632514     21422.55
        8082     1.003878      1.48632 -0.001161662     21427.37
        8084     1.003806     1.481882 -0.0002083785     21425.34
        8086     1.003674     1.479812 -0.001443857      21429.1
        8088     1.003723     1.480621 -0.001132916     21427.71
        8090     1.003589     1.474769 -0.001094889     21434.14
        8092     1.003594     1.472819 -0.002231044     21436.78
        8094     1.003292     1.471053 -0.001400509     21437.52
        8096      1.00274     1.462772 -0.001007344     21434.94
        8098     1.003074     1.463565 -0.001142584     21439.95
        8100     1.002817      1.46476 -0.0005834836     21441.76
        8102     1.002713     1.461912 -0.001364573     21444.27
        8104     1.002424     1.458105 -0.001211527     21443.36
        8106      1.00245     1.452648 -0.0009775473     21448.34
        8108     1.002328     1.455068  -0.00120034     21449.84
        8110     1.002219     1.454092 -0.0004868714     21453.15
        8112     1.002081     1.448502 -0.001330607      21454.3
        8114      1.00183     1.448753 -0.001996831     21455.61
        8116     1.001477     1.444423  -0.00120386     21453.88
        8118      1.00138     1.438117 -0.001504355     21454.17
        8120     1.001266     1.438871 -0.001431122     21459.87
        8122     1.001449     1.436718 -0.001175032     21459.46
        8124     1.000719     1.432974 -0.001439723     21456.61
        8126     1.000525     1.428717 -0.0009701319     21458.85
        8128     1.000548     1.427353 -0.0009973462     21459.72
        8130     1.000308     1.428957 -0.001251718     21463.91
        8132     1.000501     1.424995 -0.001019961     21465.97
        8134     1.000161     1.418703 -0.001374335     21462.04
        8136     1.000075     1.419193 -0.001339656     21464.63
        8138    0.9997911     1.417962 -0.0009844843     21464.86
        8140    0.9996371     1.414278 -0.001087815     21467.91
        8142    0.9994476     1.410827 -0.001803527     21470.49
        8144    0.9988239     1.410491 -0.001371126     21467.07
        8146    0.9986668     1.403534 -0.001428741     21471.79
        8148    0.9989035     1.403309 -0.001767232     21474.04
        8150    0.9988974     1.399397  -0.00104887     21476.34
        8152     0.998726     1.396353 -0.001323189     21474.59
        8154    0.9985828     1.395143 -0.0006176644     21478.42
        8156     0.998186     1.392723 -0.001107124     21475.76
        8158    0.9979287     1.394456 -0.0009821147     21476.58
        8160    0.9975792     1.387496 -0.001211867     21477.07
        8162    0.9972632     1.387286  -0.00174418     21476.73
        8164    0.9972968     1.383028  -0.00121819     21477.69
        8166    0.9973907     1.380503 -0.001183707      21482.6
        8168     0.997289     1.377751 -0.001037846     21481.41
        8170     0.996813     1.377817 -0.001125711     21476.84
        8172    0.9969541     1.374726 -0.0008305498     21481.14
        8174    0.9967477     1.371497 -0.001296902     21483.12
        8176    0.9964429     1.371106 -0.001436846     21484.55
        8178    0.9961265     1.367442 -0.001501012     21485.24
        8180    0.9960385     1.363231 -0.001537986     21485.31
        8182    0.9955182     1.359489 -0.001339799     21485.82
        8184    0.9954404     1.358802 -0.001287463     21487.58
        8186    0.9958823     1.356723 -0.0009320268     21491.54
        8188    0.9953592     1.352931 -0.001262908     21491.63
        8190    0.9955096     1.352033 -0.001391936     21494.48
        8192     0.995141     1.348699 -0.0008182673     21493.58
        8194    0.9948923     1.345588 -0.001205102     21494.78
        8196    0.9945198     1.346385 -0.001233028     21493.76
        8198    0.9945719     1.342392 -0.001122988     21492.79
        8200    0.9941471     1.338835 -0.001537811     21491.37
        8202    0.9940819     1.336604 -0.001293821     21498.82
        8204       0.9935     1.334083 -0.001601571      21497.8
        8206    0.9934201     1.332041  -0.00128826     21501.19
        8208    0.9935829     1.326022 -0.001208687     21502.34
        8210    0.9934996     1.326298  -0.00147613     21503.71
        8212     0.992837     1.324413 -0.0008076117     21499.64
        8214    0.9928403     1.320232 -0.001306032     21501.06
        8216    0.9921118     1.319561 -0.001152185     21501.16
        8218    0.9923726     1.315849 -0.001057374     21503.02
        8220     0.991974     1.315196 -0.001224377     21507.49
        8222    0.9915584     1.311773 -0.001177302     21503.09
        8224    0.9913864     1.309766 -0.001347311     21506.69
        8226    0.9912942     1.306431 -0.001261721     21508.23
        8228    0.9909938     1.304417 -0.001419157     21508.76
        8230    0.9907618      1.30168 -0.001114974     21506.12
        8232    0.9909844     1.298413 -0.001303142      21511.4
        8234     0.990466     1.297511 -0.001201689      21511.1
        8236    0.9903264     1.293992 -0.001182251     21512.32
        8238    0.9896712     1.292066  -0.00126265     21511.33
        8240    0.9895824     1.288955 -0.001023456     21511.26
        8242     0.989542      1.28741 -0.001429673     21512.49
        8244    0.9891147     1.285804 -0.001138128      21512.7
        8246    0.9887844     1.280629  -0.00133694     21517.13
        8248    0.9887199      1.27985 -0.001281462     21513.56
        8250    0.9883379     1.276714 -0.0009661134     21513.95
