# This file has been produced by extranormal (v 1.0.1 - February 23, 2017)
# O. Roudenko - Synchrotron SOLEIL. Covered by GPL licence.
#Data from HDF File: /nfs/ruche-rock/rock-soleil/com-rock/2021/Projets/20210209_Hilde/InSitu/10Ni-10Fe_50BN/10Ni-10Fe_50BN_RWGS750_CO2pulses_H2cst_ratio1/10Ni-10Fe_50BN_RWGS750_CO2pulses_H2cst_ratio1_01004.nxs to 10Ni-10Fe_50BN_RWGS750_CO2pulses_H2cst_ratio1_01005.nxs
#Time at start=2021-02-10 14:42:38.997
#Time from start (seconds)=5019.2448295
#Sample temperature (C)=24.6
# Normalization -------------
# pivot spectrum: Pivot_Fe_10Ni-10Fe_50BN_RT_air_av2000_00001.txt
# E0=7112.0   Eshift=1.5647949592
# E0_pivot = 7112.0
# pre-edge params: from E0_pivot-140.0 to E0_pivot-20.0
# pre-edge range: [6972.0, 7092.0]
# post-edge params: from E0_pivot+100.0 to E0_pivot+1140.0
# post-edge range: [7212.0, 8250.0]
# I jump at E0_pivot = 1.24781403026
# shifted energy	normalized	reference	ref.derivative	I0
        6970  0.001474324     1.679827  0.005111649     18816.14
        6972  0.001474324     1.679827  0.005111649     18816.14
        6974  0.001419001     1.686392 -0.001426888     18824.86
        6976  0.001130625     1.671733 -0.001902282     18831.14
        6978  0.001265698     1.672807 -0.003605726     18841.45
        6980  0.001083151     1.664608 -0.001933469     18848.45
        6982  0.001356024     1.657546  -0.00229907     18857.91
        6984 0.0008747579     1.656266 -0.002235821     18863.74
        6986 0.0005772349     1.654414 -0.002522906     18868.74
        6988 0.0006909567     1.646722 -0.001258929     18879.18
        6990 0.0004477528     1.637363 -0.001112468     18885.79
        6992 0.0007855853     1.646194 -0.0005963673     18892.67
        6994  0.000173302     1.645514 -0.0007860761        18900
        6996  0.000297017     1.641951 -0.001299007     18909.48
        6998  0.000178754     1.631074 -0.001799281     18914.61
        7000 2.113685e-05     1.635802 -0.001739475     18924.57
        7002 0.0002451122      1.63112  -0.00103885     18933.02
        7004 1.785747e-07     1.628035 -0.001835319      18943.6
        7006 -0.0002081604     1.622763 -0.001390205     18952.87
        7008 -0.0002132642      1.62112 -0.001314027     18957.17
        7010 -0.0005922951     1.619998 -0.001099585     18961.49
        7012 -0.0003649241     1.617523 -0.001752045     18969.53
        7014 -0.0007034186     1.613967 -0.001780725     18979.66
        7016 -0.0007050636     1.607103 -0.001383106     18991.76
        7018 -0.0008708915     1.605753 -0.002132952      18998.4
        7020 -0.0005907751     1.606458 -0.002722032     19005.96
        7022 -0.0004129492     1.596903 -0.001721471      19013.8
        7024 -0.0009121339     1.585327 -0.002321697     19020.82
        7026 -0.001011111     1.591981 -0.001385243     19032.37
        7028 -0.001519287     1.587884 -0.0006325092     19037.94
        7030 -0.001122184     1.585821 -0.001318403     19044.92
        7032 -0.001041973     1.580267  -0.00130886     19055.44
        7034 -0.001049571     1.581434 -0.001413125     19061.22
        7036 -0.001052868     1.577414 -0.0009731251     19067.09
        7038 -0.0008504649     1.574516 -0.001467404     19078.18
        7040 -0.001246137     1.572482 -0.001544706     19084.96
        7042 -0.001029338     1.569694 -0.0009969405      19096.7
        7044 -0.0005503342     1.565056 -0.001445366     19105.97
        7046 -0.0004787817      1.56654 -0.001792272      19113.3
        7048 -0.000862387     1.560919  -0.00172383     19118.58
        7050 -0.0005199215     1.555356 -0.001500049     19127.93
        7052 -0.0009185476     1.551265 -0.001701045     19136.39
        7054 -0.0007296811      1.55454 -0.001274446     19143.61
        7056 -0.000546615     1.547311 -0.0005919097     19151.99
        7058 -0.0007210501     1.545161 -0.001951313     19162.46
        7060 -0.0004130622      1.54653 -0.001522859     19171.56
        7062 -0.000368749      1.53893 -0.002062034     19177.15
        7064 -0.0003977726     1.535128 -0.001744455     19182.51
        7066 -0.0001451687     1.528664 -0.001013711      19191.1
        7068 0.0002783862     1.532574 -0.001189955     19199.13
        7070 0.0001013244      1.53082 -0.0004914375     19203.11
        7072 -0.0002809056     1.525608 -0.001380215     19208.42
        7074 0.0003103181     1.524733 -0.001709278     19221.66
        7076 0.0005173867     1.521533 -0.001789269     19228.59
        7078 0.0003857626     1.517146 -0.001755527     19235.97
        7080 9.637856e-05     1.511294 -0.001751116     19244.58
        7082 0.0005439277     1.510689 -0.0009975829     19250.36
        7084  0.001310563     1.507524 -0.0008071877     19259.49
        7086  0.001842769     1.509165 -0.001209908     19268.11
        7088  0.001906078     1.504836 -0.0006728474     19273.71
        7090  0.002389452     1.501009 -0.001099551     19281.91
        7092  0.002547592     1.502141 -0.0005857893     19289.88
        7094  0.003141198     1.500369 -0.001057356     19298.19
        7096  0.003643775      1.50015 -0.001240555      19303.6
        7098  0.005235603     1.492551 -0.0008511324     19311.42
        7100  0.006320832     1.492216 -0.001318734     19318.98
      7100.2  0.006464411     1.492509 -0.001233099      19320.1
      7100.4  0.006607989     1.492802 -0.001147463     19321.21
      7100.6  0.006751568     1.493095 -0.001061828     19322.33
      7100.8  0.006895146     1.493388 -0.0009761926     19323.44
        7101  0.007038725     1.493681 -0.0008905572     19324.56
      7101.2  0.007182304     1.493974 -0.0008049218     19325.67
      7101.4  0.007325882     1.494267 -0.0007192864     19326.79
      7101.6  0.007497178     1.494218 -0.000720784     19328.04
      7101.8   0.00766121     1.492348 -0.001378151     19329.47
        7102   0.00726803     1.489766  -0.00266662     19329.01
      7102.2  0.007336782     1.489423 -0.0007075193     19330.34
      7102.4  0.007748856     1.492084  0.003767015     19332.37
      7102.6  0.008227692     1.491782   0.00276286      19334.7
      7102.8  0.008442415      1.49278 0.0006105568     19335.32
        7103  0.008421369     1.491633   0.00192947     19334.07
      7103.2  0.008428981     1.492573 0.0005034533     19333.42
      7103.4  0.008600594     1.493326 0.0003773098     19334.83
      7103.6  0.008593926     1.493182 0.0002959225     19333.91
      7103.8  0.008471931     1.491935  0.001967178     19334.31
        7104  0.008774819      1.49281   0.00142352     19334.56
      7104.2  0.009180381       1.4949  0.003054601     19337.89
      7104.4  0.009626225     1.494321  0.002708419     19341.57
      7104.6  0.009510833     1.494379   0.00173361     19341.12
      7104.8  0.009709568     1.494976  0.001913901     19340.43
        7105   0.01001199     1.496286 -0.0006823054     19338.93
      7105.2   0.01025059     1.495852 -0.0003514153     19336.73
      7105.4   0.01056457     1.493833  0.001012151     19338.58
      7105.6    0.0108582     1.494695  0.001427185     19342.27
      7105.8   0.01106671     1.497096  0.003546968     19342.94
        7106   0.01141262     1.496994  0.001064759     19343.71
      7106.2   0.01155165      1.49667 0.0007165734     19346.33
      7106.4   0.01179809     1.495547  0.003725504     19344.79
      7106.6   0.01230109     1.497669  0.006359303      19346.5
      7106.8   0.01299019     1.499974  0.007722089     19347.39
        7107   0.01335995     1.501758  0.003959122      19347.5
      7107.2   0.01356765     1.501725  0.001001289     19348.06
      7107.4    0.0140313     1.500837  0.001954167     19349.54
      7107.6   0.01452338     1.500775  0.003720164     19351.17
      7107.8   0.01497599     1.503321  0.006907149     19350.93
        7108   0.01538865     1.504701  0.006666193     19350.11
      7108.2   0.01582396     1.506362  0.002270864     19351.58
      7108.4   0.01631936     1.506108  0.003781828     19353.17
      7108.6   0.01698377     1.505138  0.002489406     19354.24
      7108.8   0.01762111     1.507726   0.00438888     19355.12
        7109   0.01820842     1.508354   0.01223304     19354.83
      7109.2   0.01891724      1.50962   0.01441765     19354.57
      7109.4   0.01991415     1.514924    0.0175404     19355.51
      7109.6   0.02104603      1.51926   0.02183647     19355.47
      7109.8   0.02204949     1.522386   0.02237252     19354.05
        7110   0.02347586     1.527089   0.02855971     19354.18
      7110.2   0.02523881     1.532822   0.04161233     19354.56
      7110.4   0.02725552     1.542108   0.05671097     19355.18
      7110.6   0.02979974     1.555676   0.07454937     19355.26
      7110.8   0.03294934     1.572457    0.0881354     19356.42
        7111   0.03648878     1.592462   0.09793281     19355.69
      7111.2   0.04085291     1.612616      0.10439      19352.1
      7111.4   0.04683561     1.634022    0.1122424     19352.16
      7111.6   0.05418215     1.655969    0.1318092     19351.85
      7111.8   0.06251455     1.682256    0.1488625     19349.52
        7112   0.07172681     1.718064    0.1602933     19348.77
      7112.2   0.08093594     1.753112    0.1674039     19346.15
      7112.4   0.09004711     1.784204     0.155992     19344.46
      7112.6    0.0990192     1.816179    0.1401578     19343.78
      7112.8    0.1075302     1.842857    0.1299903     19345.18
        7113    0.1153843     1.865239    0.1175674     19345.42
      7113.2    0.1223009     1.888196    0.1098494      19343.3
      7113.4    0.1285736     1.910233    0.1042921     19341.02
      7113.6    0.1344342     1.930737   0.09873473     19339.81
      7113.8    0.1402129     1.948672   0.08274308     19339.67
        7114    0.1457491     1.967184   0.06695385     19338.09
      7114.2    0.1507543     1.976427   0.05593397     19336.44
      7114.4    0.1550105       1.9843   0.04545632     19335.28
      7114.6    0.1587501     1.993419   0.04777851     19336.51
      7114.8    0.1616416     2.003549   0.05040455     19336.75
        7115    0.1640488      2.01465   0.05310829     19336.29
      7115.2    0.1659544     2.024624   0.04565601     19337.76
      7115.4    0.1680116     2.035906   0.03746544     19335.89
      7115.6    0.1703288     2.040074   0.03475161     19335.53
      7115.8    0.1731778     2.044622   0.02924624     19336.62
        7116    0.1762098     2.052425   0.02522071     19339.21
      7116.2    0.1798425     2.059303   0.02731654     19340.82
      7116.4    0.1842867     2.060251   0.02468615     19342.52
      7116.6    0.1897678     2.066476   0.02259588     19341.36
      7116.8    0.1964276     2.072174   0.03388831     19340.85
        7117    0.2039332      2.07738   0.03551785     19339.86
      7117.2    0.2120626     2.087361   0.03575838     19338.73
      7117.4    0.2213792      2.09489   0.04551584     19339.29
      7117.6    0.2320056     2.100781   0.05254769     19340.68
      7117.8    0.2435875     2.113792   0.06663202     19340.17
        7118    0.2563834     2.129399   0.08812536     19340.69
      7118.2    0.2703352     2.148196    0.1039835     19339.99
      7118.4    0.2860629     2.171281    0.1142554     19337.95
      7118.6    0.3040033     2.196979    0.1153145     19338.35
      7118.8    0.3231608     2.220804    0.1295269     19338.09
        7119    0.3434526     2.240447    0.1461294     19335.23
      7119.2     0.365369     2.274902    0.1464642     19334.49
      7119.4     0.388941     2.313883    0.1583537     19336.09
      7119.6    0.4134633     2.337975    0.1704903     19335.95
      7119.8    0.4382674      2.36713      0.16365     19337.26
        7120    0.4637288     2.411295    0.1334311     19338.79
      7120.2    0.4888436     2.444803    0.1218497     19337.64
      7120.4    0.5121428      2.44472    0.1194765     19337.28
      7120.6    0.5333757      2.46461    0.1224119     19337.97
      7120.8    0.5529286     2.506876    0.1607549      19336.7
        7121    0.5704549     2.542732    0.1249402     19335.45
      7121.2    0.5867409     2.573324 -0.004500135     19334.86
      7121.4    0.6024432     2.564562 -0.009834427      19335.4
      7121.6    0.6168312     2.503276   0.01393981     19335.91
      7121.8    0.6313095     2.534865   0.04549397     19336.64
        7122    0.6459373     2.584476   0.03885317      19336.8
      7122.2    0.6609257     2.600957  0.007441762     19333.55
      7122.4    0.6759076     2.534358  -0.02607495     19332.61
      7122.6    0.6916501     2.540818 -0.0004941893     19334.39
      7122.8    0.7086509     2.563616    0.1376472     19335.17
        7123      0.72618     2.600562    0.1763388     19333.53
      7123.2    0.7436704     2.644476    0.1672458     19333.73
      7123.4    0.7616386     2.681889    0.1449491     19334.76
      7123.6    0.7800466     2.697412   0.09046362     19334.01
      7123.8    0.7988874     2.716521   0.05872735     19332.61
        7124    0.8174326     2.716847   0.06183597     19332.02
      7124.2     0.835394     2.728871   0.06174199     19331.33
      7124.4    0.8526868     2.746881   0.05418031     19331.72
      7124.6    0.8694237     2.765915   0.06877341     19330.21
      7124.8     0.885379     2.760191   0.06008755     19330.76
        7125    0.9003562      2.78389   0.01257875     19330.96
      7125.2    0.9140949     2.794951   0.01054437     19330.96
      7125.4    0.9274385     2.775978   -0.0388699     19329.58
      7125.6     0.939928     2.768627  -0.01804337     19329.48
      7125.8    0.9524099     2.752794   0.07600395     19326.74
        7126    0.9643919     2.780516    0.1212958     19326.08
      7126.2    0.9760425     2.836781    0.1772666     19324.76
      7126.4    0.9878508     2.865663    0.1689255      19322.2
      7126.6    0.9996386     2.894607   0.09141775     19323.05
      7126.8     1.011002     2.915657   0.05591479      19322.7
        7127     1.022644     2.909915   0.04055312     19321.14
      7127.2     1.035331     2.910395   0.01951597     19320.66
      7127.4       1.0489      2.92705   0.03508868     19320.67
      7127.6     1.063249      2.93127   0.05989679     19320.66
      7127.8     1.077833     2.937986   0.06711477     19320.48
        7128     1.092282     2.958313    0.0777868      19322.2
      7128.2     1.106441     2.980741   0.03884358     19323.65
      7128.4     1.121115     2.993499  -0.01940615     19322.83
      7128.6     1.136167     2.969061  -0.05879615     19321.16
      7128.8     1.149895     2.942788  -0.04501427     19320.26
        7129     1.162957     2.933705  -0.01167897     19320.68
      7129.2     1.174617     2.957488  -0.02715837     19319.13
      7129.4     1.185035     2.959718  -0.01205375     19318.64
      7129.6     1.194034     2.921061   0.03344991     19318.15
      7129.8     1.201116     2.924062   0.09290712     19316.79
        7130     1.206569     2.984248    0.2264651     19315.59
      7130.2     1.210467     3.034043    0.2150349     19313.63
      7130.4     1.213884     3.102233    0.1277483      19311.2
      7130.6     1.215817     3.096089   0.02296897     19311.55
      7130.8     1.216989     3.086446  -0.09860832     19310.77
        7131     1.217409     3.052418   -0.0454769     19309.48
      7131.2     1.217553     3.023346  0.006280208        19308
      7131.4     1.217218     3.059708   0.05442195     19304.78
      7131.6     1.217117      3.09147   0.07596033      19305.2
      7131.8     1.217441     3.095956   0.02282979     19303.52
        7132     1.217355     3.084115  -0.04186309     19300.72
      7132.2     1.216683     3.077972  -0.06675804     19301.58
      7132.4      1.21549      3.05798  -0.04625688     19302.65
      7132.6      1.21404      3.04255  -0.08203272     19301.63
      7132.8       1.2119     3.047109  -0.07819342     19300.86
        7133     1.209312     3.012346  -0.05308117      19301.1
      7133.2     1.205528     2.995425   -0.1203266      19302.4
      7133.4     1.200907     3.000085  -0.09986615     19303.89
      7133.6      1.19619     2.950848  -0.09358815     19301.81
      7133.8     1.190904     2.932453  -0.09416777     19303.96
        7134       1.1849     2.920555  -0.03861729     19304.66
      7134.2     1.177878      2.92475    0.0190486     19305.04
      7134.4     1.170857     2.919954   0.07886408     19306.99
      7134.6     1.163908     2.947692   0.03339036     19309.34
      7134.8     1.156571     2.983646   0.04318035     19310.91
        7135     1.149287     2.951463 -0.003821424     19311.21
      7135.2     1.142222     2.954498   -0.1043578     19311.41
      7135.4     1.134581     2.944634  -0.05953452     19312.04
      7135.6     1.126916      2.90016  -0.06558932     19313.74
      7135.8      1.12014     2.903835  -0.04440106     19314.82
        7136     1.114025     2.902027   0.06495174     19316.07
      7136.2     1.107999     2.909114   0.08741345     19317.58
      7136.4     1.102033     2.952121   0.06386658     19317.79
      7136.6      1.09662     2.973766   0.07050461     19316.89
      7136.8     1.091017      2.95312    0.0557484     19311.99
        7137     1.085947     2.965517   0.02079585     19304.61
      7137.2     1.081605      2.99672   0.05785442     19289.94
      7137.4     1.078234     2.990403   0.06392551     19264.24
      7137.6     1.074436     2.999404  0.008682112     19230.54
      7137.8     1.071234     3.016658  0.005600881     19190.32
        7138     1.067691     3.003665  0.001365966     19147.65
      7138.2     1.064161     2.994883 4.558235e-05     19112.33
      7138.4     1.060748     3.000496  -0.01055583     19091.49
      7138.6      1.05764     3.016694  -0.01674397     19080.32
      7138.8     1.055144     2.995221  -0.02672364     19087.32
        7139     1.051979     2.981488  -0.06791085        19105
      7139.2     1.049354     2.979118  -0.02706199     19129.39
      7139.4     1.047846     2.962365  -0.02299083     19161.36
      7139.6      1.04664     2.973571  -0.08260311     19190.67
      7139.8     1.045812     2.963095  -0.02122132      19217.9
        7140     1.044485     2.913035  -0.01179914     19246.59
      7140.2     1.043521     2.945388  0.009478025     19270.73
      7140.4      1.04251     2.964132   0.05010368     19292.12
      7140.6     1.042025     2.970678 -0.005844097     19302.32
      7140.8     1.041183     2.953118  -0.02898606     19308.41
        7141     1.039888     2.940713    -0.027453     19314.21
      7141.2     1.039285     2.940943   0.02258724     19316.68
      7141.4     1.038925     2.948715   0.02019057     19313.19
      7141.6     1.038178     2.971188    0.0268528     19304.07
      7141.8     1.037682     2.956866   0.03755119     19285.37
        7142     1.037014     2.962425   0.02618757     19257.37
      7142.2     1.036166     2.978756    0.0481104     19220.42
      7142.4     1.035836     2.992138   0.03860985     19177.86
      7142.6     1.035406     2.995354   0.04109607     19137.45
      7142.8     1.034172     2.993313   0.02248517     19103.31
        7143     1.032755     3.011633  -0.00263173     19079.54
      7143.2     1.031826     3.010126  -0.04199257     19072.92
      7143.4      1.03116     2.993248  -0.06616562     19085.54
      7143.6     1.030303     2.959719  -0.03468965      19111.7
      7143.8     1.029283     2.958701  -0.03755687     19149.54
        7144     1.028259     2.982374   0.02320131     19194.09
      7144.2     1.027124     2.963203   0.03249079     19234.73
      7144.4     1.025974      2.97828  -0.03780611     19269.05
      7144.6      1.02435     2.984693  -0.03658808     19293.46
      7144.8     1.023297     2.952129  -0.03728698     19310.01
        7145     1.022471     2.933933  -0.03666372     19321.94
      7145.2     1.021647     2.948451 -0.0002582284     19329.39
      7145.4     1.020845     2.955362   0.01444893     19334.68
      7145.6     1.019339     2.951923   0.02267814      19338.9
      7145.8     1.017629     2.945492    0.0337958     19339.45
        7146     1.015678     2.966593   0.02709895     19341.99
      7146.2     1.013478     2.982399  0.007120446     19344.51
      7146.4     1.011187     2.973602  0.002697639     19348.22
      7146.6     1.009179     2.951188 -0.009169437     19353.05
      7146.8      1.00687     2.968751   0.04377188     19355.25
        7147      1.00448     2.975064    0.0808756     19355.31
      7147.2     1.002618     3.008619   0.06222628     19358.03
      7147.4    0.9998888     3.015889   0.09368921     19359.75
      7147.6    0.9968007     3.018532   0.03598377     19359.86
      7147.8    0.9936148     3.050015   0.01239325     19362.59
        7148     0.990622     3.037406   0.01175906     19363.59
      7148.2    0.9874337     3.025803  -0.05144787     19364.77
      7148.4    0.9844802     3.027939  -0.02149304     19367.14
      7148.6      0.98159     3.008857  -0.02228498     19369.52
      7148.8    0.9777858     3.020212  -0.02656005     19371.62
        7149    0.9744294     3.007975  0.007503737     19373.57
      7149.2    0.9713455     3.006691  0.005242755     19374.75
      7149.4    0.9680773      3.01486   0.06177281      19375.5
      7149.6    0.9655604     3.024406   0.05325531     19375.51
      7149.8    0.9630357     3.057393   0.02749242     19375.67
        7150     0.960181     3.049296   0.02524746     19378.19
      7150.2    0.9572101     3.036854  0.009635582     19379.51
      7150.4    0.9541807     3.044604   0.01273152     19379.29
      7150.6    0.9517134     3.065102   0.02147557     19381.49
      7150.8    0.9493038     3.059481    0.0445741     19383.77
        7151     0.946772     3.054034   0.04026532     19384.64
      7151.2    0.9444778     3.080264    0.1030986     19387.39
      7151.4    0.9424643     3.097314    0.1024411     19390.91
      7151.6     0.940606      3.14196   0.04852298     19391.17
      7151.8    0.9388914     3.135987   0.01757454     19391.34
        7152    0.9372956     3.119082  -0.01670105     19391.22
      7152.2    0.9359129     3.111374  -0.04168503     19391.76
      7152.4    0.9342365     3.128599  -0.04001752     19389.28
      7152.6     0.932823     3.102639   -0.0530121      19391.2
      7152.8    0.9320539     3.087068  -0.05429161     19392.09
        7153     0.931341     3.068964  -0.04091237     19394.66
      7153.2    0.9303818     3.085166  -0.05544985     19395.95
      7153.4    0.9305065     3.069909  -0.02444023     19398.14
      7153.6    0.9307346     3.042708  -0.03125516     19401.37
      7153.8    0.9308917     3.049412  -0.02893208     19400.52
        7154    0.9311767     3.060162   0.04043574     19401.16
      7154.2    0.9314804     3.046763   0.02111206     19401.82
      7154.4    0.9314791     3.075057  0.001180905     19402.43
      7154.6    0.9317522     3.066302   0.06986462        19402
      7154.8    0.9326304     3.061106     0.060102     19401.43
        7155    0.9335613     3.102655   0.07469516      19403.3
      7155.2    0.9343914     3.123138   0.09964573     19405.13
      7155.4    0.9350247     3.126058   0.02442094     19405.94
      7155.6    0.9360626     3.140823 -0.006166032     19407.85
      7155.8    0.9368909     3.122192  -0.01179259     19409.85
        7156    0.9375528     3.118205  -0.08150672      19411.3
      7156.2    0.9384028     3.116624  -0.08998566        19412
      7156.4    0.9391831     3.075617   -0.1047801     19410.18
      7156.6    0.9404601     3.050203   -0.0887428     19411.16
      7156.8    0.9417869     3.034381  -0.04686461     19414.14
        7157    0.9433725     3.045629  -0.03167108     19413.31
      7157.2    0.9450206     3.038126  -0.01926465     19414.61
      7157.4    0.9466452     3.024866  -0.02737629     19416.42
      7157.6    0.9475172      3.01897  -0.01416588     19420.18
      7157.8    0.9480175     3.023728   0.02430601     19418.42
        7158    0.9493385     3.026793   0.05096807     19414.84
      7158.2    0.9503774     3.044311   0.01939639     19416.35
      7158.4    0.9521332     3.059744   0.02427473     19420.12
      7158.6    0.9531593     3.039245   0.05047455     19422.19
      7158.8    0.9543483     3.046213   0.03652794     19421.95
        7159      0.95515     3.084691   0.02537724     19424.07
      7159.2    0.9557966     3.088966   0.04098086     19422.71
      7159.4    0.9562601     3.059547   0.01401602     19421.92
      7159.6    0.9571487     3.078998  -0.01632934     19421.95
      7159.8     0.958225     3.095904   0.01952316     19422.98
        7160    0.9592091     3.075903  -0.01263545     19422.25
      7160.2     0.960016     3.075166   -0.0457856     19423.87
      7160.4    0.9605553     3.068889  -0.03619497     19423.52
      7160.6    0.9617535     3.059275  -0.08468908     19424.94
      7160.8    0.9632779     3.046947  -0.09464248     19426.76
        7161    0.9639432     3.007414  -0.06807047     19427.19
      7161.2    0.9645075     2.993175  -0.06345854     19428.29
      7161.4    0.9648622     3.004819  -0.03216171     19428.09
      7161.6    0.9654369      2.99618  0.001396377     19431.25
      7161.8    0.9660066     2.981685 0.0004314714     19434.65
        7162     0.966107     2.994292    0.0219208     19432.17
      7162.2    0.9667025     3.005164   0.07122169     19430.07
      7162.4    0.9674671     3.013717   0.04843817     19431.87
      7162.6    0.9680231     3.038662   0.02607965     19432.97
      7162.8    0.9682351     3.033043    0.0341918     19431.92
        7163    0.9682377     3.026028  0.008649896     19432.51
      7163.2     0.968964      3.04107   0.01318376     19432.48
      7163.4     0.969808     3.045582   0.01259647     19433.52
      7163.6    0.9705548      3.04359   0.01265136     19435.55
      7163.8    0.9710547     3.036105  -0.01296463     19433.84
        7164     0.971597     3.051191  -0.02212043     19436.57
      7164.2    0.9719161     3.035211 -0.004985451     19440.66
      7164.4    0.9720445     3.025894  -0.04048759      19438.2
      7164.6    0.9721895     3.032116  -0.04380488     19436.56
      7164.8    0.9726656     3.018801  -0.05080133     19437.59
        7165    0.9732233     3.000167  -0.05999823     19437.83
      7165.2    0.9738193     2.985252  -0.01472862     19439.36
      7165.4    0.9750559     2.984118 -0.005428118     19438.61
      7165.6    0.9760943     3.007018  0.009779555     19440.16
      7165.8    0.9765944     2.995824   0.02314468     19441.26
        7166    0.9768608     2.993076 0.0005589508     19441.33
      7166.2    0.9772185     3.002634   0.01281301     19440.93
      7166.4    0.9779658     3.007465   0.04276574     19440.26
      7166.6     0.978575     3.006075   0.03467986     19438.95
      7166.8    0.9792462     3.027289 -0.001038679     19437.15
        7167    0.9803594     3.030377 -0.001215691     19439.15
      7167.2    0.9811996     3.006635  -0.03900735     19441.46
      7167.4    0.9817149     3.005102  -0.02805972      19441.7
      7167.6    0.9823498     2.996083   0.03647899      19440.8
      7167.8    0.9829305      3.00793   0.03824678     19439.37
        7168    0.9834758     3.035818   0.03444999     19440.81
      7168.2    0.9843125       3.0357 -0.002812661     19443.27
      7168.4    0.9854358     3.023643  -0.01946654     19443.47
      7168.6    0.9866005      3.00568  -0.04316576     19443.74
      7168.8    0.9875124     3.020245  -0.03966645     19443.21
        7169    0.9881376     3.001167 -0.002689557     19442.25
      7169.2     0.988606      2.99191 -0.001397041     19444.42
      7169.4    0.9889543     3.003528    -0.028591     19443.13
      7169.6    0.9899662     3.019127  -0.03504764     19443.64
      7169.8    0.9904058     2.978294  -0.05290823     19445.12
        7170     0.991313     2.963872  -0.06653063      19447.6
      7170.2    0.9923596     2.961201 -0.007074839     19449.14
      7170.4    0.9935575     2.965902   0.02309984     19449.64
      7170.6    0.9943135     2.972634   0.02477273     19450.49
      7170.8    0.9951066     2.982351   0.04384756      19448.4
        7171    0.9957089      2.98102   0.05168648     19448.67
      7171.2    0.9961209      3.00098   0.06162216     19450.28
      7171.4    0.9963048     3.013983   0.05535933     19452.05
      7171.6    0.9971784     3.031649 -0.006865627     19453.33
      7171.8    0.9977962     3.025307  -0.02322982     19453.68
        7172    0.9985223     2.995488   -0.0166906     19454.37
      7172.2    0.9995827       2.9954 -0.006031778     19453.31
      7172.4     1.000893     3.018297  0.004529861     19455.76
      7172.6      1.00121     3.020482   -0.0185972     19457.85
      7172.8     1.001044     2.999112  -0.07683935     19457.33
        7173     1.001513     2.980522  -0.09703278     19460.38
      7173.2     1.001873     2.956825  -0.06480761     19461.93
      7173.4     1.002194     2.942855  -0.06790924     19462.35
      7173.6     1.003126     2.947266  -0.07022046     19463.65
      7173.8     1.004075     2.926194  -0.04793384      19464.4
        7174     1.004775     2.900649  -0.03126639     19465.72
      7174.2     1.005056     2.904508   0.01626673     19462.38
      7174.4     1.004856     2.922253   0.03202316     19461.68
      7174.6     1.005615     2.939208   0.02089917        19463
      7174.8      1.00644     2.926267 -3.607163e-05     19463.59
        7175     1.007175     2.921228  -0.02868942     19465.03
      7175.2     1.007531     2.922224  -0.02237469     19467.59
      7175.4     1.007515     2.916256 -0.001941117     19468.09
      7175.6     1.007963     2.908368  0.009587164     19467.13
      7175.8     1.008467     2.919675 -0.004392597     19468.67
        7176     1.008872     2.929893  -0.01288123     19467.67
      7176.2     1.009044     2.912742    0.0156343     19470.19
      7176.4     1.008809     2.898063   0.03960792     19472.24
      7176.6     1.008533     2.932182   0.02075775     19473.12
      7176.8      1.00888      2.96158   0.01785788     19473.86
        7177     1.009036     2.929348  -0.04044977      19471.4
      7177.2     1.008978     2.912349   -0.1246518      19470.9
      7177.4      1.00926     2.899822  -0.07956394     19470.98
      7177.6     1.009461     2.861858  -0.06996516     19473.73
      7177.8     1.009543     2.865697  -0.07674223     19475.49
        7178     1.009141     2.856377     0.008287     19475.75
      7178.2     1.008709     2.838429   0.01782966     19475.48
      7178.4     1.008462     2.868488  0.009032498     19474.38
      7178.6     1.008193     2.879961   0.01126929     19476.21
      7178.8     1.008408     2.863603  -0.04849346     19478.52
        7179     1.008833     2.847444  -0.06418364     19478.15
      7179.2     1.008876     2.829693  -0.03869508     19478.59
      7179.4     1.008678     2.828614   0.01382279     19480.75
      7179.6     1.008501     2.832647   0.05026307     19482.27
      7179.8     1.008323     2.858502   0.05276048     19482.23
        7180     1.008672     2.869904   0.02905059     19482.34
      7180.2     1.009334     2.870822   0.00315166     19482.92
      7180.4     1.009333     2.855887  -0.02751119     19484.63
      7180.6     1.009344     2.861024  -0.01860301     19483.49
      7180.8     1.008909     2.847895   0.01073968     19483.37
        7181      1.00886      2.85594 -0.007665418     19481.55
      7181.2      1.00865     2.864479  -0.00128975     19484.08
      7181.4     1.008875     2.854891  0.004925355     19485.82
      7181.6     1.009146     2.846863  -0.01049233     19484.03
      7181.8     1.009471      2.85988  -0.03708946     19485.27
        7182     1.009293     2.856085  -0.02020244     19487.67
      7182.2     1.009339      2.82522  -0.04730398     19488.39
      7182.4     1.009268     2.830701  -0.05463099     19488.52
      7182.6     1.009364     2.822037  -0.03699548     19489.35
      7182.8     1.009617      2.81238    -0.074132     19490.94
        7183     1.009852     2.795623  -0.04727228     19491.51
      7183.2     1.009904     2.771395   -0.0280335     19491.07
      7183.4     1.009908     2.784219  -0.03827097     19491.47
      7183.6     1.009892     2.789953  -0.04702427     19492.24
      7183.8     1.009762     2.765006  -0.09107086        19494
        7184     1.010239     2.733776  -0.08152964     19497.05
      7184.2     1.011121     2.711363  -0.04019851     19496.97
      7184.4     1.011783      2.72473  -0.03015405        19495
      7184.6     1.012371     2.732848  -0.01894175     19496.75
      7184.8     1.012293     2.709653   0.02152819     19500.47
        7185     1.012087     2.696209   0.09041814     19503.07
      7185.2     1.012068     2.741952    0.1306575     19501.76
      7185.4     1.012195     2.805182    0.1296136     19501.29
      7185.6     1.012194     2.814179    0.1719585     19505.23
      7185.8     1.012531       2.7999    0.1626981     19506.04
        7186     1.012876     2.879519    0.2466023     19507.12
      7186.2     1.013456     2.935341     0.343782     19504.41
      7186.4     1.013787     3.011461     0.343644     19505.66
      7186.6     1.014059     3.074926    0.2657661     19506.52
      7186.8     1.014788     3.154434    0.1229766     19508.62
        7187     1.014851     3.147954   0.02403994     19507.94
      7187.2     1.014674     3.109842   -0.1094173     19508.04
      7187.4     1.014583     3.094158   -0.1235313      19508.7
      7187.6     1.014265       3.0669   -0.1107849     19506.83
      7187.8     1.014295     3.049129   -0.1297478     19507.78
        7188      1.01422     3.021214   -0.1024558     19510.11
      7188.2     1.014081     2.990359  -0.07953729     19511.27
      7188.4     1.014326     2.984936  -0.06178779     19511.49
      7188.6     1.014305     2.985499  -0.03947616     19512.64
      7188.8     1.013912     2.971784  -0.02962802     19515.88
        7189     1.013441     2.958779  -0.04394165     19516.48
      7189.2     1.012899     2.961233  -0.06072127     19515.87
      7189.4     1.012731     2.950345   -0.0476324     19517.21
      7189.6     1.012856     2.923207  -0.02807454     19517.45
      7189.8     1.013003     2.920673  -0.03037159     19519.04
        7190     1.013506     2.938774  0.004099939     19520.62
      7190.2     1.013738     2.926048   0.01347706      19521.6
      7190.4     1.013872     2.926487   0.02600722     19521.41
      7190.6     1.013215     2.931454   0.06380548     19521.23
      7190.8     1.013043     2.959579    0.0597952     19522.76
        7191     1.012867     2.977093   0.06251221     19522.81
      7191.2     1.013027     2.974323   0.03770076     19524.09
      7191.4     1.013249     2.981464   0.02126813     19524.02
      7191.6     1.012993      2.98974   0.01833029     19526.74
      7191.8     1.012482     2.994107  0.009469927     19526.44
        7192     1.012654     2.988987  0.004644241     19525.52
      7192.2     1.012863      2.98904  -0.01581058     19528.47
      7192.4     1.012746     2.993455 -0.007901144     19529.82
      7192.6     1.012665     2.981459    0.0290926     19530.81
      7192.8     1.012924     2.982666   0.03524554     19533.78
        7193     1.013006     3.012314  0.004653878     19534.92
      7193.2     1.012871     3.021652  0.004900763      19534.9
      7193.4     1.012827     2.985182  0.002621272     19535.31
      7193.6     1.012637     2.986587  -0.05101613     19535.58
      7193.8     1.012425     3.014411  0.006774823     19535.01
        7194     1.012438     2.980839   0.06442142     19534.49
      7194.2     1.012777     2.990602 -0.002732194     19535.48
      7194.4     1.013145     3.038124    0.0141884      19536.6
      7194.6     1.013411     3.012225 -0.009487471     19540.12
      7194.8     1.014328      2.99219 -0.004894395     19540.88
        7195     1.014664     2.983012   0.05067802     19541.92
      7195.2     1.014224     3.034208   0.07481981      19542.4
      7195.4     1.013703     3.052768   0.07377973     19543.82
      7195.6     1.013719     3.052046 -0.001638589     19544.09
      7195.8      1.01371     3.042035  -0.08414647     19546.53
        7196     1.013799     3.032897   -0.1007269      19548.3
      7196.2     1.014185     2.985451  -0.05083335     19545.92
      7196.4      1.01473     2.971464  -0.04971376     19545.94
      7196.6     1.014976     3.001369  0.007041951     19547.45
      7196.8     1.015501     2.993126   0.06513889     19547.83
        7197     1.015717     2.991084   0.02048182     19548.78
      7197.2     1.015795     3.023575  0.005339101     19551.59
      7197.4      1.01619     3.017754  0.004018175      19552.4
      7197.6     1.016234     2.997398  -0.03341408     19553.12
      7197.8     1.016161     2.994299  -0.02682075     19554.37
        7198     1.016497     2.996844 -0.006923626      19556.1
      7198.2     1.016543     2.996298   0.01097382     19556.89
      7198.4     1.016603     2.991859   0.01327159     19556.14
      7198.6     1.017241     3.003078  0.007219538     19557.08
      7198.8     1.017312     3.007461  0.002006984     19555.94
        7199     1.016943     3.002073  -0.02262612     19555.89
      7199.2      1.01686     2.993464  -0.02645735      19558.4
      7199.4     1.016659     2.984977  -0.03302661     19560.55
      7199.6     1.016613     2.986295  -0.06210288     19561.31
      7199.8     1.016711     2.975652  -0.04183764     19562.06
        7200     1.017394     2.943782  -0.05059934     19563.36
      7200.2     1.017649     2.951507  -0.08314256     19563.68
      7200.4      1.01762     2.945816  -0.05533581     19562.77
      7200.6     1.017598     2.909138  -0.08306835     19562.81
      7200.8     1.017688     2.899513  -0.07091301     19564.79
        7201     1.017465     2.885052  -0.03254402     19563.98
      7201.2     1.017359     2.889085   -0.0252398     19564.59
      7201.4     1.017477     2.883103   -0.0357913     19563.53
      7201.6     1.017843     2.879322  -0.03863296     19563.23
      7201.8     1.018147     2.856419   -0.0117886     19564.84
        7202     1.018407     2.858179  -0.02147053     19567.08
      7202.2     1.018238     2.873672 -0.009462669     19568.31
      7202.4     1.017851     2.862145  -0.01335815     19568.61
      7202.6     1.017642     2.848849  -0.03734443     19569.28
      7202.8     1.017621     2.847493  -0.06253852     19569.71
        7203     1.017909     2.843796  -0.06728183     19570.09
      7203.2     1.018204     2.812114  -0.06170094     19571.01
      7203.4     1.018448     2.795023  -0.06839285     19572.48
      7203.6     1.018446     2.798132  -0.04529765     19573.41
      7203.8     1.018946     2.789082  -0.04652086     19574.15
        7204     1.018857     2.775876  -0.04426493     19573.61
      7204.2     1.018496     2.757807  -0.04615771     19575.98
      7204.4     1.018399      2.76272 -0.001914838     19577.98
      7204.6     1.017928     2.752156   0.03328749     19577.18
      7204.8     1.018052     2.774344   0.02087594     19579.17
        7205     1.018135     2.784437  0.007919945     19579.53
      7205.2     1.018366     2.779421   -0.0132146     19580.65
      7205.4     1.018546     2.758492 -0.003827756     19582.71
      7205.6     1.018733     2.763773   0.03159543     19581.77
      7205.8     1.018956     2.781374   0.05978321     19581.22
        7206     1.019452     2.804697    0.0223858     19583.03
      7206.2     1.019551     2.806318  -0.00147948     19583.74
      7206.4     1.019276     2.781681  -0.01467184     19584.32
      7206.6     1.019087     2.780191    -0.013103     19586.64
      7206.8     1.019041     2.792959   0.02205589     19588.34
        7207     1.018833     2.795836   0.02606558     19588.96
      7207.2     1.018711     2.799326   0.01827619     19590.09
      7207.4      1.01845     2.801043   0.02936419     19590.09
      7207.6     1.018097      2.80758   0.02796088     19588.37
      7207.8     1.018667     2.819327   0.01087772     19589.02
        7208     1.018504     2.821695 -0.007505928     19591.72
      7208.2      1.01927     2.809746  -0.03163713      19593.1
      7208.4     1.019268     2.801576  -0.03802963     19595.87
      7208.6     1.019249     2.794017  0.001527341      19595.9
      7208.8     1.019263     2.791271   0.05224386     19596.87
        7209     1.019223     2.810967   0.02977594     19597.15
      7209.2     1.019293     2.843371 -0.001087561     19598.17
      7209.4     1.018856     2.817838  -0.04447445     19597.11
      7209.6     1.018616     2.790401   -0.0712164     19598.41
      7209.8     1.018786     2.775388  -0.02025032     19599.88
        7210     1.018658     2.786398   0.01582753      19596.8
      7210.2     1.018558     2.801638   0.05576048     19595.62
      7210.4     1.018657     2.803063   0.04876784        19597
      7210.6     1.018448     2.819996   0.03965022     19597.08
      7210.8     1.018247     2.825412   0.05871618     19599.11
        7211     1.018419     2.833358   0.02793716     19601.79
      7211.2     1.018503     2.850036  0.009857488     19602.26
      7211.4     1.018127     2.842346  -0.01929754     19603.03
      7211.6     1.017759     2.833298  -0.03261482     19603.67
      7211.8     1.017579      2.81792   0.02771723     19603.44
        7212     1.017073     2.823944    0.0662071     19602.92
      7212.2     1.016826      2.86452    0.1071886     19602.27
      7212.4     1.016991     2.886264    0.1296775     19603.05
      7212.6     1.017127     2.903671   0.06899137     19604.44
      7212.8     1.016895     2.927686   0.02731515     19607.74
        7213     1.016597     2.919713   0.02120934      19610.8
      7213.2     1.016057     2.908116  -0.01910015     19612.96
      7213.4     1.015515     2.920638   0.03290026     19613.03
      7213.6     1.015131     2.912406   0.05253542     19614.95
      7213.8     1.015029     2.946033   0.04496895     19615.23
        7214     1.014591     2.950144   0.07666904     19615.15
      7214.2     1.014408     2.956614   0.07929913     19615.81
      7214.4      1.01434     2.973741   0.07758016     19615.32
      7214.6     1.014209     3.009472   0.04918958     19616.31
      7214.8     1.013972     3.012208   0.05574211     19617.58
        7215     1.013804     2.995965   0.03991622     19618.21
      7215.2     1.013372     3.018335   0.06804265     19618.82
      7215.4     1.012764     3.041405    0.1000429     19618.54
      7215.6     1.012046     3.066642   0.03347868      19620.1
      7215.8      1.01158        3.076  0.003861795     19621.76
        7216     1.012017     3.045118   -0.0310533     19620.12
      7216.2     1.011686     3.044495  -0.02543476     19620.14
      7216.4     1.011315       3.0418   -0.0220559     19620.65
      7216.6     1.011117     3.055652 -0.007291269     19620.62
      7216.8       1.0108     3.027473  -0.01083691     19619.62
        7217     1.010276     3.038662  -0.02026151     19619.22
      7217.2     1.009818      3.03313 -0.006163738     19619.73
      7217.4      1.00982     3.039443  -0.01030922     19622.81
      7217.6     1.009852     3.022542   0.02998172     19624.83
      7217.8     1.010187     3.030414   0.03397806     19625.38
        7218     1.009973     3.057116   0.07462251      19628.5
      7218.2     1.009892     3.066625   0.07229331     19631.67
      7218.4     1.009761      3.08224   0.03440892     19631.84
      7218.6     1.009164     3.088249   0.02420216      19632.8
      7218.8     1.008763     3.084643   0.04804434     19632.51
        7219     1.008277     3.085987    0.1010316     19631.83
      7219.2     1.007829     3.120676   0.09590733     19631.22
      7219.4     1.007867     3.169074   0.06482211     19629.97
      7219.6      1.00776     3.161369   0.03344223     19629.46
      7219.8     1.007481     3.137844  -0.03164125     19629.94
        7220      1.00749     3.147429  -0.03340381     19632.48
      7220.2     1.007574     3.143761  0.009068221     19633.61
      7220.4     1.007545     3.134645  -0.02535179     19634.25
      7220.6     1.007531     3.145099  -0.02945093     19635.94
      7220.8     1.007263     3.127148   0.01468632      19636.4
        7221     1.006899     3.120201   0.01409957     19636.51
      7221.2     1.006547     3.146395     0.022271     19635.66
      7221.4     1.006982     3.156379   0.01182512     19636.25
      7221.6     1.006877     3.144965  -0.03869793     19640.16
      7221.8     1.006907     3.129661  -0.08027735     19643.77
        7222     1.006574     3.115436  -0.07744981     19642.84
      7222.2     1.006229     3.092157  -0.06473597     19641.96
      7222.4     1.005658     3.083005   -0.0360742     19643.05
      7222.6     1.004841     3.077872 -0.008940961     19642.97
      7222.8     1.004847     3.086577   0.01664471     19642.55
        7223     1.004928     3.085004   0.04716055     19643.57
      7223.2     1.004788     3.096321   0.01403713     19645.16
      7223.4     1.004659       3.1156  0.005960615     19645.32
      7223.6     1.004117     3.097807  -0.02547459     19644.53
      7223.8     1.003908     3.089773  -0.06601061     19644.98
        7224     1.003987     3.075941  -0.01947343     19646.51
      7224.2     1.003548     3.062792  -0.03482873      19648.5
      7224.4     1.002988     3.082228 -0.006240925     19648.82
      7224.6     1.003047      3.06191   0.02862078     19649.36
      7224.8     1.003389     3.070948  0.006817138      19652.2
        7225     1.003056     3.085688 -0.008850167     19650.68
      7225.2     1.002777     3.087681  -0.04714282     19650.12
      7225.4     1.002483     3.054829   -0.0794936     19652.68
      7225.6      1.00194     3.033234  -0.09789573     19651.67
      7225.8      1.00145     3.022094  -0.02017159     19651.81
        7226     1.001286     3.009365   0.01571796     19651.77
      7226.2     1.001161     3.038692 -0.006806206        19653
      7226.4     1.001245     3.045808  -0.02439934     19654.53
      7226.6     1.001119     3.016649  -0.08226026     19655.21
      7226.8      1.00076     2.989845   -0.1063832     19654.86
        7227     1.000687     2.972884  -0.07366311     19655.22
      7227.2     1.000473     2.960702  -0.01116762     19657.06
      7227.4     1.000012     2.957718   0.02073994     19659.45
      7227.6     1.000062     2.980911  0.006246153     19660.83
      7227.8     1.000251     2.989476   0.03246218     19662.05
        7228     1.000007     2.965699   0.01807777     19666.62
      7228.2    0.9998439     2.983688  -0.03202631     19668.01
      7228.4    0.9996307     2.995374   -0.0468064        19666
      7228.6    0.9993894     2.963855  -0.07748187     19666.53
      7228.8    0.9986631     2.928254  -0.07944944     19665.26
        7229    0.9977159     2.921702  -0.05721609     19665.55
      7229.2    0.9969968     2.931814  -0.01092905     19666.42
      7229.4     0.997022     2.918082  -0.01503093     19667.08
      7229.6     0.997158      2.91951  -0.04207251     19668.94
      7229.8    0.9969482     2.909678  -0.04986925      19670.1
        7230    0.9965647     2.898156  -0.04570373     19671.24
      7230.2    0.9960778     2.878187  -0.02177703      19673.1
      7230.4    0.9959855     2.882947  -0.00502555     19675.35
      7230.6    0.9959616     2.892256 -0.005648078     19675.34
      7230.8    0.9958895     2.894136  -0.03672786     19675.99
        7231    0.9957367     2.873668  -0.04225214     19675.88
      7231.2     0.995319     2.853565  -0.05318934     19672.67
      7231.4     0.994807     2.858454 -0.006324118     19671.04
      7231.6    0.9942262     2.851584   0.02876506     19671.59
      7231.8    0.9939979     2.868609   0.03243838     19673.21
        7232     0.993839     2.876577   0.03653143     19672.83
      7232.2    0.9934399     2.884405 -0.007537566     19672.83
      7232.4    0.9934161     2.880809  -0.04573459     19674.34
      7232.6    0.9934583     2.862579  -0.05579432     19675.14
      7232.8    0.9930175      2.83999  -0.05254179     19674.39
        7233    0.9928488      2.83977  -0.04696294     19675.43
      7233.2    0.9928009     2.838776  -0.05884592     19677.74
      7233.4    0.9928079     2.825008  -0.05069077     19678.95
      7233.6    0.9929339     2.792913  -0.05252915     19679.76
      7233.8    0.9935538     2.799217  -0.05406389      19679.8
        7234    0.9933264     2.796752  -0.04370368     19680.96
      7234.2    0.9928243     2.781757  -0.07745151     19681.74
      7234.4    0.9923962      2.75795  -0.07005754     19680.51
      7234.6    0.9920461     2.737256  -0.04105706     19680.05
      7234.8    0.9919931     2.740706 -0.0009580742     19678.99
        7235    0.9919973     2.748912    0.0266281      19679.2
      7235.2    0.9920514     2.757183   0.01839687     19682.15
      7235.4    0.9917584     2.758558  0.009272138      19683.4
      7235.6    0.9912456     2.755424 -0.009837121     19684.41
      7235.8    0.9907701     2.756329  0.006875044     19682.99
        7236    0.9906809     2.749314  -0.01077125        19686
      7236.2    0.9908638     2.764058 -0.005156362     19684.49
      7236.4    0.9909377     2.746807   0.02522025     19683.99
      7236.6     0.991214     2.752204  -0.02989414     19686.82
      7236.8    0.9908402      2.76949  -0.01931781     19686.02
        7237    0.9911634     2.740143  -0.01051694     19687.76
      7237.2    0.9914644     2.731353  -0.02352406     19689.87
      7237.4     0.991816     2.743791   0.01032375     19688.85
      7237.6    0.9916414     2.750671  0.008818246     19688.23
      7237.8    0.9912904     2.748402  -0.01697754     19690.51
        7238    0.9911278     2.738407  -0.03558046     19692.09
      7238.2    0.9907588     2.730209  -0.03190745     19692.92
      7238.4    0.9903799     2.722206   0.00865271     19696.89
      7238.6    0.9901861     2.722876   0.02149596     19699.59
      7238.8    0.9900179     2.745329 -0.007066138     19698.02
        7239    0.9901519     2.747405 -0.008948054     19697.58
      7239.2    0.9905908     2.716553  -0.01947407     19697.86
      7239.4    0.9906989     2.715718  -0.02680489      19696.8
      7239.6    0.9905088      2.72975   0.01136089     19694.24
      7239.8    0.9904963     2.725962  0.008446785      19694.2
        7240    0.9910426     2.725642  -0.02402799     19695.37
      7240.2     0.991396     2.722475  -0.01874507     19697.67
      7240.4    0.9916381     2.710528  -0.02141365     19701.71
      7240.6     0.991837     2.710965  -0.01116061     19701.07
      7240.8    0.9917925     2.708511   0.01344882     19700.65
        7241    0.9920254     2.713546   0.01656142     19702.29
      7241.2    0.9921572     2.721287   0.01628248     19704.43
      7241.4    0.9921016     2.724215   0.02762655      19704.6
      7241.6    0.9921565     2.721537   0.03778176     19704.18
      7241.8    0.9923583     2.735648   0.03690815     19705.04
        7242    0.9921872     2.751512   0.04140725     19704.94
      7242.2    0.9921843     2.753741   0.01968513     19705.13
      7242.4    0.9926241     2.754663   0.01691861     19706.77
      7242.6    0.9926212     2.751396    0.0195238     19707.23
      7242.8    0.9927638     2.765047  0.007021221     19707.33
        7243    0.9928714      2.76936  0.009951794     19706.88
      7243.2    0.9929503      2.76028  -0.02356684     19708.36
      7243.4    0.9929104     2.759357  -0.04416483      19709.7
      7243.6    0.9934331     2.746194  -0.02514571     19711.17
      7243.8     0.993929     2.734028 -0.009991212     19711.77
        7244    0.9945639     2.740163 -0.001858347     19712.47
      7244.2    0.9948427     2.751364  0.003061412     19713.58
      7244.4    0.9949469     2.744707    -0.016044     19715.07
      7244.6    0.9948768     2.736477  -0.02528672     19714.48
      7244.8    0.9952721     2.727328 -0.006787443     19714.19
        7245    0.9956259     2.731135   0.01774307      19713.6
      7245.2    0.9957676     2.739277    0.0365932     19714.58
      7245.4    0.9957611     2.750672   0.02905407     19715.05
      7245.6    0.9957174     2.756603    0.0230906     19714.77
      7245.8    0.9960832     2.754378  0.008532797     19716.56
        7246    0.9966735      2.75775   0.02554633     19717.79
      7246.2    0.9971235     2.757498   0.04812339     19719.69
      7246.4    0.9971484      2.77704   0.04130947     19720.79
      7246.6    0.9970576     2.792877   0.04391317     19720.36
      7246.8    0.9972093     2.790797   0.02567769     19723.64
        7247    0.9973579     2.792629   0.01705503     19724.13
      7247.2    0.9976428     2.797582   0.01050283     19723.78
      7247.4     0.998153     2.806521  0.003246075     19724.51
      7247.6    0.9984565     2.799199  0.004920461     19727.03
      7247.8    0.9983593     2.795226  -0.01997058     19727.64
        7248    0.9987137     2.801518  -0.04122307     19725.04
      7248.2    0.9993246     2.790544  -0.06272355     19725.94
      7248.4    0.9995348     2.766221  -0.05771411     19727.48
      7248.6    0.9996786     2.745047  -0.01658998        19727
      7248.8    0.9993905     2.755347   0.01514728      19729.4
        7249     0.999334     2.777272   0.04448977     19729.89
      7249.2    0.9998653     2.778339   0.02900464     19727.95
      7249.4    0.9998489     2.780638  -0.02291335     19729.22
      7249.6    0.9998153     2.778551  -0.02948046     19729.67
      7249.8     1.000043     2.758942  -0.01361723     19730.24
        7250     1.000159     2.754754  -0.01731865     19731.59
        7252     1.002852     2.774071 0.0007081413     19740.52
        7254      1.00538     2.772055   0.01850754     19748.65
        7256      1.00858     2.778089   0.00750027     19756.91
        7258     1.011596     2.896463  -0.01267361     19762.41
        7260     1.013034     2.834073 -0.002255819     19766.65
        7262      1.01498     2.670666  -0.01255569     19776.22
        7264     1.016583     2.760042  -0.00723908     19781.82
        7266     1.017301     2.796018   0.01683966     19791.04
        7268      1.01836     2.776161  0.005677011     19798.59
        7270     1.018976     2.805384  0.002974067     19805.29
        7272     1.019255     2.805458  0.003595939     19814.24
        7274     1.018504      2.81981  0.004664734     19819.99
        7276     1.018279     2.804928    0.0155942     19827.15
        7278     1.018289     2.842702   0.01418272     19831.27
        7280     1.016997     2.930212   0.00946501      19837.8
        7282      1.01555     2.933272  0.007611643      19845.8
        7284     1.013683     2.880648 -0.003080534     19852.94
        7286     1.012189     2.903595 -0.005616763     19857.04
        7288     1.010973     2.905568  0.001799942     19866.58
        7290     1.008872     2.888338 -0.006940672     19876.44
        7292     1.007548     2.895048  -0.01464365     19880.18
        7294     1.005468     2.848069  -0.01629743     19887.16
        7296     1.005688     2.788418  -0.01934839     19893.69
        7298      1.00445     2.757958  -0.01649763     19898.43
        7300     1.004106     2.740261  -0.01513024      19906.9
        7302     1.003803     2.716088  -0.01123543     19909.41
        7304     1.003352     2.667377  -0.01145897     19920.22
        7306     1.003079     2.668075  -0.01113945     19925.41
        7308     1.003377     2.648589 -0.001385327     19927.79
        7310     1.003242     2.626973 -0.002941482     19934.85
        7312     1.002442     2.656294 -0.001889081     19940.93
        7314     1.002394     2.644543  0.001911944     19946.65
        7316     1.001767     2.633476 -0.0001243526     19953.93
        7318     1.002253     2.642268 -0.001573809     19961.22
        7320     1.002165     2.655299  0.003343437     19965.07
        7322     1.001804     2.631952  0.001039031     19970.76
        7324      1.00187     2.660224 -0.002950382     19979.37
        7326     1.001596      2.65058 -0.001623103     19987.85
        7328     1.001283     2.631696 -0.004483787     19992.85
        7330     1.001896     2.618968 -0.004763787     20000.39
        7332     1.001452     2.624354 -0.006499344     20004.61
        7334     1.000822      2.61247 -0.004211281     20006.66
        7336     1.000533     2.579701 -0.008755066     20018.11
        7338     1.000552     2.585277 -0.008841429     20026.67
        7340     1.000074     2.554313   0.01281547        20030
        7342    0.9996761     2.541739   0.01373921     20036.08
        7344     1.001304     2.682225   0.01071691     20044.54
        7346     1.000897     2.695191   0.01493179     20049.06
        7348     1.000511     2.640048 -0.0007284577     20053.04
        7350     1.000413     2.661193 -0.000678082     20059.43
        7352     1.000444     2.676397  0.009297762     20065.95
        7354     1.000808     2.689766  0.006476023     20076.03
        7356     1.000613      2.71443  0.005396322     20079.74
        7358     1.000686     2.713001  0.005119887     20087.05
        7360     1.000873     2.719568 -0.002236827     20093.24
        7362     1.000555     2.730726 -0.005655501     20100.55
        7364     1.000166     2.696536 -0.004445611     20105.69
        7366     1.000565     2.667757 -0.004311376     20111.61
        7368     1.000849     2.684003 -0.0005980828     20118.73
        7370     1.001111     2.696235  0.001335604     20122.34
        7372     1.000988     2.691751 -0.007399426     20128.53
        7374     1.000121     2.678442  -0.01142248     20134.93
        7376     0.999644     2.624808  -0.01344719     20134.47
        7378    0.9993112     2.604855  -0.01834964     20141.79
        7380    0.9997688     2.584174  -0.01261499     20149.58
        7382    0.9997283     2.531645  -0.01300864     20157.06
        7384    0.9994587     2.523888  -0.01077347     20162.67
        7386    0.9989551     2.500786 -0.003710181        20167
        7388    0.9989089     2.497986 -0.002509183     20172.32
        7390    0.9992094     2.501964  -0.00105987     20179.91
        7392    0.9990407     2.503814 0.0007661905     20185.86
        7394    0.9989925     2.492307 -0.0001942734      20190.1
        7396    0.9984517     2.504115 5.242551e-05     20195.83
        7398    0.9980692     2.500409  0.002263403      20205.2
        7400    0.9984116     2.504234 -0.0002788335     20213.12
        7402    0.9983705     2.510414 0.0005642668     20218.21
        7404    0.9982371     2.501885 -0.0007354353     20223.57
        7406    0.9979912     2.504923 -0.002025868     20227.52
        7408    0.9975035      2.49835 -0.0003276339     20234.73
        7410    0.9972497     2.494207 -0.002610282        20242
        7412    0.9967082     2.499264 -0.002455386     20246.43
        7414    0.9970559     2.484041 -0.0002985125     20251.66
        7416    0.9971581     2.478707 -0.003808987     20258.78
        7418     0.996925     2.491819 -0.002246266      20264.1
        7420    0.9970674     2.468792 -0.0004990496     20269.66
        7422    0.9969563     2.466071 -0.004604636     20269.76
        7424    0.9966207     2.474715 -0.002208516      20276.3
        7426    0.9967985     2.454982 0.0008046834     20282.71
        7428    0.9967456     2.451124  0.001211933     20290.53
        7430     0.995746     2.472509 -0.0008832788     20293.24
        7432    0.9961234      2.48441  -0.00782491      20301.4
        7434    0.9954954     2.447915 -0.005704714      20307.6
        7436    0.9946997     2.388524  -0.00376398     20311.03
        7438    0.9946483     2.426871 5.490496e-05     20319.07
        7440    0.9951102     2.454298  0.007562199     20324.03
        7442      0.99516     2.448355  0.004479945     20328.59
        7444    0.9946789     2.449022  0.001591115     20335.69
        7446    0.9946936      2.46271  0.003279123     20342.37
        7448    0.9944317     2.467027   0.00296524     20346.84
        7450    0.9945373     2.474588  0.002120421     20348.31
        7452     0.994891     2.472744   0.00396002     20359.32
        7454     0.995309     2.479674  0.003430917      20363.5
        7456    0.9947059     2.498707 0.0007495108     20366.76
        7458     0.994814     2.502035 -0.001252064     20371.09
        7460    0.9943883      2.47874 -0.004530129     20375.79
        7462      0.99461     2.469657 -0.006998546     20383.32
        7464    0.9947383     2.462466 -0.004798506     20392.41
        7466    0.9944598     2.446047 -0.003421962     20393.65
        7468    0.9950233     2.440352 -0.005797575     20399.73
        7470    0.9943716     2.442282 -0.004671718     20406.22
        7472    0.9943856     2.416086 -0.004925835      20412.8
        7474    0.9944034     2.408673 -0.006283139     20418.47
        7476    0.9945298     2.400945 -0.004297537      20423.4
        7478     0.994453     2.392016 -0.003689969      20428.7
        7480    0.9948824     2.381706 -0.005372476     20437.39
        7482    0.9949669     2.379153 -0.004445441     20440.55
        7484    0.9948847     2.357965  -0.00463868     20443.96
        7486    0.9946776     2.356453 -0.004150207     20448.93
        7488    0.9948217     2.344596  -0.00166287     20457.38
        7490    0.9945971     2.345952 -0.003406316     20461.81
        7492    0.9945163     2.344662 -0.002801127      20464.8
        7494    0.9946835     2.329202 -0.003908678      20471.1
        7496    0.9950003     2.322187 -0.003750088     20476.94
        7498    0.9951627     2.314682 -0.001852908      20482.7
        7500    0.9942634     2.314662 -0.0001088613     20486.54
        7502    0.9943915     2.314379 0.0006425319     20490.01
        7504    0.9952954     2.321316 -0.0003095536     20498.21
        7506    0.9945054     2.319822  0.001042877     20500.51
        7508    0.9949418     2.312185 0.0006589659     20505.84
        7510    0.9948478     2.322722 -0.0006898372     20509.92
        7512    0.9947969     2.326588 -0.0003327825     20513.28
        7514     0.994689     2.314304 -0.002394505     20517.81
        7516     0.993957     2.309523 -0.004778237     20518.55
        7518    0.9943746     2.303566 -0.003189466     20510.39
        7520    0.9947861     2.288362 -0.001927965     20495.18
        7522    0.9946303     2.288788 -0.001393003     20492.09
        7524    0.9954175     2.294099 -0.002592474     20413.06
        7526    0.9967784     2.292422 -0.002560925     20167.69
        7528    0.9931139     2.267622 -0.002640498      20263.5
        7530    0.9948864     2.268301  0.005237067     20222.15
        7532    0.9942164     2.272975  0.004306929     20356.63
        7534    0.9951875     2.334319  0.001341907     20557.15
        7536     0.995119     2.302078  0.001129756     20545.35
        7538    0.9948015     2.279036 -0.007388038     20551.02
        7540    0.9946948     2.282013 -0.002457919     20569.48
        7542    0.9953835     2.275214 -0.001002655     20589.83
        7544    0.9953883     2.282414 -0.002056629     20594.58
        7546    0.9953334     2.271015 -0.0001225918     20597.74
        7548    0.9952707      2.26556 -0.002292888     20602.32
        7550    0.9948862     2.274234 -0.001618742     20608.54
        7552    0.9949026     2.264071 -0.001385987     20610.42
        7554    0.9948897     2.258065 -0.003343634     20616.26
        7556    0.9948854     2.254472 -0.002970404     20626.35
        7558    0.9949898     2.247485 -0.0002249913     20632.45
        7560      0.99547     2.240308 -0.0002207222     20637.58
        7562    0.9953959     2.256265 -0.0002569463     20641.33
        7564     0.995444     2.252707 3.380731e-05     20645.65
        7566    0.9954482     2.245429 -0.001425975     20648.33
        7568    0.9956456     2.240578 -0.001449458     20651.44
        7570    0.9951562     2.244857 -0.001694945     20657.79
        7572    0.9945272     2.241111 -0.002089225     20661.27
        7574    0.9947961     2.231869 -0.003609203     20667.17
        7576    0.9953301     2.223865 -0.003229095     20673.53
        7578     0.995218     2.215983 -0.002979147     20677.55
        7580    0.9953198     2.215278 -0.004554648      20679.8
        7582    0.9950641     2.208036 -0.003217221     20682.53
        7584    0.9953956     2.187427 -0.002452274      20687.8
        7586    0.9957489     2.190245 -0.002503468     20690.34
        7588    0.9958031      2.19566  -0.00140298     20692.44
        7590    0.9958082     2.188008 -0.001377613     20693.99
        7592    0.9961229     2.176204 -0.001153213     20700.85
        7594     0.996179     2.179225 -0.001313073     20700.84
        7596    0.9963491     2.186434 -0.0004786855     20707.08
        7598    0.9960349     2.177504 -0.001508859     20708.76
        7600    0.9964878     2.172374 -0.003330976     20712.95
        7602     0.996691     2.167154 -0.001877317     20716.36
        7604     0.996198     2.159787 -0.001437314     20718.24
        7606    0.9962097     2.162485 -0.002233246     20722.57
        7608    0.9965395     2.160876 -0.001236685     20732.13
        7610    0.9968927     2.149288  -0.00241776     20732.24
        7612    0.9967753     2.149893 -0.002738873     20734.98
        7614    0.9966301     2.143143 -0.001285548     20739.62
        7616    0.9966397     2.138965 -0.001881844     20742.64
        7618    0.9966492     2.139003 -0.001370971     20747.96
        7620    0.9967912     2.134838 -0.0004953694     20754.31
        7622    0.9968601     2.132175  -0.00108966      20755.6
        7624    0.9966689     2.135002 -0.001535771     20758.08
        7626      0.99718     2.130286 -0.000465504     20763.18
        7628    0.9969303     2.122552 -0.001879702     20767.96
        7630    0.9969757     2.128451 -0.0008576513     20773.12
        7632    0.9971657     2.119964 0.0008379801      20775.2
        7634    0.9968524     2.123425 -0.001759121     20779.96
        7636    0.9968587     2.129256  -0.00335773     20782.88
        7638    0.9970222     2.114378 -0.004905462     20785.98
        7640    0.9964085     2.093102 -0.005391722     20789.99
        7642    0.9962011     2.084181 -0.003725037      20796.7
        7644    0.9962749     2.086122 -0.001055261     20800.08
        7646    0.9961919     2.084578 -0.001123945     20805.42
        7648    0.9964136      2.08466 -0.001980072     20810.82
        7650      0.99625      2.07519 -0.002303538     20813.28
        7652    0.9962208     2.070282 -0.001892528     20816.48
        7654    0.9967165      2.06615 -0.001640673     20821.29
        7656    0.9972352      2.06952 -0.001533852     20826.46
        7658     0.997008     2.062064 -0.0001456614     20832.08
        7660    0.9970924     2.058011 0.0001871496     20835.55
        7662    0.9971196     2.064985  0.001475403     20839.72
        7664    0.9968463     2.071017  0.002010091     20847.28
        7666    0.9974446     2.073867 0.0003925898     20847.84
        7668    0.9970295     2.074092 -0.001867196     20848.95
        7670    0.9970294     2.068125 -0.001996171     20851.88
        7672    0.9971291      2.05608 -0.002273972     20855.26
        7674    0.9977677     2.057898 -0.001443887     20861.65
        7676     0.997549       2.0559 -0.001260017     20867.86
        7678    0.9974889     2.056574 -0.001282961     20869.01
        7680    0.9978999     2.045999 -0.001230561     20875.57
        7682    0.9974727     2.047634 -0.001896551     20879.59
        7684    0.9976427     2.046055 -0.001151714      20883.3
        7686    0.9975987     2.041402 -0.001733903     20884.97
        7688    0.9976273     2.036786 -0.0009587288     20888.41
        7690    0.9980514     2.033763 -0.001244353     20892.27
        7692    0.9983189     2.038385 -0.001739908     20896.54
        7694    0.9986742     2.031447 -0.001873494     20898.27
        7696    0.9988256     2.022866 -0.002962191     20905.47
        7698    0.9985582     2.018775 -0.002208425     20907.23
        7700    0.9987265     2.014688  -0.00202645     20913.09
        7702    0.9985854      2.01378 -0.001697454     20918.25
        7704     0.998526     2.006655 -0.001832378     20917.11
        7706    0.9987798     2.005196 -0.001458968     20921.28
        7708    0.9991076     2.000029 -0.0002743007     20926.99
        7710    0.9995915     2.002108 -0.0008740566     20931.11
        7712    0.9999196      2.00446 -0.0007287075     20938.59
        7714    0.9996258     1.998203 -0.001314808     20942.36
        7716     1.000076     1.994199 -0.001630506      20945.9
        7718     0.999651     1.991589 -0.001473424     20945.89
        7720     1.000363     1.991416 -0.0004361076     20954.46
        7722     1.000352     1.986416 -0.0004742637     20953.17
        7724     1.000208      1.99071  -0.00146773     20955.36
        7726     1.000302     1.987795 -0.0007036999     20960.73
        7728     1.000259     1.979675 -0.001383747     20962.49
        7730    0.9996898     1.980786 -0.0007237135     20963.54
        7732     1.000025      1.97964 -0.0006997603     20970.38
        7734      1.00012     1.982006 -0.001530672     20973.13
        7736     1.000067     1.974076 -0.002452715      20976.8
        7738     1.000305     1.968541  -0.00210508     20975.86
        7740     1.000266     1.960019 -0.001676151        20977
        7742     1.000651     1.965165  -0.00184801     20982.15
        7744     1.000641     1.960667 -0.002094462     20985.57
        7746     1.001067     1.953757 -0.003769561     20988.53
        7748     1.000754     1.943263 -0.002615644     20992.91
        7750     1.000747     1.935008  0.001529297     20996.94
        7752     1.001254     1.939742  0.001759963      20999.4
        7754      1.00156     1.965991  0.001933838     21004.55
        7756     1.001249     1.957343 0.0005502283     21007.96
        7758     1.000811     1.950479 -0.003687028     21009.98
        7760     1.001213     1.944144 -0.003127579      21013.9
        7762     1.001114     1.936495 -0.002718387     21014.68
        7764     1.000943     1.932322 -0.002593758     21018.68
        7766     1.001123     1.928732 -0.002137478     21021.65
        7768     1.000955     1.923394 -0.002193686     21021.98
        7770     1.001278     1.919395 -0.001644199     21023.78
        7772     1.001527     1.914773 -0.001888337     21028.13
        7774     1.001772     1.915578 -0.002056692     21030.16
        7776     1.001818     1.908287 -0.001667215     21028.78
        7778     1.001359     1.902941 -0.002197307     21022.46
        7780     1.001761     1.901435 -0.002036795     21014.16
        7782     1.001913        1.898 -0.001236381     20985.43
        7784     1.003285     1.891993 -0.002066997     20760.84
        7786     1.004749      1.89305 -0.003237846     20129.49
        7788     0.999843     1.884899 -0.001102149     20070.68
        7790    0.9994979     1.872097 -0.001818816     20231.54
        7792     1.001837     1.883176 -0.0005500461     21041.29
        7794     1.002563       1.8785  0.001002203     21078.02
        7796     1.001851     1.880499 -0.001480571     21083.19
        7798      1.00192     1.880115 -0.0008217923     21091.68
        7800     1.002455     1.871331 -0.0005795327     21100.34
        7802     1.002261     1.871926 -0.001363611     21103.46
        7804     1.002819     1.875862 -0.0009861269     21104.65
        7806     1.002954     1.869206 -0.001157387     21107.03
        7808     1.002684     1.863442 -0.001484269      21107.6
        7810     1.002556     1.862666 -0.001644333     21107.89
        7812     1.002827     1.863988 -0.001306449     21110.84
        7814     1.002705     1.856051 -0.001164687     21118.04
        7816     1.002877      1.85299 -0.002205123     21115.21
        7818     1.002823     1.853349 -0.001002909     21114.27
        7820      1.00275     1.846347 -0.0009964797     21118.73
        7822     1.003312     1.848028 -0.001852767     21126.01
        7824     1.003151     1.845019 -0.0009679672     21126.61
        7826     1.003603     1.838527 -0.001430625     21132.67
        7828     1.003544     1.838603 -0.001742192      21132.1
        7830     1.003656     1.836583 -0.001403259     21134.82
        7832     1.003451     1.831081 -0.001439421     21136.66
        7834       1.0038     1.827301  -0.00120292      21139.3
        7836      1.00391     1.827088 -0.001421477     21144.81
        7838     1.003865      1.82696 -0.001725514     21147.56
        7840     1.003723     1.819709 -0.001441001     21149.28
        7842     1.003734     1.813497 -0.001912051     21154.44
        7844     1.003627      1.81556 -0.001472278     21154.85
        7846     1.003636     1.811663 -0.0009829107     21158.61
        7848     1.003383     1.807931 -0.001505869        21162
        7850     1.003692     1.805633 -0.001151578     21162.35
        7852     1.003516     1.803513 -0.001376622     21163.42
        7854       1.0037     1.802451 -0.001636995     21168.67
        7856     1.003511     1.796918 -0.001743959     21170.41
        7858     1.003619     1.792537 -0.001954377     21172.67
        7860     1.003381     1.789561 -0.001770299     21173.64
        7862      1.00316     1.786816 -0.0009078395     21177.69
        7864      1.00379     1.782756 -0.000871485     21181.38
        7866     1.003613     1.785275 2.233005e-05      21182.8
        7868     1.003532     1.782589  0.001557945     21185.71
        7870     1.003729     1.786994 -0.002714665     21192.06
        7872     1.003261     1.795219 -0.003612002     21190.37
        7874     1.003296     1.763557 -0.003667877     21192.47
        7876     1.003344     1.753693  -0.00425367     21202.98
        7878     1.003635     1.757651 -0.0007074088     21205.14
        7880     1.003472      1.76119 -0.0002926356     21208.73
        7882     1.003014     1.757898 -0.0006503021     21210.27
        7884     1.003271     1.751352 -0.001730515     21210.11
        7886     1.003337     1.752449 -0.002388094     21215.41
        7888     1.003456     1.747346 -0.001905127     21218.64
        7890     1.003772     1.738793 -0.001762616     21219.07
        7892     1.003178     1.736111 -0.002161759     21221.85
        7894      1.00318     1.738348 -0.001240838     21224.32
        7896     1.003281     1.730052 -0.0008194347     21229.47
        7898     1.003556     1.728867 -0.001552459     21234.01
        7900     1.003734     1.729556 -0.0007086381     21235.82
        7902     1.004105     1.725928  -0.00109158     21241.94
        7904     1.003876     1.724383 -0.001445014     21241.55
        7906     1.003812     1.720134  -0.00152124     21243.09
        7908     1.003512     1.717996 -0.001407002     21247.21
        7910     1.003775     1.713758 -0.0009536674     21252.15
        7912     1.004299     1.713127 -0.0009610956     21257.04
        7914     1.004301     1.712505 -0.000818692     21203.49
        7916     1.005367     1.710307 -0.001345139     20926.42
        7918     1.005222     1.707209 -0.002095167     20630.11
        7920     1.004113     1.702365  -0.00165675     20961.09
        7922     1.004317     1.695743 -0.001667708     21187.68
        7924     1.003988     1.697053 -0.001403673     21233.26
        7926     1.004389     1.693867  -0.00109429     21244.69
        7928     1.004372     1.691136 -0.001882306     21253.54
        7930     1.004357     1.686989 -0.002019306     21257.12
        7932      1.00503     1.681995 -0.001446467     21264.66
        7934     1.005109     1.677713 -0.001570651     21267.76
        7936      1.00514     1.679564 -0.001259753     21272.29
        7938      1.00519     1.674424 -0.0009980329     21270.76
        7940     1.005053     1.671917 -0.001130934     21277.43
        7942     1.005121     1.669728 -0.0006256412     21278.75
        7944     1.004732     1.670517 -0.0008376054     21281.26
        7946     1.004801     1.669419 -0.001538896     21287.17
        7948     1.004478     1.665216 -0.001632514     21288.97
        7950     1.005211     1.657417 -0.001718495     21292.52
        7952     1.004853     1.657457 -0.001134981     21291.51
        7954     1.005105     1.655671 -0.001151552     21294.31
        7956     1.005577     1.656136 -0.001227554     21301.02
        7958     1.005484     1.648205 -0.001113071     21301.41
        7960     1.005049     1.647636 -0.001510514     21302.53
        7962     1.004865     1.646766 -0.0005350521     21305.97
        7964     1.004993     1.644052 -0.001142817     21307.91
        7966     1.004885     1.643924 -0.001463014     21310.31
        7968     1.005068     1.638494 -0.001339493     21313.75
        7970     1.005192     1.635062 -0.001190377      21314.7
        7972     1.004947     1.633336 -0.001582381     21314.41
        7974     1.004592     1.634401 -0.001310173     21318.25
        7976      1.00492     1.625835 -0.001093823     21320.88
        7978     1.004908     1.624581 -0.001588581     21324.27
        7980     1.005105     1.624585 -0.001402709     21327.88
        7982     1.005223     1.621693 -0.001570551     21333.23
        7984     1.004974     1.614613 -0.001957608     21333.72
        7986     1.005002     1.612016 -0.001610616        21335
        7988     1.005381     1.608924 -0.001324223     21336.85
        7990     1.005275     1.608808 -0.001708868     21334.81
        7992     1.005301     1.604019 -0.001678924     21337.67
        7994      1.00533     1.598345 6.544313e-05     21341.46
        7996     1.005195     1.595493 -9.044815e-05     21342.25
        7998     1.005181     1.609331 -1.338598e-05     21342.51
        8000     1.005233     1.603296 -0.0003915971     21348.23
        8002     1.004544     1.598238 -0.002686831     21348.36
        8004     1.004741      1.59236 -0.002410161     21352.79
        8006     1.004673     1.587837 -0.002048987     21353.45
        8008     1.004562     1.584014 -0.001371815      21354.4
        8010     1.004661     1.581846 -0.0009138853     21357.43
        8012     1.004737     1.581386 -0.001018094     21361.06
        8014     1.004251     1.580526 -0.001209972     21363.17
        8016     1.004887      1.57587 -0.001789591      21367.5
        8018     1.004676     1.572167  -0.00177544     21367.68
        8020     1.004848     1.567069 -0.001183319     21370.75
        8022     1.004964     1.566322 -0.001285965     21374.19
        8024     1.004743     1.566403 -0.001481065     21375.65
        8026     1.004667     1.561879 -0.001869004     21376.76
        8028      1.00456      1.55522 -0.002066488     21375.82
        8030     1.004447      1.55137 -0.001457455     21379.16
        8032     1.004791     1.549871 -0.001012522     21384.14
        8034     1.004812     1.550219 -0.0008693747     21382.97
        8036     1.004445      1.54712 -0.0009681765      21385.3
        8038     1.004419     1.544415 -0.001142809     21388.05
        8040     1.004276     1.542126 -0.001214113     21386.99
        8042     1.004063     1.541077 -0.001350745     21388.76
        8044     1.004335     1.537407 -0.001247812     21395.02
        8046      1.00416     1.533609 -0.001567597     21398.71
        8048     1.004313     1.532143 -0.001263608      21401.7
        8050     1.004313     1.528536 -0.001319189     21404.02
        8052     1.004059     1.527298 -0.001535018     21401.41
        8054     1.003833     1.523056 -0.001454929     21402.43
        8056     1.004117     1.519863 -0.001884723     21409.43
        8058     1.004183     1.516896 -0.001420697     21412.28
        8060     1.004137     1.512221 -0.001649789     21413.58
        8062     1.003669      1.51169 -0.001398975     21414.53
        8064     1.003555     1.506665 -0.001262802     21415.91
        8066     1.003411     1.505705 -0.001171489     21417.61
        8068     1.003607     1.502118 -0.001081263     21419.77
        8070     1.003707     1.502318 -0.0009744412     21419.86
        8072     1.003243     1.498015 -0.0008968381      21420.9
        8074      1.00315     1.497909 -0.001382343      21426.2
        8076     1.003114     1.494944 -0.001228821     21421.08
        8078     1.003352     1.491259     -0.00154     21421.78
        8080     1.003444     1.488184 -0.001539871     21425.94
        8082      1.00321     1.485589 -0.001318975     21432.07
        8084      1.00278     1.482625 -0.001211682     21432.19
        8086      1.00277     1.480708 -0.0009786505     21430.08
        8088      1.00307     1.478491 -0.0007923094     21433.31
        8090     1.002858      1.47776 -0.001030999      21435.3
        8092     1.002468     1.476286 -0.0009936125     21436.67
        8094     1.002478      1.47246 -0.001256791     21438.32
        8096     1.002245     1.470542 -0.001976105        21439
        8098     1.002303     1.467706 -0.001989524      21442.9
        8100      1.00205     1.460477  -0.00161744     21443.81
        8102     1.002057     1.456543 -0.001668829     21445.68
        8104     1.002095     1.457602 -0.001250882     21450.93
        8106      1.00185     1.454355 -0.0008405707     21448.89
        8108     1.001465      1.45047 -0.001275508     21447.96
        8110     1.001354     1.449819 -0.001038975     21451.43
        8112     1.001609     1.447398 -0.0006401458     21457.34
        8114     1.001242     1.446043 -0.001054439     21458.75
        8116     1.001206     1.445349 -0.001244554     21461.11
        8118     1.000479     1.441383 -0.001242132      21459.2
        8120     1.000331     1.437442 -0.001113166      21459.1
        8122     1.000339     1.436106 -0.0004419637     21460.05
        8124      1.00067     1.436444 -0.001669841     21463.58
        8126     1.000235     1.437848 -0.001887908     21464.01
        8128      1.00019     1.424083 -0.001907592     21467.75
        8130    0.9998431     1.421003 -0.002754962      21468.3
        8132    0.9995388     1.421183  -0.00138909     21465.95
        8134    0.9994478     1.415808 -0.0009769415     21469.03
        8136    0.9993383      1.41297 -0.0008491956     21470.63
        8138    0.9991158     1.413187 -0.0005148003     21467.56
        8140    0.9987047     1.414389 -0.0007276715     21469.06
        8142     0.998955      1.41169 -0.0009912813     21475.89
        8144    0.9988521     1.407149 -0.001555233     21475.08
        8146    0.9982387     1.405257 -0.001499336     21470.86
        8148    0.9981625     1.401948 -0.001338376     21473.78
        8150     0.998123     1.399695 -0.001087095     21476.41
        8152    0.9981987     1.396442 -0.0009950816     21481.69
        8154    0.9977374      1.39656 -0.0008477204     21482.21
        8156      0.99743     1.393987 -0.0007162784     21480.02
        8158    0.9973154     1.392913 -0.0009905827     21480.22
        8160    0.9975464     1.390712 -0.001115271     21482.27
        8162    0.9969563     1.388636 -0.001604247     21480.27
        8164      0.99685     1.385065 -0.001214578     21480.61
        8166    0.9967362     1.380079 -0.001176051     21482.65
        8168    0.9966439     1.380995 -0.001365727     21486.61
        8170    0.9963918     1.379227 -0.001178122     21486.44
        8172    0.9964293     1.374139 -0.001466508     21485.26
        8174    0.9966584     1.370654 -0.001734333     21487.87
        8176    0.9961948     1.369263 -0.001371109     21492.89
        8178    0.9966961     1.365353 -0.001032149     21494.41
        8180    0.9961747      1.36317 -0.001180221     21490.92
        8182    0.9955368     1.362397 -0.001102168     21492.37
        8184    0.9956695     1.359821 -0.001401174     21490.61
        8186    0.9953555     1.356535 -0.001289465     21493.07
        8188    0.9958149     1.351961 -0.001276145     21494.55
        8190    0.9957532     1.352081 -0.001230662     21497.25
        8192    0.9953424     1.349612 -0.0008934121     21498.21
        8194    0.9953632      1.34669 -0.001349249     21500.56
        8196    0.9951146     1.344813 -0.001019072      21504.1
        8198    0.9949473     1.341287 -0.001032899     21501.59
        8200    0.9945868     1.341459 -0.001322463     21507.09
        8202    0.9945932     1.338427  -0.00122728     21504.26
        8204    0.9944443     1.334234 -0.001602314     21508.57
        8206    0.9939951     1.331469 -0.001698266     21506.01
        8208    0.9939188     1.328641 -0.001459381     21505.02
        8210    0.9939585     1.324841 -0.001284427     21508.23
        8212    0.9941055     1.322559 -0.001149778     21505.16
        8214    0.9937798     1.321194 -0.001167031     21508.17
        8216    0.9937165     1.319443 -0.001346887     21507.95
        8218    0.9933522     1.315504 -0.001195517     21508.13
        8220    0.9929328     1.311784 -0.001224581     21507.99
        8222    0.9927092     1.311629   -0.0009504     21509.68
        8224    0.9926642     1.309646 -0.001139341     21513.01
        8226    0.9923479     1.307901 -0.0009458737     21511.44
        8228    0.9923036     1.302669 -0.001249356     21510.77
        8230    0.9919525     1.304062 -0.001609919      21513.4
        8232    0.9919609     1.299651 -0.0009252524      21513.3
        8234    0.9915723     1.295022 -0.001399254        21516
        8236    0.9909022     1.295267 -0.001208541     21515.16
        8238    0.9908184     1.292868 -0.0009277826     21517.39
        8240    0.9905342     1.289983 -0.001068299     21518.02
        8242    0.9906141       1.2876 -0.001379679     21520.33
        8244    0.9901705      1.28672 -0.001109924     21518.99
        8246    0.9901377     1.281831 -0.001248445     21518.63
        8248    0.9896539     1.281104 -0.001781433     21519.58
        8250     0.989271     1.277612 -0.001984966     21522.36
