# This file has been produced by extranormal (v 1.0.1 - February 23, 2017)
# O. Roudenko - Synchrotron SOLEIL. Covered by GPL licence.
#Data from HDF File: /nfs/ruche-rock/rock-soleil/com-rock/2021/Projets/20210209_Hilde/InSitu/10Ni-10Fe_50BN/10Ni-10Fe_50BN_RWGS750_CO2pulses_H2cst_ratio1/10Ni-10Fe_50BN_RWGS750_CO2pulses_H2cst_ratio1_01448.nxs to 10Ni-10Fe_50BN_RWGS750_CO2pulses_H2cst_ratio1_01449.nxs
#Time at start=2021-02-10 14:42:38.997
#Time from start (seconds)=7240.04918882
#Sample temperature (C)=24.7
# Normalization -------------
# pivot spectrum: Pivot_Fe_10Ni-10Fe_50BN_RT_air_av2000_00001.txt
# E0=7112.0   Eshift=1.49001597389
# E0_pivot = 7112.0
# pre-edge params: from E0_pivot-140.0 to E0_pivot-20.0
# pre-edge range: [6972.0, 7092.0]
# post-edge params: from E0_pivot+100.0 to E0_pivot+1140.0
# post-edge range: [7212.0, 8250.0]
# I jump at E0_pivot = 1.25056830581
# shifted energy	normalized	reference	ref.derivative	I0
        6970  0.001426876       1.6761 -0.001555509     18820.02
        6972  0.001426876       1.6761 -0.001555509     18820.02
        6974  0.001436094     1.673331 -0.001313154     18828.38
        6976  0.001239712     1.671783 -0.001928414     18835.67
        6978  0.001004825     1.666772 -0.001315345     18845.82
        6980 0.0007984047     1.660673 -0.0008142659     18853.66
        6982 0.0005193591     1.662808 -0.001279482     18859.38
        6984 0.0006994988     1.665269 -0.001639281     18868.69
        6986 0.0005999004     1.656536 -0.001969603     18872.83
        6988 0.0002881182     1.647558 -0.002585442     18879.37
        6990 -1.868833e-05     1.647051 -0.001918267     18887.07
        6992 9.403922e-06     1.644585 -0.001233824      18895.5
        6994 0.0001548665      1.64119 -0.001243534     18900.69
        6996 -5.653251e-05     1.637688 -0.001257834      18911.1
        6998 -0.0003723204     1.637103 -0.001284612     18920.35
        7000 4.345292e-05     1.634522 -0.001906826     18929.56
        7002 -5.72058e-05     1.630913 -0.001913773     18939.25
        7004 -0.0002984216     1.622433 -0.001939741     18945.24
        7006 -0.000310623     1.621793 -0.001962741     18954.84
        7008 4.675819e-06     1.619004 -0.001398837     18960.71
        7010 -0.0001164605     1.615211 -0.002464493      18967.8
        7012 8.178986e-05     1.611242 -0.001486899     18980.71
        7014 -0.0001482334     1.602077 -0.0006684759     18986.19
        7016 -0.000446947     1.607109 -0.001221412     18993.66
        7018 -0.0005946235     1.609863 -0.0008249296     18997.52
        7020 -0.0004465885     1.601471 -0.001799816     19007.15
        7022 -0.0005517659     1.595478  -0.00255592     19013.76
        7024 -0.0002857124     1.592711 -0.001657293     19024.15
        7026 -0.0004867607     1.589416 -0.0008525056     19033.09
        7028 -0.0007171336     1.588213 -0.001324007     19042.69
        7030 -0.0006892941     1.588658 -0.001256363     19050.07
        7032 -0.0003249912     1.582119 -0.001627169     19058.15
        7034 -0.0005433498     1.579365 -0.001316219     19066.98
        7036 -0.0005511871     1.575195 -0.0008890844     19071.74
        7038  -0.00064968     1.578128 -0.001355411     19077.74
        7040 -0.0006028155     1.575006 -0.0009339091      19089.2
        7042 -0.0009641053     1.568522  -0.00124886     19096.15
        7044 -0.0007609834     1.567724   -0.0014582     19104.63
        7046 -0.0004213953     1.568137 -0.001485849     19114.96
        7048 -0.0004317602      1.56334 -0.001640271     19121.02
        7050 -0.0007436485     1.556635 -0.002069904      19129.5
        7052 -0.001114636     1.554602 -0.001642805     19137.26
        7054 -0.0004974121     1.551578 -0.001020224     19146.24
        7056 -0.0004465997     1.550198 -0.001937217     19153.69
        7058 -0.0003304853     1.548473 -0.001874192     19164.59
        7060 -0.0004237577     1.539104 -0.002337972     19169.58
        7062 -0.0001975161     1.536584 -0.002280739     19175.48
        7064 -0.0003572313     1.531494 -0.0008376415     19185.43
        7066 -0.000440727     1.530227  -0.00075733     19192.66
        7068 5.383817e-05     1.532403 -0.000691016     19201.99
        7070 -0.0001596524     1.530526 -0.001285403     19207.17
        7072 -7.96474e-05     1.525966 -0.001557147     19215.24
        7074 -4.941545e-05     1.519944 -0.001358222     19221.37
        7076 -7.40806e-05     1.519946  -0.00114926     19228.57
        7078 -0.0001993265      1.51966 -0.001346696     19234.92
        7080 0.0005859868     1.516772   -0.0013653     19244.36
        7082 0.0007318442      1.50917 -0.002266638     19254.24
        7084 0.0008315367     1.509024 -0.001893551     19260.75
        7086  0.001167548     1.501527 -0.001227152     19266.29
        7088  0.001404564     1.501624 -0.001883269     19272.79
        7090  0.002087929     1.499353 -0.0008778773      19280.8
        7092  0.002497372     1.493957 -0.0007800648     19289.86
        7094  0.002782285     1.494504 -0.000773464     19296.97
        7096  0.003718218     1.495383 -0.0003632785     19303.97
        7098   0.00486954     1.493166 -0.0007905468     19313.21
        7100  0.005705914     1.491051 -0.0008858582     19321.03
      7100.2  0.005806014     1.490679 -0.0008353759     19322.48
      7100.4  0.005906113     1.490307 -0.0007848937     19323.93
      7100.6  0.006006212     1.489935 -0.0007344114     19325.39
      7100.8  0.006106312     1.489563 -0.0006839292     19326.84
        7101  0.006206411      1.48919 -0.0006334469     19328.29
      7101.2   0.00630651     1.488818 -0.0005829647     19329.75
      7101.4   0.00640661     1.488446 -0.0005324824      19331.2
      7101.6  0.006552593     1.489069 -0.001094606     19331.95
      7101.8  0.006661028     1.490598 -0.0005039252     19331.13
        7102  0.006915542     1.489445 0.0002026351     19330.31
      7102.2  0.007045457     1.488276 -3.631847e-05      19331.2
      7102.4  0.007164175     1.489231  0.001736196      19331.2
      7102.6  0.007211633     1.490569   0.00140124     19330.17
      7102.8  0.007301027     1.490834 -0.002073938     19330.59
        7103  0.007477308     1.489397 -0.003236861      19331.5
      7103.2  0.007653753     1.487572 -7.989685e-05     19332.44
      7103.4  0.007815829      1.48798  0.004273988     19333.31
      7103.6   0.00786314      1.49077  0.007372131     19334.59
      7103.8  0.007855206     1.492816  0.004849589     19337.73
        7104  0.007963787     1.493469 0.0005283601     19339.41
      7104.2  0.008377304      1.49186 -0.0003269063      19341.5
      7104.4   0.00876108     1.491193 -0.0001869711     19342.43
      7104.6  0.009232104     1.492555  0.001148804     19342.87
      7104.8  0.009793538      1.49332 -0.0005233857     19343.51
        7105   0.01004489     1.492779 -0.002258901     19343.33
      7105.2   0.01025146     1.490774 -0.002427164     19343.56
      7105.4   0.01031455     1.490747 -0.002254685     19343.42
      7105.6   0.01041644     1.491378  0.001445433     19345.59
      7105.8   0.01077244     1.490975  0.002533294     19347.72
        7106   0.01113557     1.491931  0.003694679     19348.61
      7106.2   0.01149552     1.492774  0.005747816     19349.32
      7106.4   0.01171371     1.494334  0.003117242      19348.5
      7106.6   0.01195449     1.495573  0.004098592     19347.76
      7106.8   0.01247174     1.494424  0.006061738     19348.87
        7107   0.01289508     1.496053  0.004550009     19350.66
      7107.2   0.01318389     1.499183  0.002408676     19352.12
      7107.4   0.01359798     1.499213 -0.002410052     19351.83
      7107.6   0.01398844     1.496351 -0.003579832     19352.16
      7107.8   0.01431987     1.494125 0.0005971859      19353.8
        7108   0.01475807     1.496319  0.005822459     19354.35
      7108.2    0.0151987     1.499691   0.01208021     19354.83
      7108.4   0.01568299     1.501009   0.01473724     19355.97
      7108.6   0.01652646     1.503789   0.01301044     19357.99
      7108.8     0.017532     1.508109   0.01145535     19359.16
        7109   0.01829927     1.510099  0.009445399     19357.37
      7109.2    0.0190011     1.510174  0.006137584      19355.3
      7109.4   0.01991269     1.511345  0.005102982     19356.27
      7109.6   0.02097331     1.513019   0.01433716     19358.07
      7109.8   0.02216958     1.514182   0.03079022     19357.92
        7110   0.02353139     1.521643   0.04651579     19358.18
      7110.2   0.02510613     1.535978    0.0577922     19359.26
      7110.4    0.0271392     1.550232   0.06030391     19358.61
      7110.6   0.02968936     1.560415   0.06120043     19358.95
      7110.8   0.03281853     1.569886   0.06837728      19359.7
        7111   0.03670243     1.584938   0.08532037      19358.6
      7111.2   0.04135153     1.604934    0.1146659     19356.49
      7111.4   0.04697874     1.628672    0.1402188     19352.82
      7111.6   0.05414253     1.661619     0.157387     19350.62
      7111.8   0.06265259     1.697113    0.1706678     19349.94
        7112   0.07165705     1.730843    0.1694919      19348.8
      7112.2   0.08089311     1.765206    0.1606841     19346.95
      7112.4   0.09029261     1.797213    0.1483009     19345.04
      7112.6   0.09949698      1.82566    0.1311894     19344.39
      7112.8    0.1078981     1.849484    0.1152216     19342.68
        7113    0.1156914     1.870157    0.1016156      19342.6
      7113.2    0.1228376      1.88939   0.09244144     19341.13
      7113.4    0.1292263     1.906953   0.08545988     19337.52
      7113.6    0.1352539     1.923437   0.07589303     19334.71
      7113.8    0.1413892     1.938525    0.0748248     19334.32
        7114    0.1471421     1.950104   0.07566295     19334.46
      7114.2    0.1521215     1.966813   0.07676041     19335.41
      7114.4    0.1565481     1.983967    0.0806109     19337.62
      7114.6     0.160075     1.999934   0.07061435      19338.5
      7114.8    0.1627248     2.014593   0.05918671     19338.15
        7115    0.1651223     2.023304   0.05358961     19338.48
      7115.2    0.1672484     2.031317   0.04579059     19339.39
      7115.4    0.1693258     2.042805   0.04210437      19339.7
      7115.6    0.1716947     2.051226   0.03559973     19340.98
      7115.8    0.1744224     2.056988   0.02622757     19342.97
        7116    0.1775108     2.059797   0.02695854     19344.33
      7116.2    0.1810653     2.063787    0.0286121     19344.31
      7116.4    0.1853694     2.072792   0.02766701     19343.37
      7116.6    0.1906151     2.079877   0.02680828     19341.78
      7116.8    0.1969435      2.08193   0.02796982     19340.39
        7117    0.2041596     2.085234    0.0309263     19341.25
      7117.2    0.2122921     2.095168   0.03922342     19342.97
      7117.4     0.221489     2.104618   0.04606339     19343.43
      7117.6    0.2319199     2.113309    0.0444405     19344.43
      7117.8    0.2436906     2.122085   0.05179232     19345.17
        7118    0.2565869     2.130721   0.06903445        19344
      7118.2    0.2706273     2.146052   0.08927125     19343.96
      7118.4    0.2861321     2.168536    0.1022776     19344.49
      7118.6    0.3032919     2.193502    0.1074231     19343.71
      7118.8    0.3216994     2.212543     0.114692     19341.71
        7119    0.3415825     2.231991    0.1145059     19338.87
      7119.2     0.363675      2.26029    0.1164275      19339.2
      7119.4    0.3872718     2.285107     0.117781     19341.84
      7119.6    0.4115106     2.305685    0.1124649      19342.2
      7119.8    0.4364405     2.326215    0.1156456     19341.18
        7120    0.4616737     2.350262    0.1171516     19340.33
      7120.2    0.4858584     2.377623    0.1268587        19339
      7120.4    0.5087459     2.399406    0.1363193     19337.85
      7120.6    0.5306071     2.427702    0.1360054     19339.39
      7120.8    0.5507329     2.459317    0.1432374     19340.33
        7121    0.5685902     2.486427     0.130452     19339.01
      7121.2    0.5848084     2.513996    0.1076404     19337.02
      7121.4     0.600156     2.532064     0.102867     19337.53
      7121.6    0.6149972      2.54543    0.1036648     19339.16
      7121.8    0.6295438     2.568721    0.1133618     19338.82
        7122     0.643819     2.596928    0.1183344     19338.03
      7122.2    0.6583404     2.622754    0.1104161     19337.55
      7122.4    0.6733737     2.640097    0.1040662     19337.12
      7122.6    0.6889183     2.657054   0.09304457      19337.1
      7122.8    0.7053462     2.680181   0.07359944     19337.71
        7123    0.7223869     2.697189   0.06808054     19336.82
      7123.2     0.739572     2.698977   0.06515097     19335.01
      7123.4    0.7572641     2.711518   0.06214117     19333.03
      7123.6    0.7756099     2.732301   0.07216737      19331.7
      7123.8    0.7945479     2.746902   0.06228235     19333.46
        7124    0.8130693     2.756711    0.0431668     19335.72
      7124.2    0.8307831     2.761344   0.03046609     19335.63
      7124.4    0.8477961     2.766835   0.02474952     19333.24
      7124.6    0.8642623     2.771275   0.01267088     19330.33
      7124.8    0.8800075      2.77651  -0.02475183     19329.99
        7125    0.8949133     2.771481  -0.05471953     19331.52
      7125.2    0.9092727     2.747033  -0.03236371     19331.71
      7125.4    0.9228296     2.727499    0.0160549      19331.6
      7125.6    0.9353617     2.750619   0.06055456     19330.11
      7125.8    0.9472677     2.784325    0.1032418     19328.25
        7126    0.9590102     2.795477   0.09846189     19327.45
      7126.2    0.9705965     2.810093   0.07083884     19326.75
      7126.4    0.9819193     2.829389    0.0731457     19324.14
      7126.6    0.9937051     2.840996   0.06798851     19322.04
      7126.8     1.005752     2.853994   0.06137478     19321.83
        7127     1.017707     2.864484   0.07359241     19321.24
      7127.2     1.030171     2.878489   0.05859889     19320.62
      7127.4     1.043041      2.89987   0.03331169     19319.59
      7127.6     1.056265     2.900873   0.02774882     19318.95
      7127.8      1.07013     2.891133    0.0252644      19318.6
        7128     1.085043     2.900688   0.03706231     19319.14
      7128.2     1.100675     2.920081   0.07674714     19320.94
      7128.4     1.115874     2.930523    0.0872787     19321.98
      7128.6     1.130057     2.952531   0.05374799     19321.12
      7128.8     1.143804     2.970511    0.0206629     19318.61
        7129      1.15682      2.96308  -0.03238937     19317.39
      7129.2     1.168342     2.947053  -0.01508526     19316.93
      7129.4     1.178635     2.926619   0.03711306     19316.32
      7129.6     1.187915     2.958443   0.07813263     19316.13
      7129.8        1.196      2.99277    0.1806048     19316.62
        7130     1.202591     3.009559    0.2008671     19316.84
      7130.2      1.20735     3.071103    0.1275091     19316.09
      7130.4     1.210622     3.119136     0.106633     19315.62
      7130.6     1.212563     3.094777   0.05458031     19313.45
      7130.8     1.213661     3.094865 -0.009796669     19310.28
        7131     1.214358     3.114767   0.04639225     19308.21
      7131.2     1.214983     3.111299    0.1005271     19308.96
      7131.4      1.21524     3.131891   0.05920533     19309.65
      7131.6     1.214854     3.175287  0.001517193     19308.89
      7131.8     1.214665     3.162131  -0.02605446     19307.34
        7132      1.21449     3.112513  -0.08766456     19306.27
      7132.2     1.214133     3.111048   -0.1074639     19304.89
      7132.4     1.213369     3.105155   -0.0589825     19302.74
      7132.6     1.211752      3.07616  -0.04952543     19302.11
      7132.8     1.209577     3.065327  -0.06071242     19301.85
        7133     1.207201     3.071427  -0.06080479      19301.7
      7133.2     1.204209     3.056586  -0.06860863     19303.18
      7133.4     1.200016     3.027517   -0.1016477     19304.96
      7133.6     1.194848      3.01044   -0.1175393     19305.15
      7133.8     1.188651     2.990109   -0.1220203     19304.39
        7134     1.182109     2.962554  -0.07557551     19304.58
      7134.2     1.175615       2.9299   -0.0210398     19306.29
      7134.4     1.168497     2.949979  -0.02788734     19308.09
      7134.6     1.160838     2.973277   0.01006327     19309.22
      7134.8     1.153243     2.940244 0.0003987589     19309.32
        7135     1.146035     2.937951  -0.06622959     19308.92
      7135.2     1.139119     2.950298  -0.06623555     19310.66
      7135.4     1.132051     2.920294  -0.06061489     19313.16
      7135.6     1.124811     2.887256  -0.05989883     19313.75
      7135.8     1.118029     2.889459  -0.01395159     19314.51
        7136     1.111595     2.902379   0.03384238     19315.05
      7136.2      1.10519     2.909132   0.01752861     19314.41
      7136.4     1.099424      2.91433  0.002268955     19315.14
      7136.6     1.094418     2.903482 -0.008986524     19315.05
      7136.8     1.089158     2.904194 -0.008494829      19311.3
        7137     1.084099     2.901943   0.03193829     19304.03
      7137.2     1.079697     2.907534   0.04129701     19289.06
      7137.4     1.075593     2.929033   0.01699528     19264.22
      7137.6      1.07185     2.937232  -0.01731577     19230.13
      7137.8     1.068212     2.915539  -0.01654315     19187.72
        7138     1.064435     2.893681  0.005351132     19145.49
      7138.2     1.060947     2.915798   0.01282456     19110.18
      7138.4     1.058027     2.941513   0.03940073      19087.3
      7138.6     1.055741     2.925799   0.01605247     19080.89
      7138.8      1.05346     2.925202  -0.02395038     19087.71
        7139     1.050926      2.92864  0.004444383     19105.63
      7139.2     1.048512     2.922353   0.01539786     19131.56
      7139.4     1.046452     2.929354 -0.007507234     19161.32
      7139.6     1.044523      2.93752  -0.00514349     19191.59
      7139.8     1.043388     2.922634   -0.0171621     19219.29
        7140     1.042437     2.918238  -0.01508717     19245.29
      7140.2     1.041451     2.915625  0.008725613     19269.22
      7140.4     1.040601      2.92545   0.01738861     19288.12
      7140.6     1.040157     2.929615   0.05551322     19300.38
      7140.8     1.039959     2.932149   0.06036008     19307.14
        7141     1.039679     2.960035   0.05990953     19310.17
      7141.2     1.039298     2.973738   0.06363465     19311.06
      7141.4     1.038314     2.977542    0.0177771     19308.45
      7141.6     1.037279     2.983056  -0.01061031     19298.04
      7141.8     1.036733     2.974257   0.02105538     19280.89
        7142     1.036378      2.96525    0.0491892     19255.74
      7142.2     1.035953     2.994387   0.05901396     19219.44
      7142.4     1.034994     3.022408   0.07626724     19176.66
      7142.6     1.033856     3.021468 -0.003098114     19134.16
      7142.8     1.033122     3.026264  -0.09755696     19099.18
        7143     1.032397     2.991908  -0.08745026      19078.6
      7143.2     1.031679     2.944362  -0.09040951     19074.63
      7143.4     1.030889     2.951508  -0.07843285     19087.06
      7143.6     1.029704     2.953936  -0.03932143     19114.69
      7143.8     1.028293     2.929162  -0.04502144     19152.29
        7144     1.027166     2.912905  -0.04740169     19193.98
      7144.2     1.026365     2.915491 -0.006128461     19232.29
      7144.4     1.025391     2.916015   0.02565212     19264.23
      7144.6     1.024281     2.924259   0.05477073     19291.01
      7144.8     1.023411     2.933427   0.06256315     19310.92
        7145     1.022295     2.959307   0.06133449     19323.05
      7145.2     1.020806     2.966065    0.0797943     19329.32
      7145.4     1.019321     2.973327    0.0781701     19334.13
      7145.6     1.018114     2.997262    0.1136089     19338.81
      7145.8     1.017335     3.021843   0.09438305     19342.25
        7146     1.015932     3.056953   0.04590891     19344.25
      7146.2     1.013995     3.048833  0.003955454     19347.12
      7146.4     1.011985     3.033989  -0.02669851     19350.61
      7146.6     1.009836     3.025008 -0.005879517     19353.02
      7146.8     1.007634     3.035594  -0.01790346     19355.08
        7147       1.0054      3.04413  -0.02367468     19357.37
      7147.2     1.002757     3.019667  -0.03118204      19357.8
      7147.4    0.9996876     3.006068  -0.05622648     19358.15
      7147.6     0.996815     3.010648  -0.04772229     19360.94
      7147.8    0.9941376     2.999148  -0.04229257     19362.76
        7148    0.9912656     2.981489  -0.04576649     19362.65
      7148.2     0.988119     2.972234  -0.00638749     19364.36
      7148.4    0.9847942     2.974035   0.03490434     19367.28
      7148.6     0.981563     2.994038   0.05293676     19369.34
      7148.8    0.9784876     3.009412   0.05912764     19371.16
        7149     0.975437     3.014583   0.05399088      19374.3
      7149.2    0.9722102     3.021337   0.05102359     19377.71
      7149.4    0.9689657     3.037231   0.04678601     19379.13
      7149.6    0.9658967     3.050231   0.05448915     19380.17
      7149.8    0.9625901     3.052012   0.05221023     19381.41
        7150    0.9593506     3.064928   0.05204152      19382.4
      7150.2    0.9566312     3.078999   0.05258747     19382.88
      7150.4    0.9541609     3.091864   0.03262502     19382.88
      7150.6    0.9516538     3.094082   0.02723991     19383.46
      7150.8      0.94928     3.091028   0.01137929     19383.77
        7151    0.9470646     3.100791 -0.009049387     19384.75
      7151.2    0.9446988     3.100968   0.01216121     19386.32
      7151.4    0.9426307     3.086843   0.01339341     19387.01
      7151.6    0.9407128     3.100757  -0.02344065      19388.5
      7151.8    0.9386292     3.111506 -0.001358847     19390.68
        7152    0.9368986     3.082215   0.01007756     19391.88
      7152.2    0.9354981     3.085756 0.0003952388     19393.46
      7152.4    0.9343618     3.108819   0.02732123     19395.07
      7152.6    0.9336963     3.111822 0.0008783075     19395.66
      7152.8    0.9331737     3.104072  -0.02648412     19397.03
        7153    0.9325513     3.086458  -0.01744816     19400.43
      7153.2     0.931624     3.087632 -0.001717803     19402.12
      7153.4    0.9306482     3.097864   0.01414581     19399.87
      7153.6    0.9300076     3.102698   0.01202458     19398.94
      7153.8    0.9300809     3.097775   0.01821377     19399.61
        7154    0.9308254     3.097252   0.00409776      19401.3
      7154.2     0.931517     3.112435 -0.006208287     19402.14
      7154.4    0.9321496     3.105976 -0.002767009     19402.49
      7154.6    0.9328957     3.092808  -0.03374458     19404.15
      7154.8     0.933305     3.095038  -0.04000329     19405.45
        7155    0.9336284     3.085439  -0.02286464     19406.86
      7155.2    0.9344424     3.073973   -0.0311774     19407.84
      7155.4    0.9354768     3.074517  -0.02417911     19407.93
      7155.6    0.9365649     3.070096 -0.002855329     19409.04
      7155.8    0.9378203     3.066096 -0.001705423     19411.37
        7156    0.9393328     3.071689   -0.0110571     19413.52
      7156.2    0.9408592     3.073152  -0.02346768      19414.3
      7156.4    0.9417974     3.061251  -0.02433657     19414.13
      7156.6    0.9424861     3.047321   -0.0015201     19414.72
      7156.8    0.9433653      3.05222   0.03026491     19414.97
        7157     0.944413     3.071936   0.04422653      19415.3
      7157.2    0.9456525     3.085463  0.004730094     19417.75
      7157.4    0.9470628     3.082703  -0.03687322      19420.8
      7157.6    0.9482295     3.056004  -0.02330682     19421.96
      7157.8    0.9495004     3.042438  -0.00160492     19421.38
        7158    0.9505705     3.066817  0.007964491     19420.79
      7158.2    0.9516545     3.081419  0.005404786     19421.55
      7158.4    0.9526745     3.062376  -0.01976488     19422.76
      7158.6    0.9536614     3.046761   -0.0136137     19424.06
      7158.8    0.9547547     3.051005   0.02854482     19425.07
        7159    0.9559679     3.070528   0.04521356     19426.02
      7159.2    0.9571542     3.085211   0.04747861     19426.28
      7159.4    0.9580454     3.082932  0.004585762     19425.75
      7159.6    0.9589622     3.088988  -0.02996382     19426.49
      7159.8    0.9598091     3.074196  -0.04172005     19428.67
        7160    0.9605823      3.06124  -0.04388269     19431.11
      7160.2    0.9612341     3.049556   -0.0130888     19430.29
      7160.4    0.9620162     3.053882  0.001781264     19427.09
      7160.6    0.9627957     3.063725  0.006854853      19426.1
      7160.8    0.9633795     3.062665  -0.02884175      19427.1
        7161    0.9641233      3.05504  -0.07733984     19426.73
      7161.2    0.9648923     3.030808   -0.1153001        19426
      7161.4    0.9654399     3.001853   -0.1076873     19427.43
      7161.6    0.9660664     2.970425  -0.04123317     19430.46
      7161.8    0.9668583      2.96889   0.02457655     19432.83
        7162     0.967365     2.997822   0.09483835     19433.64
      7162.2    0.9678208     3.021515    0.1118125     19435.07
      7162.4     0.968425     3.046296   0.05467042     19435.93
      7162.6    0.9687096      3.05834   0.02346489     19434.12
      7162.8    0.9688912     3.041558   0.01294226     19431.57
        7163    0.9692786     3.040287   0.02227191     19431.94
      7163.2    0.9699171      3.05665   0.06440337     19435.12
      7163.4     0.970432     3.076158    0.0347956     19435.73
      7163.6    0.9705977     3.093081  -0.02767776     19434.38
      7163.8    0.9709185     3.068123   -0.0626848     19435.34
        7164    0.9712698     3.034508  -0.07449611     19437.01
      7164.2    0.9715063      3.02601  -0.02799635     19436.98
      7164.4    0.9719197     3.033484   0.01801595     19437.01
      7164.6    0.9722808     3.045726   0.03197192      19435.5
      7164.8    0.9725573      3.04892  0.002126811      19436.5
        7165    0.9732309     3.051587  -0.02424591     19437.71
      7165.2    0.9738045     3.035186  -0.05332854     19436.88
      7165.4    0.9744947     3.026329     -0.07381      19438.6
      7165.6    0.9752116     3.006258   -0.0171771      19440.7
      7165.8    0.9760246     2.992539   0.02511787     19441.23
        7166    0.9769722     3.021444    0.0360617     19441.06
      7166.2    0.9776692     3.046424   0.04280591      19440.5
      7166.4    0.9781667     3.035107  0.003718559     19440.84
      7166.6    0.9784208     3.026784  -0.02779061     19440.81
      7166.8    0.9788826     3.024419   0.02132789     19440.11
        7167    0.9796373     3.024191   0.06718325     19439.47
      7167.2     0.980586     3.052169   0.08464671     19439.99
      7167.4      0.98179     3.080531    0.0690639     19441.52
      7167.6    0.9826311     3.092136 -0.0005364224     19440.87
      7167.8    0.9830821     3.079442  -0.04508793     19439.91
        7168    0.9839429      3.05174  -0.04741275     19441.08
      7168.2    0.9851508      3.04446  -0.00352357     19442.12
      7168.4     0.986155     3.054206    0.0359653     19442.68
      7168.6    0.9871108     3.076623 -0.007857733     19444.86
      7168.8    0.9878579     3.080512  -0.05979522     19446.01
        7169     0.988567     3.038174  -0.09218445     19445.72
      7169.2    0.9893556      3.00637  -0.08679935     19445.61
      7169.4     0.990074     3.002876  -0.02247754     19445.94
      7169.6    0.9907572     3.011073   0.03096042     19445.35
      7169.8    0.9914995     3.020192 -0.005631406     19446.59
        7170    0.9922128     3.031138  -0.06926178     19447.84
      7170.2    0.9924589     2.998371  -0.07044746     19448.89
      7170.4    0.9928074     2.955663  -0.03075307     19450.17
      7170.6    0.9934847     2.963834  0.004713183     19451.55
      7170.8    0.9944133     3.006536   0.02147429      19452.6
        7171    0.9951363     3.002141   0.04404306     19451.41
      7171.2    0.9956004     2.972843 -0.001397861     19452.69
      7171.4    0.9963158     2.999069  -0.03836848     19453.92
      7171.6    0.9970734     3.005417 -0.007369803     19453.45
      7171.8    0.9978907     2.971446  0.008487999     19454.79
        7172    0.9987456     2.966947   0.05944577     19455.68
      7172.2    0.9996731     3.005859   0.08087419     19455.34
      7172.4     1.000504     3.052974  0.007004696     19455.52
      7172.6     1.001342     3.036146  -0.07448273     19456.85
      7172.8     1.002183     2.972551   -0.1211901     19458.51
        7173     1.002461     2.946273   -0.1118805     19458.72
      7173.2     1.002458     2.956022  -0.08000826     19458.54
      7173.4     1.002167     2.946641   -0.0644836     19457.67
      7173.6     1.001903     2.908544  -0.07261184     19456.22
      7173.8     1.002512     2.894686  -0.07094115     19457.56
        7174     1.003418     2.897932  0.007183524     19457.52
      7174.2     1.004205     2.889889   0.06245384     19456.18
      7174.4      1.00446     2.914291   0.07939472     19457.33
      7174.6     1.004666     2.944649   0.08424712     19459.65
      7174.8     1.005111     2.961448  -0.01356999      19461.9
        7175     1.005383     2.957286   -0.1190034     19463.55
      7175.2     1.005383     2.903435   -0.1682355     19464.51
      7175.4     1.005491     2.849446   -0.1648135     19466.67
      7175.6     1.005549      2.82686   -0.0912965      19466.5
      7175.8     1.006117     2.825435   -0.0358145     19466.82
        7176     1.007072     2.830398  -0.01920418        19468
      7176.2     1.007485     2.820795  -0.01296375     19467.57
      7176.4     1.007797     2.811496  0.002788501     19467.99
      7176.6     1.007949     2.815064     0.037864     19468.97
      7176.8     1.007722     2.832629   0.05244244     19468.98
        7177     1.007316     2.851086   0.05272146     19469.05
      7177.2     1.007199      2.85345   0.02428196     19470.79
      7177.4     1.007514     2.857242   -0.0197497     19472.56
      7177.6     1.007906     2.852054 -0.005965865     19473.68
      7177.8     1.008068     2.835286   0.02098517     19473.56
        7178     1.007896     2.848678   0.02357173     19471.89
      7178.2     1.007718      2.87403   0.03419751     19472.85
      7178.4     1.007739     2.870912   0.02941566     19475.42
      7178.6     1.007657     2.862644   0.02096574     19475.92
      7178.8     1.007728      2.87221    0.0403136     19478.12
        7179     1.008147     2.890802   0.03939126     19482.05
      7179.2     1.008207     2.903162 -0.007782951     19482.99
      7179.4     1.008177     2.894157  -0.06918118     19481.77
      7179.6     1.007973     2.865984  -0.09790793     19480.74
      7179.8     1.007823     2.835457  -0.06352127     19480.09
        7180     1.007774     2.824836  -0.01280154     19480.93
      7180.2      1.00771      2.84334   0.01571932     19481.39
      7180.4     1.008126     2.855743   0.02139846     19481.59
      7180.6     1.008684     2.848033  -0.01725678     19483.45
      7180.8     1.008947     2.841955  -0.04550187     19485.78
        7181     1.009077     2.829535  -0.03600031     19487.07
      7181.2     1.009054     2.819341  -0.03108947     19487.84
      7181.4     1.008769     2.819233    -0.019207     19488.82
      7181.6     1.008677     2.817083   0.01616315     19490.11
      7181.8     1.009147     2.814169   0.02976918     19489.59
        7182      1.00969     2.832272   0.03255638     19490.04
      7182.2     1.010149     2.843048   0.04339077     19491.25
      7182.4      1.01046     2.843128    0.0313081     19489.14
      7182.6     1.010456     2.848882     0.027357     19487.21
      7182.8      1.01057     2.857318  0.004424735     19489.67
        7183     1.010956     2.864934  -0.02056642     19492.36
      7183.2     1.011087     2.846668  -0.02520658     19493.25
      7183.4     1.010893     2.832429  -0.03856356     19495.14
      7183.6     1.010969     2.837153 -0.007457171      19495.9
      7183.8     1.011174     2.834083   0.02124672     19494.89
        7184     1.011069     2.840702    0.0267018     19493.66
      7184.2     1.011141     2.849426   0.02295658     19493.08
      7184.4     1.011417     2.858514 -0.001563524      19495.4
      7184.6     1.011392     2.852448 -0.002414957     19497.92
      7184.8     1.011387     2.839452  0.001165754     19498.83
        7185     1.011606     2.847494   0.02646477     19499.78
      7185.2     1.011715     2.859447   0.04144072     19501.35
      7185.4     1.011839      2.87362   0.02576811     19501.65
      7185.6     1.011838     2.872604   0.03207378     19502.86
      7185.8     1.012425     2.868109   0.01083796     19505.33
        7186     1.013185     2.885106 -0.004599947     19507.55
      7186.2     1.013302      2.88229   0.01155187     19508.29
      7186.4      1.01319     2.868924 -0.003423863     19508.67
      7186.6     1.012999      2.87735   0.02696689     19509.85
      7186.8     1.012855     2.882367   0.05794192     19509.53
        7187     1.013197     2.903864    0.0293492     19511.22
      7187.2     1.013526     2.915278   0.02146837     19513.87
      7187.4     1.013412     2.900829   0.01509719     19513.29
      7187.6     1.013361     2.899542   0.01161467     19513.21
      7187.8     1.013333     2.915941   0.03565737     19514.41
        7188     1.013025      2.92457   0.06552068     19514.36
      7188.2     1.012966     2.929355   0.05743483     19514.47
      7188.4     1.013295     2.951958   0.02869242     19515.62
      7188.6     1.013487     2.961889 -0.004775103     19516.64
      7188.8      1.01378     2.947523  -0.03382507     19516.84
        7189      1.01421     2.925535  -0.02193857     19516.91
      7189.2     1.014151     2.924898  -0.01519654     19517.48
      7189.4     1.013671     2.944338   0.01928811     19517.08
      7189.6     1.013488     2.935366   0.05157091     19516.92
      7189.8     1.013394     2.940966   0.04681328     19517.82
        7190     1.013331     2.966155   0.05618947      19519.8
      7190.2     1.013395     2.981789   0.03525345     19523.36
      7190.4     1.013382     2.980318   0.01203673     19525.04
      7190.6     1.013555     2.969169   0.01283702     19524.63
      7190.8     1.013741     2.975784   0.01730073     19523.27
        7191     1.013135     2.992059   0.04354023     19522.56
      7191.2     1.012165     2.994158   0.06829707     19522.18
      7191.4     1.011763     3.004001    0.0483092     19520.96
      7191.6     1.012051     3.030422    0.0243319        19522
      7191.8     1.012662     3.030706   0.00166717     19525.66
        7192     1.013207     3.013624  -0.03867188     19529.12
      7192.2      1.01329     3.005334   -0.0407002     19531.02
      7192.4     1.013196     2.999484  -0.02844097     19532.32
      7192.6     1.013085     2.998146  -0.04177384     19532.56
      7192.8     1.012834     2.990871  -0.03323072     19532.08
        7193     1.012694     2.971915  -0.01475304     19533.48
      7193.2      1.01282       2.9729   -0.0145841     19535.65
      7193.4     1.013227     2.986343 0.0009540776     19536.81
      7193.6     1.013611     2.979204  0.003261679     19538.09
      7193.8     1.013888     2.972679 -0.007677312     19538.89
        7194     1.014033     2.975509 -0.005415889     19538.61
      7194.2     1.013801     2.980202  -0.01999859     19539.22
      7194.4     1.013299     2.974871 -0.007469788     19539.03
      7194.6     1.013053      2.95668   0.01218085     19538.11
      7194.8     1.013171     2.969533   0.02552443     19538.84
        7195     1.013478     2.989946   0.04435397     19539.64
      7195.2     1.013776     2.995291   0.01914423     19540.24
      7195.4     1.013735     2.992163 -0.002068703     19541.19
      7195.6     1.013812     2.984849  -0.01590526     19543.22
      7195.8     1.013986     2.988291 -0.005279589      19544.8
        7196     1.014135     2.982567   0.02802096     19544.75
      7196.2     1.014216     2.987939   0.02006535      19545.3
      7196.4       1.0144     3.007265   0.01281866     19546.78
      7196.6     1.015109     3.004344 -0.0002305636      19548.7
      7196.8     1.015769     2.992821  -0.03914095     19549.15
        7197     1.015957     2.987755  -0.04894098     19548.98
      7197.2     1.016071     2.975953  -0.03508145     19551.25
      7197.4     1.016029     2.965191  -0.03425491     19554.24
      7197.6     1.015822     2.964756  -0.01779982     19555.72
      7197.8     1.015792     2.960351  -0.00101172     19555.92
        7198     1.015778     2.961713  -0.02169815     19556.16
      7198.2     1.015881     2.964381  -0.02138452     19556.63
      7198.4     1.016242     2.947398 -0.007242813     19556.89
      7198.6     1.016621     2.943243   0.01425088     19557.73
      7198.8     1.016876     2.955918   0.02552598     19557.08
        7199     1.016811     2.975782 -0.005461265     19556.44
      7199.2     1.016878     2.967819  -0.03511046     19557.46
      7199.4     1.017205     2.938874  -0.06156047     19557.44
      7199.6      1.01762      2.92783  -0.04959227     19558.79
      7199.8     1.017913     2.926534  -0.01387564     19561.13
        7200     1.017669     2.928145  -0.01018769     19563.61
      7200.2      1.01763     2.927774 -0.005246924     19565.95
      7200.4     1.017847      2.91968  0.006942594     19566.45
      7200.6     1.017765     2.922336   0.01117305     19565.56
      7200.8     1.017662     2.933699  0.007939891     19564.91
        7201     1.017834     2.936712 -0.002792126     19566.57
      7201.2     1.017855     2.926032  -0.03368401      19567.3
      7201.4     1.017956     2.920102  -0.06142612     19568.09
      7201.6     1.018398     2.906752  -0.04907084     19570.61
      7201.8     1.018575     2.887571  -0.03100624      19571.5
        7202     1.018433     2.886775 -0.009059319     19570.79
      7202.2     1.018406     2.895297  0.007613559     19571.87
      7202.4     1.018606     2.899504  0.006670371     19573.71
      7202.6     1.018957     2.893662  -0.01596328     19572.96
      7202.8     1.019274     2.892111  -0.03833448     19574.17
        7203     1.019338     2.882527  -0.04438886     19577.24
      7203.2     1.019304     2.868837  -0.06893535     19578.55
      7203.4     1.018744     2.858151  -0.06548322     19578.77
      7203.6     1.018259     2.836963   -0.0420088     19578.86
      7203.8     1.018608      2.83014  -0.01770318     19578.83
        7204     1.019028      2.83523    0.0183188     19578.89
      7204.2      1.01934     2.843989    0.0209466     19578.15
      7204.4     1.019397     2.851618 -0.009858407     19577.63
      7204.6     1.019185     2.846898  -0.03886145     19578.44
      7204.8     1.019405     2.827343  -0.04857361     19580.42
        7205     1.019672     2.812899  -0.04505489     19583.82
      7205.2     1.019421     2.812759  -0.03929278     19585.91
      7205.4     1.019165     2.810854  -0.02614567     19587.32
      7205.6     1.019213     2.795909  -0.01182651     19588.82
      7205.8      1.01946     2.791983  -0.01248667     19587.97
        7206     1.019736     2.803298   0.01199731     19587.29
      7206.2     1.019883     2.800864   0.04297598     19589.06
      7206.4     1.019773     2.805506   0.02672074      19590.2
      7206.6      1.01954     2.826364  -0.01270807     19589.53
      7206.8      1.01938     2.824675  -0.05473711     19589.53
        7207     1.019184     2.790698  -0.06098833     19590.84
      7207.2     1.019079     2.761717  -0.04087023     19591.65
      7207.4     1.019098     2.777573  -0.01213387     19591.94
      7207.6      1.01932     2.791979   0.03364131     19592.77
      7207.8     1.019654     2.780991   0.03339483     19592.97
        7208     1.019645      2.78863  0.005121654     19593.23
      7208.2      1.01954     2.804289   0.02101176     19594.25
      7208.4     1.019774     2.796076   0.02937153      19595.6
      7208.6     1.019939       2.7978 -0.005368554     19596.73
      7208.8     1.019976     2.812127  -0.01365256     19596.97
        7209     1.019857     2.799994 -0.002775799     19598.93
      7209.2      1.01988     2.785154 -0.008552864     19600.74
      7209.4     1.019886      2.79558   0.01439729     19600.63
      7209.6     1.019479     2.805285   0.04057255      19600.2
      7209.8     1.019121     2.811512   0.03613661     19600.21
        7210     1.018887     2.817612   0.01650283     19601.73
      7210.2     1.018536     2.824489 -0.007539466     19602.71
      7210.4     1.018577     2.818487  0.003514086     19603.83
      7210.6     1.019013      2.80548   0.00149404     19605.65
      7210.8     1.019289     2.820423 -0.008411337     19606.49
        7211     1.019268     2.825684   0.02685505     19607.83
      7211.2     1.018775     2.811758   0.02731194     19609.07
      7211.4     1.018355     2.826964   0.01801125     19609.01
      7211.6     1.018516     2.842273   0.04895463     19607.77
      7211.8     1.018546     2.840093   0.06091001     19606.65
        7212     1.018102     2.850922   0.03451905     19606.25
      7212.2     1.017579     2.875692   0.01336811     19607.59
      7212.4     1.017019     2.869888   0.01971818     19609.35
      7212.6     1.016485     2.850788   0.01890884     19609.15
      7212.8     1.016416     2.866696   0.04307591     19609.25
        7213     1.016655     2.890819   0.08683869     19611.77
      7213.2      1.01668     2.904349   0.08308992     19613.96
      7213.4     1.016447     2.920258   0.05224734      19615.2
      7213.6     1.016125     2.933168   0.04471496     19615.42
      7213.8     1.015685     2.932617   0.03975419     19614.44
        7214     1.015034     2.940121   0.02824417     19614.53
      7214.2     1.014599     2.952062   0.05807067      19615.5
      7214.4     1.014243     2.955763   0.07409089     19615.13
      7214.6     1.013999     2.979074   0.03829671     19615.27
      7214.8     1.013853     2.999393   0.02174807     19617.02
        7215      1.01367     2.982699   0.01401444     19618.94
      7215.2     1.013706     2.973162 -0.008460008      19620.5
      7215.4     1.013224     2.990285 0.0004059859     19620.94
      7215.6     1.012382     2.992625   0.02940205     19621.35
      7215.8     1.011923     2.983024   0.02406964      19622.5
        7216     1.011941     2.996684   0.02224735     19625.25
      7216.2     1.012306     3.009541   0.02133926     19627.11
      7216.4     1.012265     3.010423   0.02460387     19626.81
      7216.6     1.011956     3.000095   0.04871663     19625.55
      7216.8     1.011855     3.016367   0.05515515     19626.54
        7217     1.011349     3.048514   0.06217765     19627.77
      7217.2     1.010688     3.054547   0.04714425     19625.97
      7217.4     1.010518     3.049838   0.01914131     19624.54
      7217.6     1.010262     3.054082   0.02047901     19625.27
      7217.8     1.010022     3.063827   0.02864779     19627.48
        7218     1.009852     3.070931   0.02702792     19628.01
      7218.2     1.009478     3.072756   0.03027676        19627
      7218.4     1.009146     3.075704   0.02778027     19627.61
      7218.6     1.008667     3.088049    0.0244405      19627.8
      7218.8      1.00825     3.093155   0.04065017      19627.3
        7219      1.00841     3.092308   0.04071842     19628.14
      7219.2     1.008476     3.108224   0.01841863     19629.78
      7219.4     1.008194     3.120624  0.003390619     19632.22
      7219.6     1.008166      3.10789  -0.01599512     19634.44
      7219.8     1.007949     3.095021  -0.03637347     19635.68
        7220     1.007548     3.095428  0.006709485     19635.65
      7220.2     1.007431     3.091525   0.06476568     19634.26
      7220.4     1.007471     3.113257   0.04238782     19634.14
      7220.6     1.007157     3.146833   0.02216259     19633.86
      7220.8      1.00671     3.129339  -0.01445484     19634.93
        7221     1.006484     3.109255  -0.06107706      19637.1
      7221.2     1.006443     3.101693  -0.01608208      19638.8
      7221.4     1.006494     3.097972    0.0293065     19640.46
      7221.6     1.006532     3.116473   0.01935561     19640.42
      7221.8     1.006239       3.1327 -0.009976503     19640.21
        7222     1.005854     3.117178  -0.01485607     19642.07
      7222.2     1.005908      3.08999 -0.002711126     19643.95
      7222.4     1.005869     3.104588 -0.002917277     19645.67
      7222.6     1.005512     3.130531 -0.000911197     19646.56
      7222.8      1.00525     3.114844  -0.02506432     19646.92
        7223     1.004928     3.089261   -0.0522994     19648.34
      7223.2     1.004421     3.084537  -0.02475094     19648.34
      7223.4      1.00418     3.088692   0.02357847     19648.05
      7223.6     1.004338     3.095043   0.03160628     19648.99
      7223.8     1.004436     3.108124   0.02989535     19649.09
        7224     1.004515     3.109822  0.006919422     19649.15
      7224.2     1.004476     3.112608  -0.05907646     19650.26
      7224.4     1.004305     3.100579  -0.09163359     19650.99
      7224.6     1.004155     3.060863  -0.09632562     19650.35
      7224.8      1.00382     3.036515  -0.06380085     19650.01
        7225      1.00339     3.035547    -0.010005     19649.67
      7225.2     1.002984     3.049538   0.01249824     19650.14
      7225.4     1.002741     3.052859   0.00225417     19654.04
      7225.6     1.002508     3.046513  -0.04201663     19657.86
      7225.8     1.002008     3.037351   -0.0449637     19658.02
        7226     1.001548     3.015925  -0.02475971     19658.08
      7226.2     1.001452     3.016888  -0.04086155     19658.56
      7226.4     1.001776     3.026706  -0.04873607     19658.82
      7226.6      1.00199     3.004661  -0.06686144     19659.24
      7226.8     1.001643     2.976936  -0.08643578     19658.43
        7227     1.001031     2.963399  -0.05987276      19657.4
      7227.2     1.000331     2.957557  -0.03519154     19657.44
      7227.4    0.9996517     2.956763   -0.0323292     19658.83
      7227.6    0.9994122     2.948783  -0.01639127     19660.63
      7227.8    0.9996328     2.937536  0.002238405      19662.6
        7228    0.9995284     2.944444 0.0005473821     19665.21
      7228.2    0.9992753     2.958554  0.004337457     19665.76
      7228.4    0.9987537     2.949221   0.02098778     19665.72
      7228.6    0.9980365     2.941005 0.0001254713     19666.82
      7228.8    0.9974494     2.961234  0.004684083      19667.1
        7229    0.9973673     2.958654   0.02254773     19668.19
      7229.2    0.9975706     2.952968  -0.03826588     19669.39
      7229.4    0.9974512     2.959044  -0.07188545     19668.98
      7229.6    0.9968975     2.930622  -0.08338602     19669.69
      7229.8    0.9962169     2.901146  -0.09278338     19670.48
        7230    0.9960137     2.886259  -0.04874373     19670.01
      7230.2    0.9960098     2.884817  -0.03093238     19669.79
      7230.4    0.9957766     2.891627  -0.02779604     19670.81
      7230.6    0.9954332       2.8764  -0.02225491     19671.99
      7230.8    0.9951278     2.864022  -0.04181784     19672.19
        7231    0.9949315     2.867013  -0.03175748     19671.84
      7231.2     0.994621     2.858172 -0.008589356      19670.5
      7231.4    0.9943819     2.850994  -0.01733305     19670.14
      7231.6    0.9944404     2.857151  -0.01787298     19671.06
      7231.8    0.9943311     2.853147  -0.02021487     19672.39
        7232    0.9941694     2.843874  -0.04539477     19674.41
      7232.2    0.9940253     2.834822  -0.04975048     19674.37
      7232.4    0.9939669     2.820835  -0.04103943     19674.84
      7232.6    0.9938091     2.813346  -0.02108414     19675.95
      7232.8    0.9932124     2.811042  -0.01161025     19676.64
        7233    0.9927793     2.817955  -0.04222844     19678.83
      7233.2    0.9925079     2.811547  -0.05991161     19680.18
      7233.4     0.992137     2.779563   -0.0641026     19681.43
      7233.6    0.9920061     2.763113  -0.05044003     19681.56
      7233.8    0.9920885     2.766673  -0.01599766     19679.69
        7234    0.9921142     2.771195  -0.01049134     19679.11
      7234.2     0.992003     2.766765  -0.02573162     19679.94
      7234.4    0.9919078      2.75472  -0.03974208     19681.33
      7234.6    0.9917633     2.746088  -0.03956072     19682.45
      7234.8    0.9914855     2.739401  -0.03346438     19682.63
        7235    0.9914321     2.735117  -0.02391687      19683.5
      7235.2    0.9913187     2.727948 -0.008398033     19685.16
      7235.4     0.991105     2.726954  0.008062817     19685.57
      7235.6    0.9913042     2.732683    0.0198679     19684.72
      7235.8    0.9911752     2.741567  0.007097827     19685.66
        7236    0.9910157     2.743843   0.00598451     19686.53
      7236.2     0.991358     2.732632  0.005435347     19686.04
      7236.4    0.9916213      2.73747   0.00597022     19685.83
      7236.6    0.9915512     2.745915 -0.0007468628     19686.24
      7236.8    0.9912091     2.748619  -0.02747279     19687.97
        7237    0.9909063     2.732035  -0.03289019     19688.07
      7237.2    0.9909076     2.715492  -0.03040067     19688.05
      7237.4    0.9909449     2.719603  -0.01399399     19690.33
      7237.6    0.9909505     2.724298  -0.01119913     19690.22
      7237.8    0.9909751      2.72084  -0.04215834     19690.23
        7238    0.9908277     2.706533  -0.06190033     19692.67
      7238.2    0.9907641     2.685876  -0.05085206     19693.62
      7238.4    0.9909536     2.674778   -0.0220729     19695.51
      7238.6    0.9908481     2.680158   0.02092829     19697.55
      7238.8    0.9905082     2.688874   0.03143475      19696.7
        7239    0.9907887     2.702619  0.008954017     19697.23
      7239.2     0.991254     2.699926   -0.0160091     19698.35
      7239.4    0.9912164     2.687321  -0.02272683     19699.14
      7239.6    0.9911743     2.676067   0.04282884     19700.93
      7239.8    0.9911295     2.684438    0.0811471     19701.54
        7240     0.990995     2.734189   0.06835309     19699.59
      7240.2    0.9912862     2.752239   0.03546214     19697.51
      7240.4    0.9915231      2.73075  -0.02451288     19697.06
      7240.6    0.9916629     2.712807  -0.03812209      19697.3
      7240.8    0.9919151     2.714579  -0.03454631     19699.35
        7241    0.9923667     2.721741  -0.06133163     19703.38
      7241.2    0.9927026     2.703113  -0.07087034     19705.64
      7241.4    0.9929021     2.663742 -0.004139863     19706.78
      7241.6    0.9931024     2.657882   0.08925892     19708.25
      7241.8    0.9929927     2.718429      0.13618     19708.03
        7242     0.993068      2.77452    0.1264768     19707.11
      7242.2    0.9933256     2.772686   0.04731137     19707.18
      7242.4    0.9934027     2.759064  -0.05237477     19708.82
      7242.6    0.9934755     2.756278  -0.07674512     19711.27
      7242.8    0.9936336      2.73262  -0.04378484     19713.66
        7243    0.9937437      2.71129  -0.03399197     19715.25
      7243.2    0.9939787     2.724036  -0.02237303     19715.75
      7243.4    0.9942998     2.729085  0.003993752     19715.45
      7243.6    0.9944464     2.714721 -0.005153702     19716.25
      7243.8    0.9943789     2.714485   -0.0222533      19718.3
        7244    0.9945661     2.719913   0.03806166     19718.66
      7244.2    0.9949971     2.711282     0.113222     19719.55
      7244.4    0.9952867     2.745171    0.1220005     19721.05
      7244.6    0.9953503     2.805063    0.1240168     19720.21
      7244.8    0.9953576     2.817513   0.08635482      19718.5
        7245    0.9956607     2.810496 0.0008489022     19718.78
      7245.2    0.9959507     2.814255  -0.03848872     19720.44
      7245.4    0.9958526     2.805742  -0.03693415     19719.91
      7245.6    0.9957859     2.786722  -0.03919696     19718.55
      7245.8    0.9960152     2.780948  -0.02623114     19720.05
        7246     0.996313     2.782897  -0.01175348     19721.81
      7246.2    0.9964169     2.784757  -0.02020716     19722.43
      7246.4     0.996617      2.77732  -0.02879981     19722.03
      7246.6    0.9969886     2.764783  -0.04859054     19721.78
      7246.8    0.9973727     2.759857  -0.05699325     19724.51
        7247    0.9976674     2.745884  -0.02070927     19727.12
      7247.2    0.9980263     2.731725   0.01974119     19728.66
      7247.4    0.9982128     2.748215   0.07711333     19729.53
      7247.6    0.9982406      2.77565    0.1352443     19730.67
      7247.8    0.9987435     2.807575    0.1142674     19731.65
        7248    0.9993787      2.83992   0.05807268     19731.99
      7248.2    0.9998168     2.839629   0.01541151      19731.8
      7248.4     1.000101     2.822108  -0.02366897     19730.93
      7248.6       1.0002     2.819904  -0.03397286     19731.36
      7248.8      1.00013     2.820985  -0.01168305     19731.68
        7249    0.9998289     2.812451   0.01788324     19731.22
      7249.2     0.999694     2.812762   0.03761577     19732.41
      7249.4    0.9998873     2.834211   0.03474401     19733.38
      7249.6     1.000115     2.851078   0.01333012     19732.62
      7249.8     1.000242     2.840246  -0.03920508     19731.26
        7250     1.000085     2.823426  -0.08331205     19732.43
        7252     1.003185     2.802332 -0.002524191     19741.14
        7254     1.005813     2.801681 -0.004517696     19749.46
        7256     1.007776     2.781075 -0.007109169     19755.64
        7258     1.010448     2.765462 -0.005591517     19763.25
        7260     1.012683     2.745459 -0.002393583     19771.88
        7262     1.013935     2.756949 -0.001832254     19776.95
        7264     1.016415     2.761927  0.001504821     19786.98
        7266     1.017656     2.750804  0.003821991     19790.63
        7268     1.018576     2.757497  0.005579946      19796.2
        7270     1.019328     2.787525    0.0132725     19808.25
        7272     1.018868     2.806566   0.01183096     19813.97
        7274     1.018439     2.856984  0.008760576     19821.73
        7276     1.018234     2.852145  0.007423002     19826.03
        7278     1.017165      2.85761 0.0004550047     19833.71
        7280     1.016429      2.86595  0.003545955     19838.67
        7282     1.014654     2.860624  0.004236309     19843.76
        7284      1.01358     2.880512 0.0003688522     19851.41
        7286     1.011881       2.8915  0.001617988     19859.74
        7288     1.010362     2.868901 -0.002140962     19864.59
        7290     1.008707     2.873568 -0.006139543     19872.03
        7292     1.007386     2.863385 -0.008628363      19879.8
        7294     1.005291     2.842384  -0.01536849     19885.18
        7296     1.004569     2.799874  -0.01523158      19892.6
        7298     1.004378      2.75062  -0.01791425     19898.71
        7300      1.00402     2.741532   -0.0155386     19905.94
        7302     1.003081      2.69907 -0.009689288     19909.98
        7304     1.002395     2.675565 -0.008987164     19919.99
        7306     1.002657     2.673106 -0.008091116      19924.8
        7308     1.002252     2.669635 -0.002184965     19931.32
        7310     1.001779     2.634341 -0.001375839     19934.77
        7312     1.001998     2.658086 -0.004420071     19938.69
        7314     1.002038     2.662099  0.003118236     19949.17
        7316     1.001966     2.634274 -0.002255064     19958.06
        7318     1.001681     2.659287 -0.005116464      19962.8
        7320     1.001853     2.640045  0.001250268     19969.63
        7322     1.001792     2.621167 -0.002286541     19975.33
        7324     1.002112     2.644276 -0.001944365     19980.91
        7326     1.001605     2.640994 0.0006122274     19988.42
        7328     1.000747      2.62449 -0.006807864     19990.18
        7330     1.000988     2.626065 -0.007906843     19999.57
        7332     1.001012     2.589813 -0.005627607     20007.32
        7334     1.001043      2.57774 -0.005739924     20012.49
        7336     1.000061     2.579469 -0.002205786     20019.24
        7338     1.000308     2.580146  0.001221763     20022.75
        7340     1.000354     2.572167   0.00317674     20030.14
        7342     0.999811     2.587514  0.007208091     20039.84
        7344     1.000511     2.604883   0.00981496     20044.35
        7346    0.9996538     2.637811   0.01012752     20048.75
        7348    0.9996342     2.650687  0.006842103     20050.52
        7350    0.9994718     2.668534  0.006868341     20058.73
        7352    0.9993869      2.65962  0.006972629     20064.02
        7354    0.9999029     2.692757  0.004273219     20069.97
        7356    0.9997107     2.706468  0.005871972     20076.74
        7358     0.999436      2.70272  0.003726017     20085.28
        7360    0.9995594     2.706596  0.001871878     20091.05
        7362    0.9993266     2.722565 0.0006797831     20096.73
        7364    0.9995477     2.721443 9.729161e-05     20103.23
        7366    0.9993947     2.708158 -0.003295878     20106.74
        7368    0.9995081     2.707374 -0.004653639     20116.27
        7370    0.9993873     2.696198 -0.006397848      20121.3
        7372    0.9990481     2.684214 -0.009363421      20125.1
        7374    0.9990027     2.656975  -0.01119621     20127.64
        7376    0.9987546     2.632467  -0.01326464      20133.6
        7378    0.9986203     2.606629  -0.01377734     20140.61
        7380    0.9985795     2.578097  -0.01444644     20149.86
        7382    0.9988348     2.546756  -0.01463806     20155.18
        7384    0.9983246     2.516895  -0.01213548     20161.27
        7386    0.9987226     2.489524 -0.005735947     20168.65
        7388     0.998108     2.481013 -0.001639241     20172.93
        7390    0.9982279     2.500869  0.002289065     20178.77
        7392    0.9984459     2.503781  0.001864532     20184.67
        7394    0.9983406     2.507837 0.0009776067     20192.94
        7396     0.997556     2.495929  0.000782517     20196.94
        7398    0.9976493      2.50869 -0.001395347     20201.26
        7400    0.9975711     2.510042  0.001630045     20210.08
        7402    0.9969972     2.496674  -0.00347457     20217.39
        7404    0.9970949     2.508969 -0.006318201     20223.61
        7406    0.9974743     2.480893 -0.001346494     20230.35
        7408    0.9975212     2.459496 -0.0003073377     20235.58
        7410    0.9967397     2.485902 -0.0003903874     20243.13
        7412    0.9970447     2.506511  0.005857858     20248.19
        7414    0.9967171      2.47777  0.003044325     20255.28
        7416    0.9968521     2.506359 -0.003273619      20261.7
        7418    0.9966686     2.510257 0.0009933171     20264.95
        7420    0.9965113     2.480322 -0.002998159      20269.5
        7422    0.9962766     2.485717 -0.005549521     20268.87
        7424    0.9964399     2.482374 -0.002846703     20273.23
        7426    0.9961157      2.46586  -0.00378308     20281.11
        7428    0.9959559     2.457548 -0.004975429     20287.05
        7430    0.9958598     2.455452 -0.002375171     20295.92
        7432    0.9951581      2.44257 -0.001646744     20301.33
        7434    0.9950889     2.446859 -0.001189806     20308.33
        7436    0.9951424     2.444374 0.0008733738     20310.72
        7438    0.9953082     2.445933  0.002481604     20317.38
        7440    0.9953932     2.449557  0.001426713     20324.17
        7442    0.9950706     2.466712  0.002116449     20331.63
        7444    0.9946085     2.455788   0.00375601     20334.93
        7446    0.9948631     2.462865  0.002560142     20342.57
        7448    0.9952427     2.479605   0.00282472      20347.6
        7450     0.994903     2.487193  0.001994054     20351.68
        7452     0.994923     2.478386 -0.001879513     20359.07
        7454    0.9950354     2.478818 -0.001667551     20363.69
        7456    0.9945843     2.464569 -0.0006254949     20367.13
        7458    0.9946879     2.473853  -0.00256518      20375.4
        7460    0.9946282     2.473382 -0.001727158     20380.43
        7462    0.9950146     2.458296 -0.003806055     20386.37
        7464    0.9951515     2.450752 -0.005528182     20387.59
        7466     0.995039     2.443404 -0.003447835     20396.25
        7468    0.9947168     2.429156 -0.001602796     20401.04
        7470    0.9949787     2.430713 -0.003506915     20408.68
        7472    0.9951501     2.437929 -0.003266108      20415.4
        7474    0.9954717     2.415349 -0.004648861     20419.81
        7476    0.9955079     2.403027 -0.006811801     20426.84
        7478    0.9949149     2.393522 -0.005665462     20432.18
        7480    0.9952998     2.383435 -0.003781229     20434.73
        7482    0.9948404     2.370025 -0.003756594     20436.41
        7484    0.9954842     2.372777 -0.005292425     20446.29
        7486    0.9958288      2.36347  -0.00424534     20452.47
        7488    0.9950887     2.341096 -0.005146878     20452.86
        7490    0.9955183     2.336062 -0.004762782     20457.86
        7492    0.9955507     2.331602 -0.001708401     20462.84
        7494    0.9960135     2.325367 -0.001621973     20473.17
        7496    0.9957655     2.327428 -0.001935762     20477.17
        7498    0.9953048     2.323087  0.001109414     20481.66
        7500    0.9951094     2.316116 0.0008673464     20487.86
        7502    0.9957868     2.334243 0.0008754399     20490.87
        7504    0.9958559     2.334367 0.0003460562     20495.33
        7506    0.9955393      2.33009 -0.001165491     20500.35
        7508    0.9953581     2.318885 -0.001082561     20502.89
        7510    0.9951683     2.324919 -0.003463555     20505.54
        7512    0.9950374     2.325707 -0.001796318     20511.94
        7514    0.9953383     2.302382 -0.003951325     20516.16
        7516    0.9949489     2.304514 -0.005827879     20516.86
        7518    0.9947574     2.293308  -0.00109825     20502.43
        7520    0.9950858     2.279084 -0.001206842     20490.62
        7522    0.9953569     2.293596 -0.002241375     20489.04
        7524    0.9955726      2.29486 -0.001480095      20406.7
        7526    0.9963323     2.275377 -0.001318421      20194.7
        7528    0.9934455     2.267243 -0.001195735     20250.62
        7530    0.9952875     2.283048 0.0008393052     20238.98
        7532    0.9943897     2.285294  0.002256618        20341
        7534     0.995318     2.282092  0.001234296     20554.79
        7536    0.9951029     2.285296 -0.0008302606      20544.1
        7538    0.9954128     2.292923  0.000281843     20551.93
        7540    0.9949444     2.278652  0.000310098     20569.71
        7542    0.9951408     2.284346 -0.001793475     20589.37
        7544    0.9942505     2.287777 -0.002016314     20594.58
        7546    0.9945432     2.278575 -0.003813223     20598.86
        7548    0.9956372     2.262521 -0.003209963     20604.32
        7550    0.9953921     2.253841 -0.001637257     20608.65
        7552     0.994522     2.262097 -0.0009791422     20611.42
        7554    0.9950175     2.265477 0.0008997019     20619.57
        7556    0.9951524     2.254688 -0.0007414113     20621.09
        7558    0.9951464     2.261038 -0.001258237     20627.89
        7560    0.9951338     2.256166 0.0007057113     20633.42
        7562    0.9951213     2.255411 -0.0009397054     20639.28
        7564    0.9951451     2.260334 -0.001537243     20646.71
        7566    0.9955697     2.253521 -0.001566431     20651.23
        7568    0.9954398     2.243868 -0.002628119     20656.69
        7570    0.9952633      2.24288 -0.003077357     20659.56
        7572    0.9954713     2.239309 -0.003780241     20660.44
        7574    0.9951731     2.228902 -0.003955127     20666.18
        7576    0.9954988     2.213626 -0.004403017     20673.93
        7578    0.9954599     2.211239  -0.00375605     20675.63
        7580    0.9948648     2.204085 -0.002251466     20679.47
        7582    0.9956011     2.198853 -0.002129593     20685.43
        7584    0.9957069     2.195614  -0.00223066     20687.14
        7586    0.9953358     2.194202 -0.001335751     20688.33
        7588    0.9954105     2.186239 -0.001281794     20693.42
        7590     0.995208     2.188167 -0.002767196     20693.55
        7592      0.99538      2.18536 -0.001683574     20698.18
        7594    0.9955299     2.172064 -0.001414054     20701.75
        7596    0.9959401     2.172771 -0.001466418     20705.82
        7598     0.995797     2.176855 -0.0002114758     20705.58
        7600    0.9954192     2.173628 -0.001071948     20712.77
        7602    0.9956983     2.170372  -0.00290043     20715.53
        7604    0.9957221     2.164195 -0.003215238     20717.86
        7606     0.995537     2.153652 -0.003897691     20722.03
        7608    0.9956446     2.147907 -0.002243587     20726.95
        7610    0.9961909     2.139191 -0.001704941     20730.19
        7612    0.9964011     2.146246 -0.0008922966     20735.18
        7614    0.9967801     2.140012 -0.0005402622     20740.25
        7616    0.9963012     2.140768 -0.0004809676     20742.69
        7618    0.9962887     2.134869 -0.0002637827     20747.09
        7620    0.9968267     2.142399 0.0003574741     20752.33
        7622    0.9968567     2.137902 -0.000607835      20760.3
        7624    0.9966871     2.143628 -0.001225729      20761.9
        7626    0.9967914     2.130006 -0.001717624      20763.8
        7628    0.9971047     2.132593 -0.002378568     20769.25
        7630    0.9974416     2.124161 -0.001590846     20772.33
        7632    0.9971466     2.124599 -0.002313241        20778
        7634    0.9976351     2.117279 -0.002430578      20782.9
        7636    0.9975886     2.114087 -0.003610499     20786.13
        7638    0.9974214     2.104716 -0.001932715     20791.92
        7640    0.9973283     2.095715 -0.002792466     20797.09
        7642    0.9973433     2.101818 -0.003216161     20800.75
        7644    0.9974114     2.091747 -0.002421287     20806.48
        7646    0.9975706     2.078987 -0.003489046      20808.7
        7648     0.997403     2.076345 -0.002202354     20810.25
        7650    0.9973146     2.073905 -0.0006744578     20815.85
        7652    0.9974204     2.074128 -5.469373e-05     20822.74
        7654    0.9973844     2.073591 -5.812602e-05     20825.49
        7656    0.9975245     2.075908 -0.0005954298     20831.16
        7658    0.9976228      2.07344 -0.0006826283     20834.98
        7660     0.997717     2.069365 -0.001093187     20836.91
        7662    0.9974538      2.06813 -0.001610597     20841.44
        7664    0.9973602     2.067162   -0.0014049     20847.82
        7666    0.9978025     2.060555 -0.0004878397      20852.2
        7668    0.9974954     2.058126 -0.0007924204     20854.63
        7670    0.9972362     2.064227 -0.0004755767     20854.42
        7672    0.9972398     2.060823 -0.001104359     20857.88
        7674     0.997543     2.056751 -0.001123165     20863.88
        7676    0.9976741     2.049291 -0.001834625     20866.35
        7678    0.9971618     2.055242 -0.001452622     20869.81
        7680    0.9971682     2.046146 -0.0008569407     20875.58
        7682    0.9972432      2.04513 -0.001861194     20879.17
        7684    0.9972065     2.042435 -0.0008208381     20882.08
        7686     0.997993     2.040353 -0.000217495     20886.81
        7688    0.9976342     2.039579 -0.001622056     20888.35
        7690      0.99778      2.04339 -0.001393478     20893.82
        7692    0.9978756     2.029459 -0.001578192     20898.45
        7694    0.9983518     2.029205 -0.003340733      20902.5
        7696    0.9982032     2.026953 -0.002533631      20905.2
        7698    0.9979554     2.016664 -0.002095426     20908.37
        7700    0.9979224      2.00919 -0.001778653      20910.8
        7702    0.9985881     2.012441 -0.001302844     20913.37
        7704    0.9984866     2.012724 -0.0004972087     20919.74
        7706     0.999158     2.006241 -0.0004248065     20928.19
        7708    0.9990495     2.005212 -0.0008343619     20928.19
        7710    0.9990623     2.009043  -0.00091393     20933.32
        7712    0.9990362     2.006049 -0.001161373     20935.88
        7714    0.9995042      1.99893 -0.001543239     20940.11
        7716    0.9997981     1.995921 -0.001351268     20945.27
        7718     1.000188     1.996697 -0.0004295995      20949.5
        7720    0.9999113     1.995239 -0.0002012216     20952.72
        7722      1.00025     1.995493 -0.001957936     20957.09
        7724     1.000139     1.994311 -0.001029077      20958.2
        7726     1.000309     1.981033 -0.001297111     20963.55
        7728      1.00068     1.987007 -0.003334765     20965.86
        7730     1.000816     1.985116 -0.001694311     20968.94
        7732     1.000575     1.967633 -0.002651504     20973.16
        7734     1.001137     1.967479 -0.002570982     20971.96
        7736     1.000427     1.965795 -0.0009574541     20976.22
        7738     1.000282     1.964548 -0.0007973193     20982.49
        7740     1.000279     1.959974 -0.0003449123     20979.94
        7742     1.000022       1.9611 -0.001265036     20985.77
        7744    0.9997379     1.963035 -0.0009373161     20990.95
        7746     1.000172     1.954428 -0.001315399     20992.95
        7748     1.000737     1.952475 -0.001729506     20995.82
        7750     1.000783     1.950577 -0.0006876057     21000.77
        7752     1.000771     1.949199 -0.0002777448     21001.27
        7754     1.000833     1.948927 -0.0009449965     21006.37
        7756     1.000684     1.950253 -0.0006445226     21006.79
        7758     1.001346     1.943017 -0.001224838      21009.8
        7760     1.001236     1.944043 -0.002072163      21014.8
        7762     1.001194     1.939128 -0.002192069     21021.64
        7764     1.001493     1.933676 -0.002717195     21025.44
        7766     1.001001     1.925481 -0.002564037     21025.75
        7768     1.001316     1.922305 -0.002014751     21025.74
        7770     1.001423     1.918616 -0.001468737     21025.98
        7772     1.001423     1.917558 -0.001818867     21029.87
        7774     1.001487     1.913731 -0.001711245     21032.81
        7776     1.001154     1.907755 -0.001769359     21026.99
        7778     1.000736     1.904926 -0.001668479     21023.63
        7780     1.000924     1.903403 -0.001268804     21017.44
        7782     1.001581     1.900383 -0.0009185535     20989.18
        7784     1.003163     1.897604 -0.001853308     20754.39
        7786     1.004973     1.897578 -0.002705776     20171.62
        7788    0.9992678     1.888576 -0.001450928     20037.14
        7790    0.9993201     1.878737 -0.001768172     20214.05
        7792     1.001675     1.885997 -0.001053718      21042.7
        7794     1.001752     1.883432 -0.0002749121     21076.96
        7796     1.001652     1.880147 -0.001271336     21084.17
        7798     1.001787     1.876537 -0.001213537     21090.76
        7800     1.001851     1.875826 -0.0009272226     21100.78
        7802     1.001925     1.873724 -0.0006675599     21100.02
        7804     1.001704     1.872729 -0.0005997653     21102.31
        7806     1.002382     1.871197 -0.001292057     21107.16
        7808     1.002271     1.871028 -0.001296433     21109.57
        7810     1.001986     1.863388 -0.001936087     21110.57
        7812     1.002421     1.862357 -0.002502412     21115.34
        7814     1.002764     1.855708 -0.001679542     21118.68
        7816     1.002567     1.851009  -0.00106018     21117.16
        7818     1.002862     1.849951 -0.001068476     21120.83
        7820     1.002948     1.853876 -0.001061255     21124.15
        7822     1.002747      1.84716  -0.00138861     21125.65
        7824     1.003228     1.842519 -0.001849117     21130.34
        7826     1.003082     1.838842 -0.001419353     21132.46
        7828     1.003024     1.839083 -0.001347994     21135.26
        7830     1.003238     1.835806 -0.0009277962     21135.85
        7832     1.003401     1.831735 -0.002151284     21138.94
        7834     1.003306      1.83142  -0.00156104     21142.08
        7836     1.003304     1.821873 -0.001817129     21145.45
        7838     1.003177     1.823317 -0.002656636     21148.04
        7840     1.003398     1.817198 -0.001785054     21151.21
        7842     1.003588     1.810167 -0.001832681     21157.79
        7844      1.00353     1.807592 -0.0008963806     21161.48
        7846     1.003238     1.808656 -0.0006545494     21160.44
        7848     1.003231     1.810026 -0.0002457404     21164.69
        7850     1.003303     1.804931 -0.001162003     21167.69
        7852     1.003641     1.805626 -0.001041124     21170.02
        7854     1.003507      1.79936 -0.0004434497     21168.97
        7856     1.003414     1.801697 -0.001231919     21172.41
        7858     1.003016     1.801383 -0.001277672     21174.89
        7860     1.003107     1.795771 -0.001754265     21178.06
        7862     1.003173     1.789138 -0.001896518     21181.97
        7864     1.002674     1.787663 -0.001746224     21181.08
        7866      1.00304     1.786211  -0.00207431     21187.15
        7868     1.003081     1.781801  -0.00170427     21189.61
        7870     1.003447     1.772544 -0.001840116     21193.25
        7872     1.003687     1.774029 -0.002173349     21194.26
        7874     1.003416      1.77149 -0.001167541     21196.34
        7876     1.003553     1.764414 -0.002038177     21199.98
        7878     1.003523     1.763204 -0.002053674     21208.64
        7880     1.003428     1.757724 -0.001699927     21212.74
        7882     1.003378     1.755061 -0.001694748     21209.51
        7884     1.003633     1.750815  -0.00115504     21212.16
        7886     1.003691     1.749646 -0.001033466     21216.26
        7888      1.00405     1.748483 -0.001273814     21220.62
        7890     1.004541     1.746793 -0.001942739     21226.93
        7892     1.004109     1.740625 -0.001949116     21231.76
        7894     1.004102     1.734104 -0.001455694     21231.47
        7896      1.00409     1.732891 -0.001187355     21235.95
        7898     1.003661     1.735147 -0.001175249     21238.19
        7900     1.004356     1.731126   -0.0012782     21243.13
        7902      1.00466     1.724702 -0.001684584     21246.58
        7904     1.004511     1.722665 -0.001620637     21250.89
        7906     1.004594     1.721671 -0.001516607     21253.82
        7908     1.004307     1.718161 -0.001455636     21254.92
        7910     1.004388     1.712569 -0.001546387     21258.95
        7912     1.004331      1.71102 -0.001531498     21260.14
        7914     1.004945     1.709299 -0.001120562     21204.48
        7916     1.006023     1.705909 -0.001131806     20938.08
        7918     1.005797     1.703604 -0.001108055     20663.82
        7920     1.004406     1.701965 -0.001326097     20953.77
        7922      1.00475     1.700435 -0.001416772     21184.24
        7924     1.004762       1.6953 -0.001446152     21233.84
        7926     1.004289      1.69227 -0.001963519     21246.77
        7928     1.003964     1.690396 -0.001103588     21249.61
        7930     1.004485     1.684727 -0.001269746      21259.4
        7932     1.004323     1.686471 -0.001253396     21263.58
        7934     1.004514     1.682112 -0.0009018789     21267.64
        7936     1.004645     1.680369 -0.001802963     21272.75
        7938     1.004839     1.677512 -0.001122517     21277.64
        7940     1.005111     1.672047 -0.001038634     21280.96
        7942     1.004753     1.673132 -0.0008716461     21280.72
        7944     1.005029      1.67206 -0.0005653724     21283.83
        7946     1.004774     1.670539 -0.001503273     21286.14
        7948     1.004636     1.667524 -0.001587235     21289.71
        7950     1.004543     1.661106 -0.001951507     21293.23
        7952     1.004498     1.659362 -0.002028043     21297.97
        7954     1.005081     1.654927 -0.001450981     21294.73
        7956     1.005077       1.6513 -0.001251835     21296.62
        7958     1.005097     1.649498 -0.001335998     21301.02
        7960     1.005367     1.649347 -0.0002973722     21303.73
        7962     1.004967     1.644239 0.0003581653     21303.88
        7964     1.004767     1.648921 -0.0009300389      21303.8
        7966     1.004645     1.652363 -0.001599672     21306.77
        7968     1.004623     1.641907 -0.001845566     21310.73
        7970      1.00437     1.631441 -0.002850693     21313.92
        7972     1.004834     1.634157 -0.002311755     21316.02
        7974     1.004599     1.629558 -0.0009498268     21317.16
        7976     1.004264     1.623413 -0.002023257     21319.79
        7978      1.00449     1.623843 -0.001562241     21321.68
        7980     1.005142     1.617971 -0.0009925309     21327.56
        7982     1.004844      1.61706 -0.001373794     21330.61
        7984     1.005118     1.615473 -0.001161761     21332.12
        7986     1.004926     1.612852 -0.001149921      21331.5
        7988     1.004899     1.608676 -0.001588087     21337.75
        7990     1.004917     1.607861 -0.001268208      21338.1
        7992     1.005032     1.602768 -0.0009439388     21340.33
        7994     1.005517     1.602707 -0.001180796     21344.27
        7996     1.005522     1.601125 -0.0008805384     21344.02
        7998     1.005401     1.598414 -0.001067702     21348.89
        8000     1.005459     1.595724 -0.001606478     21349.89
        8002     1.005457     1.594165 -0.001402216     21350.34
        8004     1.005654     1.588273 -0.001344451     21354.35
        8006     1.005654     1.587197 -0.001454138     21359.06
        8008     1.005493     1.584968 -0.001208694      21361.2
        8010     1.005399     1.582532 -0.001695465      21361.5
        8012     1.005625     1.578604 -0.001232613     21364.29
        8014      1.00598     1.573633  -0.00154342     21370.92
        8016     1.005858     1.575107  -0.00146219     21371.65
        8018     1.005787     1.570185 -0.0006783986     21372.44
        8020      1.00551     1.566906 -0.001611073      21376.2
        8022      1.00556     1.568206 -0.001250885     21379.79
        8024     1.005196     1.562219 -0.001392437     21382.24
        8026     1.004844     1.560177 -0.001770174     21378.47
        8028     1.005183     1.555767  -0.00134972     21382.51
        8030     1.004735     1.554044 -0.001122198     21385.35
        8032     1.004958     1.551421 -0.001056156     21390.29
        8034     1.004923       1.5512 -0.001234995     21388.82
        8036     1.004495     1.547317 -0.001219627     21390.61
        8038     1.004641     1.544164 -0.001770258     21394.53
        8040     1.004603     1.541664 -0.001284865      21397.6
        8042     1.004242     1.537038 -0.0008109486      21399.1
        8044     1.004058     1.537038 -0.001043664     21399.99
        8046       1.0042     1.537677 -0.001276692     21400.01
        8048     1.004115     1.533315 -0.001137857     21402.75
        8050     1.004141     1.526824 -0.001936034     21407.98
        8052     1.003914     1.527936 -0.001777408     21406.99
        8054     1.003737     1.522188 -0.001361001     21409.74
        8056     1.003728     1.519095 -0.001601778     21412.05
        8058     1.004014     1.515936 -0.001122713      21414.5
        8060     1.003738     1.515121 -0.001051779      21416.3
        8062     1.003413     1.513207 -0.001307898     21420.29
        8064      1.00321     1.510681  -0.00142557     21418.38
        8066     1.003214     1.505473 -0.001417336      21421.8
        8068     1.003267     1.503717 -0.001526435     21422.43
        8070     1.002903     1.501868 -0.001643746     21423.37
        8072     1.002494      1.49847 -0.001856801     21422.98
        8074     1.003141     1.492323 -0.001792732     21428.12
        8076     1.003177     1.488862  -0.00120318     21426.43
        8078     1.003217     1.487526 -0.0004932712     21428.52
        8080     1.003223     1.488844 -0.0008765698     21431.14
        8082     1.002936     1.488377 -0.001146982     21431.43
        8084     1.002809      1.48185 -0.001419216     21436.05
        8086     1.002425      1.47835  -0.00155143     21432.82
        8088     1.002433      1.47749 -0.001172325     21435.85
        8090     1.002511     1.475966 -0.001374419     21437.36
        8092     1.002775     1.472471  -0.00176956     21440.41
        8094     1.002736     1.467355 -0.001699204     21444.13
        8096     1.002893     1.463334 -0.000978572     21447.43
        8098       1.0027     1.462372 -0.0005218876     21447.98
        8100     1.002497     1.464643  -0.00111434     21448.49
        8102     1.002548      1.46318 -0.0009228396     21452.51
        8104     1.002121     1.454419  -0.00118502     21453.14
        8106     1.001751     1.454989 -0.001072358     21454.31
        8108     1.001824     1.455162 -0.0004093966     21457.81
        8110     1.001822     1.454601  -0.00118333     21459.84
        8112     1.001439     1.451144  -0.00142271     21457.31
        8114     1.001532     1.445523 -0.001426932     21463.08
        8116     1.001604     1.443781 -0.001647791     21461.52
        8118     1.001317     1.443186 -0.001489751     21466.78
        8120     1.001115     1.437962 -0.001463303     21465.79
        8122     1.001539     1.433605 -0.001682017     21465.36
        8124     1.001609     1.432074 -0.001201544     21469.88
        8126     1.001051     1.429729 -0.0008444286     21468.11
        8128     1.000991     1.428349 -0.001161103     21469.06
        8130     1.000866     1.426849 -0.001528701     21467.45
        8132     1.000929     1.422786 -0.001518769     21470.41
        8134     1.000489       1.4175 -0.001361016     21470.73
        8136     1.000122     1.416199 -0.001425545     21469.99
        8138     1.000123     1.415961 -0.001118189     21472.52
        8140     1.000064     1.411381 -0.001311077     21473.46
        8142     1.000051     1.408554 -0.001264541     21473.37
        8144    0.9999622     1.405711   -0.0011216     21475.26
        8146    0.9996075     1.405845 -0.001136501     21477.41
        8148    0.9995261     1.402408 -0.001172908     21478.71
        8150    0.9990899     1.399462 -0.001208142     21475.25
        8152    0.9987926     1.396327 -0.001199168     21477.64
        8154    0.9984282      1.39618   -0.0011023     21479.46
        8156    0.9982267     1.392815 -0.001021537     21482.31
        8158    0.9983247     1.390644 -0.001345417     21483.03
        8160     0.998222     1.388155 -0.001216573     21483.14
        8162    0.9981661     1.385416 -0.0008483415     21484.13
        8164    0.9980246     1.383082 -0.001261751     21487.43
        8166     0.998069     1.383857 -0.001244786     21489.43
        8168    0.9978057     1.378061 -0.001331558     21491.89
        8170    0.9972899     1.375458 -0.001779316     21486.49
        8172    0.9972898      1.37243 -0.001124926     21490.93
        8174    0.9967501     1.369623 -0.001251997     21493.18
        8176    0.9964984     1.369062 -0.001115061     21492.32
        8178    0.9964482     1.365442 -0.0009704299      21495.3
        8180    0.9965839      1.36351  -0.00169088     21498.57
        8182    0.9964591     1.361859 -0.001348944     21498.38
        8184    0.9959736     1.355535 -0.001127096     21500.62
        8186    0.9954388      1.35465 -0.001139196     21498.97
        8188    0.9953555     1.354493 -0.0007069657     21498.99
        8190    0.9952542     1.352746 -0.0009061724     21499.55
        8192    0.9949784     1.349879 -0.0009732194     21501.16
        8194    0.9949312     1.347401 -0.001430671     21504.18
        8196    0.9943511     1.346707 -0.001477584     21505.87
        8198    0.9943628       1.3413 -0.001459496     21505.13
        8200    0.9939228     1.338058 -0.001697689     21504.39
        8202    0.9937827     1.335725 -0.001300293     21505.45
        8204    0.9938621     1.333125 -0.001275282     21507.52
        8206    0.9935073     1.330898  -0.00117498     21508.51
        8208    0.9931678     1.327856  -0.00113572     21508.97
        8210    0.9932911     1.326325 -0.001346378     21509.12
        8212    0.9928667      1.32404 -0.001025106     21512.63
        8214    0.9926859     1.320127 -0.001151454     21513.59
        8216    0.9924492     1.319655 -0.001141227     21513.78
        8218    0.9922054     1.317114 -0.000929983     21512.63
        8220    0.9920753      1.31491 -0.001120802     21517.17
        8222    0.9916651     1.312687 -0.001196327     21517.49
        8224    0.9916098     1.310689 -0.0009495705     21518.68
        8226    0.9914515     1.307543 -0.001236623      21519.3
        8228    0.9913713     1.307313 -0.001471695     21519.71
        8230    0.9910818     1.302794  -0.00170557     21519.11
        8232    0.9902365     1.298915 -0.001531218     21517.37
        8234    0.9902237     1.293898 -0.001439843     21520.46
        8236    0.9900238     1.295064 -0.001285479     21525.42
        8238    0.9894899     1.291275 -0.0009000045     21523.03
        8240    0.9889472     1.288631 -0.001594442     21521.11
        8242    0.9890722     1.286698 -0.001336621     21525.26
        8244    0.9891197     1.282308 -0.001182312     21525.62
        8246    0.9890165     1.280582 -0.001391384     21525.07
        8248    0.9888237     1.279173 -0.001353522     21527.99
        8250    0.9883467     1.275567 -0.001726373     21527.82
