# This file has been produced by extranormal (v 1.0.1 - February 23, 2017)
# O. Roudenko - Synchrotron SOLEIL. Covered by GPL licence.
#Data from HDF File: /nfs/ruche-rock/rock-soleil/com-rock/2021/Projets/20210209_Hilde/InSitu/10Ni-10Fe_50BN/10Ni-10Fe_50BN_RWGS750_CO2pulses_H2cst_ratio1/10Ni-10Fe_50BN_RWGS750_CO2pulses_H2cst_ratio1_00726.nxs to 10Ni-10Fe_50BN_RWGS750_CO2pulses_H2cst_ratio1_00727.nxs
#Time at start=2021-02-10 14:42:38.997
#Time from start (seconds)=3628.74105435
#Sample temperature (C)=24.7
# Normalization -------------
# pivot spectrum: Pivot_Fe_10Ni-10Fe_50BN_RT_air_av2000_00001.txt
# E0=7112.0   Eshift=1.67752144201
# E0_pivot = 7112.0
# pre-edge params: from E0_pivot-140.0 to E0_pivot-20.0
# pre-edge range: [6972.0, 7092.0]
# post-edge params: from E0_pivot+100.0 to E0_pivot+1140.0
# post-edge range: [7212.0, 8250.0]
# I jump at E0_pivot = 1.24591527058
# shifted energy	normalized	reference	ref.derivative	I0
        6970  0.001866903     1.680532 -0.005397057      18813.7
        6972  0.001866903     1.680532 -0.005397057      18813.7
        6974  0.001748671     1.670615 -0.003091638     18821.53
        6976   0.00179353     1.669229 -0.002570635     18829.03
        6978  0.001190946      1.66436 -0.0005888402     18837.74
        6980  0.001481304     1.659967 -0.001133885     18849.82
        6982 0.0009753833     1.665904 -0.001252188     18857.25
        6984 0.0008382359     1.660157 -0.0008373964     18862.27
        6986 0.0001464322     1.654342 -0.002124676     18865.51
        6988  0.000535099     1.653268 -0.002028189     18874.83
        6990 0.0003108659     1.648907 -0.0008511438     18882.25
        6992 0.0002049645     1.643932 -0.000993108     18887.66
        6994 0.0006707275     1.647533 -0.001264892     18897.69
        6996 0.0004393021     1.645323 -0.001389038     18905.84
        6998 0.0002158344     1.638788 -0.002379601     18914.56
        7000 2.838388e-05      1.63282 -0.001678052     18923.38
        7002 -0.0001264833     1.628496 -0.001693069     18932.32
        7004 6.966371e-05     1.631898 -0.001541236     18941.82
        7006 -3.517642e-05     1.625243 -0.0008503974     18949.78
        7008 -0.0002919307      1.62049 -0.001865857     18956.94
        7010  -0.00106491     1.621693 -0.002270883     18962.34
        7012 -0.0005698268     1.616971 -0.001366497     18971.29
        7014 -0.0007515608     1.607076 -0.001643618     18979.03
        7016 -0.0005719504     1.609558 -0.001339863     18986.18
        7018 -0.000737266     1.608544 -0.0006994678     18996.32
        7020 -0.0004173286     1.606252 -0.001284482      19003.4
        7022 -0.0005000512      1.60148 -0.001797735     19011.83
        7024 -0.0008526335     1.599282 -0.002158454     19019.68
        7026 -0.0008841521     1.594162 -0.002048173     19030.93
        7028 -0.0006796463     1.588985 -0.001771982     19037.58
        7030 -0.000788896     1.585095 -0.001856068     19047.61
        7032 -0.0006116868     1.585106 -0.001634854     19054.09
        7034 -0.0007082395     1.579314  -0.00101021     19056.24
        7036 -0.001218531     1.575906 -0.001681727     19066.93
        7038 -0.001105222     1.577013 -0.001093995     19073.46
        7040 -0.0007436141     1.571652 -0.001380679     19082.14
        7042 -0.001099864     1.570562 -0.001509584     19091.71
        7044 -0.001121322     1.564861 -0.0007048734     19102.01
        7046 -0.0009304051     1.564937 -0.0009532492     19112.42
        7048 -0.0007583151     1.566013 -0.001219121     19120.83
        7050 -0.001022568     1.562936 -0.001814843     19126.14
        7052 -0.0008340058     1.555108 -0.001865558     19134.66
        7054 -0.0009588545     1.550418 -0.001925314     19144.56
        7056 -0.0009979658     1.551089 -0.001768825     19150.84
        7058 -0.0004592478     1.547533 -0.001406228     19161.43
        7060 -0.0007043913     1.540957  -0.00177663     19169.62
        7062 -0.000645395     1.539168 -0.001533383     19173.48
        7064 -0.0007370458     1.536876 -0.001453471     19180.83
        7066 -0.0005418545     1.535266   -0.0010563     19185.72
        7068  -0.00045247     1.529329 -0.0009491927     19193.73
        7070 -9.406175e-05     1.530718 -0.001618477     19201.16
        7072 0.0003179067     1.529282 -0.0009765859     19212.67
        7074 0.0003272351     1.522319  -0.00123028     19217.93
        7076 0.0003962696     1.521517 -0.002057673     19226.87
        7078 0.0005019477     1.520875 -0.001179217     19232.39
        7080 0.0006677346     1.512821  -0.00194156     19242.38
        7082  0.001014502     1.512885 -0.001655117     19251.53
        7084  0.001470881     1.505984 -0.0009414283      19260.2
        7086  0.001559583     1.507635 -0.001593703      19267.5
        7088   0.00197551     1.505289 -0.001039183     19273.84
        7090  0.002643704     1.500135 -0.0009567735     19285.27
        7092  0.002692128     1.497671 -0.001092152     19291.54
        7094  0.003140862      1.49998 -0.0009853016     19301.48
        7096  0.004166022     1.496552 -0.0009854671     19306.54
        7098  0.004653289     1.492253 -0.000573845     19314.69
        7100  0.005874002     1.489787 -0.001395565     19318.58
      7100.2   0.00600521     1.490667 -0.001401358     19319.54
      7100.4  0.006136417     1.491547 -0.001407152     19320.49
      7100.6  0.006267624     1.492426 -0.001412946     19321.45
      7100.8  0.006398832     1.493306  -0.00141874     19322.41
        7101  0.006530039     1.494186 -0.001424534     19323.37
      7101.2  0.006661247     1.495066 -0.001430328     19324.32
      7101.4  0.006792454     1.495946 -0.001436122     19325.28
      7101.6  0.006923661     1.496826 -0.001441916     19326.24
      7101.8  0.006862825     1.491945 -0.0009507071     19327.47
        7102  0.006827745     1.487419  -0.00968449     19328.04
      7102.2  0.007033231     1.486684 -0.006475551      19329.3
      7102.4  0.007158224     1.485563 0.0001641998     19329.57
      7102.6   0.00720535     1.486765 0.0004795514     19329.67
      7102.8  0.007354327      1.48755  0.003383959     19331.12
        7103  0.007633258     1.487068   0.00213452     19331.67
      7103.2  0.007968759     1.488271  0.001079168     19331.63
      7103.4  0.008068053     1.488473  0.002152608     19331.69
      7103.6   0.00794333     1.488413 0.0006514256     19331.86
      7103.8  0.007878821      1.48879  0.002155805     19333.36
        7104  0.008043289     1.488792  0.005146508     19334.56
      7104.2  0.008407497     1.490197  0.007030016      19337.6
      7104.4  0.008814999     1.492531  0.009473419     19339.03
      7104.6  0.009024941     1.494414  0.008138749     19339.82
      7104.8  0.009186957      1.49637  0.005372834     19340.23
        7105   0.00942358     1.496708  0.001221921     19341.16
      7105.2  0.009944662     1.496829 -0.003435607     19342.59
      7105.4   0.01037847     1.495391 -0.004490694     19342.16
      7105.6   0.01071461     1.493622 -0.006226372      19340.6
      7105.8   0.01092456     1.493116 -0.004340495      19340.3
        7106     0.010972     1.491848 -0.001103576     19341.73
      7106.2    0.0110819     1.491919 -0.0009314557     19343.02
      7106.4   0.01117143     1.492739 -0.002017752     19342.76
      7106.6   0.01147462      1.49237 -0.001281036     19343.66
      7106.8   0.01191746     1.490233   0.00180864     19344.31
        7107   0.01231491     1.490894  0.005302657     19344.36
      7107.2   0.01269836     1.494186   0.01071758     19344.48
      7107.4   0.01313809     1.496613   0.01284508      19344.4
      7107.6   0.01384857     1.498808    0.0105246     19346.51
      7107.8   0.01427059      1.50117   0.01113086     19348.14
        7108   0.01457433     1.502606   0.01198133     19348.94
      7108.2   0.01510281     1.505517   0.01016747     19350.87
      7108.4   0.01563919     1.508393  0.009514403     19352.05
      7108.6   0.01661276     1.509304  0.008005097     19352.18
      7108.8    0.0177661     1.510217  0.007840882     19352.66
        7109   0.01859303     1.511921  0.009586803     19353.11
      7109.2   0.01932456     1.514665   0.01267054     19352.08
      7109.4    0.0200133     1.516973   0.01570331     19350.32
      7109.6   0.02076257     1.520354   0.01628932     19349.79
      7109.8   0.02193832     1.524484   0.02019118     19351.49
        7110   0.02356674     1.527697   0.02853805     19352.83
      7110.2   0.02524352     1.533126   0.03864449      19351.9
      7110.4   0.02688965     1.543184    0.0490917     19349.96
      7110.6   0.02911794       1.5554   0.06423078     19348.17
      7110.8    0.0322459      1.56697   0.08141098     19347.75
        7111   0.03618679     1.584511   0.09861462     19345.71
      7111.2   0.04131419     1.608313    0.1191308     19344.33
      7111.4   0.04766795     1.634291    0.1349922     19345.39
      7111.6   0.05476305     1.662275    0.1490736     19344.59
      7111.8   0.06285776     1.692505    0.1593682     19343.83
        7112   0.07203007     1.727572    0.1637468     19345.15
      7112.2   0.08150434     1.761786    0.1625319     19343.57
      7112.4   0.09102025     1.793272    0.1507634     19340.48
      7112.6    0.1002595      1.82253    0.1330496     19337.15
      7112.8    0.1089442     1.848182    0.1175136     19335.94
        7113    0.1167189     1.868225    0.1012613     19334.78
      7113.2    0.1237889     1.887283   0.09071256     19333.53
      7113.4    0.1304552     1.903539   0.08758339     19333.91
      7113.6    0.1366842     1.920752   0.08362716     19333.92
      7113.8    0.1425912     1.938292   0.08089138     19334.61
        7114    0.1482855     1.954185   0.07764408     19336.53
      7114.2    0.1533185     1.968252   0.07767242     19335.16
      7114.4    0.1576739     1.982868   0.07313333     19333.61
      7114.6    0.1613671      2.00043   0.06589148      19332.3
      7114.8    0.1645129     2.012691   0.05962244     19332.05
        7115    0.1671169     2.020966   0.05261656     19332.86
      7115.2     0.169413     2.030566   0.04840768     19333.27
      7115.4     0.171627     2.042523   0.04565955     19333.41
      7115.6    0.1738634     2.051418   0.04439601     19333.33
      7115.8    0.1764026     2.057493   0.03350066     19335.02
        7116    0.1798257     2.066082   0.02466766      19336.3
      7116.2    0.1836995     2.069324   0.02399125     19337.26
      7116.4    0.1881692     2.071152   0.02112129     19337.83
      7116.6    0.1933049     2.076686   0.02370518     19336.94
      7116.8    0.1993287      2.08298   0.02933845     19336.17
        7117     0.206675     2.088288   0.02705411     19336.47
      7117.2    0.2151649     2.094623   0.02382465     19337.59
      7117.4    0.2247021      2.09833   0.02807853     19339.93
      7117.6     0.235027     2.102039   0.03829163     19341.63
      7117.8    0.2464025     2.110751   0.05020997     19342.31
        7118    0.2589443     2.125256    0.0621466     19342.44
      7118.2    0.2727252     2.138498   0.08142192     19340.67
      7118.4      0.28823     2.151757   0.09356816     19338.86
      7118.6    0.3053222     2.175888    0.1023244     19338.59
      7118.8     0.323863      2.20011    0.1201241     19338.06
        7119    0.3438227     2.220357    0.1234769     19337.56
      7119.2    0.3655228     2.247856    0.1200216     19337.57
      7119.4    0.3887559      2.27467    0.1282876     19336.03
      7119.6     0.412136     2.296128    0.1304053     19334.54
      7119.8    0.4357454     2.322987    0.1294631     19334.41
        7120    0.4602888      2.35218    0.1368353     19334.08
      7120.2    0.4848747      2.37824    0.1409039     19335.13
      7120.4    0.5080046     2.405596     0.139589     19335.78
      7120.6    0.5292443      2.43571    0.1308758     19337.06
      7120.8    0.5488574     2.463851    0.1248421     19338.25
        7121    0.5670111     2.482941    0.1198657     19337.77
      7121.2    0.5837494     2.505469    0.1156673     19335.88
      7121.4    0.5996773     2.531603     0.109051     19333.62
      7121.6    0.6146958     2.556385    0.0998444     19333.36
      7121.8     0.628774     2.570182   0.09697354     19333.68
        7122    0.6428633     2.585345   0.09842051     19334.21
      7122.2    0.6575268     2.609182   0.09545126     19333.62
      7122.4    0.6726253     2.635121   0.09904726     19332.51
      7122.6     0.688189     2.646543   0.09726093     19332.51
      7122.8    0.7042605     2.664583   0.07576266     19331.23
        7123    0.7212038      2.68699   0.08069703     19331.21
      7123.2    0.7390503     2.695732   0.07614064     19332.85
      7123.4     0.756773       2.7111   0.07813335     19332.84
      7123.6    0.7748493     2.725495   0.09281011     19332.06
      7123.8    0.7936997     2.749497   0.08195092     19331.45
        7124    0.8124674      2.76998   0.06681849     19331.59
      7124.2    0.8301943     2.776661   0.03607933     19331.16
      7124.4    0.8474828      2.77895   0.04080631     19332.79
      7124.6    0.8644904      2.77836   0.04994336     19334.32
      7124.8    0.8803163     2.802625   0.06066214     19332.74
        7125    0.8952158     2.816616   0.06741585     19331.92
      7125.2    0.9093763      2.82748   0.02767403     19331.88
      7125.4    0.9227852     2.832293  0.009317684     19330.75
      7125.6    0.9355879     2.824764   0.02116022     19329.05
      7125.8    0.9481331      2.82407   0.02598193     19328.47
        7126    0.9600944     2.844408   0.04323285     19328.76
      7126.2    0.9716433     2.853079   0.05089422     19329.24
      7126.4    0.9834252      2.85935   0.03743358     19327.05
      7126.6    0.9955987     2.864785   0.05952611     19323.91
      7126.8     1.008202     2.874355   0.05438248     19324.01
        7127     1.020318       2.9007   0.04094185     19322.55
      7127.2     1.032084     2.902856   0.05248198     19319.72
      7127.4     1.045025     2.897539   0.04711489     19319.79
      7127.6     1.058741      2.91634   0.08142203     19321.25
      7127.8     1.072626     2.938392    0.1177478     19323.38
        7128     1.086992     2.967994    0.1084405     19323.58
      7128.2      1.10153     2.991737    0.1182297     19321.25
      7128.4     1.116298     3.003093    0.0817501      19320.2
      7128.6     1.131031     3.032975   0.03110593     19319.94
      7128.8     1.144667     3.033394 -0.007969603     19318.41
        7129     1.156955     3.016622  -0.07777829     19316.68
      7129.2      1.16832     2.996717  -0.06190239      19317.1
      7129.4     1.178597     2.970753  -0.02379286     19318.25
      7129.6     1.187756     2.983872   0.01112359     19317.69
      7129.8     1.195665     2.997588   0.05926788     19317.57
        7130     1.201859     3.005616    0.1109692     19316.18
      7130.2     1.206395     3.018167    0.1147983     19314.41
      7130.4     1.209668     3.072647     0.122887     19313.54
      7130.6     1.211897     3.089426    0.1214022        19312
      7130.8     1.213089     3.103926   0.03913052     19310.46
        7131     1.214068     3.115289    0.0677152      19308.7
      7131.2     1.214703     3.103952   0.09018136     19307.47
      7131.4     1.215156     3.143598   0.02221653     19306.15
      7131.6     1.215321     3.176071 -0.0002754308     19305.84
      7131.8     1.215196     3.133062  -0.02969739      19306.1
        7132     1.214732     3.103731  -0.06367888     19306.08
      7132.2     1.214063      3.11984  -0.04919497     19305.46
      7132.4     1.213046     3.125128  -0.09564846      19303.7
      7132.6     1.211674     3.093706   -0.1394117     19302.64
      7132.8     1.209669     3.027213   -0.1097285     19301.13
        7133     1.206899     3.008311  -0.07952275     19300.65
      7133.2     1.203884     3.037345 -0.007583474     19301.55
      7133.4     1.200127     3.030088 -0.001841777     19302.57
      7133.6     1.195044     3.021146  -0.08916064     19303.71
      7133.8     1.189668     3.006838  -0.08882383     19305.15
        7134     1.183548     2.966016  -0.05957619     19305.98
      7134.2      1.17662     2.959029  -0.06729053     19307.11
      7134.4     1.169777     2.973485  -0.06038233     19309.04
      7134.6     1.162715     2.953005  -0.05422831     19309.75
      7134.8     1.155372      2.91771  -0.04340514      19309.9
        7135     1.148305     2.915646   -0.0259409     19310.79
      7135.2     1.141424     2.938761 0.0009990147      19311.6
      7135.4     1.134501     2.932252   0.01987633     19312.81
      7135.6     1.127482      2.91851 -0.005683795     19313.58
      7135.8     1.120504     2.931547   -0.0141728     19313.81
        7136     1.114173     2.934214  -0.01525868     19315.96
      7136.2     1.108311     2.920914  -0.03106485     19317.29
      7136.4     1.102394     2.906303   -0.0362478     19316.55
      7136.6     1.096583     2.906695  -0.04565264     19315.17
      7136.8     1.091055     2.905216  -0.03887177     19311.02
        7137     1.086037     2.884392  -0.03426026     19304.41
      7137.2     1.081388     2.875205  -0.04837983     19290.52
      7137.4     1.077173     2.879287  -0.02391377     19264.67
      7137.6      1.07364     2.866512  0.006001719     19229.25
      7137.8     1.070044     2.865261 -0.004670377     19189.64
        7138     1.066733     2.880007   0.01832232     19150.82
      7138.2     1.063719     2.875551   0.06580823     19116.76
      7138.4     1.060499      2.88117   0.06367912     19092.46
      7138.6      1.05739     2.917908   0.05764935     19083.22
      7138.8     1.054047      2.93095   0.06243145     19086.98
        7139     1.051338      2.92167   0.03771793     19101.69
      7139.2     1.049497     2.931115   0.01432015     19125.66
      7139.4     1.048026     2.948082   0.03455001     19156.36
      7139.6     1.046811     2.942406   0.03906758     19188.18
      7139.8     1.045998      2.94931   0.02425897     19217.14
        7140     1.044745     2.962369   0.04284744     19242.34
      7140.2      1.04322     2.967489   0.01728786     19265.48
      7140.4     1.041924     2.976684   -0.0134946     19285.32
      7140.6     1.041083      2.96314  -0.01700079     19300.02
      7140.8     1.040739     2.951573  -0.01857124     19309.08
        7141     1.040069     2.953889  0.007213065     19312.72
      7141.2     1.039546     2.961827   0.01642103     19312.94
      7141.4     1.039077     2.968911 -0.005212781      19309.5
      7141.6     1.038433      2.96471  -0.02670686     19299.12
      7141.8     1.037593     2.949718  -0.02674279     19281.85
        7142     1.036618     2.940462  -0.01644474     19255.47
      7142.2       1.0354     2.947517  -0.01530567     19220.47
      7142.4     1.034373     2.951554  -0.02165228     19181.12
      7142.6     1.033979     2.937474  -0.01616854     19141.86
      7142.8     1.033482      2.92314   0.01889809     19109.25
        7143     1.032653     2.934582   0.07160126     19086.16
      7143.2     1.031635     2.966673   0.09713281     19077.42
      7143.4     1.030389     2.994755   0.06561579     19088.17
      7143.6     1.029101     3.000846   0.01521088     19114.03
      7143.8     1.028432     2.987074  -0.02050683     19149.98
        7144     1.028136     2.978841  -0.03370877     19192.01
      7144.2     1.027397     2.978349  -0.05211844     19231.81
      7144.4     1.026674     2.973879  -0.03640692     19265.57
      7144.6     1.025673      2.94538  -0.01747352     19292.64
      7144.8     1.023928     2.949716 -0.008771143     19309.76
        7145     1.022049     2.964371   0.02149293     19319.39
      7145.2     1.020799     2.966862  0.009664379     19326.45
      7145.4     1.019793     2.962574  -0.02948741     19332.15
      7145.6     1.018502     2.957447  -0.01207487     19336.51
      7145.8      1.01748     2.940781   0.00887481     19339.31
        7146     1.016303     2.957202  0.003644138     19342.41
      7146.2     1.014033     2.969674   0.02863644      19344.1
      7146.4     1.011528     2.960363   0.04535871     19346.59
      7146.6     1.009241      2.96369   0.01808819     19350.23
      7146.8     1.006968     2.993489   0.03000846     19353.46
        7147     1.004832     2.984144   0.03551927     19354.27
      7147.2     1.003128     2.984369   0.03296799      19356.4
      7147.4     1.000802     2.992105   0.06729971     19359.63
      7147.6    0.9981754     3.019863   0.03996471     19360.51
      7147.8    0.9951299     3.037984   0.04404569     19361.21
        7148    0.9916985     3.016341    0.0335398     19364.15
      7148.2    0.9888117     3.027342   -0.0256328     19366.98
      7148.4    0.9859213     3.046695  -0.01269426     19369.74
      7148.6    0.9829091     3.017478 -0.004156494     19372.27
      7148.8    0.9798596     3.006186  -0.04025109     19373.87
        7149    0.9763905     3.024017  -0.02326196     19375.39
      7149.2    0.9727599     3.014494    0.0115025      19376.2
      7149.4    0.9695358     2.998868  0.009320083     19376.02
      7149.6    0.9667211     3.015388   0.01154944     19377.06
      7149.8    0.9639396     3.031473   0.03919401     19378.09
        7150    0.9611417     3.023734   0.04533164     19378.21
      7150.2    0.9580818     3.030224   0.03112802     19379.42
      7150.4    0.9551027     3.051653   0.03231598     19380.98
      7150.6    0.9528081     3.056375   0.05348569     19384.45
      7150.8    0.9506918     3.049587   0.04764047     19387.05
        7151    0.9486755     3.073012   0.03342297     19387.61
      7151.2     0.946488     3.089765   0.04633803     19386.89
      7151.4    0.9442986     3.083113   0.02746575      19386.1
      7151.6    0.9423366     3.086657  -0.02055339     19387.11
      7151.8    0.9403901     3.094985  -0.04262595        19389
        7152    0.9390503     3.073323  -0.04558682     19392.19
      7152.2    0.9382124     3.049013  -0.04669631     19394.45
      7152.4    0.9369913     3.050188  -0.03734292     19394.88
      7152.6    0.9358093     3.057628  -0.02532033     19395.36
      7152.8    0.9349203     3.043448  -0.04756181     19395.99
        7153    0.9342798     3.028756  -0.04331707     19396.89
      7153.2    0.9334894     3.012138  0.001073161     19397.31
      7153.4    0.9326682     3.022974   0.02264959     19397.08
      7153.6    0.9322152     3.044307   0.02336813     19397.77
      7153.8    0.9323306     3.046876  -0.01290167     19398.81
        7154    0.9328045     3.030833  -0.04317363     19401.56
      7154.2    0.9330369     3.012653  -0.05983233     19401.75
      7154.4    0.9331584     3.009768  -0.01757989     19400.95
      7154.6    0.9333254      2.99901   0.06178868     19401.21
      7154.8     0.933715     3.016769   0.07364264     19401.19
        7155    0.9346703     3.062084    0.0875933     19402.46
      7155.2    0.9356939     3.068682   0.09345574     19405.35
      7155.4    0.9368698     3.069085   0.03586367     19408.46
      7155.6      0.93819     3.091533   0.02469761     19409.91
      7155.8    0.9392109     3.090775   0.03780839      19410.8
        7156    0.9399459      3.08844  -0.01239792     19411.53
      7156.2    0.9408343     3.099332  -0.04983875     19409.86
      7156.4    0.9420644     3.081615  -0.07299144     19407.86
      7156.6    0.9432765     3.050904  -0.07306697     19408.02
      7156.8    0.9448395     3.030047 0.0007106085     19409.88
        7157    0.9462544     3.040878     0.049344     19412.26
      7157.2    0.9474546     3.082184    0.0373967      19414.6
      7157.4    0.9487781     3.090379 -0.004361869      19415.7
      7157.6    0.9501975     3.059964  -0.08862393      19416.3
      7157.8    0.9517218     3.037388   -0.1240741     19416.78
        7158    0.9527777     3.011284  -0.06732714     19415.39
      7158.2    0.9535335      2.99112  -0.03976828     19416.55
      7158.4    0.9543423     3.006103   0.02115922     19418.86
      7158.6    0.9552405     3.005574    0.1089443     19417.59
      7158.8    0.9563851     3.028212    0.1121272     19417.98
        7159    0.9581499     3.078275    0.1230713     19419.97
      7159.2    0.9596531     3.095804   0.08422895     19422.04
      7159.4    0.9604103     3.104031 -0.002688716     19423.21
      7159.6    0.9609872     3.095595  -0.05271193      19424.5
      7159.8    0.9615071     3.076124  -0.08205114     19425.66
        7160    0.9620302     3.053635  -0.06974928     19425.55
      7160.2    0.9626819      3.03839   0.02730339     19425.89
      7160.4    0.9634923     3.039796    0.1215902     19428.96
      7160.6    0.9644227     3.097967    0.1313837      19430.3
      7160.8    0.9653099     3.150907    0.1226033     19429.54
        7161    0.9659152     3.143497   0.04524595     19428.53
      7161.2    0.9663755     3.137878   -0.0266503     19428.64
      7161.4    0.9667823     3.134164  -0.02742984     19431.36
      7161.6    0.9673172     3.129587  -0.04577557     19433.81
      7161.8     0.967979     3.121553  -0.05762024     19434.67
        7162    0.9683908     3.101258  -0.08324058     19435.01
      7162.2    0.9686118     3.088067  -0.08387016     19435.29
      7162.4    0.9688693     3.062994  -0.02205078     19436.16
      7162.6    0.9693453     3.054457   0.02414913     19436.75
      7162.8    0.9701155     3.083617   0.05535309     19436.05
        7163    0.9708772     3.107387   0.03957974     19435.62
      7163.2    0.9714532     3.107277  -0.01018276     19436.56
      7163.4    0.9720289     3.086121  -0.06889929     19435.94
      7163.6    0.9725299     3.075471  -0.07304486     19436.21
      7163.8    0.9732909     3.052267 -0.007733598     19436.76
        7164    0.9736985     3.048841  0.005442197      19437.3
      7164.2     0.974337     3.079934  -0.01102208     19439.35
      7164.4     0.974639     3.079825 -0.006841491     19440.04
      7164.6    0.9745113      3.04345  -0.02865681      19436.8
      7164.8    0.9744734     3.043368  -0.01686446     19434.06
        7165    0.9751035     3.057008    0.0275449     19433.34
      7165.2    0.9754543     3.066333   0.00694752     19433.31
      7165.4    0.9757923     3.065485  -0.03005441     19433.92
      7165.6    0.9767208     3.048926  -0.01016294     19435.88
      7165.8    0.9779986     3.032965   0.02290712     19438.31
        7166    0.9791943     3.058203   0.02605379     19439.98
      7166.2    0.9797857     3.083811   0.02717826     19441.52
      7166.4    0.9797303     3.069769 -0.009382202     19440.08
      7166.6    0.9798045     3.054707  -0.05152021     19439.52
      7166.8    0.9803032     3.050697   -0.0478735      19441.5
        7167    0.9810934     3.042595  -0.04952563     19440.61
      7167.2    0.9819651      3.03147  -0.04797478     19438.85
      7167.4    0.9829319     3.015087  -0.03339015     19438.96
      7167.6      0.98397     3.012317  -0.03199384     19439.27
      7167.8     0.984876     3.015883  -0.01249775     19440.32
        7168    0.9856009     3.005875  0.005920683     19441.18
      7168.2    0.9860193     3.005089   0.02524951     19441.09
      7168.4    0.9864348     3.017054   0.04921983     19441.04
      7168.6    0.9871918     3.036082    0.0486285     19440.11
      7168.8    0.9882171     3.045251   0.02101752     19440.21
        7169    0.9894113     3.043992  0.001176207     19442.08
      7169.2    0.9906819     3.033868  -0.02577672     19445.36
      7169.4    0.9912967     3.037023  -0.02891057     19447.06
      7169.6    0.9911931     3.024629  0.009637861     19446.36
      7169.8    0.9915226     3.020863   0.02085858      19446.7
        7170    0.9921877     3.041578   0.03520178      19445.8
      7170.2    0.9934711      3.05371   0.03249422     19447.31
      7170.4    0.9945864     3.052791  -0.01389167     19449.59
      7170.6    0.9948169     3.046858  -0.08930357     19450.02
      7170.8     0.995309     3.030465  -0.09928667     19451.16
        7171     0.996086     2.982267  -0.08774469     19451.53
      7171.2    0.9971204     2.973361  -0.07284396     19453.08
      7171.4    0.9981343     2.976663 0.0004111633     19454.82
      7171.6    0.9989293      2.97219   0.01335708     19454.04
      7171.8    0.9996028     2.982596 -0.004865623     19452.76
        7172     1.000323     2.984047  -0.02684354     19452.85
      7172.2     1.001004      2.97277  -0.04508885     19454.97
      7172.4     1.001395     2.950715  -0.02813128     19457.18
      7172.6     1.001724     2.946525  -0.03351693     19457.23
      7172.8     1.002241     2.961542   -0.0191278     19456.91
        7173     1.002746     2.945957  0.006496014     19458.42
      7173.2     1.003357     2.935412  -0.01306212     19458.68
      7173.4     1.003893     2.951722   0.01347625     19458.57
      7173.6     1.004064     2.951092   0.04307729      19459.9
      7173.8     1.004478     2.956738   0.02333628     19460.45
        7174     1.005038     2.969874   0.01239944     19462.67
      7174.2     1.005254     2.970391  -0.03137803      19463.5
      7174.4      1.00536     2.961012  -0.05657807     19462.73
      7174.6     1.005733     2.931635  -0.06440442     19463.31
      7174.8     1.006088     2.924612  -0.06392319     19464.09
        7175     1.006332     2.918868  -0.03240014     19464.06
      7175.2     1.006859     2.909873  -0.02989965        19465
      7175.4     1.007355     2.905715  -0.02619974     19464.86
      7175.6     1.007661     2.900692  -0.02873168     19465.04
      7175.8     1.008602     2.897908  -0.02492709     19468.25
        7176     1.009154     2.886888  -0.03360588     19469.46
      7176.2     1.009415     2.885773  -0.08001919     19469.66
      7176.4     1.009938     2.873807  -0.07013975     19471.26
      7176.6      1.00997     2.833892  -0.06477498     19470.59
      7176.8     1.009806     2.830776  -0.03456849     19467.42
        7177     1.009619     2.833953   0.02534327     19467.51
      7177.2     1.009407     2.846153   0.02175215     19467.88
      7177.4      1.00959     2.854167   0.03568743        19470
      7177.6     1.009805     2.848178   0.03003885      19473.5
      7177.8     1.009944     2.862503   0.01802859     19474.68
        7178     1.009803     2.870184   0.04378768     19475.04
      7178.2     1.009226      2.86859   0.03047904     19475.57
      7178.4     1.008829     2.883208   0.01519893     19475.09
      7178.6     1.008701     2.886887   0.03399668     19475.02
      7178.8     1.008744     2.882343   0.02916581     19476.46
        7179     1.009087     2.895787  0.008806868     19478.42
      7179.2     1.009435     2.906541  -0.02151838     19481.36
      7179.4     1.009748     2.893932  -0.04877947     19483.61
      7179.6     1.010188     2.865128  -0.06092948        19485
      7179.8      1.01027     2.856764  -0.05702445     19484.56
        7180     1.009916     2.857797  -0.03117492     19484.29
      7180.2      1.00964     2.848313 -0.007217497     19484.89
      7180.4     1.009213     2.840188   0.00975634     19484.88
      7180.6     1.009123      2.85099 0.0006837771     19485.25
      7180.8     1.009481     2.865602  -0.01420828     19484.84
        7181     1.009982      2.84886  -0.01304738     19484.42
      7181.2     1.009952     2.828822   -0.0177539     19485.57
      7181.4     1.009856     2.840552 -0.004716901     19485.15
      7181.6     1.009987     2.851399   0.01057999     19485.53
      7181.8     1.009908     2.845086  0.001696575     19487.98
        7182     1.009981     2.837286   0.02419429     19489.72
      7182.2     1.010504     2.841909    0.0559836     19489.52
      7182.4      1.01081     2.870755   0.06225166     19490.29
      7182.6     1.010875     2.889873   0.02088527     19491.65
      7182.8     1.010985     2.887087  -0.04573481     19493.54
        7183      1.01098     2.858617  -0.05107629     19495.83
      7183.2     1.010813     2.834167  -0.01808912     19496.44
      7183.4     1.010749     2.849012   0.01478548     19495.34
      7183.6     1.010761     2.872616   0.03660224     19494.54
      7183.8     1.010863     2.870446   0.03959508     19496.28
        7184     1.011466     2.863449   0.02010927      19498.6
      7184.2     1.012158     2.880688   0.01059166     19498.28
      7184.4     1.012603     2.888703  0.009037529     19498.05
      7184.6     1.013041     2.878919 -0.001322793      19500.6
      7184.8     1.012906     2.870679 -0.002440433     19502.56
        7185     1.012505      2.87963  -0.02746007     19502.32
      7185.2     1.012265     2.886751  -0.03248962     19502.23
      7185.4     1.012334     2.856951  -0.03686726     19501.18
      7185.6     1.012522     2.844687  -0.05988031     19500.65
      7185.8     1.012744     2.850136  -0.01598097     19502.72
        7186     1.012681     2.838846   0.01999599     19503.77
      7186.2     1.012774     2.844166   0.03191688     19505.62
      7186.4     1.013063     2.860684   0.04255689     19507.59
      7186.6     1.013362     2.875669   0.03661084     19507.93
      7186.8     1.013614     2.872892   0.04936139     19508.79
        7187      1.01378     2.873455   0.04849503     19509.44
      7187.2     1.013968     2.900173   0.05857807      19509.9
      7187.4     1.014448     2.914465   0.05960405     19511.09
      7187.6     1.014615     2.919754   0.02559337     19510.07
      7187.8     1.014821     2.921138   0.03037691     19509.96
        7188     1.015142     2.920647   0.02986164     19513.01
      7188.2     1.014895     2.938767   0.01866833     19513.46
      7188.4     1.014792     2.943644   0.02775321     19512.85
      7188.6     1.014859     2.936073 -0.002573562     19515.67
      7188.8     1.014828      2.94285  -0.02686966     19518.45
        7189     1.014792     2.936708  -0.02190209     19519.64
      7189.2     1.014347     2.922148   -0.0254721      19520.5
      7189.4     1.014088     2.918551  -0.02724345     19519.67
      7189.6     1.013942     2.922472  -0.02238905     19518.42
      7189.8     1.014365     2.914913   0.01829852     19518.89
        7190     1.014675     2.904237   0.05327547     19520.13
      7190.2     1.014646      2.93319   0.05825926     19521.28
      7190.4     1.014388     2.965093   0.06267745     19520.54
      7190.6     1.014195     2.961521   0.01354703     19521.64
      7190.8     1.014235     2.954379  -0.04086105     19524.66
        7191     1.014427     2.944028  -0.04899629     19526.59
      7191.2      1.01438     2.932404  -0.02329789     19527.43
      7191.4     1.014287     2.922324   0.03004088     19529.06
      7191.6     1.013886      2.93574    0.0543984      19529.6
      7191.8     1.013819      2.96806   0.06753477     19529.88
        7192      1.01404     2.975923   0.06152396     19531.97
      7192.2     1.014006     2.976352   0.02519257     19533.32
      7192.4     1.013641      2.98496 -0.0001126486     19533.61
      7192.6     1.013163     2.988214 -0.005284297      19533.8
      7192.8     1.013167     2.975832  -0.01533341     19534.01
        7193     1.013229     2.972124  -0.02347277     19534.23
      7193.2     1.013039     2.972693   0.01350669     19533.85
      7193.4     1.013276     2.969436   0.02690477      19534.8
      7193.6     1.013937     2.986638   0.01409146     19536.56
      7193.8     1.014381     2.993648   0.01885053      19536.5
        7194     1.014434     2.983966   0.01018158     19536.45
      7194.2     1.014641     2.984516 -0.004651969     19536.64
      7194.4     1.014807     2.994783  -0.01387313     19537.19
      7194.6     1.014859     2.989926  -0.01308495     19537.99
      7194.8      1.01513     2.972867  -0.01025778     19539.44
        7195     1.015286     2.974049   0.02495573      19539.7
      7195.2     1.015642     2.986577   0.03116155     19540.93
      7195.4     1.015775     3.009891  0.006330396     19543.23
      7195.6     1.015643     2.997797  -0.01614192     19544.46
      7195.8     1.015813     2.979113  -0.02402683     19544.88
        7196     1.015952     2.973663   0.02808473     19545.41
      7196.2     1.015758      2.99067   0.03718906     19547.65
      7196.4     1.015899     3.020264 -0.009846347     19549.65
      7196.6     1.016136     3.008864  -0.04948772     19549.59
      7196.8     1.016421     2.965786  -0.06893816     19550.78
        7197     1.016855     2.951079  -0.03280885     19550.84
      7197.2     1.017394     2.965114  0.008173304      19550.2
      7197.4     1.017581     2.982617  0.006085165     19551.27
      7197.6       1.0171     2.972325  0.006675398     19551.93
      7197.8     1.016894     2.955947   -0.0229488     19552.81
        7198     1.017093     2.970454  -0.04675533     19554.31
      7198.2      1.01738     2.964258  -0.02268951     19553.75
      7198.4     1.017855     2.934921  -0.01811846     19551.93
      7198.6     1.018003     2.937796  -0.01805492     19553.81
      7198.8     1.018168      2.95596  -0.01881849     19557.83
        7199     1.018175     2.949814  -0.06400064     19558.66
      7199.2     1.018008     2.919866   -0.1096334     19560.65
      7199.4     1.018112     2.886595  -0.07679182     19559.65
      7199.6     1.018443     2.868253   0.00616921      19558.7
      7199.8     1.018412     2.888381   0.05675431     19559.94
        7200     1.018352     2.924801    0.0724112     19561.54
      7200.2     1.018648     2.931999   0.03907964     19562.13
      7200.4     1.018965     2.926182  -0.01616883     19563.57
      7200.6     1.019112     2.919644 -0.007115263      19563.5
      7200.8     1.019245     2.911866  0.009511436     19562.98
        7201     1.019382     2.926307   0.00961267     19562.44
      7201.2     1.019463     2.933791   0.02385723     19563.42
      7201.4     1.019747     2.927334  0.003534801     19566.52
      7201.6     1.020107     2.930952  -0.02017108     19567.35
      7201.8     1.020392     2.929134  -0.01717397      19567.5
        7202     1.020485     2.917654  -0.02607604     19568.11
      7202.2     1.020373     2.913595  -0.03448876     19567.42
      7202.4     1.020334     2.910091  -0.03039984     19567.07
      7202.6     1.020394     2.901543  -0.03870348     19568.23
      7202.8     1.020433     2.893334  -0.04050226     19570.06
        7203     1.020516     2.882632  -0.02771555     19571.82
      7203.2     1.020638     2.877689   -0.0209904     19573.99
      7203.4     1.020541     2.879371    -0.014352     19574.78
      7203.6       1.0205     2.876542  -0.01227124     19574.04
      7203.8     1.020668     2.871151 -0.005905483     19575.26
        7204      1.02072     2.867872   -0.0250866     19575.29
      7204.2     1.020516     2.874647  -0.05050227     19574.96
      7204.4      1.02061     2.856473  -0.05923066     19576.01
      7204.6     1.020633     2.830749  -0.07354376     19577.89
      7204.8     1.020333     2.820488  -0.04682501     19578.27
        7205      1.02008     2.815812 0.0002864209     19577.45
      7205.2     1.020388     2.819013   0.01034674     19578.36
      7205.4     1.020906     2.830978   0.01942383     19580.62
      7205.6     1.021159     2.828765   0.01924318     19580.88
      7205.8     1.020854     2.831351  -0.01985906     19581.04
        7206     1.020276     2.834407  -0.04843197     19581.88
      7206.2     1.019915     2.815091  -0.04937532     19582.73
      7206.4     1.019741      2.79002  -0.02823213     19585.31
      7206.6     1.019485      2.79185 -0.0008980006      19588.1
      7206.8     1.019487     2.811821   0.01636652     19588.49
        7207     1.019472     2.814373  0.003105374     19587.14
      7207.2     1.019303     2.803113  -0.01629691     19587.22
      7207.4     1.019999     2.794335  -0.01617632     19589.11
      7207.6     1.020774     2.798784  -0.02231832     19589.79
      7207.8      1.02114     2.801431  -0.01897359     19590.29
        7208     1.021089     2.785258 -0.003794941     19589.64
      7208.2     1.020842     2.779156 -0.005072265     19591.14
      7208.4     1.020099     2.795748  0.007552802      19590.3
      7208.6     1.019529     2.797374    0.0229895     19590.56
      7208.8     1.019801       2.7913   0.03636606     19592.71
        7209     1.019933     2.797547   0.05691282        19594
      7209.2     1.020281     2.824841   0.06477721     19595.22
      7209.4     1.020341     2.842904   0.05937871      19595.9
      7209.6     1.020357     2.843122   0.02958268     19596.09
      7209.8     1.020305      2.84505    0.0105292     19597.28
        7210     1.020203     2.848507  0.005177341     19596.98
      7210.2     1.020059     2.851327 0.0004778384     19597.06
      7210.4     1.019936     2.847264 -0.000571896     19598.88
      7210.6     1.019707     2.845433  -0.01018267     19599.73
      7210.8     1.019286     2.848049 -0.007561724     19600.14
        7211      1.01894     2.843181  0.006669088     19600.65
      7211.2     1.018794     2.841215   0.01137896     19601.25
      7211.4     1.018762     2.850768  0.007219287     19602.25
      7211.6     1.018701     2.857153 -0.0006135275     19603.24
      7211.8     1.018774     2.848957 -0.009604378     19604.71
        7212     1.018465     2.840724  0.004184278     19605.44
      7212.2     1.018028     2.843084   0.01863771     19605.69
      7212.4     1.017587       2.8605   0.04285612     19606.08
      7212.6     1.017291     2.863867   0.06578457     19606.92
      7212.8     1.017214     2.875009   0.04872467     19606.22
        7213     1.016805     2.895712   0.04188251      19605.8
      7213.2     1.016539      2.89948   0.05188277     19607.67
      7213.4     1.016274     2.897373   0.04632314     19610.52
      7213.6     1.015678     2.916515   0.05099515     19611.34
      7213.8     1.015469     2.932771   0.08302665     19613.33
        7214     1.015386     2.940276   0.09675931     19614.02
      7214.2     1.014955     2.963794   0.08836905     19612.21
      7214.4     1.014941     2.993922   0.07624055     19613.76
      7214.6     1.014924     3.003466   0.04480216      19616.1
      7214.8     1.014694     3.001268   0.01430514     19614.78
        7215     1.014561     2.999636   0.02841019      19614.1
      7215.2     1.014356     3.005367   0.04993478     19616.49
      7215.4     1.014311     3.026194   0.03513779     19618.67
      7215.6     1.014084     3.041216  0.005203308     19618.71
      7215.8     1.013555     3.027746  0.004317416     19618.39
        7216     1.013078     3.009529   0.00275014      19619.5
      7216.2     1.012355     3.029648   0.02156956     19619.54
      7216.4     1.011786     3.043416   0.03622527     19619.14
      7216.6      1.01151     3.045002  0.002833058     19619.31
      7216.8     1.011376     3.038509  -0.01124357     19619.93
        7217     1.011283     3.031914  -0.01451608     19620.23
      7217.2     1.011043     3.034421    0.0176214     19620.16
      7217.4     1.010841     3.033389   0.04158453     19620.82
      7217.6     1.010507     3.052607   0.03611504     19623.17
      7217.8     1.010181     3.065182   0.04194818     19622.88
        7218     1.009857     3.063313    0.0487203     19621.33
      7218.2     1.009636     3.066947   0.05803844      19621.6
      7218.4     1.009593     3.091583   0.04133424     19622.48
      7218.6     1.009513     3.111613   0.02654831      19623.3
      7218.8     1.009164     3.096381 -0.008017849     19625.32
        7219     1.008965     3.088186 -0.009982005     19628.63
      7219.2     1.009045     3.085168   0.08886491     19629.52
      7219.4     1.008844     3.103627     0.107523     19628.78
      7219.6     1.008468     3.167473    0.0825407     19630.75
      7219.8     1.008048     3.174204   0.07713284     19632.28
        7220     1.007516     3.151201  0.009376314     19630.83
      7220.2     1.007314     3.165333  -0.02839051     19629.83
      7220.4     1.007471     3.174974  0.004652858     19631.35
      7220.6     1.007515     3.151492 -0.005483574     19632.06
      7220.8     1.007739     3.154923  -0.05728156     19631.34
        7221     1.007993     3.160947  -0.03679051     19632.39
      7221.2     1.007806     3.129149  -0.03017935     19634.06
      7221.4     1.007543      3.12206  -0.06689391     19635.06
      7221.6     1.007346      3.13078  -0.04916008     19637.23
      7221.8     1.006832     3.107431  -0.02629757      19636.2
        7222     1.006177      3.08982  -0.02151787     19636.32
      7222.2     1.006038     3.101022   0.02058054     19639.66
      7222.4      1.00613     3.113566   0.06086074     19640.99
      7222.6     1.006255     3.123896   0.04514457     19641.89
      7222.8     1.006229     3.138509   0.02154923     19641.77
        7223     1.005888     3.137137   0.01799886     19641.42
      7223.2     1.005518     3.130805   0.02284601        19644
      7223.4     1.005271     3.138295   0.08420216     19645.28
      7223.6     1.005227     3.156786    0.1612228     19644.31
      7223.8     1.005353     3.204499    0.1613772     19644.73
        7224     1.005424     3.259783   0.05244483     19645.56
      7224.2     1.005196     3.267397    -0.100443     19645.95
      7224.4     1.004949     3.198742   -0.1724425     19646.56
      7224.6     1.004524     3.124144   -0.1542425     19646.93
      7224.8     1.003988     3.121829   -0.1522347     19648.09
        7225     1.003551     3.144003   -0.1417108     19648.35
      7225.2     1.003111     3.076954   -0.1565364     19647.84
      7225.4     1.003114     3.010776   -0.1770705     19648.48
      7225.6     1.002814       2.9966  -0.07759897     19652.33
      7225.8     1.001975     3.002346 -0.007700894     19653.72
        7226     1.001801     3.014875   0.02492478     19653.87
      7226.2     1.001938     3.004615    0.0550109     19654.62
      7226.4     1.001989      3.01654   0.02298457     19652.99
      7226.6     1.002025     3.046355 -0.005789539     19652.87
      7226.8     1.001403     3.033262  -0.03536384     19654.71
        7227     1.000473     2.999984  -0.06076809     19655.06
      7227.2    0.9998434     2.988249  -0.04951636     19654.98
      7227.4    0.9993671     2.997741  -0.03337513     19655.47
      7227.6    0.9991341     2.993649 -0.002525328     19656.13
      7227.8    0.9990168     2.973283   0.03172182     19656.62
        7228    0.9991147     2.986228   0.04183084     19657.46
      7228.2    0.9990983     3.023118  -0.02430341     19658.19
      7228.4    0.9985115     3.027114   -0.1070977     19660.29
      7228.6    0.9979253     2.953841   -0.1649269     19661.41
      7228.8    0.9978072      2.90055   -0.1576355     19663.06
        7229    0.9976161     2.891177  -0.07550922     19662.57
      7229.2     0.997492     2.901006  0.003714123     19663.35
      7229.4    0.9972024     2.893433   0.03791033     19665.15
      7229.6    0.9967737     2.903522  0.001353247      19663.5
      7229.8    0.9964143     2.921505  0.005395091     19663.52
        7230    0.9961797     2.902088  -0.01505629     19666.14
      7230.2    0.9958477     2.897749   -0.0964089     19668.93
      7230.4    0.9951884     2.891477   -0.1149397     19670.03
      7230.6    0.9946705     2.844378    -0.104205     19669.51
      7230.8    0.9945436     2.810137  -0.09419896     19670.16
        7231    0.9944417     2.814385  -0.04974284     19669.41
      7231.2    0.9941601     2.816117 9.309214e-05     19667.66
      7231.4    0.9940304     2.804583 -0.003971244     19669.72
      7231.6    0.9941797     2.810211  -0.01543473     19671.52
      7231.8    0.9940408     2.811208   0.01451416     19672.39
        7232    0.9940142      2.80377  -0.01958928      19674.2
      7232.2     0.993953     2.816195  -0.06682757     19674.12
      7232.4    0.9934337      2.79454  -0.05790173     19674.63
      7232.6    0.9930472     2.757746  -0.07362672     19677.88
      7232.8     0.992623     2.757448  -0.05810614     19678.49
        7233    0.9924407     2.757293  -0.01384809     19679.51
      7233.2    0.9921704     2.748055  -0.00688571     19681.11
      7233.4    0.9920192     2.746668  -0.01582714     19680.69
      7233.6    0.9920976      2.75194 -0.008606215     19679.33
      7233.8    0.9920174     2.744632 -0.003302647     19677.77
        7234     0.991936      2.74117  0.002205031     19678.58
      7234.2    0.9921823     2.744026   0.03712532     19680.43
      7234.4    0.9921533     2.753704   0.04982789     19681.81
      7234.6    0.9915018     2.774332   0.03959416     19683.53
      7234.8    0.9909895     2.781032  0.007331207     19684.78
        7235    0.9907343     2.775701  -0.05076143     19685.23
      7235.2    0.9906829     2.759569  -0.05234527     19684.65
      7235.4     0.990992     2.733723  -0.01161692     19683.97
      7235.6    0.9909949     2.739156 -4.018381e-06     19683.53
      7235.8     0.991087     2.766408   0.01871821     19683.86
        7236    0.9910856     2.759565  0.006919845     19683.66
      7236.2    0.9906986     2.748697  -0.04242604     19683.27
      7236.4    0.9904966     2.744692  -0.04964795     19684.79
      7236.6    0.9903853     2.732467  -0.04333664     19685.83
      7236.8    0.9900824     2.719847  -0.04226294        19687
        7237    0.9899676     2.714028  -0.02998771      19689.3
      7237.2    0.9901716     2.710881  -0.03001911     19690.73
      7237.4    0.9901535     2.708477  -0.04088511     19690.73
      7237.6    0.9897658     2.695832  -0.02643053     19691.48
      7237.8     0.989636      2.68132  -0.01298427     19693.97
        7238    0.9899507     2.689737 -0.004476405     19695.25
      7238.2    0.9901819     2.698089   0.01966717     19695.35
      7238.4    0.9903322     2.692251    0.0221501     19696.87
      7238.6     0.990553     2.697054   0.02442926      19697.4
      7238.8    0.9905859     2.707457   0.03404208     19696.58
        7239    0.9906178     2.717633    0.0161818      19697.1
      7239.2    0.9906362     2.719484   0.02576873     19697.08
      7239.4     0.990557     2.709999   0.02100983     19698.53
      7239.6    0.9908369     2.728072    0.0060344     19700.73
      7239.8    0.9912763      2.73444  0.001095659     19702.41
        7240    0.9911834     2.724312  -0.01052607     19704.41
      7240.2    0.9910076     2.710876 -0.003235162     19704.23
      7240.4    0.9910596     2.719651  0.005708773     19702.46
      7240.6    0.9914112     2.731852   0.01725857     19703.71
      7240.8    0.9916639     2.728879  0.002544644     19705.03
        7241    0.9914604     2.724682   -0.0178829     19703.54
      7241.2    0.9912087     2.721687  -0.01364272     19703.13
      7241.4    0.9912095     2.717546  -0.01016651      19704.9
      7241.6    0.9914984     2.717965  -0.01042487     19706.22
      7241.8    0.9919145     2.716549  0.001266202     19705.81
        7242    0.9922304     2.713347 -0.006173721     19705.38
      7242.2    0.9925893     2.718559  -0.02600936     19707.05
      7242.4    0.9929225     2.713026  -0.02303006     19707.94
      7242.6     0.992906     2.695742  -0.02283754     19707.08
      7242.8    0.9929197     2.694923 -0.003609429     19709.04
        7243    0.9932967     2.700289   0.03199345     19711.35
      7243.2    0.9934923     2.710138   0.03349631     19711.17
      7243.4    0.9936726     2.721337   0.03740574     19708.53
      7243.6     0.994306      2.72172   0.03455307     19709.16
      7243.8    0.9949223     2.730213   0.03853205     19712.68
        7244    0.9949701     2.737781   0.05863158     19713.56
      7244.2    0.9951673     2.752162   0.07565443     19713.81
      7244.4    0.9952204     2.768625   0.07810633      19714.8
      7244.6    0.9951852     2.790737    0.0562901     19714.77
      7244.8    0.9954251     2.800266   0.03798594     19715.63
        7245    0.9956473     2.797194  0.008855894     19717.22
      7245.2    0.9958095     2.799014  0.002539985     19718.15
      7245.4    0.9959875     2.797822   0.01492006     19719.47
      7245.6    0.9959943     2.802298  0.006656098     19720.06
      7245.8    0.9959951      2.80913 -0.0008541257     19720.63
        7246     0.996379     2.804339  -0.02054195     19723.35
      7246.2    0.9968512     2.797138  -0.02614147     19724.84
      7246.4    0.9970915     2.785864  -0.01211753     19724.54
      7246.6    0.9971203     2.788217 -0.007941809     19724.15
      7246.8    0.9975547     2.794645  -0.01024647     19724.48
        7247    0.9982575     2.790785  -0.02435841     19725.06
      7247.2    0.9986281     2.777667  -0.02300891     19725.92
      7247.4    0.9985599      2.76873  -0.01157039     19724.77
      7247.6    0.9986024     2.776238  0.005193208     19724.14
      7247.8    0.9987135     2.781529    0.0103197     19726.85
        7248     0.998639     2.781822 -0.006616538     19726.56
      7248.2    0.9987731     2.776986  -0.01736728     19724.57
      7248.4    0.9991015     2.770944   -0.0115833     19726.14
      7248.6     0.999265     2.767635   0.01799262     19728.56
      7248.8    0.9993027     2.772555   0.04187955     19729.78
        7249    0.9993157      2.79138   0.04979118     19730.24
      7249.2     0.999512     2.804448   0.04356576     19730.07
      7249.4    0.9996454     2.807468  0.008580013     19730.16
      7249.6    0.9993662     2.807408 -0.002224808     19730.52
      7249.8    0.9994036     2.798244  -0.01008927     19731.83
        7250    0.9994009     2.802668  -0.00610237     19733.56
        7252     1.002392     2.805159 -0.009837771      19742.2
        7254     1.005034     2.771311    -0.012259     19745.77
        7256     1.007442     2.767847 -0.004789436     19754.99
        7258     1.009679     2.736767 -0.0001273862     19764.78
        7260     1.012821     2.766844  0.002008142     19773.37
        7262     1.014392     2.770292   0.00708095     19776.73
        7264     1.016241     2.783912  0.003194661     19785.43
        7266     1.017454     2.793415  0.004226035     19794.01
        7268     1.018152     2.792401  0.004491324        19800
        7270     1.018795       2.8041  0.005272281      19805.6
        7272      1.01816     2.819842  0.007565204     19809.73
        7274      1.01899     2.835593  0.001948874     19820.12
        7276     1.018629     2.852923  0.001930609     19828.14
        7278     1.017384     2.819691  0.005373997     19830.21
        7280     1.017014     2.835287  0.002249504        19836
        7282     1.015311     2.878585  0.008707926     19844.19
        7284     1.013314     2.870919  0.008843145     19848.13
        7286     1.012476     2.889354 -0.000305368     19855.89
        7288     1.010983     2.906032 4.400183e-05      19864.5
        7290     1.009172     2.876142 -0.006038326     19872.75
        7292      1.00747     2.871271  -0.01348964     19879.07
        7294     1.006226     2.841048  -0.01031532     19882.62
        7296     1.004957     2.798115  -0.01874331     19891.33
        7298     1.004845      2.79362  -0.01973302     19900.74
        7300     1.004504     2.721324  -0.01739729     19909.05
        7302     1.004085     2.683183  -0.01617365     19918.97
        7304     1.003531     2.658937 -0.007472514     19923.93
        7306     1.003407      2.66423 -0.004247531      19924.9
        7308     1.003262     2.661544  0.005556762     19930.97
        7310     1.003165     2.649203  0.000967015      19941.8
        7312      1.00313     2.703391 -0.001464031     19944.55
        7314     1.002854     2.671966   0.00102993     19951.46
        7316     1.002339     2.649832 -0.007276556     19959.13
        7318     1.002088     2.657443 -0.001292561     19962.35
        7320     1.001932     2.645178 -0.002277143     19969.51
        7322     1.001236     2.661626 -0.007431228     19975.74
        7324      1.00179     2.631615 -0.004076053     19986.44
        7326     1.001386     2.597993 -0.007773598     19989.77
        7328     1.001432      2.61257 -0.001410253     19997.25
        7330     1.000682     2.599437 -0.0006086458     20001.67
        7332     1.000186     2.620333 -0.005995836     20006.91
        7334     1.000619     2.593124 -0.001764162     20014.16
        7336     1.000795     2.564603  -0.00199728     20022.11
        7338     1.000034     2.585324  0.002389138     20028.27
        7340     1.000173     2.604355  0.004172762     20032.24
        7342     1.000423     2.612237  0.003912131     20039.79
        7344    0.9998328     2.597985  0.002952509     20046.81
        7346     1.000399     2.616621  0.005167828     20050.71
        7348     1.000915     2.627975  0.007610755     20053.64
        7350     1.000988     2.653579  0.006478969     20063.51
        7352     1.000394     2.658871   0.00836295     20072.23
        7354     1.000681     2.668453  0.005580897      20078.5
        7356      1.00037     2.694878  0.008391375     20078.69
        7358     1.000796     2.698227  0.007025749      20088.7
        7360     1.000674     2.726002  0.003810439     20092.68
        7362     1.000915     2.724659   0.00503679      20101.3
        7364     1.000584     2.725362 -0.001098986     20103.07
        7366     1.000546     2.738521 -0.003585252     20109.49
        7368     1.000293     2.717211 -0.004969319     20115.35
        7370     1.000029     2.695977 -0.007011812     20123.47
        7372    0.9999704     2.685607  -0.01148098     20128.11
        7374     1.000086     2.682426  -0.01138481      20131.8
        7376    0.9997769     2.625363  -0.01411546     20133.69
        7378    0.9992787     2.604898  -0.01710127     20142.75
        7380    0.9997292     2.572683  -0.01286673     20151.61
        7382    0.9997786     2.545616  -0.01239967     20155.94
        7384    0.9990588     2.522429 -0.007383641     20161.67
        7386    0.9988123     2.505701 -0.005476862     20166.38
        7388    0.9990482     2.513614 -0.004275842     20176.96
        7390    0.9987795     2.501801  0.001569313     20180.22
        7392    0.9985985     2.488222 -0.002540201     20188.42
        7394    0.9983222     2.518255  0.001244194        20189
        7396    0.9975456     2.493293 -0.001204818     20194.04
        7398    0.9973077     2.511755 -0.004958747     20205.34
        7400    0.9970745     2.478584 -0.0004267597     20207.96
        7402      0.99674     2.478585 -0.002719164     20212.64
        7404    0.9968265     2.489879  0.001393027     20217.27
        7406    0.9970039     2.490002 0.0003713699     20223.18
        7408    0.9967645     2.489728 -0.003422015     20235.16
        7410    0.9967441     2.481556 -0.001830038     20236.41
        7412    0.9967775     2.462503 0.0009564828     20244.68
        7414    0.9971052     2.475361  0.002808615     20250.38
        7416    0.9969361      2.49738  0.005545968     20256.21
        7418    0.9965551     2.504025  0.001453123     20267.13
        7420     0.996789      2.50687  -0.00461754     20271.09
        7422     0.995697     2.486986 -0.003863715     20269.66
        7424     0.995777     2.460439 -0.006657978     20277.16
        7426    0.9963486     2.473116 -0.005921282     20285.39
        7428    0.9967009     2.453606 -0.001896073     20293.48
        7430    0.9962923     2.439616 -0.004024054     20294.72
        7432    0.9964643     2.445271 -0.001025666     20303.08
        7434    0.9955129     2.440923  0.001000446     20310.09
        7436    0.9960212     2.445401  0.002040146     20313.51
        7438    0.9960245      2.44762  0.003236211     20321.31
        7440    0.9960231     2.461592  0.001924309     20325.85
        7442     0.995817     2.466813  0.002882192     20335.33
        7444    0.9964835     2.460796  0.002087368     20341.13
        7446    0.9960732     2.470677  0.002238207     20342.85
        7448    0.9963093     2.478291 0.0009660791     20348.13
        7450    0.9956029     2.484719 -1.368426e-06     20354.31
        7452    0.9959101     2.468524 0.0003171466      20360.5
        7454    0.9966597     2.470666 -0.001343808      20367.2
        7456    0.9960233     2.480828 0.0002653503     20372.77
        7458    0.9962907     2.473968 -0.0008567118     20378.19
        7460    0.9966991     2.470647 -0.004216426     20384.31
        7462    0.9961801     2.463812 -0.005356321     20388.09
        7464    0.9954057     2.447097 -0.004590004     20391.23
        7466     0.995547     2.431117 -0.004242099     20399.36
        7468    0.9951286     2.433927 -0.003962034     20401.94
        7470    0.9952091     2.429876 -0.003879169      20404.5
        7472    0.9953083       2.4154 -0.004146782     20411.26
        7474    0.9951822     2.400084 -0.004729277     20418.61
        7476    0.9955081     2.400753 -0.004278549     20424.63
        7478    0.9949665     2.392041  -0.00368258     20426.86
        7480    0.9954884     2.381172 -0.006268965     20435.83
        7482    0.9955308     2.370623 -0.003270188     20440.49
        7484    0.9949691     2.350601 -0.005208911      20445.2
        7486    0.9959626      2.36588 -0.001245144     20449.04
        7488    0.9956647     2.339501 -0.002213379     20451.44
        7490    0.9958521     2.360662 -0.0006884437     20459.94
        7492    0.9958456     2.332894 -0.0001015149      20465.8
        7494     0.995457     2.360372 -0.005219052     20472.98
        7496    0.9949599     2.338689 -0.001180724      20476.1
        7498    0.9955095      2.31891 -0.002927846     20480.97
        7500    0.9952457     2.323448  -0.00145892     20486.07
        7502    0.9954558      2.33695 -0.000458456     20489.75
        7504    0.9956699     2.327017 0.0007684736     20501.55
        7506    0.9956142     2.315242 -0.002230448     20501.09
        7508    0.9951289     2.329596 -0.001804328     20503.61
        7510    0.9941945     2.319106 -0.0002418102     20506.48
        7512    0.9943995     2.312583 -0.003833988     20512.77
        7514    0.9949243     2.313308 -0.001517102     20516.68
        7516    0.9950568     2.298924  -0.00259542     20519.41
        7518    0.9949796     2.306969 -0.002320591     20506.57
        7520    0.9941602     2.291819 -0.0006126367     20493.16
        7522    0.9948742     2.294743 -0.001264708     20490.76
        7524    0.9957297     2.294023  0.000359491     20420.83
        7526    0.9970838     2.296852  -0.00113585     20124.22
        7528     0.993331     2.294695 -0.001354549     20289.74
        7530    0.9952195     2.285656 -0.0006904224     20179.24
        7532    0.9937409     2.283187 -0.001079931     20373.53
        7534    0.9946585     2.291328 -0.0006428815     20550.55
        7536    0.9942494     2.286056  -0.00100338     20538.86
        7538    0.9948701     2.280513 -0.002699971     20547.73
        7540    0.9948194      2.27516 -0.001797026     20566.06
        7542     0.995693     2.269728 -0.0006766196     20586.94
        7544    0.9954688      2.27168 -0.001380858     20594.61
        7546    0.9951082       2.2751 -0.001870197     20598.55
        7548    0.9943421     2.264113 -0.001507286     20603.41
        7550    0.9947285     2.254767 -0.001801309     20606.81
        7552    0.9946509     2.259621  0.000122494     20615.05
        7554    0.9940693      2.26069 0.0007058309      20617.7
        7556    0.9949936     2.265093 0.0004726708     20622.44
        7558    0.9950853     2.260413 0.0004455126      20625.3
        7560    0.9952438     2.263403 -0.0003148882     20634.54
        7562    0.9953114     2.264254 -0.0005156579     20644.27
        7564    0.9950829     2.262574 0.0006037486     20641.17
        7566    0.9947194     2.256288 -0.002490754     20643.46
        7568    0.9943324     2.268233 -0.002874621     20646.28
        7570    0.9949281     2.244328  -0.00220218     20655.41
        7572    0.9956266     2.239577 -0.004871221     20664.77
        7574    0.9955488     2.238671 -0.003662989     20667.23
        7576    0.9955259     2.229263 -0.003520854     20672.25
        7578    0.9955442     2.215024 -0.003677019     20676.79
        7580    0.9950058      2.21141 -0.002605533     20679.88
        7582    0.9952279     2.209255 -0.001409159     20679.14
        7584    0.9949894     2.208419 -0.002473224     20685.37
        7586    0.9957947     2.203751 -0.002601564     20685.98
        7588    0.9959364     2.191624 -0.002189547     20690.46
        7590    0.9955933     2.188442 -0.003971805     20696.06
        7592    0.9951447     2.190902 -0.0007215203     20699.77
        7594     0.995191     2.171976 -0.003542418     20698.81
        7596    0.9955955     2.185852 -0.004094172     20700.79
        7598    0.9954112     2.160103 -0.001652663        20705
        7600    0.9955087     2.158149 -0.003184543     20710.86
        7602    0.9960496     2.158755 -0.0001560771     20716.94
        7604    0.9961306     2.160375 -3.478691e-05     20719.09
        7606    0.9963234     2.158854 -0.0009747149     20724.21
        7608    0.9961515     2.157871 -0.001476411     20729.02
        7610    0.9967658     2.150957 -0.001636833     20731.59
        7612    0.9963742     2.148564 -0.002441914     20735.09
        7614     0.996359     2.145759 -0.002228021     20738.75
        7616    0.9966553     2.138335 -0.0005881707     20745.67
        7618     0.996811     2.133133 -0.001534812     20747.41
        7620    0.9970068     2.143859 -4.715783e-05     20751.85
        7622    0.9963013     2.133481  0.000512908     20755.08
        7624    0.9967232     2.137958 -0.002286727      20759.6
        7626    0.9966847     2.137236 -0.001246543     20760.65
        7628    0.9967697     2.125565 -0.002919696     20763.16
        7630    0.9966119     2.123509 -0.002501483     20769.91
        7632    0.9964284       2.1146 -0.001793731     20771.31
        7634    0.9965116     2.117224 -0.001490479     20778.53
        7636    0.9968066     2.111215 -0.001187988     20783.51
        7638    0.9967809     2.111585 -0.002071162     20788.67
        7640    0.9965229     2.105097 -0.002216243     20793.01
        7642     0.996755     2.100655 -0.002429364     20793.82
        7644    0.9967965     2.093485 -0.002468885     20802.19
        7646    0.9969684      2.09215 -0.001904398     20803.25
        7648    0.9977255     2.085345 -0.001963091     20807.05
        7650     0.997225      2.08542 -0.002257132     20809.45
        7652    0.9967392      2.07778 -0.001604952     20812.53
        7654    0.9973709     2.074093  -0.00303534      20821.4
        7656    0.9975616     2.072506  -0.00139439     20826.26
        7658    0.9980082     2.061137  -0.00112439     20829.32
        7660     0.997547     2.066625 -0.0007861536     20831.74
        7662      0.99769     2.065098 -0.0008703889     20836.39
        7664    0.9978367     2.066217 -0.001378218     20837.36
        7666    0.9974059     2.054174 -0.001135878     20842.44
        7668    0.9971998       2.0556 -0.001164494     20847.39
        7670    0.9975651     2.056011 -0.0002919015     20852.96
        7672    0.9975687     2.056901 0.0003017846     20859.01
        7674    0.9978505     2.051839 -0.000575356     20861.98
        7676    0.9982572     2.058014 -0.000766363     20863.71
        7678    0.9981864     2.051408 -0.0006439508     20864.93
        7680     0.997941      2.05077 -0.001297631     20875.31
        7682    0.9978948     2.046687 -0.001571157     20880.44
        7684    0.9975286     2.047633  -0.00132164     20878.39
        7686    0.9976266     2.038839 -0.001094804     20884.73
        7688    0.9976759     2.040197 -0.002560354     20887.41
        7690    0.9975624     2.037929 -0.001425798     20889.54
        7692    0.9980962      2.02715 -0.002762515     20895.82
        7694    0.9983366     2.027432 -0.004220373     20897.07
        7696    0.9984597     2.018096 -0.001508007     20900.83
        7698    0.9982707     2.004166 -0.003348691     20908.53
        7700    0.9983802     2.015086 0.0001708337     20910.87
        7702    0.9981406     2.000643 -0.0001848623     20910.02
        7704    0.9985597     2.019463 -0.001684895     20916.69
        7706     0.998617     2.002687  0.001119982     20918.78
        7708    0.9989316     2.001607 -0.0009895916     20924.96
        7710    0.9989514     2.009603 -0.0001050373     20927.06
        7712    0.9989224     2.011546 -6.020905e-05     20931.01
        7714    0.9986536     2.001847 -0.001487963     20934.98
        7716    0.9988893     2.001125 -0.001761381     20942.14
        7718    0.9987391     1.997699 -0.001522412     20944.77
        7720    0.9993187     1.997455 -0.0009573021     20950.43
        7722    0.9994405     1.989667 -0.000376307     20952.54
        7724     0.999478     1.993467 -0.001516846     20955.26
        7726    0.9992273     1.994688 -0.001794121     20955.39
        7728    0.9994572     1.985321 -0.002243952     20955.96
        7730    0.9992323     1.975314  -0.00250291     20962.42
        7732    0.9991558     1.975515 -0.002079331     20962.02
        7734    0.9992373     1.974665 -0.0008367016     20965.29
        7736    0.9998382     1.968686 -0.001413895     20973.44
        7738    0.9999867     1.968621 -0.0005650025     20977.08
        7740    0.9993557     1.964204 -0.0008655643     20979.78
        7742    0.9995936     1.970145 -0.001528432     20984.17
        7744    0.9994336     1.961761 -0.0008529532     20981.28
        7746    0.9997216     1.956393  -0.00247436     20989.02
        7748     1.000492      1.95738 -0.002031215     20993.28
        7750     1.000124      1.95035 -0.001129866     20994.79
        7752     1.000579     1.945512 -0.001101427     21000.34
        7754      1.00025     1.947354 -0.001192248     21002.67
        7756     1.000102     1.948569  -0.00164524     21003.38
        7758      1.00014     1.940812  -0.00193607     21005.22
        7760     1.000382      1.93235  -0.00148307     21013.23
        7762     1.000693     1.931866 -0.002388752     21010.03
        7764     1.000791     1.936704 -0.001747447     21013.09
        7766     1.001537     1.921702 -0.001508787      21015.7
        7768     1.001663      1.91837 -0.002236432     21021.14
        7770     1.001574     1.919796 -0.001777792     21023.92
        7772     1.001607     1.918813  -0.00151707     21025.34
        7774     1.001117      1.90748 -0.002033206     21024.58
        7776      1.00148     1.906234 -0.001854075     21023.19
        7778     1.001632      1.90353 -0.0004882925     21020.45
        7780     1.001404      1.90398 -0.0006040415     21009.25
        7782      1.00173     1.903574 -0.0007737157     20980.17
        7784     1.003321     1.901401 -0.001104803     20769.71
        7786     1.005719      1.89734 -0.003671366      20034.8
        7788     1.000304     1.895142 -0.002518707     20093.98
        7790    0.9989644     1.874203 -0.0008221207     20260.96
        7792     1.001593     1.881252 -0.001124777     21037.05
        7794      1.00179     1.890763 0.0005132797     21069.19
        7796     1.002385     1.886144 -0.001463612     21078.41
        7798     1.002403     1.878309 -0.002044234     21087.49
        7800     1.002584     1.869543 -0.001633906     21087.87
        7802     1.002097     1.874409 -0.001683573     21092.31
        7804     1.002262     1.873072 -0.0006872502     21100.56
        7806     1.002678      1.86484 -0.0001211858     21103.32
        7808     1.001917     1.864045 -0.001514713     21100.61
        7810     1.002601      1.87344 -0.0004215178     21106.98
        7812     1.002194     1.860955 -0.0009342579     21111.75
        7814     1.001667     1.861468 -0.001298137     21109.13
        7816     1.002106     1.856571 -0.001500996     21112.05
        7818     1.002382     1.863055 -0.002676092     21116.14
        7820     1.001678     1.848947 -0.002000209     21115.84
        7822     1.001766     1.840059 -0.002599528     21116.74
        7824     1.001933     1.840569 -0.001225088     21122.04
        7826     1.001726     1.842259 -0.001734268      21125.8
        7828     1.001902     1.839146 -0.001517978     21129.84
        7830     1.002002     1.826185 -0.001896463     21131.73
        7832     1.002081     1.828425 -0.002060222      21136.9
        7834     1.002393     1.827087 -0.0009136622     21142.05
        7836     1.001917     1.822664 -0.001401153     21140.91
        7838     1.001889     1.818876  -0.00129907     21143.95
        7840      1.00251     1.817216   -0.0013447     21147.53
        7842     1.002238     1.816694 -0.001014314     21151.99
        7844     1.001982     1.811907 -0.001549685        21154
        7846      1.00219     1.810761 -0.001784648     21158.33
        7848     1.002248     1.804819 -0.0004940786     21161.17
        7850     1.002596     1.802417 -0.000873142      21161.7
        7852     1.002716     1.807954 -0.0004611059     21164.46
        7854     1.002758     1.803776 -0.0007370034     21167.23
        7856     1.002708      1.80113 -0.001866965      21169.1
        7858     1.002996     1.796521 -0.001791179     21170.95
        7860     1.003254     1.793018 -0.001949893     21173.67
        7862     1.003478     1.789447 -0.001407435     21177.43
        7864     1.003357     1.785531 -0.001853465     21180.75
        7866      1.00318     1.785262 -0.001718359     21178.36
        7868     1.003184      1.77819 -0.001419263      21184.4
        7870     1.003429       1.7757 -0.001823209     21184.01
        7872     1.003838     1.774176 -0.001005175     21190.86
        7874     1.003728     1.770676 -0.001626826     21193.55
        7876     1.004316     1.770149 -0.001728831     21200.84
        7878     1.004075     1.762685 -0.001259739     21202.38
        7880     1.004231     1.760346 -0.001795318     21204.53
        7882     1.004231     1.760598 -0.001574648     21212.44
        7884     1.004627     1.755787 -0.001619828     21214.25
        7886     1.004733     1.750088  -0.00149067     21215.67
        7888     1.004472     1.747387 -0.001883164     21218.08
        7890     1.004439     1.748673 -0.001380434     21219.13
        7892     1.004637     1.740721 -0.002125749     21223.27
        7894     1.004662     1.739045 -0.002263662     21224.27
        7896       1.0051     1.730381 -0.001141488     21229.05
        7898     1.004638     1.730563 -0.001698405     21233.84
        7900     1.005223     1.731589 -0.0009994088     21236.53
        7902     1.005341     1.725457 -0.001768362     21239.89
        7904     1.005732     1.722386 -0.001818658     21245.88
        7906     1.005326     1.716416 -0.001658013     21243.94
        7908     1.004943      1.71704  -0.00101461     21249.67
        7910     1.004835     1.712193 -0.0009566219     21251.02
        7912      1.00505     1.714269 -0.001335682     21256.49
        7914     1.005223     1.708763 -0.001840579     21204.47
        7916     1.005767     1.706355 -0.001889943     20941.52
        7918     1.005869     1.697469 -0.001214148     20594.44
        7920      1.00458     1.699149 -0.001284463     20948.27
        7922     1.004947      1.69905 -0.0008315577     21184.82
        7924     1.005097     1.696079 -0.001272622     21227.57
        7926     1.005449     1.690816 -0.001424028     21242.18
        7928     1.005057     1.688968 -0.001204359     21242.77
        7930     1.005032     1.687658 -0.001232262     21254.49
        7932     1.005131     1.686444 -0.000866649     21262.08
        7934      1.00476     1.680958  -0.00147559     21260.94
        7936     1.004697     1.682035 -0.001869103     21266.51
        7938     1.004875     1.675853  -0.00126543     21267.69
        7940     1.004842     1.671491 -0.001515682     21270.55
        7942     1.005248     1.670835 -0.0002236916     21276.75
        7944     1.005599      1.66991 -0.0004438686      21279.7
        7946     1.005211     1.674064 -0.001046437     21280.01
        7948     1.005132      1.66794 -0.001320538     21282.19
        7950     1.004403     1.662463 -0.001496812     21283.81
        7952      1.00468     1.659346 -0.001180857      21288.5
        7954     1.004892     1.662089 -0.0009151697     21294.49
        7956     1.005315     1.658493 -0.001214381     21299.56
        7958     1.005067     1.655142 -0.001909384     21297.06
        7960     1.005542      1.64963 -0.001257685     21298.06
        7962     1.005301     1.646814 -0.0009120255     21305.29
        7964     1.005039     1.648432 -0.001120089     21301.49
        7966     1.005536     1.647846  -0.00171237     21308.74
        7968     1.005317      1.64067 -0.002097943     21308.41
        7970     1.005454     1.633115  -0.00227783     21311.78
        7972     1.005415     1.631648 -0.001748696     21316.73
        7974     1.005544     1.629623 -0.001573378     21322.02
        7976      1.00563      1.62668 -0.001290792     21319.21
        7978     1.005711     1.620528 -0.001299168     21321.14
        7980     1.005459     1.621322 -0.001682794     21325.93
        7982     1.005454      1.61923 -0.0008323831     21326.75
        7984     1.005363     1.613218 -0.0008570697      21331.8
        7986     1.005563     1.613869 -0.001137842     21334.62
        7988     1.005607     1.614465  -0.00121418     21336.08
        7990     1.005626     1.610127 -0.001276082     21337.44
        7992     1.005466     1.603504 -0.001453457     21332.57
        7994     1.005488     1.603661 -0.001281393     21335.77
        7996     1.005468     1.602838 -0.001305526     21342.11
        7998     1.005669     1.599876 -0.001398829     21344.33
        8000     1.005544      1.59306 -0.001659056     21344.37
        8002      1.00544      1.59247 -0.001427198     21349.98
        8004     1.005073     1.589565 -0.0008318271     21350.41
        8006     1.005146     1.588458 -0.001510109     21354.06
        8008     1.005006     1.586406 -0.001444404     21355.69
        8010     1.005029     1.580389 -0.001093515     21359.58
        8012     1.005337      1.57801 -0.001499309     21354.68
        8014     1.004793      1.57971 -0.001403815     21357.79
        8016     1.005179     1.574411 -0.001019343     21363.49
        8018     1.005341     1.569159 -0.001493216     21364.64
        8020     1.004838     1.569855 -0.001470492     21360.66
        8022     1.004904     1.567764 -0.001166354     21370.18
        8024     1.004624     1.562647 -0.001299685     21371.31
        8026     1.005004     1.559828  -0.00118786     21372.86
        8028     1.004892     1.559458 -0.001294613     21375.81
        8030     1.004857     1.558262 -0.001316228     21374.72
        8032     1.005233      1.55229 -0.001397684      21377.2
        8034     1.005081     1.549298 -0.001511874     21380.67
        8036     1.004574     1.548276 -0.0007931154     21382.56
        8038     1.004348     1.546167 -0.0009219319     21383.74
        8040     1.003836     1.545945 -0.001419558     21385.07
        8042     1.004103     1.541922 -0.001414376     21388.37
        8044     1.003889      1.53692 -0.001464297     21387.75
        8046     1.004193     1.534852 -0.001894206     21390.53
        8048     1.004113     1.534231 -0.001650742     21394.58
        8050     1.004226     1.526769 -0.001292885     21396.68
        8052     1.004247     1.523714 -0.001828964     21399.55
        8054     1.004274     1.524508 -0.001209162     21397.71
        8056     1.004422     1.519599 -0.001183221      21405.6
        8058     1.004222     1.517095 -0.001558076     21404.88
        8060     1.004173     1.514248 -0.001313126     21404.79
        8062     1.004353     1.512044 -0.001188865     21411.05
        8064     1.004312     1.509094 -0.001097386     21407.28
        8066     1.004151     1.507585 -0.001676738     21412.43
        8068     1.004203     1.505469 -0.0008931635     21416.41
        8070     1.003971      1.49863 -0.001099182     21416.81
        8072     1.003812     1.501949 -0.001496334     21415.62
        8074     1.003395     1.498791 -0.001395708     21412.51
        8076     1.003464     1.493499 -0.001901551     21419.27
        8078     1.003171     1.487464 -0.002070104      21419.6
        8080      1.00303     1.486737 -0.001863889     21418.71
        8082     1.002958      1.48223 -0.001059563     21424.43
        8084     1.002996     1.478587 -0.001144018     21427.22
        8086     1.002856     1.478988 -0.0008866248     21424.96
        8088     1.002419     1.477584 -0.0005256148     21425.89
        8090     1.002546     1.475137 -0.0009127199      21431.8
        8092     1.002154     1.474383 -0.001360295     21433.05
        8094     1.002271     1.471686 -0.001207827     21434.77
        8096     1.002127     1.466702 -0.001348476     21437.02
        8098     1.001979     1.465475 -0.0009817731     21439.77
        8100     1.002063     1.463595 -0.0009523314     21442.59
        8102     1.001422     1.463832 -0.001140225     21442.72
        8104     1.001681     1.459083 -0.001145301     21443.05
        8106      1.00155     1.456353 -0.001415067     21446.51
        8108     1.001216     1.454432 -0.001082188     21446.85
        8110     1.001195     1.452511  -0.00133486     21444.54
        8112     1.000804     1.450426 -0.0008708036     21446.24
        8114     1.000774     1.445674 -0.001168901     21448.18
        8116     1.000977     1.447466 -0.001511087     21451.01
        8118     1.000504      1.44316 -0.001347363     21452.47
        8120     1.000443     1.438337 -0.001617671      21455.9
        8122     1.000483     1.434895 -0.001688832     21455.18
        8124     1.000428     1.434525 -0.001160824     21456.22
        8126     1.000015     1.429649 -0.0009874785     21460.33
        8128    0.9999381     1.429051 -0.001518654     21459.65
        8130    0.9998854     1.426995 -0.001219875     21460.03
        8132    0.9998543     1.422375  -0.00127625     21462.68
        8134    0.9993801      1.41989 -0.001132873     21461.14
        8136    0.9995257     1.418841 -0.001141385     21466.53
        8138     0.999474     1.417932 -0.001194015     21469.77
        8140    0.9993988     1.413244 -0.001267026     21471.02
        8142    0.9989838     1.410338  -0.00124328     21471.53
        8144    0.9990823     1.408704 -0.001265627     21469.96
        8146    0.9995125     1.407986 -0.001200993     21475.15
        8148    0.9988144     1.403119 -0.001364874     21469.23
        8150    0.9989706      1.40073 -0.001492653     21472.16
        8152    0.9988351     1.397785 -0.001261747     21472.67
        8154    0.9986188     1.396045 -0.001311745     21468.43
        8156    0.9985341     1.393025 -0.0009581609     21473.37
        8158    0.9983582     1.390236 -0.001097217     21479.71
        8160    0.9982176      1.39012 -0.001135966     21477.47
        8162    0.9978142     1.387267 -0.001316759     21477.28
        8164     0.997763     1.383937 -0.001626902     21479.52
        8166    0.9980188     1.379702 -0.001216676     21477.83
        8168     0.997612     1.377105 -0.001624732     21478.44
        8170    0.9972794     1.377534 -0.0008823549     21482.18
        8172    0.9973012      1.37094 -0.001002424      21483.8
        8174    0.9967907     1.372643 -0.001115348     21483.59
        8176    0.9964643     1.369085 -0.0009323975     21482.92
        8178    0.9960893     1.368611 -0.001681329     21484.36
        8180    0.9958455      1.36348 -0.001278588     21483.41
        8182    0.9958452     1.359193 -0.001557054     21484.57
        8184    0.9957785     1.358857 -0.001052984     21485.11
        8186    0.9958814     1.356154 -0.001170981     21490.75
        8188    0.9957879     1.355057 -0.001250467     21492.53
        8190    0.9955411     1.349825 -0.001086032     21494.16
        8192    0.9953674     1.348853  -0.00146552      21496.6
        8194    0.9952523     1.347466 -0.001173521     21495.58
        8196    0.9946419     1.343332 -0.001352268     21496.32
        8198    0.9945617     1.340437  -0.00161531      21493.3
        8200    0.9942774     1.338035 -0.001076229     21497.28
        8202    0.9941507     1.334544 -0.001575185     21495.86
        8204    0.9938402     1.334723 -0.001291897     21495.55
        8206    0.9939526     1.327835 -0.0005109755     21500.59
        8208    0.9937999       1.3277 -0.001393967      21499.7
        8210     0.993578     1.330456 -0.0005227342     21498.37
        8212    0.9931059     1.323571 -0.0007637652     21496.89
        8214    0.9926929     1.323653 -0.001500291     21498.14
        8216     0.992694      1.32159  -0.00111954     21501.72
        8218    0.9925654     1.318454   -0.0016057     21501.63
        8220    0.9921593     1.314615 -0.001851506     21504.18
        8222    0.9923025     1.310808 -0.001328781     21506.26
        8224    0.9924262     1.306778 -0.001070605     21510.11
        8226    0.9920486     1.307823 -0.000905052     21511.74
        8228    0.9914819      1.30605 -0.0008889642     21507.25
        8230    0.9912689     1.303567 -0.001555243     21509.59
        8232    0.9912184     1.299666 -0.001504312     21510.62
        8234     0.990324     1.295381 -0.001522721     21513.28
        8236    0.9902001     1.294015 -0.001029266     21510.89
        8238    0.9902896     1.291386 -0.001093976     21512.37
        8240    0.9897889     1.291432 -0.001314393     21510.71
        8242    0.9896484      1.28663 -0.001224454     21511.11
        8244    0.9897723       1.2835 -0.001676557     21513.55
        8246    0.9894117      1.28159 -0.001162591     21514.93
        8248    0.9891842     1.278019 -0.001004454     21514.59
        8250    0.9890472     1.277329 -0.0007937171      21519.3
