# This file has been produced by extranormal (v 1.0.1 - February 23, 2017)
# O. Roudenko - Synchrotron SOLEIL. Covered by GPL licence.
#Data from HDF File: /nfs/ruche-rock/rock-soleil/com-rock/2021/Projets/20210209_Hilde/InSitu/10Ni-10Fe_50BN/10Ni-10Fe_50BN_RWGS750_CO2pulses_H2cst_ratio1/10Ni-10Fe_50BN_RWGS750_CO2pulses_H2cst_ratio1_01463.nxs to 10Ni-10Fe_50BN_RWGS750_CO2pulses_H2cst_ratio1_01464.nxs
#Time at start=2021-02-10 14:42:38.997
#Time from start (seconds)=7315.0763858
#Sample temperature (C)=24.7
# Normalization -------------
# pivot spectrum: Pivot_Fe_10Ni-10Fe_50BN_RT_air_av2000_00001.txt
# E0=7112.0   Eshift=1.48
# E0_pivot = 7112.0
# pre-edge params: from E0_pivot-140.0 to E0_pivot-20.0
# pre-edge range: [6972.0, 7092.0]
# post-edge params: from E0_pivot+100.0 to E0_pivot+1140.0
# post-edge range: [7212.0, 8250.0]
# I jump at E0_pivot = 1.24970932228
# shifted energy	normalized	reference	ref.derivative	I0
        6970  0.002121741     1.676347 -0.002527198     18819.27
        6972  0.002121741     1.676347 -0.002527198     18819.27
        6974  0.001700963     1.671389 -0.002135165     18826.11
        6976  0.001257854     1.669842  -0.00129539     18831.76
        6978 0.0009405748     1.672553 -0.001098965     18838.58
        6980 0.0008170693     1.665984 -0.001605157     18848.85
        6982 0.0004663229     1.662597 -0.001764137     18858.55
        6984 0.0004409152        1.657 -0.001551881     18864.03
        6986 0.0008012483      1.65844 -0.002475587     18872.54
        6988 0.0003545415     1.653569  -0.00235945     18878.64
        6990 0.0005932064     1.642793 -0.002244079     18886.52
        6992  0.000466447     1.638125 -0.002040066     18896.12
        6994 0.0001380335     1.640487 -0.0009885134     18902.25
        6996 0.0003619848     1.637248 0.0001796705     18913.18
        6998 0.0003662271     1.634885 -0.0007851922     18920.81
        7000 0.0003307188     1.639562 -0.0005924687     18928.43
        7002 -4.087355e-05     1.634206 -0.001520779     18935.81
        7004 -0.0001011898     1.632508 -0.002205669     18947.42
        7006 -0.000217948     1.622718  -0.00204594      18955.8
        7008 -0.0003690477     1.621917 -0.002462856     18962.86
        7010 -0.000483239     1.617838 -0.001076268     18971.01
        7012 -0.0004538885     1.612805 -0.001584923      18977.8
        7014 -0.000754883     1.614108 -0.001626165     18985.32
        7016 -0.0007743107     1.609237 -0.0009741178     18994.14
        7018 -0.0006868603     1.604829 -0.001590957     18999.83
        7020 2.785977e-05     1.605013  -0.00122784      19007.9
        7022 -0.0004103826     1.601381 -0.001512002     19016.66
        7024 -0.0006767489     1.599415 -0.001655814     19024.06
        7026 -0.0004452239     1.592733  -0.00167167     19033.88
        7028 -0.0004006844     1.591766 -0.001944876     19042.96
        7030 -0.0005398918     1.588007 -0.002379594     19050.63
        7032 -0.0006967562     1.583856 -0.002739224     19059.49
        7034 -0.0009003763     1.573696 -0.002008201      19063.7
        7036 -0.000881572     1.569852 -0.002195876     19069.93
        7038 -0.0006342265     1.571942 -0.001198804     19077.56
        7040 -0.001163725     1.566289 -0.0003150942     19088.19
        7042 -0.001114121     1.564106 -0.0008471263     19099.27
        7044 -0.001033668     1.567331 -0.0008500147     19104.37
        7046 -0.001035752     1.565165 -0.000566262     19112.55
        7048 -0.0009447984     1.559489 -0.001531292     19122.74
        7050 -0.0008504099     1.559575 -0.002296327      19129.4
        7052 -0.0009857513     1.555081 -0.001636205     19137.65
        7054 -0.0007773086     1.546794 -0.001527336     19145.14
        7056 -0.001012748     1.546399 -0.001620657     19152.34
        7058 -0.0006839594     1.547357  -0.00112078     19162.28
        7060 -0.0006408313     1.542116 -0.001634919     19169.17
        7062 -0.0004379214     1.537828 -0.001931259     19173.83
        7064 -6.347677e-05      1.53332 -0.001288763     19183.06
        7066 -4.454214e-05     1.531907 -0.001284661     19191.95
        7068 -0.0005132776     1.531806 -0.0008429153     19196.98
        7070 1.913921e-05     1.527551 -0.0008505935     19207.22
        7072 0.0002791953     1.526576 -0.001879661     19214.47
        7074 0.0003296944     1.525102 -0.001447334     19223.02
        7076 0.0002650335     1.516768 -0.001251961     19233.85
        7078 0.0007123352     1.515972 -0.0009655139      19243.7
        7080 0.0005412964     1.516561 -0.0005180776      19248.7
        7082 0.0009989968     1.517378 -0.001139826     19256.09
        7084  0.001353815     1.512624 -0.001111738     19263.28
        7086  0.001333273     1.506853 -0.001724397     19270.79
        7088  0.001336332     1.507667 -0.001820453      19275.9
        7090  0.002067747     1.503583 -0.001591341     19282.81
        7092  0.002846681      1.49806 -0.001647985     19294.35
        7094  0.003340296     1.494123 -0.001586033     19301.95
        7096  0.003856617     1.494483 -0.000687674     19305.68
        7098  0.004835831     1.490894 -8.209625e-05     19313.23
        7100  0.005427934     1.492559 0.0001206487     19317.42
      7100.2  0.005560933     1.492578 0.0001810607      19318.9
      7100.4  0.005693931     1.492596 0.0002414728     19320.38
      7100.6  0.005826929     1.492615 0.0003018848     19321.86
      7100.8  0.005959928     1.492634 0.0003622968     19323.34
        7101  0.006092926     1.492653 0.0004227089     19324.82
      7101.2  0.006225925     1.492671 0.0004831209      19326.3
      7101.4  0.006358923      1.49269 0.0005435329     19327.78
      7101.6  0.006233029     1.494509 -8.534322e-05     19327.16
      7101.8  0.006139509     1.493982 -0.001335779     19326.03
        7102  0.006285216     1.491824 -0.003288217     19327.25
      7102.2   0.00648325     1.491179  -0.00380305      19328.9
      7102.4  0.006639765     1.491879 -0.003739055     19331.02
      7102.6  0.006874222     1.490939  -0.00295743     19332.27
      7102.8   0.00724931     1.488832 -0.002429937     19333.46
        7103  0.007665902     1.488813   -9.537e-05     19334.41
      7103.2  0.007888038     1.489935  0.005416117     19336.42
      7103.4  0.008042206     1.490863  0.006435943     19337.67
      7103.6  0.007972695     1.493165  0.002192213     19335.85
      7103.8  0.008128043     1.493962 0.0006379125     19334.25
        7104  0.008584453     1.491689 -0.0003593725     19335.84
      7104.2  0.009135294     1.491373 -0.001221128     19338.75
      7104.4  0.009573821     1.492878  0.003129887     19339.98
      7104.6  0.009300786     1.492985   0.00296449     19337.91
      7104.8  0.008830346     1.494193 -0.001698582     19338.03
        7105  0.008638954     1.493745 -0.003709042      19338.6
      7105.2  0.008971938     1.491519 -0.005395682      19339.5
      7105.4  0.009616354     1.490018 -0.002846395     19341.82
      7105.6   0.01005957     1.489876  0.002496862     19343.04
      7105.8   0.01032881     1.491468  0.003931793     19343.02
        7106   0.01075124     1.493516  0.005360902     19344.09
      7106.2   0.01111715     1.493163  0.005714853     19345.09
      7106.4   0.01121312     1.494165    0.0043187     19346.32
      7106.6   0.01138255      1.49604  0.005216302     19347.41
      7106.8   0.01182114     1.496971  0.003428308     19346.96
        7107   0.01227389     1.497336  0.002909397     19346.68
      7107.2   0.01257446     1.496907  0.005197307     19347.73
      7107.4    0.0128632     1.498367  0.005635808     19348.59
      7107.6   0.01325743     1.501129  0.007302905     19349.39
      7107.8   0.01384922     1.501845   0.01008622     19351.02
        7108   0.01436984      1.50275  0.008880638     19351.67
      7108.2   0.01482338     1.506436  0.006974645     19350.64
      7108.4   0.01559758     1.508234   0.00786324     19350.43
      7108.6   0.01636471     1.507425   0.00677145      19350.8
      7108.8   0.01695642      1.50904  0.006886867     19349.91
        7109   0.01766035     1.511853  0.009558877     19350.65
      7109.2   0.01841528     1.513743  0.008858203     19353.42
      7109.4   0.01927989     1.515072   0.01011137     19354.85
      7109.6   0.02028783     1.516127   0.01707245     19354.52
      7109.8    0.0213997     1.519942   0.02567374     19354.72
        7110   0.02283875     1.527401   0.03466577     19355.85
      7110.2   0.02455951     1.535611   0.04197683     19354.93
      7110.4   0.02655068     1.543859   0.04861882     19353.35
      7110.6   0.02900437     1.553524   0.05957344     19352.01
      7110.8   0.03214157     1.566296   0.07479651      19351.5
        7111   0.03603071     1.583269   0.09430781     19349.96
      7111.2   0.04096008     1.603697    0.1181184     19349.81
      7111.4   0.04706137      1.62897    0.1393932     19350.38
      7111.6   0.05425593     1.660791    0.1591777     19349.28
      7111.8    0.0625888     1.694784    0.1707405     19348.64
        7112   0.07179541     1.731039    0.1685567     19348.68
      7112.2   0.08115538     1.765562    0.1606353     19346.14
      7112.4   0.09051513     1.795636    0.1495221     19342.97
      7112.6   0.09936628     1.823292    0.1354954     19340.37
      7112.8    0.1073781     1.850657    0.1219537     19338.41
        7113    0.1148225     1.873959     0.110674        19337
      7113.2    0.1217584     1.893199    0.0944536     19336.13
      7113.4    0.1280335     1.911831   0.08886601     19334.49
      7113.6      0.13422     1.926219   0.08837853     19333.71
      7113.8    0.1397989     1.945052    0.0813144     19333.54
        7114    0.1449879     1.963902   0.07824445     19336.25
      7114.2    0.1498234     1.976883   0.06859618     19337.21
      7114.4    0.1539531     1.988815   0.05608937     19336.56
      7114.6    0.1574105     1.999929   0.05358862     19335.64
      7114.8    0.1601376     2.008774   0.05170354     19334.34
        7115    0.1622859     2.019754   0.04648017     19334.57
      7115.2    0.1643559     2.030178   0.04895544     19336.34
      7115.4    0.1663936     2.037113   0.04796392     19337.58
      7115.6    0.1685501     2.047938   0.04170223     19336.78
      7115.8    0.1710539     2.058125   0.03660895     19336.27
        7116    0.1742938      2.06354    0.0231112     19337.99
      7116.2    0.1783892       2.0664  0.007760198     19340.11
      7116.4    0.1832202     2.066427   0.00180564     19342.67
      7116.6    0.1888372     2.064333   0.01020271        19344
      7116.8    0.1952684     2.064984   0.02363294     19342.43
        7117    0.2026172     2.074562   0.03403226     19342.18
      7117.2    0.2107714     2.085333   0.04497239     19343.09
      7117.4     0.220209     2.091559   0.05407329     19343.39
      7117.6    0.2311843     2.100962   0.06399795     19342.75
      7117.8    0.2432726     2.117821   0.07418379     19342.73
        7118    0.2564285     2.136532    0.0810397     19343.64
      7118.2    0.2709639     2.150906   0.08635516     19343.25
      7118.4    0.2870853     2.165794   0.08978101     19342.08
      7118.6    0.3043614     2.186905    0.0967481     19340.86
      7118.8    0.3231715     2.208356    0.1121271     19339.97
        7119    0.3444459     2.228304    0.1231421      19340.7
      7119.2    0.3675681     2.255495     0.129904     19342.12
      7119.4    0.3914484     2.285418    0.1395508     19342.27
      7119.6    0.4157273      2.31228     0.132952        19342
      7119.8    0.4408326     2.339945    0.1241673     19340.89
        7120    0.4662827     2.361857     0.124438      19339.8
      7120.2    0.4909382     2.384752    0.1335954     19340.48
      7120.4    0.5143297      2.41183    0.1434136     19340.81
      7120.6    0.5355948     2.446821    0.1347426     19340.04
      7120.8     0.554843     2.476588    0.1313487     19338.97
        7121    0.5724767     2.492546    0.1329791     19338.07
      7121.2     0.588793     2.516909    0.1310729     19338.38
      7121.4    0.6042648     2.553205     0.140063     19337.92
      7121.6    0.6191346     2.581446    0.1322181     19339.13
      7121.8    0.6334739     2.604597    0.1146461     19339.53
        7122    0.6477687     2.622684   0.08482447     19336.02
      7122.2    0.6628068     2.644922   0.07017033     19335.88
      7122.4     0.677989     2.649306    0.0630727      19337.5
      7122.6    0.6936355     2.660733   0.05280507     19336.02
      7122.8    0.7107457     2.673142   0.06410872     19335.52
        7123    0.7284295     2.687166   0.07678439      19335.8
      7123.2    0.7459681     2.700593   0.07945049     19334.22
      7123.4    0.7635234     2.722161   0.07475923     19333.53
      7123.6    0.7816759     2.736702   0.07088686     19334.29
      7123.8    0.8000079     2.746973   0.03843121        19334
        7124    0.8181957     2.757302   0.04395079        19333
      7124.2    0.8363366     2.752905   0.05560589     19332.78
      7124.4    0.8543581     2.771863   0.04248954     19332.08
      7124.6    0.8715886     2.791458   0.05427034     19331.97
      7124.8    0.8870686     2.791294    0.0567085     19333.34
        7125    0.9012169     2.796322   0.05214882     19334.14
      7125.2    0.9145709      2.81723   0.06876515      19333.4
      7125.4    0.9274098     2.833177   0.08447264      19332.8
      7125.6    0.9400371     2.846306   0.06949709     19331.87
      7125.8    0.9523543       2.8639   0.03079396     19329.47
        7126    0.9644143     2.872827   0.02040779     19329.19
      7126.2    0.9762559     2.857812   0.02495265     19330.23
      7126.4    0.9879092     2.862632   0.01387519     19329.98
      7126.6    0.9997109     2.883862  0.009254265     19328.15
      7126.8     1.011575     2.883927   -0.0053581     19325.84
        7127     1.023532     2.865215  -0.00554273     19323.03
      7127.2     1.036075     2.858346  0.002006927     19322.01
      7127.4     1.049175     2.879428   0.03245686     19324.34
      7127.6     1.062641     2.885533   0.08432782     19324.18
      7127.8     1.076511     2.891181    0.1005552     19320.79
        7128     1.090854     2.925808    0.1178146     19319.72
      7128.2     1.105543     2.959872    0.1250419     19321.62
      7128.4     1.120155     2.979785   0.08266175     19323.18
      7128.6     1.134485     2.991214   0.05842899     19322.95
      7128.8     1.148537     2.991937   0.06925783     19321.43
        7129     1.161967     3.006615   0.07580417     19322.43
      7129.2     1.173938     3.035191    0.1243596     19322.09
      7129.4     1.184242     3.051858    0.1110518      19321.7
      7129.6     1.192707     3.091425   0.07388875     19321.66
      7129.8     1.199937     3.095457   0.05594195     19319.69
        7130     1.206232     3.094302   0.00619284      19317.8
      7130.2     1.211213     3.096611   0.02165652      19315.3
      7130.4     1.214943     3.096379   0.02417544     19314.59
      7130.6     1.217056     3.112782  -0.02932295     19314.26
      7130.8     1.218159     3.113642  -0.04477519     19314.26
        7131     1.218754     3.073153   -0.0442413      19313.4
      7131.2     1.218889     3.060559 -0.002422345     19310.98
      7131.4     1.219016     3.077389   0.05533179     19308.74
      7131.6     1.219254     3.111704   0.04897377     19308.61
      7131.8     1.219311     3.117418   0.01671451     19309.06
        7132     1.219101     3.099738  -0.01678928     19307.48
      7132.2     1.218282      3.09076 0.0009690325      19306.4
      7132.4     1.217173     3.098273   0.02042634     19305.26
      7132.6     1.215723     3.118194   0.01448054     19304.31
      7132.8     1.213729     3.116079  -0.02051514     19305.65
        7133     1.211188     3.102345  -0.04823068      19307.4
      7133.2     1.207732     3.081861  -0.03035671     19307.13
      7133.4     1.203476     3.079609   0.01132219     19307.25
      7133.6     1.198475     3.091794   0.04548711     19306.48
      7133.8     1.192825     3.111402    0.0333949     19306.12
        7134     1.186495      3.11825 -0.000519015     19306.98
      7134.2     1.179366     3.106325   -0.1141487      19307.4
      7134.4     1.172024     3.091379    -0.195818     19308.36
      7134.6     1.164746     3.020084   -0.1526453     19310.54
      7134.8     1.157098     2.961596   -0.1034686     19311.83
        7135     1.149354     2.984209  0.002144322     19312.84
      7135.2     1.142303     3.008604    0.0643111     19313.83
      7135.4       1.1354     3.021799  -0.03675809     19313.92
      7135.6     1.128015     3.013045   -0.1343475     19315.27
      7135.8     1.120899     2.954802   -0.1587676     19317.06
        7136     1.114343     2.901126  -0.09333068     19317.38
      7136.2     1.108078     2.894785   0.06512035     19317.05
      7136.4     1.102282      2.93838    0.1346055     19317.82
      7136.6      1.09718     3.006899   0.03563003     19316.48
      7136.8     1.092303      3.00881  -0.08113014     19311.54
        7137     1.087272     2.923289   -0.1654074     19302.84
      7137.2     1.082637     2.873476   -0.1617912     19287.74
      7137.4      1.07838     2.874573  -0.06181425        19264
      7137.6     1.074073     2.879377   0.02425488     19229.25
      7137.8     1.070437     2.873838   0.03347703     19188.39
        7138     1.067222      2.89288   0.02161285     19147.28
      7138.2     1.063963     2.901354   0.02189642     19110.53
      7138.4     1.060597     2.896668  -0.03065342     19085.24
      7138.6     1.057593     2.891355  -0.07410392     19077.67
      7138.8     1.054172     2.868357  -0.08588634     19084.25
        7139      1.05085     2.842071  -0.07482685     19101.67
      7139.2     1.048453     2.827958  -0.01465462     19126.97
      7139.4     1.046905     2.831493   0.07153383     19157.73
      7139.6     1.045565     2.856634   0.09290089     19186.94
      7139.8     1.044742     2.899298   0.01801052     19216.37
        7140     1.044122     2.902279  -0.01228349     19244.69
      7140.2     1.043103     2.845902  -0.02544007     19269.52
      7140.4     1.042026     2.846807 -0.001869743     19289.78
      7140.6     1.041046     2.878946   0.07830648     19304.04
      7140.8     1.040628     2.900783   0.07370383     19314.02
        7141     1.040156     2.908547   0.04642239     19317.54
      7141.2     1.039118      2.90577   0.02913977     19316.44
      7141.4     1.038556     2.916084   0.01744191     19314.38
      7141.6     1.038039     2.924095   0.04010578     19305.81
      7141.8     1.037081       2.9225   0.05755621     19287.08
        7142      1.03656     2.937855   0.06408985     19258.92
      7142.2     1.036268     2.962129   0.09610439     19222.29
      7142.4     1.035716     2.975367    0.1038452     19180.37
      7142.6     1.035189     2.999384   0.06483629     19138.37
      7142.8     1.034737     3.020931   0.03557943     19102.62
        7143     1.034046     3.013998  -0.03633484     19078.06
      7143.2     1.033071     3.003831   -0.1325848     19071.28
      7143.4     1.031984     2.970316   -0.1287894     19084.02
      7143.6     1.030716     2.914863   -0.1015348     19109.38
      7143.8     1.029405     2.910966  -0.08306474     19146.44
        7144     1.028234     2.922603  -0.04069071     19190.86
      7144.2     1.027416     2.903864  -0.04332128     19231.95
      7144.4      1.02648      2.88231   -0.0225091     19265.86
      7144.6     1.025471     2.876309  0.004088385     19293.15
      7144.8     1.024664     2.904595   0.03267842     19311.36
        7145     1.023782     2.907135   0.05451424     19321.54
      7145.2     1.022709     2.908453   0.01802265     19327.22
      7145.4     1.021096     2.919921   0.03220279     19332.93
      7145.6     1.019412     2.919014   0.04806918     19339.12
      7145.8     1.017539     2.932897   0.05163047     19342.25
        7146     1.015762     2.946908   0.05114045     19343.54
      7146.2     1.014285     2.961225   0.05093596     19346.26
      7146.4     1.012481     2.959926   0.05631848     19351.27
      7146.6     1.010184     2.973646   0.02912761     19354.94
      7146.8     1.007878     2.991963   0.01897353      19355.1
        7147     1.005464     2.984527  -0.02354455     19354.93
      7147.2     1.003282     2.975105  -0.05432398     19356.08
      7147.4     1.000473      2.95481  -0.01960214     19358.31
      7147.6     0.997301     2.948504 -0.003766325     19359.92
      7147.8    0.9941216     2.968846   0.01627392     19360.82
        7148    0.9908561     2.972092   0.02930673     19362.94
      7148.2    0.9879499     2.967829  -0.00323776     19365.95
      7148.4    0.9848669     2.971949  -0.00900933     19367.87
      7148.6    0.9813602     2.966255   0.01585984      19369.4
      7148.8    0.9778469     2.964884   0.01663498     19369.87
        7149    0.9746422     2.980517   0.03146018     19370.97
      7149.2    0.9715919     2.985257   0.06058968     19372.78
      7149.4    0.9683363     2.991424   0.04543426     19372.92
      7149.6    0.9652173     3.013356   0.03486657     19374.41
      7149.8    0.9622153     3.016865   0.03860414     19375.47
        7150    0.9591605     3.013151   0.02989234     19374.53
      7150.2    0.9564259     3.022307   0.04592642     19375.49
      7150.4      0.95379      3.03727   0.06046255     19377.46
      7150.6    0.9512218     3.053606   0.05486437     19379.41
      7150.8    0.9491222     3.061521   0.06378795     19382.85
        7151    0.9472739     3.066198   0.04261577     19386.43
      7151.2    0.9451943       3.0883 -0.0004013475     19388.31
      7151.4    0.9426202     3.087698  -0.02321411     19389.36
      7151.6    0.9400689       3.0612  -0.02683068     19388.34
      7151.8     0.938181     3.047627      0.03004     19387.86
        7152    0.9368402     3.066836   0.09147158     19388.14
      7152.2    0.9356238      3.11173    0.1094107     19388.68
      7152.4    0.9343646     3.134377   0.07475498      19390.2
      7152.6     0.933025     3.135156   0.03111325     19392.22
      7152.8    0.9320778      3.12664  0.005830475     19394.42
        7153    0.9311659     3.136621  -0.00283894     19395.31
      7153.2     0.930458     3.139041   0.03407631     19397.42
      7153.4    0.9301187     3.132884   0.04611874     19398.99
      7153.6     0.930017     3.153901   0.02308921     19398.06
      7153.8    0.9300047     3.173516   0.02284535     19399.72
        7154    0.9300064     3.157513  0.000683875     19401.57
      7154.2    0.9303704     3.151161  -0.03539269     19401.76
      7154.4    0.9309944     3.154448  -0.03852441     19403.64
      7154.6    0.9314895     3.145202  -0.04324051     19403.56
      7154.8    0.9319766     3.126693  -0.04769794     19402.48
        7155    0.9328756     3.116568  -0.02897318     19405.17
      7155.2    0.9339828     3.116289  -0.02340746     19407.58
      7155.4    0.9349153     3.122023  -0.05634102     19407.28
      7155.6    0.9356627     3.107967  -0.06111778     19407.73
      7155.8    0.9366996     3.071496  -0.05175448      19406.9
        7156    0.9378557     3.067395   -0.0439399     19405.44
      7156.2    0.9386779      3.08062 -0.002566423     19406.57
      7156.4    0.9399785     3.072815   0.01667332      19407.6
      7156.6    0.9414796     3.069442 -0.008488225     19409.85
      7156.8     0.942663     3.080734 -0.007348333     19412.56
        7157    0.9437199     3.073829  0.007877322     19415.31
      7157.2    0.9444684     3.066937   0.02196525     19416.29
      7157.4    0.9456814     3.075744   0.02911776     19416.18
      7157.6     0.947216     3.098306   0.00762893     19416.65
      7157.8    0.9486202     3.097123 -0.006948807     19418.92
        7158    0.9500965      3.07304  -0.00480675     19420.86
      7158.2    0.9512703     3.070185  -0.01641499     19421.74
      7158.4    0.9518534     3.094461  -0.02096888     19421.34
      7158.6    0.9524739     3.083991  -0.02219334     19419.43
      7158.8    0.9533783     3.056265  -0.04530139     19417.51
        7159    0.9542687     3.052431  -0.02879827     19417.01
      7159.2    0.9550402      3.05822   0.01095414     19417.26
      7159.4    0.9561537     3.060953   0.02318221     19418.32
      7159.6    0.9575271     3.065028  -0.01196219      19419.7
      7159.8    0.9581287     3.070976  -0.04163183     19419.15
        7160    0.9588467      3.04865  -0.04273447     19419.73
      7160.2    0.9596461     3.027647  -0.05090562     19420.45
      7160.4    0.9605006      3.03084  -0.02966378     19421.76
      7160.6    0.9616045     3.030252   0.01406078     19423.83
      7160.8    0.9624604     3.024919   0.03673473     19425.49
        7161    0.9625743     3.038896   0.04472427     19426.44
      7161.2     0.962653     3.060228   0.05472311     19427.39
      7161.4    0.9628692     3.066031   0.04404892     19426.97
      7161.6    0.9630571     3.068697   0.01218913     19427.01
      7161.8    0.9638028     3.074135   0.02373049     19427.26
        7162    0.9646603     3.069979   0.06147091     19425.91
      7162.2    0.9654507     3.085016   0.02273874     19427.71
      7162.4    0.9663034     3.117874  -0.03248367     19430.62
      7162.6    0.9668697     3.092326  -0.05694933     19432.38
      7162.8    0.9672744     3.043993  -0.09146888     19433.25
        7163    0.9676914     3.039456  -0.06534875     19433.15
      7163.2    0.9682156     3.044699  -0.02090666     19433.06
      7163.4    0.9687415     3.040047  -0.02273403     19433.32
      7163.6    0.9690722     3.027267  -0.03595055     19433.03
      7163.8    0.9693662     3.021269  -0.02916623     19433.52
        7164     0.969976     3.015939  -0.02039808     19434.49
      7164.2    0.9702846     3.016714   -0.0057911     19435.86
      7164.4    0.9704284     3.010949  0.007265657     19435.71
      7164.6    0.9707977     3.016636  0.009110738     19436.37
      7164.8    0.9714534     3.021751   0.01682403      19438.6
        7165    0.9720845     3.024003  -0.01721333     19437.94
      7165.2    0.9724753     3.024408  -0.01341393     19436.18
      7165.4    0.9730739     3.002865  0.004025885     19436.87
      7165.6    0.9739681      3.01102  -0.01814424      19439.6
      7165.8    0.9751156     3.027223   0.01759554     19441.13
        7166    0.9758116     3.009893   0.03216316      19441.7
      7166.2    0.9762188     3.016942   0.01662027     19442.77
      7166.4    0.9768743      3.03675   0.02623952      19443.1
      7166.6    0.9775965      3.04052   0.01184488     19442.61
      7166.8    0.9783943     3.030884  -0.01765678     19441.75
        7167    0.9794836     3.026418  -0.03599925     19439.83
      7167.2    0.9803792     3.022625  -0.03462232     19438.27
      7167.4    0.9808931      3.01172  -0.03340837     19439.46
      7167.6    0.9815698     3.003186  -0.01087236     19441.21
      7167.8    0.9824169     2.999691   0.01131564     19441.53
        7168    0.9834494     3.013927 0.0007011575     19442.81
      7168.2    0.9847278     3.020773  -0.02310031     19444.66
      7168.4    0.9856165     3.003747  -0.02434425     19445.72
      7168.6    0.9861852     2.981211  -0.02614606     19446.42
      7168.8    0.9869503     2.994452  -0.05357715     19446.01
        7169    0.9873384     2.999856  -0.02299115     19446.02
      7169.2    0.9881453     2.960886 -0.009999452     19446.23
      7169.4    0.9889104     2.962818  0.001588795     19446.56
      7169.6    0.9895865     2.986452   0.07233898     19447.05
      7169.8    0.9905262     3.001127   0.08779025      19447.1
        7170    0.9911493     3.018757   0.02893677     19446.99
      7170.2     0.991775      3.03305  0.008669262     19447.02
      7170.4    0.9925081     3.009602   0.02894112     19446.27
      7170.6    0.9931865     3.008062  0.005825688     19448.06
      7170.8    0.9940822      3.04191 -0.009817358     19448.85
        7171     0.995154     3.037711  -0.03533479     19447.87
      7171.2    0.9960983     3.001748  -0.04024209     19447.47
      7171.4    0.9969749     2.979794  -0.01371638     19450.73
      7171.6    0.9976102     3.009716 -0.0002199975      19454.2
      7171.8    0.9981939     3.026737  -0.01209475     19455.46
        7172    0.9988525     3.001572  -0.06934704     19456.65
      7172.2    0.9997172     2.970119  -0.09324194     19456.71
      7172.4     1.000605     2.954238  -0.07542564     19456.67
      7172.6     1.001119     2.952144  -0.04810082     19456.23
      7172.8     1.001511     2.941231  -0.02963964     19455.41
        7173     1.002148     2.931638  -0.03964597     19457.34
      7173.2     1.002721     2.930527  -0.02685236     19460.06
      7173.4     1.003038     2.920427  0.001334427     19461.12
      7173.6     1.003653     2.919749 -0.001314015     19461.37
      7173.8     1.004511     2.932705   0.01364649     19461.83
        7174      1.00508     2.929475   0.03058645     19463.37
      7174.2     1.005351     2.931344   0.02403631     19464.56
      7174.4     1.005594     2.944218   0.03515127     19464.67
      7174.6     1.005687     2.951935   0.04636283     19465.56
      7174.8     1.005799     2.957596   0.02643955     19466.49
        7175     1.005955     2.968435  -0.00354931     19466.07
      7175.2     1.006699      2.96537 -0.009611135     19465.72
      7175.4     1.007345     2.949095  -0.02566032     19465.06
      7175.6     1.007746     2.949908  -0.04849446     19467.33
      7175.8     1.008069     2.947906  -0.04772133     19467.72
        7176     1.008441     2.926574  -0.02618116     19468.01
      7176.2     1.008746     2.910918  -0.01051674     19469.88
      7176.4     1.008864     2.928963  -0.01728931     19470.91
      7176.6     1.008951     2.939493  -0.01900461     19471.49
      7176.8     1.009049     2.912743  -0.04541714     19471.32
        7177     1.008737     2.895714  -0.08270429      19471.2
      7177.2     1.008773     2.892629  -0.08166149     19472.33
      7177.4     1.009041      2.87333  -0.06878841     19472.35
      7177.6     1.009104     2.847414  -0.04811827     19471.88
      7177.8     1.009168     2.840684  -0.01316601     19471.44
        7178     1.009338     2.854134   0.01901935      19472.3
      7178.2     1.009508     2.862797   0.02322679     19474.77
      7178.4     1.009475     2.862629  -0.01687457     19476.98
      7178.6     1.009375     2.859265  -0.04649888      19479.7
      7178.8      1.00925     2.840635  -0.03473837     19480.66
        7179     1.009044     2.825598  -0.01766834     19480.29
      7179.2     1.008728     2.834839   0.01415972      19481.9
      7179.4     1.008745      2.84513   0.04414193      19482.8
      7179.6     1.008972     2.851962   0.02396322     19482.58
      7179.8     1.008955     2.860911   0.01242442      19484.9
        7180     1.009335     2.854009  -0.00483187     19486.97
      7180.2     1.009823      2.85507  -0.00309187     19487.45
      7180.4     1.010156     2.848097   0.02038128     19487.83
      7180.6     1.010268     2.858438 0.0004165375     19488.03
      7180.8     1.010065     2.870314  0.003899455     19487.74
        7181     1.010063     2.855403 -0.002794145     19487.91
      7181.2     1.010476     2.851216  -0.02289235     19489.05
      7181.4     1.010635     2.856202   0.01048209     19490.66
      7181.6     1.010002        2.852   0.02187161     19491.74
      7181.8     1.009633     2.863789  -0.00197065        19492
        7182      1.00994     2.868714 -0.005454033     19490.93
      7182.2     1.010428     2.854626 -0.007903617     19490.73
      7182.4     1.010731     2.847637  -0.02395756     19490.71
      7182.6     1.010849     2.857466  -0.02062635     19490.44
      7182.8     1.010917     2.849548  0.003784765     19492.15
        7183     1.011236     2.838125 -0.008332332     19494.72
      7183.2      1.01156     2.850665  -0.01589553     19495.26
      7183.4     1.011724       2.8508  -0.00526925     19495.09
      7183.6     1.012071     2.836831  -0.02349241     19495.82
      7183.8     1.012314     2.833909  -0.02569654     19496.31
        7184     1.012795     2.831871  0.009543405     19499.15
      7184.2     1.013559     2.830243   0.03275291     19502.55
      7184.4     1.013567     2.844466   0.06194252     19502.16
      7184.6     1.013313     2.860112   0.07492417     19503.55
      7184.8     1.013271     2.881425   0.05862118     19504.89
        7185     1.013416     2.890182   0.04868788     19504.03
      7185.2     1.013396     2.891363   0.01444548      19503.9
      7185.4      1.01308     2.899062   0.00970345     19504.31
      7185.6     1.013003     2.892981    -0.000296     19505.86
      7185.8     1.013437     2.897945  -0.01413941     19506.14
        7186     1.014013     2.891126 -0.0004216525     19505.78
      7186.2     1.014349      2.88775  -0.01374316     19505.63
      7186.4     1.014476     2.892644  -0.00885503     19508.26
      7186.6     1.014427      2.88695   0.01582301      19510.2
      7186.8     1.014164     2.884042   0.02826457     19510.28
        7187     1.014094     2.900409   0.02489061     19510.53
      7187.2     1.014339     2.915256   0.00948598     19512.59
      7187.4     1.014464     2.906863  -0.00303124     19514.47
      7187.6     1.014602     2.891631 -0.003619218     19513.22
      7187.8     1.014886     2.897984  -0.01729677     19512.49
        7188     1.015167      2.91236  -0.02402725     19513.85
      7188.2     1.015159     2.893025  -0.01857943     19513.85
      7188.4     1.014934     2.872409  -0.01708251     19513.87
      7188.6     1.015026      2.88312   0.03722908     19515.92
      7188.8     1.015116     2.898694   0.06456005     19517.78
        7189     1.014932     2.922809   0.01736295     19518.63
      7189.2     1.015004     2.924057  0.000454765     19519.15
      7189.4     1.015116     2.897011 -0.008220827     19519.74
      7189.6     1.014772     2.899058   0.00053803     19519.59
      7189.8     1.014512     2.916232   0.02322825     19519.18
        7190     1.014178     2.924488   0.01587676     19518.94
      7190.2      1.01444     2.915593  0.002571715     19521.73
      7190.4     1.014855      2.91176 0.0007704975      19524.5
      7190.6     1.015021     2.918289   0.05129887     19526.85
      7190.8     1.015519     2.925104   0.07309877     19526.89
        7191     1.015472     2.956632   0.05791873     19526.09
      7191.2     1.015105     2.970239   0.05695979     19527.39
      7191.4     1.014867     2.964624   0.04856223     19529.42
      7191.6     1.014512     2.970672   0.04891149     19529.79
      7191.8     1.014337     2.995482   0.04535135     19530.52
        7192     1.013977     3.009368   0.02695575     19529.36
      7192.2      1.01388     3.000905  -0.01718568     19528.76
      7192.4     1.014362     2.992236     -0.05083     19530.73
      7192.6     1.014636     2.981734  -0.05312578     19532.42
      7192.8     1.014563     2.968704  -0.04910664     19533.61
        7193     1.014706     2.958405  -0.03918687     19535.42
      7193.2     1.014798     2.952951  -0.03603061     19537.47
      7193.4     1.014511     2.950384  -0.01954187     19538.33
      7193.6     1.014354     2.939879  0.009161495     19537.69
      7193.8     1.014305     2.942771 -0.002928875     19536.28
        7194     1.014377      2.96028  -0.00047614     19536.85
      7194.2     1.014381     2.948041   0.03222806      19537.6
      7194.4      1.01433     2.939498   0.01860495     19537.55
      7194.6     1.014367     2.968554   0.01020678     19538.82
      7194.8      1.01489     2.975164   0.05237736     19541.06
        7195     1.014991     2.956206   0.04885804     19541.95
      7195.2     1.014734       2.9814   0.03931239     19543.88
      7195.4     1.014713      3.00764   0.07877464     19545.28
      7195.6     1.014673     3.006614   0.03945335     19544.56
      7195.8     1.014866     3.019226 -0.007533647     19544.51
        7196     1.015235     3.012963  0.006220807     19544.66
      7196.2      1.01559     3.001613 -0.0002958175      19545.1
      7196.4     1.015808     3.011591  -0.00303578     19545.41
      7196.6     1.016055      3.01899    0.0105626     19545.41
      7196.8     1.016362     3.010534  -0.00385732     19543.83
        7197     1.016424     3.010063  -0.04163484     19544.71
      7197.2     1.016158     3.008505  -0.06172688     19547.76
      7197.4     1.016062     2.985682  -0.07434903     19548.28
      7197.6     1.016293     2.961153  -0.07294082     19549.23
      7197.8     1.016654     2.950584  -0.05413494     19551.66
        7198     1.017075     2.950152  -0.06054988     19552.91
      7198.2     1.017108     2.942374  -0.07162691      19553.7
      7198.4     1.016914     2.912713  -0.04932421     19555.55
      7198.6     1.017024     2.893283   -0.0460021      19558.1
      7198.8     1.017393     2.910693  -0.02980968     19559.28
        7199     1.017879     2.905572  -0.04036288     19560.34
      7199.2      1.01807     2.888865  -0.09155267      19563.2
      7199.4      1.01831     2.860992  -0.09826253     19563.77
      7199.6     1.018272     2.837451  -0.04625034     19563.13
      7199.8     1.018171     2.826962    0.0413197     19563.71
        7200      1.01838     2.851865   0.08170177     19563.26
      7200.2     1.018605     2.894048   0.07578934      19565.1
      7200.4     1.018262     2.902812   0.03298322     19566.53
      7200.6     1.018045     2.887593  -0.02173715     19566.49
      7200.8     1.018294     2.878251  -0.04464758     19566.18
        7201      1.01852     2.876658  -0.02036769     19566.18
      7201.2     1.018454     2.867094   0.04721086     19566.25
      7201.4     1.018402     2.871299   0.07330644     19566.85
      7201.6     1.018675      2.91602    0.0393467      19567.7
      7201.8     1.018972     2.935304   0.01274823     19568.37
        7202     1.019168     2.898571  -0.02416434     19569.33
      7202.2     1.019199     2.881498  -0.05352185     19570.55
      7202.4     1.019081     2.896689  -0.04815484     19572.86
      7202.6      1.01906     2.892486  -0.09133323      19575.7
      7202.8     1.019047     2.860048    -0.176211      19577.2
        7203     1.019116     2.808431   -0.1770591     19577.87
      7203.2     1.019215      2.75572   -0.0668985     19578.04
      7203.4     1.019431     2.750839    0.0013189     19576.23
      7203.6     1.019582     2.806529   0.03788624     19577.31
      7203.8     1.019288     2.809486   0.06853819     19579.05
        7204     1.018775     2.786029    0.0271301     19579.82
      7204.2     1.018676     2.805669   0.03869208        19581
      7204.4     1.018883     2.828233   0.05666789     19580.62
      7204.6     1.019316      2.84044   0.02406116     19581.05
      7204.8     1.019961     2.831363   0.06766003      19580.9
        7205     1.019985     2.824918    0.1101302     19581.65
      7205.2     1.019903     2.882361    0.1323863      19583.9
      7205.4     1.019886     2.928544    0.1379367     19584.61
      7205.6     1.019879     2.937272    0.0509322     19585.68
      7205.8     1.019976     2.935268  -0.00327588      19585.2
        7206      1.02007     2.923107  -0.02617632     19583.13
      7206.2     1.020337     2.925924  -0.06942788     19581.89
      7206.4     1.020475     2.916331  -0.08737808     19582.29
      7206.6     1.020187     2.879725  -0.09697914     19584.83
      7206.8     1.019858     2.853204  -0.07312771     19587.24
        7207     1.019546      2.84834  -0.03268513     19588.66
      7207.2     1.019229     2.857829 -0.009366188     19589.83
      7207.4     1.019224     2.853577  -0.01250634     19590.79
      7207.6     1.019351     2.845711    -0.039349     19590.82
      7207.8     1.019451     2.838335  -0.04304073      19590.9
        7208     1.019394      2.82635  -0.04527701     19592.04
      7208.2     1.019432     2.819145  -0.04523613     19592.09
      7208.4     1.019437      2.80949  -0.04331102     19592.77
      7208.6     1.019196     2.802146   -0.0327271     19594.24
      7208.8     1.018977     2.791701  -0.02634059     19595.65
        7209     1.019175     2.792963  -0.01549733     19596.52
      7209.2     1.019408     2.788417   0.01496069     19596.32
      7209.4     1.019599     2.789748   0.01808542     19597.19
      7209.6     1.019703      2.80367   0.04681002     19597.57
      7209.8     1.019587     2.807431   0.06243378     19595.93
        7210     1.019524     2.825865   0.04242612     19597.62
      7210.2     1.019268     2.839695   0.05146005     19599.76
      7210.4     1.019225      2.83761   0.04927715     19600.17
      7210.6      1.01937     2.848599   0.05129099     19600.37
      7210.8     1.018985     2.865287   0.06709553      19600.9
        7211      1.01857     2.880728   0.05601929     19601.93
      7211.2      1.01836     2.891287    0.0323512     19601.91
      7211.4     1.018113     2.893415 -0.003954127     19603.86
      7211.6     1.018013     2.891168  -0.02798825      19605.1
      7211.8     1.018054     2.877565  -0.01482987     19603.49
        7212     1.018051     2.868896  0.001199805     19603.88
      7212.2     1.017662     2.881551   0.00946664     19605.74
      7212.4     1.017384     2.892128   0.02823415     19607.58
      7212.6     1.017157     2.885138   0.03031605     19609.75
      7212.8     1.016957     2.891484   0.03240676     19610.48
        7213     1.016491     2.905804   0.07586646     19608.62
      7213.2     1.016376     2.918053    0.0718783     19609.02
      7213.4       1.0163     2.945831   0.04708946     19609.89
      7213.6      1.01563     2.948986   0.04511365     19607.36
      7213.8     1.014718     2.943475   0.04142528     19607.34
        7214     1.014207     2.954144   0.07558599     19611.08
      7214.2      1.01394     2.978972   0.09887012     19611.66
      7214.4     1.013732     3.009455    0.0810454      19611.7
      7214.6      1.01381     3.022571    0.0482493     19615.08
      7214.8     1.013865      3.01898  0.009119103     19617.25
        7215     1.013745     3.017571 -0.004590538     19618.11
      7215.2     1.013666      3.01675   0.02014026     19619.63
      7215.4     1.013624     3.018899   0.03102995      19620.6
      7215.6     1.013648     3.035093   0.03374361     19620.72
      7215.8     1.013641     3.042395   0.03792998     19620.06
        7216     1.013405     3.043745   0.03393395     19621.15
      7216.2     1.012674     3.049243   0.03201536     19620.57
      7216.4     1.011887      3.06224   0.04546433     19619.73
      7216.6     1.011099     3.068007   0.03918635     19617.72
      7216.8     1.010783     3.080117   0.03443994      19618.7
        7217     1.010594     3.080592   0.03715173      19619.1
      7217.2     1.010415     3.089792   0.03234727     19620.07
      7217.4     1.010016     3.097729   0.01486978     19622.77
      7217.6     1.009403     3.105994  0.004779878     19622.95
      7217.8     1.009318     3.092488   0.01834634     19624.39
        7218     1.009578     3.093616   0.00680151     19625.84
      7218.2     1.009842     3.112406   0.02575434     19627.23
      7218.4     1.009801     3.111436   0.04314036      19628.6
      7218.6     1.009444     3.113091   0.01230794     19629.49
      7218.8     1.008969     3.128128  -0.03595888     19630.69
        7219     1.008607     3.122252  -0.05516671     19632.15
      7219.2     1.008543     3.082669  -0.04440393     19633.77
      7219.4      1.00842     3.068958  -0.03234044     19633.57
      7219.6     1.008179     3.092605    0.0435455     19633.35
      7219.8      1.00793      3.09638   0.08907114     19634.17
        7220     1.007472     3.117505   0.04315763     19633.25
      7220.2     1.006914     3.140215   0.04062998     19632.15
      7220.4     1.006767     3.127131 -0.003930217     19632.54
      7220.6     1.006816     3.128884   -0.0506062     19635.46
      7220.8     1.006725     3.114361  -0.02071015     19637.81
        7221     1.006154      3.09973  -0.02744872     19637.75
      7221.2     1.005909     3.110563  -0.01880665      19636.3
      7221.4     1.005901     3.106925  -0.01216597     19635.26
      7221.6     1.005583     3.099315  -0.04073121     19635.52
      7221.8     1.005622     3.089997  -0.03569151     19636.28
        7222     1.005426     3.077978  -0.03487627     19637.42
      7222.2     1.005052     3.078372  -0.05057807     19639.27
      7222.4     1.004783     3.071414  -0.05886388     19641.14
      7222.6     1.004615     3.049535  -0.06358639     19641.79
      7222.8     1.004613     3.030887  -0.06081433     19642.09
        7223     1.004488     3.027502  -0.03244397     19642.63
      7223.2     1.004357     3.022763   0.01326503     19643.64
      7223.4     1.004232     3.023579  0.008708518     19646.61
      7223.6      1.00404     3.041499   0.02891581     19649.14
      7223.8     1.003862     3.034469    0.0411382     19648.18
        7224     1.003378     3.045896   0.01594079     19645.99
      7224.2     1.002666      3.05649   0.03032386     19645.21
      7224.4     1.002527     3.054251   0.02170428     19645.33
      7224.6     1.002616     3.058728  0.001224713     19646.26
      7224.8     1.002417     3.063259  0.003555215     19647.48
        7225     1.002366      3.05747    0.0182694      19649.2
      7225.2     1.002278     3.057095  -0.00073158     19651.02
      7225.4     1.001904     3.073344  -0.04309398     19654.76
      7225.6     1.001594     3.062674  -0.04673127     19656.09
      7225.8     1.001469     3.022995  -0.05901506     19655.93
        7226     1.001227      3.01971  -0.08391226     19655.33
      7226.2     1.001586     3.026132  -0.05831495     19655.26
      7226.4     1.002022     2.995544  -0.04641292     19655.75
      7226.6     1.001683     2.976343  -0.07072514     19654.67
      7226.8     1.001198      2.98258  -0.06616994     19654.26
        7227     1.000828     2.969552  -0.04502359     19655.89
      7227.2     1.000383     2.942608  -0.03563466     19657.33
      7227.4     0.999883     2.940324  -0.02612353     19657.73
      7227.6    0.9995362     2.954072 0.0007670025     19658.39
      7227.8     0.999345     2.948653 -0.002893485     19659.32
        7228    0.9993712     2.943222  -0.02264012      19661.1
      7228.2    0.9994948     2.938009 -0.006430208     19662.55
      7228.4    0.9992654      2.93596  0.001759055     19663.18
      7228.6    0.9986548     2.943509  0.008739147     19664.33
      7228.8    0.9984698     2.944629 -0.0004049425     19666.16
        7229    0.9982075        2.945  -0.01664232     19666.34
      7229.2    0.9980369     2.935636  0.008810662     19666.19
      7229.4    0.9978498     2.930195  0.006145018     19667.01
      7229.6    0.9972255     2.951677 -0.007121315     19667.19
      7229.8    0.9966799     2.949916  -0.01056437      19666.4
        7230     0.996497     2.929939  -0.05870041     19667.55
      7230.2     0.996024     2.921743  -0.08717458     19668.05
      7230.4    0.9954536     2.904717  -0.08813234     19667.54
      7230.6    0.9952084     2.880177  -0.09607178     19668.14
      7230.8    0.9951317     2.859433  -0.07771787      19668.9
        7231    0.9950768     2.844886  -0.03667798     19670.39
      7231.2      0.99494     2.842543  -0.00191643     19672.06
      7231.4    0.9948604     2.850834  -0.01329628      19673.3
      7231.6    0.9946528       2.8579  -0.04125498     19673.41
      7231.8    0.9949004     2.834249  -0.05658769     19674.54
        7232    0.9944837     2.809539  -0.06917325     19675.59
      7232.2    0.9940595     2.805564  -0.04892614     19674.89
      7232.4     0.993903     2.802562   -0.0237092     19675.04
      7232.6    0.9931065     2.795108   -0.0227264     19675.95
      7232.8    0.9923734     2.790571  -0.03657613      19675.6
        7233    0.9921573     2.787383  -0.03044085     19675.98
      7233.2    0.9920845     2.773301  -0.01016673     19677.76
      7233.4    0.9922152     2.770755  0.001864975     19677.72
      7233.6    0.9922533     2.782438   0.01053611     19675.96
      7233.8    0.9920186     2.788875   0.01117499     19676.51
        7234     0.992034      2.78173  -0.01529404     19678.12
      7234.2    0.9923871     2.779695  -0.05081458     19679.08
      7234.4    0.9926414     2.770203  -0.03735194     19680.16
      7234.6    0.9925292     2.748223  -0.01906672     19679.57
      7234.8    0.9922529     2.751848   0.01100382     19678.88
        7235    0.9919901     2.764442   0.04649212     19681.09
      7235.2    0.9914933     2.779006   0.01201598     19683.24
      7235.4     0.991213     2.785417  -0.00761351     19683.64
      7235.6    0.9915049     2.761461  -0.00937768     19684.13
      7235.8     0.991534     2.758351   -0.0330881     19685.42
        7236     0.991034     2.771504  -0.00717978      19687.5
      7236.2    0.9907161     2.758947 0.0006063325     19689.02
      7236.4    0.9904673     2.755717  -0.02971301     19687.59
      7236.6    0.9903175     2.758836  -0.04024236     19686.97
      7236.8    0.9904478     2.747733  -0.04713061     19688.44
        7237    0.9903707     2.726753  -0.04677248     19689.14
      7237.2    0.9903766     2.718013  -0.02909926     19689.19
      7237.4    0.9907354     2.721418 -0.002364608     19690.05
      7237.6    0.9907567     2.724454  -0.00317279     19690.32
      7237.8    0.9904891     2.724861  -0.01400899     19690.23
        7238    0.9903651     2.715474 -0.008797523     19691.82
      7238.2    0.9902451     2.710211  -0.01161248     19692.92
      7238.4    0.9901856     2.717416   0.00068584     19691.94
      7238.6    0.9902686     2.715571   0.02532278      19691.8
      7238.8    0.9904396     2.716023   0.02052296     19693.01
        7239    0.9908894     2.730469   0.01323096     19694.19
      7239.2    0.9913361     2.733834   0.00817405     19695.62
      7239.4    0.9911355     2.726156   -0.0129239     19696.18
      7239.6    0.9909724     2.722562  0.001874727      19698.3
      7239.8    0.9910476      2.72013   0.01914488     19700.91
        7240    0.9910954     2.735334   0.01286688     19702.92
      7240.2     0.991157     2.741472  0.007048945     19702.58
      7240.4    0.9913034     2.732856  -0.01225677     19702.27
      7240.6    0.9912457     2.725769  -0.03378227     19702.15
      7240.8    0.9915936     2.725529  -0.03312345     19701.55
        7241     0.992158     2.714446  -0.01435121     19703.25
      7241.2    0.9923857     2.706357  -0.00956163     19705.27
      7241.4    0.9925899     2.714288    0.0134681     19705.23
      7241.6    0.9926458     2.717879   0.03956829     19705.87
      7241.8    0.9924344      2.72522   0.04003403     19707.36
        7242    0.9922731     2.738012   0.04415489      19707.7
      7242.2    0.9923498     2.746316   0.02429831     19708.96
      7242.4    0.9927027     2.753203   0.00574978     19711.84
      7242.6    0.9929928     2.744659  -0.01244496     19713.17
      7242.8     0.993148     2.742611  -0.01935509      19711.9
        7243    0.9933096      2.73636  -0.00283988     19710.69
      7243.2    0.9936651     2.737719 -0.001347867     19713.36
      7243.4    0.9943179     2.742387   0.00932971     19714.86
      7243.6    0.9943807     2.741533   0.01455488     19714.56
      7243.8    0.9941947     2.743823  0.005191988     19714.46
        7244    0.9941963     2.749363   0.01193818     19714.58
      7244.2    0.9943585     2.746541   0.02594259     19714.18
      7244.4    0.9946744     2.751084   0.02617954     19713.17
      7244.6    0.9951637     2.764577   0.01258556     19712.81
      7244.8    0.9955641     2.770307  -0.01717206     19714.51
        7245     0.995896     2.756609  -0.02611973     19715.84
      7245.2    0.9963551     2.737346  -0.01037037     19716.01
      7245.4    0.9965631     2.743682   0.02706181     19717.03
      7245.6    0.9965026      2.76201   0.07217889     19718.07
      7245.8    0.9964186     2.778259    0.0511787     19717.83
        7246    0.9964533     2.795089   0.02920669     19717.47
      7246.2    0.9968774     2.784625   0.02287894     19720.61
      7246.4    0.9969922     2.785376 -0.008330862     19720.72
      7246.6    0.9971352     2.796562  0.003836835     19720.37
      7246.8    0.9974296     2.788424  -0.00880922     19723.24
        7247    0.9979558     2.787694  -0.03095157     19723.69
      7247.2    0.9983086     2.778328  -0.01270518     19722.68
      7247.4    0.9983273       2.7718 -0.005640782      19721.9
      7247.6    0.9981507      2.77826   0.00534745     19722.69
      7247.8    0.9978738     2.783181   0.01698283     19723.63
        7248    0.9979474     2.782606   0.01717288     19725.11
      7248.2    0.9983905     2.785387   0.01433371      19727.5
      7248.4     0.998952     2.791999   0.03374127     19729.65
      7248.6    0.9995221     2.794648   0.04653784     19731.68
      7248.8    0.9998714     2.809599   0.01508558     19732.96
        7249     1.000009     2.822617  0.004003177     19731.71
      7249.2     1.000184     2.804067   0.00046834      19730.5
      7249.4     1.000287     2.797851   -0.0282346     19732.46
      7249.6     1.000443     2.809974 -0.009818978     19732.58
      7249.8     1.001151     2.800029   0.00121229     19732.98
        7250     1.001673     2.796212 -0.009380315      19732.2
        7252     1.003423     2.794903 -0.003990981     19742.72
        7254     1.005451     2.773112 -0.004842612     19746.95
        7256      1.00792     2.764182 -0.004807784     19754.24
        7258     1.010259      2.76537 -0.001734241     19760.91
        7260     1.012654     2.756441  0.002349853     19765.71
        7262     1.014786     2.759238  0.000383856     19775.98
        7264     1.016711     2.782981  0.003845312     19784.47
        7266     1.017852     2.768441  0.004758553     19790.22
        7268     1.019005     2.787204  0.003793098     19798.19
        7270     1.019157     2.797306  0.009819009     19803.01
        7272     1.019173     2.813326  0.006312072     19808.53
        7274     1.018983     2.846993  0.009224994     19814.26
        7276     1.018835       2.8377   0.01665287     19822.31
        7278     1.017974     2.871106 0.0005657548     19828.82
        7280     1.016914     2.946549  0.001437375      19835.9
        7282     1.015566     2.851519 0.0004627363     19841.93
        7284     1.014115     2.849199 -0.008292559     19851.19
        7286     1.012146     2.874808  0.004787157     19857.51
        7288     1.010444     2.880208 0.0006814797     19865.54
        7290     1.009052     2.889816 -0.008259026     19870.59
        7292     1.007613     2.854651  -0.01306109     19878.26
        7294     1.006263     2.808736  -0.01649016     19887.37
        7296     1.004561     2.775719  -0.01238132     19891.88
        7298     1.003736     2.757895  -0.01002543     19898.15
        7300     1.003749       2.7556 -0.009158031     19905.47
        7302     1.003809     2.728532  -0.01056989     19909.74
        7304     1.003307     2.702455  -0.01228315     19917.49
        7306     1.002768     2.673336  -0.01050281        19926
        7308     1.003111     2.657335 -0.005255927     19930.44
        7310     1.002193      2.64451 -0.0003447451     19935.11
        7312     1.001143     2.660408 -0.001626733     19941.79
        7314     1.001411     2.670578 -0.001127531     19948.02
        7316     1.001713     2.644321 -0.002910696     19956.07
        7318     1.001899      2.63549 -0.005954887     19964.42
        7320      1.00207     2.637122 -0.001525615     19970.54
        7322     1.002049     2.622939 -0.0003898589     19976.52
        7324     1.001563     2.632116 -0.001483042      19979.8
        7326     1.001203     2.632371  0.001001449     19988.35
        7328     1.001546     2.625258 -0.003285633     19993.66
        7330     1.000802      2.63095  -0.00540256     19995.82
        7332     1.000167     2.605831 -0.005398338     20001.52
        7334     1.000597      2.58915 -0.006329802     20010.44
        7336      1.00036     2.582071 -0.002064708     20016.74
        7338     1.000143     2.580312  0.003044996     20020.54
        7340     1.000165     2.589314  0.002464174     20027.01
        7342     1.000766      2.61351  0.004783127     20032.53
        7344     1.000321     2.601784  0.005666893      20039.5
        7346     1.000201     2.618577  0.005662844     20045.88
        7348    0.9998819     2.634649   0.00705612     20053.21
        7350     1.000255     2.658813  0.007906259     20059.15
        7352     1.000524     2.658233  0.007700053     20062.06
        7354     1.000031     2.681827  0.004711318     20068.71
        7356     1.000568     2.696249  0.006104567      20077.6
        7358     1.000387     2.696504  0.003711683     20079.63
        7360    0.9998856      2.70707 -0.0003249394     20087.46
        7362     1.000369      2.71152  0.004002129     20094.33
        7364     1.000764      2.69365  0.006373439      20103.7
        7366     1.000961     2.728521   0.00249109     20110.29
        7368     1.000773     2.758057  0.002686066     20115.08
        7370     1.001059     2.731449 -0.005588451     20121.44
        7372     1.000825     2.715138   -0.0139893     20125.17
        7374    0.9996086     2.683813  -0.01252523     20129.09
        7376    0.9996167     2.646143  -0.01638798     20135.55
        7378     0.999857     2.631247  -0.01656729     20143.14
        7380    0.9993746     2.584034  -0.01519364     20147.09
        7382    0.9996469     2.551275  -0.01702245     20154.23
        7384    0.9996532     2.524594   -0.0118154     20160.11
        7386    0.9987146     2.495068 -0.009313776     20168.08
        7388     0.998275     2.489511 -0.006607537     20170.08
        7390    0.9982625     2.476764 -0.001227543     20177.75
        7392    0.9974464     2.471734  0.001253562     20180.76
        7394    0.9978997     2.485247  0.003710383     20190.71
        7396    0.9975994      2.49954  0.006007836     20196.04
        7398    0.9976793     2.506448   0.00331895     20204.57
        7400    0.9977137     2.519796 -0.001202834     20209.05
        7402     0.997397     2.511799 0.0001984544     20213.69
        7404    0.9973079     2.489917 -0.003079851     20216.33
        7406    0.9971547     2.508035 -0.002053853     20225.66
        7408    0.9970307     2.495157  0.001234089     20230.88
        7410    0.9970486     2.495368 -0.002851962     20236.66
        7412    0.9968868      2.49979 6.710607e-05     20243.53
        7414    0.9969894      2.48522 -0.001282175     20249.58
        7416    0.9971926     2.495694 -0.002889745     20252.63
        7418     0.997009     2.485111 -0.0006898177     20258.34
        7420    0.9965715     2.476672 -0.003121191     20264.63
        7422    0.9964471     2.479701 -0.002595149     20270.67
        7424     0.996479     2.470725 -0.002858428      20276.7
        7426    0.9965011      2.46435 -0.003617646     20281.75
        7428    0.9963378     2.453804  -0.00270888     20288.39
        7430    0.9967615      2.45076  -0.00299123     20297.76
        7432    0.9960754     2.449054 -0.0001637427     20302.57
        7434     0.996126      2.44042 0.0004010915     20306.27
        7436    0.9960593     2.452494 -0.000521747     20311.09
        7438    0.9964893     2.453969   0.00369239     20319.12
        7440    0.9962184      2.44488  0.002169441      20322.9
        7442    0.9967643     2.469959  0.002104379     20326.49
        7444    0.9963634      2.46985  0.004396196     20333.22
        7446    0.9963169     2.470804  0.001375127     20339.63
        7448    0.9954433     2.480049  0.002510195      20344.2
        7450    0.9959343      2.48096  0.001784406     20348.92
        7452    0.9960813     2.489932 0.0004001031     20355.72
        7454    0.9956807     2.485079 -0.001664235     20361.54
        7456    0.9956974      2.48325  -0.00526595     20366.51
        7458    0.9955245     2.467646 -0.004663068     20373.04
        7460    0.9954494     2.447804 -0.006383822     20375.04
        7462    0.9962682     2.447774 -0.004217561     20381.57
        7464    0.9958238      2.43218 -0.003171581     20388.07
        7466    0.9955284     2.433905 -0.003350745     20393.65
        7468    0.9954418     2.422431 -0.003340576     20402.04
        7470    0.9952063     2.420968 -0.005076329      20404.9
        7472    0.9952535     2.405455 -0.004117799     20412.69
        7474    0.9953036     2.393295 -0.004667323     20413.93
        7476    0.9950363     2.389489 -0.002859763     20418.77
        7478    0.9954619      2.38363 0.0004623369     20427.35
        7480    0.9947341     2.382577 -0.000579738     20434.84
        7482    0.9947662     2.396994 -0.002707695     20438.73
        7484    0.9946877     2.384851 -0.003810515     20443.46
        7486    0.9943801     2.361968  -0.00614971     20447.08
        7488    0.9948217     2.352093 -0.005740283     20450.49
        7490    0.9950365     2.347796 -0.004366931     20457.72
        7492     0.994884     2.338929 -0.003410213     20462.89
        7494    0.9944529     2.327033 -0.002518912      20467.6
        7496    0.9940771     2.324811 -0.002302947      20475.7
        7498    0.9946199     2.327645 -0.0005721174     20480.99
        7500    0.9946631     2.320505  0.001321501     20485.36
        7502    0.9942614     2.322456 -0.0001504258     20491.98
        7504    0.9944786     2.335383 0.0002691973     20497.47
        7506    0.9940456     2.326441 -0.0002585672     20499.42
        7508    0.9944285     2.322659  -0.00289872     20500.87
        7510     0.994188     2.320387 -0.0009775291     20509.35
        7512    0.9938959     2.312193 -0.001984986      20514.1
        7514    0.9939615     2.318621 -0.002651888     20517.47
        7516    0.9944375     2.306779 -0.002284578     20519.27
        7518    0.9949744     2.299172 -0.003318174     20507.41
        7520    0.9943035     2.293917 -0.001941251     20491.89
        7522    0.9939173     2.292076 -0.001468547     20488.31
        7524    0.9942732     2.291249 -0.0008631308     20403.32
        7526    0.9957303     2.287424 0.0003745685     20188.42
        7528    0.9932291     2.287012 -0.001011289     20251.21
        7530    0.9950363     2.295072 -0.0007302285     20238.97
        7532    0.9938387     2.283159 -0.0009359602     20339.63
        7534    0.9947997     2.281582 -0.002366799     20551.47
        7536    0.9947959     2.279524  -0.00158661     20538.31
        7538    0.9945706     2.276138 -0.002276578     20542.01
        7540    0.9949642     2.270466   -0.0020437     20566.74
        7542    0.9949852     2.263369 -0.001951218     20582.59
        7544    0.9953226     2.263174 -0.002037065     20588.02
        7546    0.9954628     2.260528 -0.001976954      20594.7
        7548    0.9952457     2.254169 -0.001582687     20603.17
        7550    0.9955999     2.247554 -0.000846744      20606.8
        7552    0.9958748     2.250513 -0.0006084402     20610.61
        7554    0.9961541     2.253754  0.001386564     20616.33
        7556    0.9955873     2.249302 5.184088e-05     20621.75
        7558    0.9955478     2.258646  0.002818314     20624.68
        7560    0.9956046     2.250928  0.004814238     20630.15
        7562    0.9961387       2.2763 -4.47085e-05     20636.97
        7564    0.9963652     2.287816  0.001018405      20644.3
        7566    0.9959563     2.258289 -0.003323237     20646.77
        7568    0.9955232     2.259075 -0.005917609      20648.3
        7570    0.9957764     2.249715 -0.002483553     20655.65
        7572    0.9956938     2.240475 -0.002691556     20660.14
        7574    0.9954857      2.23842 -0.002719638     20663.28
        7576    0.9957884     2.237542 -0.003435239     20668.58
        7578    0.9958278     2.227957 -0.004656534     20676.83
        7580    0.9959217     2.212993 -0.005737605     20676.05
        7582    0.9956714     2.201168 -0.004737902     20677.95
        7584    0.9951919     2.191642 -0.003230948     20685.07
        7586    0.9951255     2.190054 -0.003273917     20688.59
        7588    0.9952618     2.187145 -0.002557695     20689.58
        7590     0.995639     2.174976 -0.002008362      20694.4
        7592    0.9959084      2.17118 -0.001784218     20696.91
        7594     0.995661     2.173987 -0.0008493316     20700.11
        7596    0.9954398     2.172871 -6.538558e-05     20704.36
        7598    0.9949086     2.168182 -0.000837071     20705.89
        7600    0.9952529     2.170657 -0.0007505155     20709.37
        7602    0.9958969     2.167291 -0.001505937     20717.81
        7604    0.9957472     2.166867 -0.001369698     20719.39
        7606     0.995555     2.156134 -0.001358157     20722.56
        7608    0.9957019     2.159699  -0.00276194        20730
        7610    0.9960199     2.156426 -0.001994776     20731.52
        7612    0.9957314     2.144772  -0.00292769     20735.63
        7614    0.9956505     2.140176 -0.002633201     20738.38
        7616    0.9958959     2.136278 -0.001425365     20740.23
        7618    0.9961561      2.13536 -0.001031364     20748.53
        7620      0.99577     2.133369 -0.0004075225      20754.3
        7622    0.9957227     2.131925 -0.0005928108     20759.01
        7624     0.996198     2.133018 -0.001053858     20760.45
        7626    0.9958753     2.130617 -0.001480126     20763.78
        7628    0.9962354     2.124938 -0.001574676     20770.42
        7630    0.9962536     2.120084 -0.001350668     20774.61
        7632    0.9962695      2.12042 -0.001523766     20777.28
        7634     0.996379     2.119812 -0.001328102     20781.94
        7636    0.9959062     2.112748 -0.002453762     20784.23
        7638     0.996069     2.109459 -0.002530623     20789.45
        7640    0.9963624      2.10079  -0.00112039     20793.77
        7642     0.996663     2.099567 -0.002028696     20794.72
        7644    0.9968988     2.103785 -0.001919374     20801.44
        7646    0.9971228      2.09323  -0.00277597     20803.84
        7648    0.9968204     2.085435  -0.00328344        20807
        7650    0.9969102     2.077359 -0.001777317     20811.36
        7652    0.9967296     2.077517 -0.001522628     20813.86
        7654    0.9969632     2.079011 -0.0009786042     20820.75
        7656    0.9972868     2.073254 -0.0007059847     20824.37
        7658    0.9971987     2.069531 -0.0008615325     20825.65
        7660    0.9976811     2.071869 -0.0006217337     20830.34
        7662    0.9974595     2.072119 -0.0007212266     20833.58
        7664    0.9970505      2.06828 -0.001514912     20840.44
        7666    0.9973634     2.063761 -0.002474567     20842.16
        7668    0.9975649      2.05975 -0.002089078     20845.66
        7670    0.9974894     2.052322 -0.001732894     20848.62
        7672    0.9975996     2.051568 -0.0009769107     20853.62
        7674    0.9979306     2.049898 -0.0006666172     20858.82
        7676    0.9978594     2.051935 -0.000825837     20862.91
        7678    0.9979856      2.04699 -0.0008628769     20866.65
        7680    0.9979283     2.044961 -0.000981736     20870.31
        7682    0.9980979     2.042995 -0.0009252638     20874.51
        7684    0.9987142     2.044081 -0.0007944752     20881.46
        7686    0.9987802     2.039587 -0.001038673      20885.7
        7688    0.9988406     2.038605 -0.001654448     20887.45
        7690    0.9990756     2.034685 -5.306123e-05     20891.03
        7692    0.9989017     2.030845 -0.001219592     20894.47
        7694    0.9991345     2.039163 -0.001359883     20899.41
        7696    0.9991505     2.028848 -0.001131429     20905.83
        7698    0.9989705     2.023806 -0.003120167     20908.44
        7700    0.9991191     2.021794 -0.002506085     20911.24
        7702    0.9991231     2.014202  -0.00225465      20914.5
        7704    0.9996792       2.0088 -0.002237125     20919.01
        7706    0.9998256     2.005769 -0.001955683     20924.53
        7708    0.9998954     2.003897 -0.0009700059     20925.95
        7710    0.9995781     1.998556 -0.000742104     20932.09
        7712    0.9998081      2.00104 -0.001032434     20937.15
        7714     1.000127     1.999832 -0.0008322884     20941.75
        7716    0.9998598     1.995637 -0.0007633707     20945.68
        7718    0.9999443     1.991898 -0.000733845     20947.22
        7720    0.9998818     1.994933 -0.0009093997     20949.02
        7722     1.000153     1.993961 -0.0003421374     20952.44
        7724     1.000415     1.988362 -0.001116202     20954.25
        7726     1.000235     1.989161 -0.001910091     20958.22
        7728     1.000181     1.986003 -0.001531487     20962.56
        7730    0.9998794     1.978681 -0.001313497     20963.27
        7732    0.9998632      1.97611 -0.001558885      20969.6
        7734    0.9997572     1.978653  -0.00186427     20970.78
        7736    0.9995752     1.973532 -0.002298882     20974.71
        7738    0.9994102     1.963766  -0.00279191     20980.02
        7740      1.00004     1.957719 -0.002088199     20981.73
        7742     1.000378     1.956317 -0.001158734     20984.96
        7744     1.000187     1.956826 -0.001034689     20986.85
        7746     1.000287     1.954497 -5.853842e-05     20992.89
        7748    0.9999744     1.949442 -0.0002324937     20993.49
        7750     1.000032     1.955849 -0.001115692     20996.78
        7752     1.000459     1.954966 -0.0005707418      21001.4
        7754     1.000812     1.945571 -0.001680445     21002.81
        7756     1.000824     1.944876 -0.001440917     21005.87
        7758     1.000857     1.942406 -0.0004121899     21007.87
        7760     1.000859     1.943439 -0.001044932     21013.46
        7762     1.000772     1.942274 -0.002200005     21017.21
        7764     1.001009     1.936516 -0.003180046     21019.26
        7766     1.001775     1.924806 -0.003002119     21023.72
        7768     1.001987     1.917999 -0.002457106     21027.18
        7770     1.001645     1.918257 -0.001762572     21026.92
        7772     1.001521     1.916859 -0.002075915     21027.66
        7774     1.001701     1.910705 -0.001631685     21028.78
        7776     1.001665     1.901391 -0.001456187     21029.97
        7778     1.001557     1.905203 -0.001043476     21024.14
        7780     1.001818      1.90521 -0.0006394574     21014.33
        7782     1.001993     1.902357 -0.0004812473     20984.59
        7784       1.0036     1.896276 -0.001091194     20743.78
        7786     1.005164     1.901353  -0.00154717     20167.31
        7788    0.9996622      1.89648 -0.0005600032     20036.29
        7790     1.000079      1.88998 -0.001975996     20222.99
        7792     1.002392     1.891796 -0.001734522     21034.99
        7794     1.002512     1.885545 -0.0009820516     21073.46
        7796     1.002458     1.882604 -0.001937992     21079.86
        7798      1.00243     1.882123 -0.001297545      21087.2
        7800     1.002447     1.876292 -0.0009178342     21093.23
        7802      1.00254     1.875165 -0.0006434417     21097.17
        7804     1.002617     1.875262 -0.001194787     21098.38
        7806     1.002608     1.876976 -0.002199074     21100.51
        7808      1.00243     1.866733 -0.002847898     21101.74
        7810     1.002493     1.857572  -0.00279963     21107.52
        7812     1.002479     1.852478 -0.001553457     21112.44
        7814     1.002742     1.854579 -0.001237638     21112.82
        7816     1.003075     1.854306 -0.0007725347     21113.71
        7818     1.003176     1.847671 -0.001360886     21118.31
        7820     1.003022     1.846298 -0.001715664     21120.98
        7822     1.003019     1.843692 -0.0008452645     21121.62
        7824     1.003313     1.840581 -0.001021479     21124.06
        7826     1.003263     1.840909  -0.00130455      21127.8
        7828     1.003496     1.838126 -0.001160695     21130.34
        7830     1.003688     1.833255 -0.001689706     21131.38
        7832     1.003624     1.831295 -0.001503636     21134.13
        7834     1.003492     1.827391 -0.001365085     21138.51
        7836      1.00363     1.826097 -0.001592828     21139.72
        7838     1.003651     1.822335 -0.001586946     21141.02
        7840     1.003563     1.818552 -0.001626217     21146.14
        7842     1.003991     1.814696 -0.001517697     21149.45
        7844     1.003583     1.813087  -0.00161877     21155.26
        7846     1.003414     1.810193 -0.001143856     21154.76
        7848     1.003182     1.805602 -0.001443192     21155.72
        7850     1.003602     1.805545 -0.001216757     21161.01
        7852     1.003589     1.801542 -0.0008530375     21164.35
        7854     1.004061     1.800459 -0.001051826     21166.21
        7856     1.004191     1.798778 -0.0008836284     21168.65
        7858     1.004306      1.79713 -0.001422404     21169.47
        7860     1.004057     1.794473 -0.002008714     21175.35
        7862     1.003514      1.78908 -0.001994083     21174.93
        7864     1.003362     1.782708 -0.001926359     21179.45
        7866     1.003318     1.781178 -0.001666861     21179.52
        7868     1.003772     1.779062 -0.001170296     21183.93
        7870     1.003845     1.775745 -0.001028775     21188.83
        7872     1.004195     1.773346 -0.001463172     21194.05
        7874     1.004274     1.772947  -0.00106651     21197.11
        7876     1.004103     1.767357 -0.001509672     21200.09
        7878     1.003748     1.767213  -0.00212565     21203.19
        7880      1.00363     1.761268 -0.001171955     21205.59
        7882     1.003844     1.755942 -0.001400609     21207.91
        7884      1.00418     1.757981  -0.00172725     21211.83
        7886     1.003848     1.756008 -0.001684682     21215.83
        7888     1.003858      1.74745 -0.001924899     21219.93
        7890     1.003946     1.742465 -0.002047791     21219.88
        7892     1.003798     1.742582 -0.001421563     21223.22
        7894     1.003418     1.739626 -0.0008127795      21223.4
        7896       1.0038     1.736078 -0.001130878     21225.14
        7898     1.003717     1.735963 -0.001824283     21227.63
        7900     1.003671     1.733535 -0.001972795     21233.86
        7902     1.003925     1.725031 -0.002049723     21235.41
        7904      1.00383     1.720296 -0.002571545     21235.92
        7906      1.00385     1.719565 -0.001762216     21243.26
        7908     1.003793     1.712962 -0.001556769     21248.14
        7910     1.004054     1.710934 -0.001530432     21250.53
        7912     1.003705     1.707841 -0.0007207842     21250.66
        7914     1.003892     1.707321 -0.001106692     21197.22
        7916     1.005068     1.707196 -0.001531388     20937.04
        7918     1.005028      1.70208 -0.001296673      20669.7
        7920     1.003441      1.69559 -0.001636946     20945.83
        7922     1.004152     1.696948 -0.001030032     21174.44
        7924     1.004191     1.694101 -0.0003849671     21228.24
        7926     1.003929      1.69384  -0.00116676      21238.6
        7928     1.003986     1.692511 -0.0008979346     21248.08
        7930     1.004286     1.687614 -0.001034223     21255.63
        7932     1.004647     1.686917 -0.0007834275     21262.83
        7934     1.004297     1.685566 -0.001158368      21263.7
        7936     1.004468     1.686243 -0.001565351     21268.55
        7938     1.004453     1.678347 -0.001568387     21270.91
        7940     1.004524     1.674394 -0.001858402     21270.56
        7942     1.004494     1.673019 -0.001495481     21272.43
        7944     1.004705     1.671376 -0.001284903      21279.7
        7946     1.004927     1.666383 -0.001353042     21281.81
        7948     1.004691     1.664115 -0.001383166     21285.33
        7950      1.00443     1.662195 -0.001469611     21288.03
        7952     1.004702     1.660311 -0.0008933055     21288.71
        7954     1.004716     1.654626  -0.00127332     21290.71
        7956     1.004319     1.656969  -0.00136797     21290.85
        7958     1.004455     1.652008 -0.0007324054     21296.74
        7960     1.004886     1.649367 -0.001562382     21303.08
        7962     1.004711     1.648767 -0.001152268     21300.88
        7964     1.005094      1.64447 -0.001289642     21304.82
        7966     1.005287      1.64279 -0.001720022     21309.36
        7968      1.00562      1.63905 -0.001268714      21310.5
        7970     1.005644     1.635007 -0.001608009     21311.82
        7972     1.005201      1.63432 -0.001156368     21316.22
        7974     1.005007     1.629926 -0.001518689      21319.7
        7976     1.004577     1.629799 -0.001765239     21315.18
        7978     1.004397     1.622857 -0.001198097     21319.72
        7980     1.004797     1.620198 -0.001712818     21323.21
        7982      1.00508     1.620341 -0.001593443     21327.44
        7984     1.005029     1.616096 -0.001783184      21328.5
        7986      1.00517      1.61011 -0.001474087     21333.89
        7988     1.005026     1.605932  -0.00105792     21333.52
        7990     1.004788     1.608548 -0.0006093624     21335.95
        7992     1.005031     1.607633 -0.0008015581     21340.59
        7994     1.004354     1.605235 -0.001882773     21340.11
        7996     1.004449      1.59952 -0.002166998     21343.21
        7998     1.004812     1.593486 -0.001719822     21346.29
        8000     1.004693     1.590297 -0.001373736     21344.25
        8002     1.004235     1.591476 -0.001041667     21346.33
        8004      1.00461      1.58853 -0.0008391801     21350.63
        8006     1.004587     1.585153 -0.001297231     21351.99
        8008     1.004607     1.583583 -0.001355877     21353.61
        8010      1.00438     1.581098 -0.001242833     21355.39
        8012     1.004453     1.577683  -0.00121385     21360.93
        8014     1.004536      1.57521 -0.001571739     21359.51
        8016     1.004245     1.573873 -0.001353529     21361.11
        8018     1.004351     1.568524 -0.001299844     21365.01
        8020     1.004636     1.566855 -0.001390379     21372.56
        8022      1.00419     1.564811 -0.001342429     21369.74
        8024     1.003882      1.56275   -0.0016958     21370.78
        8026     1.004202     1.557785 -0.001716027     21373.25
        8028     1.004231     1.553288 -0.0009721701     21379.25
        8030     1.004159     1.551083 -0.0004116183     21376.29
        8032     1.004215     1.554972 -0.0003824389     21379.38
        8034     1.004532     1.554492 -0.0006838885     21383.64
        8036     1.003792     1.550229 -0.001379399     21380.56
        8038     1.003851     1.545612 -0.001519975     21388.13
        8040     1.003328     1.543937 -0.001554884     21391.55
        8042     1.003373     1.542332 -0.001184655     21388.48
        8044     1.003512      1.53779 -0.001267195      21389.8
        8046     1.003486     1.536135 -0.001673275     21394.42
        8048     1.003559     1.533799 -0.001341718     21396.42
        8050     1.003833     1.528946 -0.001466414     21399.08
        8052     1.003875     1.527056   -0.0015638     21399.44
        8054     1.003866     1.524404 -0.001519857     21405.66
        8056     1.003999     1.521289 -0.001616458     21406.12
        8058     1.004052     1.516787  -0.00170709     21407.52
        8060     1.003698     1.514124  -0.00176195      21409.4
        8062     1.003577     1.510747 -0.001696782     21412.97
        8064     1.003441     1.507193 -0.001922278     21410.52
        8066     1.003444     1.503213 -0.001383205     21412.59
        8068      1.00369     1.498746 -0.001502869     21414.15
        8070     1.003336     1.499681 -0.001281021     21416.85
        8072     1.003039     1.495171 -0.001184386     21419.04
        8074        1.003     1.492965 -0.001324239     21423.01
        8076     1.003121     1.489271 -0.0007994265     21423.97
        8078     1.003428     1.489087 -0.001143833     21426.56
        8080     1.003076     1.488775 -0.001041517     21425.58
        8082     1.002788     1.483814 -0.001386052     21430.48
        8084     1.002602     1.480939  -0.00149062     21430.86
        8086     1.002637     1.477999 -0.001137101     21434.09
        8088     1.002594      1.47685 -0.0007379618     21436.22
        8090     1.002648     1.474717 -0.0008764442     21440.13
        8092     1.002628     1.475035 -0.001477722     21440.34
        8094       1.0028     1.470987  -0.00146291      21440.7
        8096     1.002481     1.465028 -0.001325796     21442.15
        8098     1.002224     1.463014 -0.001292289     21443.97
        8100     1.002232     1.464429 -0.001250406     21444.05
        8102     1.002245     1.460649 -0.0009887997     21445.02
        8104     1.001846     1.455025 -0.001306814     21447.89
        8106     1.001848     1.455104 -0.0007354191     21445.97
        8108     1.001654     1.453974 -0.0007269494     21449.08
        8110     1.001398     1.454766 -0.001056049     21452.44
        8112     1.001528      1.44921  -0.00137292     21453.32
        8114     1.001379     1.446655 -0.001664756     21454.45
        8116     1.001295     1.442991 -0.001369289     21455.98
        8118     1.001192     1.441448 -0.001594292     21456.76
        8120     1.000516     1.438255 -0.001379569     21459.07
        8122     1.000127     1.433901 -0.001169036     21458.81
        8124     1.000188     1.431955 -0.001048048     21459.11
        8126     1.000301     1.432095 -0.001300222     21463.44
        8128     1.000001     1.429871 -0.001255616     21460.15
        8130    0.9999934     1.423499  -0.00124553     21464.53
        8132    0.9998606      1.42191 -0.001106526     21464.82
        8134    0.9997244     1.422131 -0.0009647599     21465.56
        8136     0.999898     1.421019 -0.001079943     21468.53
        8138    0.9996048     1.415781  -0.00144366     21469.12
        8140    0.9997489      1.41327 -0.001284148     21468.82
        8142    0.9995807     1.410582 -0.001190994     21470.34
        8144    0.9993117     1.410745 -0.001355948     21468.89
        8146    0.9993075     1.406253 -0.001220497     21466.59
        8148    0.9992452     1.402422 -0.001313895     21472.63
        8150    0.9989632     1.400818 -0.0009813206     21476.13
        8152    0.9990192     1.400234    -0.001151        21477
        8154    0.9988526     1.398403 -0.0006482017     21474.82
        8156    0.9985636     1.393214 -0.001074791     21478.82
        8158     0.998415     1.395632 -0.001598948     21479.75
        8160    0.9981641     1.391636 -0.001179448     21479.08
        8162    0.9976474     1.385611 -0.002261754     21476.85
        8164    0.9977948     1.383779 -0.001915202     21479.91
        8166     0.997444     1.377538 -0.001553813      21480.2
        8168    0.9975036     1.376314 -0.001387803      21481.3
        8170    0.9973124      1.37318 -0.0005719505     21483.49
        8172    0.9973894     1.372676 -0.001074791     21485.73
        8174    0.9969074     1.372963 -0.001236828     21483.37
        8176    0.9968887     1.367716 -0.001342262     21487.92
        8178    0.9966439     1.363286 -0.001628086     21489.91
        8180    0.9960328     1.361938 -0.001250872     21487.64
        8182    0.9962527     1.359938 -0.001158459     21489.21
        8184    0.9961792     1.357709 -0.001159783     21487.93
        8186     0.995877     1.354018 -0.001184572     21488.28
        8188    0.9959351      1.35266 -0.0009728337     21493.06
        8190    0.9956645     1.350461 -0.0009741042     21492.85
        8192     0.995736     1.349926 -0.001023476     21497.34
        8194    0.9954623     1.346225  -0.00109693     21500.14
        8196    0.9950231     1.344472 -0.001314399      21498.4
        8198    0.9947384     1.341686 -0.001330082     21498.46
        8200    0.9946901     1.339411 -0.001196791     21501.52
        8202    0.9944997     1.335585 -0.001450116     21502.43
        8204    0.9941141     1.334898 -0.001478026     21501.48
        8206    0.9939951     1.330085 -0.001371156     21501.24
        8208     0.993983     1.327587 -0.001503444     21500.08
        8210    0.9938851     1.324615 -0.001002819     21501.84
        8212    0.9934225      1.32287 -0.0009843807     21504.77
        8214    0.9932992     1.322062 -0.0008154532     21507.22
        8216    0.9929578     1.319712 -0.001433175      21507.5
        8218    0.9925051     1.318092 -0.001609391     21507.26
        8220    0.9924609     1.311405 -0.001334679     21510.49
        8222    0.9923935     1.309187 -0.001314765     21510.15
        8224    0.9920773     1.309034 -0.0009817198      21511.6
        8226    0.9921161     1.307574 -0.001290998     21513.07
        8228    0.9918936     1.303551 -0.001393195      21514.8
        8230    0.9915493     1.298859 -0.001151433      21512.3
        8232    0.9910836     1.297889 -0.001100745     21513.42
        8234    0.9911911     1.298362 -0.0009656573     21518.82
        8236    0.9910426     1.294745  -0.00120972     21518.61
        8238    0.9905106     1.291134 -0.001388978     21516.07
        8240    0.9906161     1.288211 -0.001191022     21516.48
        8242    0.9904374      1.28725 -0.001161128     21516.71
        8244    0.9902923     1.285217 -0.000930766     21517.93
        8246    0.9900194     1.281845 -0.001006444     21520.71
        8248    0.9896877     1.280765 -0.001080115     21519.39
        8250    0.9892852     1.279199 -0.001035669     21517.62
