# This file has been produced by extranormal (v 1.0.1 - February 23, 2017)
# O. Roudenko - Synchrotron SOLEIL. Covered by GPL licence.
#Data from HDF File: /nfs/ruche-rock/rock-soleil/com-rock/2021/Projets/20210209_Hilde/InSitu/10Ni-10Fe_50BN/10Ni-10Fe_50BN_RWGS750_CO2pulses_H2cst_ratio1/10Ni-10Fe_50BN_RWGS750_CO2pulses_H2cst_ratio1_00429.nxs to 10Ni-10Fe_50BN_RWGS750_CO2pulses_H2cst_ratio1_00430.nxs
#Time at start=2021-02-10 14:42:38.997
#Time from start (seconds)=2143.20325315
#Sample temperature (C)=24.9
# Normalization -------------
# pivot spectrum: Pivot_Fe_10Ni-10Fe_50BN_RT_air_av2000_00001.txt
# E0=7112.0   Eshift=1.76179999911
# E0_pivot = 7112.0
# pre-edge params: from E0_pivot-140.0 to E0_pivot-20.0
# pre-edge range: [6972.0, 7092.0]
# post-edge params: from E0_pivot+100.0 to E0_pivot+1140.0
# post-edge range: [7212.0, 8250.0]
# I jump at E0_pivot = 1.24405064823
# shifted energy	normalized	reference	ref.derivative	I0
        6970  0.001885864     1.679339 -0.001807243     18815.78
        6972  0.001885864     1.679339 -0.001807243     18815.78
        6974  0.001892005     1.675531  -0.00238966      18824.5
        6976   0.00147404      1.66879 -0.001455825      18826.1
        6978    0.0010389     1.663127 -0.001801643     18833.79
        6980 0.0008307616     1.667692 -0.001378779     18845.87
        6982  0.001229142     1.661118 -0.0009278312     18852.68
        6984 0.0009038386     1.657759 -0.002056181      18862.6
        6986 0.0007703677     1.655704 -0.001277821     18866.53
        6988  0.001048845     1.651243 -0.001501133     18876.14
        6990 0.0005783324     1.650895 -0.001717831     18886.01
        6992 0.0005536343      1.64575  -0.00180857     18893.97
        6994 0.0007348804     1.641961 -0.002552873     18898.82
        6996 0.0002902204     1.636774 -0.001488408     18908.14
        6998 0.0004977264     1.630472 -0.0009453663     18915.97
        7000 -0.0001893872     1.633843 -0.0007143718      18924.3
        7002  4.12278e-05     1.634398 -3.252914e-05     18931.54
        7004 -9.715782e-05     1.631059 -0.0006620501     18940.22
        7006 -0.0002596357     1.630212 -0.001561201     18951.81
        7008 -0.0003506217     1.628547 -0.001348145     18960.23
        7010 -0.0008107705     1.621909 -0.001970394     18962.62
        7012 -0.0009542775     1.620274 -0.002193822     18971.64
        7014 -0.0003807362     1.614449 -0.001867536      18979.8
        7016 -0.0006304902     1.610996  -0.00166949     18988.86
        7018 -0.0008885855     1.606968 -0.001138445     18996.64
        7020 -0.0006329431     1.606918 -0.001419603     19005.63
        7022 -0.0003325019     1.605341 -0.001180045     19013.25
        7024 -0.001030546     1.599639 -0.001552392     19018.98
        7026 -0.001326755     1.597528 -0.001725477     19027.35
        7028  -0.00094486     1.594499 -0.001363973     19035.43
        7030  -0.00105507     1.591537 -0.000821936     19046.39
        7032 -0.0006064421     1.588728 -0.002033743     19057.34
        7034 -0.000868632     1.590953 -0.002552103     19062.79
        7036 -0.0006633809     1.578229 -0.002400132     19071.28
        7038  -0.00102159     1.571121  -0.00175772     19074.59
        7040 -0.001186073     1.569526  -0.00167795     19085.51
        7042 -0.001305069     1.576891 -0.0009659901     19097.03
        7044 -0.0009448122     1.564806 -0.0007863046     19103.45
        7046 -0.0009383026     1.563393  -0.00223921     19110.21
        7048 -0.001075782     1.563236 -0.001071076     19122.18
        7050 -0.0009134058     1.558977  -0.00176632     19126.72
        7052 -0.001281789     1.556237 -0.002141242     19131.12
        7054 -0.001093512     1.549262 -0.001492934     19141.42
        7056 -0.0009044863     1.546106 -0.001409438     19151.82
        7058 -0.0006737063     1.547034 -0.0006802398     19161.45
        7060 -0.0004611317     1.544961 -0.001630509     19170.62
        7062 -0.0006428614      1.54382 -0.0008582164     19173.37
        7064 -0.0004647864     1.533062 -0.002320405     19182.37
        7066 -0.0005346203     1.540168 -0.002055279      19192.1
        7068 -0.0001240358     1.526398 -0.0009908563     19198.02
        7070  7.80809e-05     1.527378  -0.00250821      19204.2
        7072 0.0001233458     1.525135 -0.0008868396     19217.61
        7074   0.00039035     1.520102 -0.001999774     19222.62
        7076 0.0005361297     1.519303 -0.001416442     19232.29
        7078 0.0008620683      1.51138 -0.0002948704     19240.32
        7080 0.0008364593     1.513804 -0.0009952747     19249.18
        7082  0.001267978     1.517743 0.0003817345     19258.41
        7084  0.001298591     1.511341  -0.00195787      19264.5
        7086  0.001640928     1.514434 -0.001491309     19270.55
        7088  0.001879561     1.498141 -0.0006744218     19280.16
        7090  0.002343651     1.505813  -0.00267221      19285.7
        7092  0.002585129     1.505946 0.0004588176     19289.98
        7094   0.00315182     1.493056 -0.001660363     19298.69
        7096   0.00369902     1.501811 -0.0009479411      19304.6
        7098  0.004700372      1.49253 -0.0004175785      19317.7
        7100  0.005253201     1.498362 -0.002548922     19322.75
      7100.2  0.005388405     1.497509 -0.002397881     19323.14
      7100.4  0.005523609     1.496656  -0.00224684     19323.52
      7100.6  0.005658814     1.495802 -0.002095799      19323.9
      7100.8  0.005794018     1.494949 -0.001944758     19324.29
        7101  0.005929222     1.494095 -0.001793717     19324.67
      7101.2  0.006064426     1.493242 -0.001642676     19325.06
      7101.4  0.006199631     1.492389 -0.001491635     19325.44
      7101.6  0.006334835     1.491535 -0.001340594     19325.83
      7101.8  0.006506311     1.489972 -0.002299175     19326.49
        7102  0.006843554     1.486267 -0.008045974     19328.57
      7102.2  0.007235878     1.485337  -0.01093688     19330.83
      7102.4  0.007583657     1.481298  -0.00137773     19330.12
      7102.6  0.007647005     1.481222  0.003952035     19331.41
      7102.8   0.00756884     1.485165   0.01198505     19332.56
        7103  0.007495143     1.488498   0.01229957     19331.67
      7103.2  0.007722604     1.490886  0.005984867     19331.62
      7103.4  0.007914187     1.491062 0.0002591841     19331.73
      7103.6  0.008002217     1.489953 -0.0003918254     19332.99
      7103.8   0.00829266     1.488706 -0.0003038893     19336.49
        7104  0.008386604     1.490572  0.003732614     19337.93
      7104.2  0.008579666     1.490819   0.00703692     19338.44
      7104.4  0.009073842     1.492939  0.003445949     19339.34
      7104.6  0.009076478     1.494335  0.003901719     19340.53
      7104.8  0.009405371     1.493329 -0.001772173     19341.19
        7105  0.009662006      1.49394 -0.003323798     19341.55
      7105.2  0.009916228     1.491521  0.002002813      19340.9
      7105.4   0.01023809     1.491676  0.003213821     19340.83
      7105.6   0.01067617     1.494931  0.002185957     19344.09
      7105.8   0.01092369     1.496511  0.001530033     19346.64
        7106   0.01107566      1.49327 -0.002272335     19345.73
      7106.2   0.01122461       1.4929 -0.002089081     19344.18
      7106.4   0.01143963     1.493114  0.005317521     19345.59
      7106.6   0.01174643      1.49484  0.008032202     19346.38
      7106.8   0.01230154     1.497524  0.004579316     19347.43
        7107   0.01284633     1.499326  0.001115028     19349.23
      7107.2   0.01327054     1.496777 -0.001322909     19350.57
      7107.4   0.01341961     1.495732  -0.00543669     19349.79
      7107.6   0.01368943     1.496465 -0.0006047516     19349.03
      7107.8   0.01415291     1.494977  0.006809932     19349.53
        7108   0.01464696     1.496293   0.01219162      19349.9
      7108.2   0.01519741      1.50118   0.02036397     19349.79
      7108.4   0.01580628     1.506219   0.02225225     19350.92
      7108.6   0.01618798     1.511268   0.01460761      19352.8
      7108.8   0.01687749     1.514095  0.007445058      19353.5
        7109   0.01787278     1.512866  0.006189745     19353.23
      7109.2   0.01876236     1.512175  0.009709846     19354.07
      7109.4   0.01999923      1.51622   0.01589968     19356.71
      7109.6   0.02128507     1.521863   0.02353529        19359
      7109.8   0.02248148     1.525586   0.02799405     19358.59
        7110   0.02381321     1.531003   0.03013243     19356.69
      7110.2   0.02536983     1.538615   0.03744136     19356.14
      7110.4   0.02732597     1.545969   0.04688952     19355.03
      7110.6    0.0299382     1.555539   0.06077504     19354.73
      7110.8   0.03324401     1.568515   0.07790718     19354.81
        7111   0.03696525     1.587235    0.0945321     19351.61
      7111.2   0.04204889     1.608295    0.1152961     19350.96
      7111.4   0.04821917     1.631164    0.1339556     19349.62
      7111.6   0.05531586     1.660752    0.1496271     19348.13
      7111.8   0.06334788       1.6944    0.1633127     19346.65
        7112   0.07235363     1.727996    0.1718509     19346.52
      7112.2   0.08178674     1.761814    0.1681579     19346.16
      7112.4   0.09099297     1.798232     0.153657     19344.58
      7112.6   0.09991137     1.828926    0.1449965     19342.52
      7112.8    0.1085771     1.850922    0.1248625     19340.61
        7113    0.1160417     1.877812    0.1058398     19338.47
      7113.2    0.1226265     1.898122   0.09667644      19338.9
      7113.4    0.1289751     1.913598   0.07976283     19336.02
      7113.6    0.1347961     1.928263   0.07146077     19336.36
      7113.8    0.1407242     1.941622   0.06835292     19335.68
        7114    0.1461327     1.955291    0.0646762     19337.56
      7114.2    0.1511654      1.96828   0.06171169     19339.19
      7114.4    0.1555304     1.980004   0.05990933      19339.3
      7114.6    0.1593485     1.990991   0.05480228     19338.51
      7114.8    0.1623255     2.003218   0.05506079     19338.24
        7115    0.1647905     2.012122   0.05805786     19337.18
      7115.2    0.1669219     2.024053   0.05717377     19338.41
      7115.4    0.1692533     2.037438   0.05544749     19339.36
      7115.6    0.1714465     2.048957   0.05311662     19339.58
      7115.8    0.1739965      2.05648   0.03979149     19338.86
        7116    0.1776211     2.066546   0.02501642     19339.85
      7116.2     0.181812     2.069271   0.02290196     19339.52
      7116.4    0.1865193     2.068971   0.01461953     19339.64
      7116.6     0.192081     2.074801   0.01795535     19341.39
      7116.8    0.1985566     2.078242   0.02487201     19342.45
        7117    0.2057357     2.083635   0.02967936     19341.23
      7117.2    0.2141267     2.088868   0.03451417     19341.86
      7117.4    0.2234488     2.098545   0.03759616     19341.38
      7117.6    0.2340263     2.105853    0.0404732     19341.28
      7117.8    0.2460879     2.113712   0.04429225     19343.11
        7118    0.2593496     2.121247   0.06249232     19343.78
      7118.2    0.2737305     2.133979   0.08238296     19342.91
      7118.4    0.2894587     2.155847    0.1063281     19342.73
      7118.6    0.3069114     2.179618    0.1281658     19343.44
      7118.8    0.3257453     2.206309    0.1330433     19343.62
        7119    0.3454325     2.236511    0.1401779      19344.9
      7119.2    0.3666158     2.262281    0.1431303     19345.46
      7119.4    0.3897103     2.291761    0.1258428     19343.34
      7119.6    0.4137187     2.320813    0.1227776     19343.13
      7119.8    0.4377223     2.337186    0.1182694     19343.41
        7120    0.4620045     2.360503    0.1175957        19343
      7120.2    0.4862718     2.386376    0.1342555     19342.95
      7120.4    0.5090848      2.41489    0.1380051     19341.51
      7120.6    0.5305119      2.44459    0.1376385     19342.97
      7120.8     0.550253     2.470908    0.1290684     19343.47
        7121    0.5680848     2.496487     0.107555     19341.56
      7121.2    0.5847639     2.518145    0.0955642     19340.31
      7121.4    0.6003415     2.530634   0.09736779     19338.92
      7121.6    0.6152199     2.547359   0.09950145     19338.09
      7121.8    0.6300147     2.574381    0.1121581     19338.18
        7122     0.644294     2.597746    0.1069421     19339.96
      7122.2    0.6592716      2.62036    0.1042694     19340.74
      7122.4    0.6752325     2.632913    0.1134667     19338.64
      7122.6    0.6914289     2.657797    0.1261915     19338.55
      7122.8    0.7080815     2.688519    0.1391899     19338.86
        7123    0.7247787     2.721314    0.1279988     19336.78
      7123.2    0.7427181     2.744265   0.08820744     19337.09
      7123.4    0.7608844     2.760196   0.02917538     19335.62
      7123.6    0.7791334     2.759085   0.02427809     19330.82
      7123.8      0.79785     2.744654  0.005185415     19330.44
        7124    0.8163358     2.763687   0.02179146     19332.38
      7124.2    0.8344479     2.764344   0.05227837     19335.36
      7124.4    0.8518342     2.776518   0.03341053     19336.33
      7124.6    0.8682929     2.786477   0.06876447     19336.43
      7124.8    0.8842809     2.790415   0.06866108     19337.99
        7125    0.8997172     2.819356    0.0441097     19337.04
      7125.2    0.9141736     2.831447   0.05623643     19333.65
      7125.4    0.9276667     2.821764   0.03547153      19332.7
      7125.6    0.9405662     2.835405   0.02193339     19333.26
      7125.8    0.9526878     2.847733   0.03692818     19331.09
        7126    0.9643822     2.848994   0.05297025      19329.5
      7126.2    0.9758057     2.851307   0.07084436     19330.49
      7126.4    0.9868899     2.877781   0.07600173     19326.83
      7126.6    0.9989198     2.904408   0.05681421     19325.46
      7126.8     1.011843     2.909795   0.03617786     19325.37
        7127     1.024428     2.896758   0.05117755     19323.64
      7127.2     1.036582     2.906723   0.02587452     19324.59
      7127.4     1.049483      2.94535   0.01087144     19324.81
      7127.6     1.063193     2.930495   0.02631817     19324.51
      7127.8     1.077292     2.905455   0.01830842     19325.09
        7128      1.09196     2.927778   0.03393235     19323.32
      7128.2     1.106549     2.959997   0.07506766     19321.22
      7128.4     1.120975     2.957641    0.1068394     19319.01
      7128.6     1.135081      2.96551   0.04112993     19318.33
      7128.8     1.148323     3.013249   0.04496015     19319.78
        7129     1.161111     2.992901   0.04140612     19320.79
      7129.2     1.173081     2.993609 -0.002164218     19322.57
      7129.4     1.183489     2.998634   0.07273821      19319.1
      7129.6     1.191721     3.011518   0.07225404     19317.72
      7129.8     1.198633     3.051092   0.08007724     19315.66
        7130     1.204665     3.051412     0.081802     19315.21
      7130.2     1.209301     3.062696   0.05508603      19317.2
      7130.4     1.213098     3.076959   0.05559139     19315.31
      7130.6      1.21497      3.09516   0.05863034     19315.98
      7130.8     1.216163     3.095885   0.03085194     19312.87
        7131     1.216231       3.1096  -0.00133803      19310.8
      7131.2      1.21636     3.101641   0.08475902      19312.9
      7131.4     1.216793      3.09409     0.106249     19312.74
      7131.6     1.217149     3.163692    0.1134468     19312.26
      7131.8     1.217431       3.1946     0.023046     19310.35
        7132     1.217869     3.192398  -0.09958042     19309.53
      7132.2     1.217665     3.112527   -0.1753682     19308.54
      7132.4      1.21646     3.084028   -0.1684115     19306.26
      7132.6     1.215126     3.054305  -0.08460762     19306.26
      7132.8     1.212899     3.057669  -0.08670077     19304.85
        7133     1.210347     3.044841  -0.06327458     19305.29
      7133.2     1.207268     3.014667   -0.0920588     19306.74
      7133.4     1.202469     3.003685  -0.04600536     19306.55
      7133.6      1.19772     2.984022  -0.01869449     19304.45
      7133.8      1.19195     3.008036  -0.00363289     19305.27
        7134     1.186499     2.999712 -0.001075325     19307.94
      7134.2     1.179635     3.000779   0.02606706     19307.19
      7134.4     1.172204     2.983162   0.08186641     19308.52
      7134.6     1.165259      3.02889   0.07195019     19312.12
      7134.8      1.15872     3.065205    0.1357733     19313.47
        7135     1.151558     3.058339   0.01603341     19313.32
      7135.2     1.143837      3.09178   -0.1203753     19314.12
      7135.4     1.136697     3.041717   -0.1608337     19315.37
      7135.6     1.129551     2.968905   -0.2350432     19313.16
      7135.8     1.122235     2.929672   -0.1657111     19313.25
        7136     1.115641     2.903746  -0.06655124     19316.08
      7136.2     1.109618     2.909148   0.01278492      19315.9
      7136.4      1.10345     2.915664   0.03599191     19317.32
      7136.6     1.097568       2.9399   0.03427582      19316.6
      7136.8     1.092354     2.932539   0.03890571     19311.37
        7137     1.087697     2.936569  -0.03107244     19305.31
      7137.2     1.083448     2.946788  -0.05055268     19293.21
      7137.4     1.079303     2.915042  -0.06585504     19269.16
      7137.6      1.07562     2.892097   -0.1074558     19234.31
      7137.8     1.071949     2.883885  -0.09188574     19191.28
        7138     1.068093     2.860824  -0.03935845      19148.2
      7138.2     1.064179     2.841534   0.01236279     19112.53
      7138.4     1.061167     2.860611   0.07738497     19088.57
      7138.6       1.0584     2.893775    0.1072128     19079.06
      7138.8     1.056037     2.922732   0.07726135     19086.41
        7139     1.053864     2.927304    0.1223113     19103.82
      7139.2     1.051531      2.92242   0.09470712     19129.16
      7139.4     1.049749     2.991624   0.09465868     19158.85
      7139.6     1.048073     2.998497   0.05823722      19187.8
      7139.8      1.04636     3.003031  -0.04027433     19215.36
        7140     1.045291     2.969009  -0.09747731     19244.46
      7140.2     1.043914     2.959404  -0.09762795     19270.31
      7140.4     1.042974     2.920515  -0.01620524     19290.47
      7140.6     1.042596     2.924929  0.000957184     19302.99
      7140.8     1.042237     2.956045   0.05872777     19310.44
        7141     1.041861      2.96017   0.06848442     19314.16
      7141.2     1.040864     2.967498  -0.01208887     19315.86
      7141.4     1.040366     2.979716   0.01463094     19310.97
      7141.6     1.039502     2.946374   0.04980992     19300.03
      7141.8     1.038688     2.971875 -0.007409938     19282.48
        7142     1.037114     3.007346   0.03709279     19253.65
      7142.2     1.035722     2.973788   0.02635258     19217.01
      7142.4     1.035055     2.976048   -0.0652061     19177.68
      7142.6     1.034357     2.992957  -0.06936909     19135.57
      7142.8      1.03376     2.955181  -0.06128468      19100.2
        7143     1.032928     2.918293  -0.06280383     19080.41
      7143.2     1.031832     2.927021  -0.04475545     19076.89
      7143.4     1.030773     2.942714    -0.037417      19089.1
      7143.6     1.029829     2.919376  -0.01486542     19115.05
      7143.8     1.029068     2.888359   0.03672245     19152.51
        7144     1.028389     2.915128   0.05331749      19194.1
      7144.2     1.027516     2.972092   0.08240873      19234.3
      7144.4     1.026595      2.96203    0.0809168     19267.96
      7144.6     1.025264     2.954286   0.05311737     19292.71
      7144.8      1.02363     2.979862   0.08772155     19310.94
        7145     1.022236     3.014586    0.1090534     19320.92
      7145.2     1.020967     3.032208   0.09245461     19327.19
      7145.4     1.019905     3.041529   -0.0599672     19332.69
      7145.6     1.018487     3.053825  -0.08498095     19332.66
      7145.8     1.017359     2.966612  -0.08833861     19335.14
        7146     1.015613     2.964223   -0.0704492     19338.32
      7146.2     1.013607     2.970858  -0.06025668     19340.97
      7146.4     1.011211     2.997466  -0.06161119     19343.14
      7146.6     1.008857     2.918407  -0.01722638     19346.78
      7146.8      1.00682     2.914934  -0.03716869     19351.01
        7147     1.004596     2.957077   0.04546681     19352.74
      7147.2     1.002127     2.967731   0.01856834     19355.69
      7147.4    0.9995673      2.95478  -0.03519762     19358.32
      7147.6    0.9966429     2.929789   -0.0445547     19359.31
      7147.8    0.9936834     2.928919  -0.01866353     19357.35
        7148    0.9911138     2.932087    0.0356601      19362.1
      7148.2    0.9882874     2.939849   0.06008489     19363.57
      7148.4    0.9849539     2.958317   0.08868697      19362.5
      7148.6     0.981619     2.976987    0.1091975     19366.77
      7148.8     0.978489     3.003037   0.08874989     19368.75
        7149      0.97548     3.027207   0.09020069     19370.82
      7149.2    0.9724085     3.029317   0.05361886      19374.9
      7149.4    0.9696188     3.049147  -0.05159546     19376.03
      7149.6    0.9667062     3.045932  -0.06862012     19375.97
      7149.8    0.9634642     2.985931  -0.04865818      19377.2
        7150    0.9608553      2.97442  -0.04717603     19378.99
      7150.2    0.9582896     3.010221    0.0111429      19379.9
      7150.4    0.9552435     3.008191   0.03583721      19381.2
      7150.6    0.9523775     2.994845 -0.002785906      19382.1
      7150.8     0.949791      3.00309   0.01210208     19382.69
        7151    0.9475293     3.007992   0.02164236     19384.21
      7151.2    0.9452869     3.017873  0.006285653     19383.81
      7151.4     0.943209     3.012159   0.05430505     19387.23
      7151.6    0.9409195     3.008119   0.06898102     19386.79
      7151.8    0.9394888     3.051436   0.06893875     19386.99
        7152     0.937939     3.073058   0.06271777     19387.04
      7152.2    0.9367566      3.06731   0.06283856     19387.29
      7152.4    0.9357446     3.058293    0.0342021     19389.32
      7152.6    0.9348638     3.101707   0.03910165     19391.48
      7152.8    0.9335705     3.100419   0.02022816     19391.16
        7153    0.9329899     3.098591  0.004015915     19392.78
      7153.2    0.9322044     3.074475   0.04036348     19393.87
      7153.4    0.9325023      3.10492   0.03835616     19395.54
      7153.6    0.9326946      3.13271   0.05690369     19398.24
      7153.8     0.932763     3.129276 -0.005232487     19397.13
        7154    0.9327797     3.119998  -0.04964817     19396.61
      7154.2    0.9329951     3.100734  -0.07921961     19396.24
      7154.4    0.9329559     3.092992  -0.07320948     19398.75
      7154.6    0.9327805     3.065901  -0.04057378      19401.5
      7154.8     0.933303     3.061431   -0.0283605     19402.88
        7155    0.9341018     3.068275  -0.01144278     19404.97
      7155.2     0.934842     3.070303   0.02368896     19405.06
      7155.4    0.9363384     3.056746   0.04054021     19405.19
      7155.6    0.9373747     3.080382   0.01540381     19406.16
      7155.8     0.938075     3.100707    0.0332875     19407.88
        7156    0.9392753     3.082626  0.006021051     19408.46
      7156.2    0.9405265     3.083376  -0.03081119     19407.33
      7156.4    0.9417759     3.085199 -0.009319785      19407.6
      7156.6    0.9428971     3.076058  -0.01475739     19409.22
      7156.8    0.9438806      3.07517  -0.01882274     19410.28
        7157    0.9448942     3.071571  -0.00603752     19409.34
      7157.2    0.9462661     3.070141   -0.0452918     19410.16
      7157.4    0.9476139     3.071228  -0.02702883     19412.78
      7157.6    0.9486865     3.038937 -0.0001346621        19413
      7157.8    0.9499247     3.049947  -0.02180464     19413.34
        7158    0.9511464     3.070033   0.04847909     19414.36
      7158.2    0.9522558     3.053784  0.008694094     19414.69
      7158.4     0.953298      3.07772  -0.01519852     19415.39
      7158.6    0.9543504     3.056903   0.04779586     19417.93
      7158.8    0.9552644     3.057874   0.02032977     19419.12
        7159    0.9560284     3.092021   0.02835643     19420.36
      7159.2    0.9570342     3.093984   0.02693151     19421.36
      7159.4    0.9577101     3.079588  -0.01465457     19420.52
      7159.6    0.9585047     3.079419 -0.007070226     19424.04
      7159.8    0.9592379     3.080297   0.01777889     19423.36
        7160    0.9601549     3.088328  0.005077432     19421.61
      7160.2     0.961148     3.093811 -0.005380014     19422.13
      7160.4    0.9618581     3.083481  -0.01235603     19424.67
      7160.6    0.9625318     3.075993  -0.05790058      19427.8
      7160.8    0.9632935     3.078443  -0.05229576     19430.07
        7161    0.9645109     3.047491   -0.0223858     19431.56
      7161.2    0.9652871     3.041645  -0.03295026     19432.77
      7161.4    0.9654654     3.058085   0.01536594     19431.72
      7161.6    0.9662443     3.052083   0.04667828     19430.27
      7161.8    0.9670104     3.059783  0.008154899     19431.05
        7162    0.9676165     3.078987  -0.01684087     19432.25
      7162.2    0.9686293     3.064608  -0.02649285     19433.27
      7162.4    0.9693406      3.03861  -0.03632436     19434.24
      7162.6    0.9695413     3.038589  -0.01480895     19432.71
      7162.8     0.969668     3.049928   0.04188693     19430.95
        7163    0.9700103     3.052761   0.05507713     19433.17
      7163.2     0.970206      3.07212 -0.0007171666     19435.81
      7163.4    0.9701802     3.082651   0.01354303     19435.91
      7163.6    0.9709967     3.049354  -0.02102077     19436.41
      7163.8    0.9721126     3.063596   -0.0405186      19438.2
        7164    0.9728584     3.055303   0.01634751     19436.68
      7164.2    0.9731677     3.050236  -0.02247342     19435.59
      7164.4    0.9737013     3.062432   -0.0370931     19435.57
      7164.6    0.9739835     3.045617  0.007071368     19437.43
      7164.8    0.9744366     3.025629  -0.02119239     19438.64
        7165    0.9747565     3.055893  -0.01845248     19439.83
      7165.2    0.9756835     3.045478  -0.02425653     19438.05
      7165.4     0.976022     3.030855  -0.05384134      19437.6
      7165.6    0.9762561     3.006223 -0.0008632176     19437.11
      7165.8    0.9765033      3.01282   0.03992272     19435.34
        7166    0.9771417     3.044788    0.0538989     19439.89
      7166.2    0.9777227     3.062793   0.03551014     19440.25
      7166.4    0.9787501     3.049343   0.00356644     19440.33
      7166.6    0.9796323     3.041228  -0.03101573     19442.29
      7166.8    0.9802955     3.047641  -0.02129957     19442.69
        7167    0.9813456     3.037981  -0.01455272     19442.74
      7167.2    0.9823587     3.032303  -0.03317202     19441.51
      7167.4    0.9832379     3.029586  -0.01953323     19440.94
      7167.6    0.9839376     3.021103 -0.001521132     19440.28
      7167.8    0.9843271     3.022354  0.002692909     19440.11
        7168    0.9851326     3.031086 -0.008743862     19442.39
      7168.2    0.9862683      3.03174  -0.02304978     19444.83
      7168.4    0.9869545     3.014108  -0.03380618     19444.64
      7168.6    0.9877786     3.003914  -0.04505991     19442.18
      7168.8    0.9886914     3.004041  -0.01264381     19441.18
        7169    0.9889891     2.995692  0.003084842     19441.18
      7169.2    0.9898437     3.003993  0.003452962     19443.05
      7169.4    0.9908425     3.006382   0.03258432     19446.17
      7169.6    0.9909678     3.006803   0.06673215     19446.66
      7169.8    0.9918402      3.02176   0.02986107     19447.22
        7170    0.9933651     3.057379  0.005862289     19450.15
      7170.2    0.9944709     3.030271   0.01868464      19451.6
      7170.4    0.9952982     3.011493   -0.0214281     19454.33
      7170.6    0.9958181     3.036707  -0.04320246     19450.98
      7170.8    0.9963623     3.040236   -0.0269337     19449.35
        7171    0.9968321     2.995709  -0.04935788     19451.16
      7171.2    0.9972019     2.989946  -0.05177549     19451.71
      7171.4    0.9977622     2.997221  -0.03914514     19454.34
      7171.6    0.9986815     2.998816  -0.04979264     19456.89
      7171.8    0.9993671     2.964393  -0.04621259     19456.75
        7172     1.000307     2.950112   -0.0539121     19456.12
      7172.2     1.000931     2.960251 -0.007591221     19455.34
      7172.4     1.001237     2.955686  0.007343798      19454.5
      7172.6     1.001851      2.95832  -0.02433528     19453.57
      7172.8     1.002772     2.955987  0.002143705     19455.03
        7173      1.00318     2.940783   0.02284835     19457.14
      7173.2     1.003524     2.957401   0.01283229      19459.7
      7173.4      1.00385     2.976599   0.03605401     19460.96
      7173.6     1.004141     2.966253  0.005875324     19460.69
      7173.8     1.004804     2.969626  -0.04568982     19458.99
        7174     1.005402     2.962101  -0.01751643     19457.67
      7174.2     1.005892     2.940047  -0.02548851     19459.86
      7174.4     1.006062      2.95224  -0.02229616     19459.61
      7174.6     1.006191     2.949235   0.02025268     19462.09
      7174.8     1.006311     2.944264  -0.01764692     19466.31
        7175     1.006798     2.956249  -0.03995735     19467.39
      7175.2     1.007719     2.938122  -0.03489268     19466.93
      7175.4     1.008141     2.917269  -0.03744105     19467.26
      7175.6     1.008733      2.91635 -0.005292247      19466.7
      7175.8     1.008688     2.926296  0.009687031     19466.14
        7176     1.008323     2.933889   0.01466703      19466.6
      7176.2       1.0084     2.925019   -0.0278675     19465.97
      7176.4     1.008706     2.928084  -0.05199547     19468.99
      7176.6     1.008897     2.904002  -0.03015469     19471.68
      7176.8     1.009293     2.892292  -0.05346059     19470.48
        7177      1.00941     2.900895 -0.001195933     19470.73
      7177.2     1.009399     2.885315   0.02185028      19469.6
      7177.4      1.00967     2.903045 -0.006668559     19470.16
      7177.6     1.009253     2.909772   0.02882336      19471.9
      7177.8     1.008902      2.89556 -0.008417257     19472.55
        7178     1.008958     2.908374  -0.06936513     19473.55
      7178.2     1.009192     2.896311  -0.05126378     19475.26
      7178.4     1.009224      2.85428  -0.05378056     19476.46
      7178.6     1.009074     2.854549  -0.06570117      19477.9
      7178.8     1.009042      2.86535  -0.03270026     19480.76
        7179      1.00879      2.84375  -0.02874642     19481.97
      7179.2      1.00837      2.82812  -0.04091612     19481.38
      7179.4     1.008073     2.831552  -0.02430279     19482.52
      7179.6      1.00791     2.832617     0.022324     19483.39
      7179.8     1.008161     2.824308   0.04850833     19483.63
        7180     1.008779     2.845979   0.01304384      19483.4
      7180.2     1.009197     2.870359   0.04653628     19481.49
      7180.4     1.009335     2.843052   0.02982389     19481.68
      7180.6      1.00926     2.861537   0.03157976     19483.42
      7180.8     1.009447     2.869838   0.09876291      19484.8
        7181     1.009319     2.895623   0.03117524     19485.14
      7181.2     1.009253     2.922062     0.012916     19488.65
      7181.4     1.009591     2.886477   -0.0180594     19490.27
      7181.6     1.010105     2.880171  -0.06011603     19491.58
      7181.8      1.01025     2.881175  -0.04344648     19492.51
        7182     1.010325     2.873969  -0.01196714     19492.65
      7182.2     1.010295      2.85172   0.01041516     19491.61
      7182.4     1.010298     2.870597   -0.0124885     19489.86
      7182.6     1.010176     2.889507 -0.003205147     19491.28
      7182.8     1.010592     2.863979   -0.0330759     19491.43
        7183     1.010841     2.849156  -0.07751582     19492.26
      7183.2     1.011315     2.844137  -0.06699067     19496.04
      7183.4     1.012054     2.827495  -0.03866766     19497.45
      7183.6     1.012054     2.810386  0.002808715     19497.19
      7183.8     1.012103     2.818222   0.05236965     19497.94
        7184     1.012397     2.846384   0.07124841     19497.95
      7184.2     1.012472      2.86939    0.0453477     19497.86
      7184.4     1.012604     2.867385   0.01896496     19498.55
      7184.6      1.01265       2.8545   -0.0184053     19499.47
      7184.8     1.012799     2.861556 -0.0006225392     19498.55
        7185     1.012811     2.854666   0.03099911     19495.56
      7185.2      1.01293     2.866887 -0.006172252     19497.84
      7185.4     1.013283     2.879299  -0.01881671     19502.05
      7185.6     1.013393     2.856618   0.02395934     19504.48
      7185.8     1.013464     2.839613  0.007166965     19506.68
        7186     1.013555     2.886054   0.02034582     19507.53
      7186.2     1.013866     2.885033   0.03182386     19505.73
      7186.4     1.013678     2.872895 -0.009872642     19507.76
      7186.6     1.013562     2.865072 -0.001020298     19507.16
      7186.8     1.014145     2.878156   0.03289092     19509.92
        7187      1.01415     2.884217   0.07536299     19509.75
      7187.2     1.014125     2.899207   0.06272017     19509.52
      7187.4     1.014011     2.925362   0.04752946     19509.85
      7187.6     1.013768     2.928332   0.02785122     19509.59
      7187.8     1.013449      2.92224 -0.003073468     19511.25
        7188     1.013553     2.921488 0.0006232679      19513.4
      7188.2     1.014126     2.922903  -0.00783007     19515.49
      7188.4     1.014572     2.928831  -0.03078108      19516.6
      7188.6      1.01446     2.915976  -0.02037162     19516.18
      7188.8     1.014365     2.896863  -0.01429705     19516.22
        7189      1.01437     2.906606  0.001261043     19516.81
      7189.2     1.014312     2.917393   0.02103692      19516.9
      7189.4     1.014428     2.916985 -0.004169538     19516.64
      7189.6     1.014461     2.913693 -0.001710867     19517.05
      7189.8     1.014595      2.90327  0.007129729     19518.63
        7190     1.014553     2.916025   0.01577101     19520.07
      7190.2     1.014707     2.922689   0.03127005      19521.5
      7190.4     1.014161      2.92631   0.02842087     19523.09
      7190.6     1.013911     2.928287    0.0237884     19523.21
      7190.8     1.013882     2.938761   0.03906593     19524.28
        7191     1.013608      2.94172   0.03013895     19524.68
      7191.2     1.013788     2.957562   0.03854004     19525.91
      7191.4     1.014313     2.952398   0.02192688     19528.24
      7191.6     1.014147     2.969593  0.005092592     19529.68
      7191.8      1.01397     2.959261   0.01530063     19530.95
        7192     1.013686     2.961637  0.005071867     19532.43
      7192.2     1.013393     2.964638   0.02271202     19533.08
      7192.4     1.013246     2.973651  -0.01147197     19531.17
      7192.6     1.013066     2.977431   0.01042198     19531.57
      7192.8       1.0132     2.952459  0.007988107     19534.01
        7193     1.013087     2.972976  -0.02719797     19535.75
      7193.2     1.013104     2.980041   0.02253705     19535.49
      7193.4     1.013742     2.955672   0.01346414     19534.83
      7193.6     1.014231     2.970489  0.006594332     19535.27
      7193.8     1.014368     2.983747   0.06005748     19536.37
        7194     1.014752     2.985317   0.04860846     19537.16
      7194.2     1.015085     3.003718  0.006260967     19537.89
      7194.4     1.014884     3.009375  -0.01572799     19540.16
      7194.6     1.014923     2.988756  -0.05573127     19541.79
      7194.8     1.015067     2.972734   -0.0294221     19543.95
        7195     1.015452     2.959133  -0.01260358        19545
      7195.2     1.015485     2.985838 -0.009369937     19544.41
      7195.4     1.015547     2.978673  0.007681223     19544.95
      7195.6     1.015155     2.965238  -0.01168966     19543.56
      7195.8     1.015124     2.965278 -0.008010355     19543.83
        7196     1.015195     2.976486   0.01871385     19545.19
      7196.2     1.015671     2.972265    0.0262772     19546.04
      7196.4     1.016263     2.980209  -0.00133961     19547.41
      7196.6     1.016541       2.9863   0.01035986     19547.94
      7196.8     1.016842     2.975414   0.01144878     19547.31
        7197     1.017285     2.980553  -0.01517779     19549.81
      7197.2     1.017031     2.989368 -0.008714541     19551.61
      7197.4     1.017086     2.974158 -0.004864766     19554.08
      7197.6     1.017412     2.968443  -0.02765698     19555.88
      7197.8     1.017778     2.976661  -0.04235043     19556.17
        7198     1.018046     2.967243  -0.05029202     19556.24
      7198.2     1.018201     2.940278  -0.05755567      19555.7
      7198.4     1.018286     2.928209   -0.0308859     19556.69
      7198.6     1.018188     2.930616   0.00635954     19558.02
      7198.8     1.018318     2.942534  -0.03218268     19557.42
        7199     1.018518     2.945365  -0.03080751     19557.74
      7199.2     1.018849     2.902463  -0.02644427     19559.36
      7199.4     1.019001      2.90597  -0.04563298     19561.62
      7199.6     1.019132     2.921379 -0.0005709986     19563.64
      7199.8     1.018846     2.908859  0.002769186     19563.47
        7200     1.018535     2.902006  -0.02860001     19564.21
      7200.2      1.01881     2.908186  -0.01012711     19562.28
      7200.4     1.018649     2.898499  -0.02791726     19563.43
      7200.6     1.018405     2.900757  -0.05562672     19564.23
      7200.8     1.018581     2.879672  -0.05585104     19565.11
        7201     1.018766     2.863684  -0.04617852     19566.47
      7201.2      1.01922     2.853818   0.01412207     19567.33
      7201.4     1.019669     2.863814   0.06996292     19566.85
      7201.6     1.019824      2.89097   0.07865839     19566.68
      7201.8      1.01969     2.919655   0.06391608     19567.82
        7202     1.019379     2.916745   0.01742502     19571.17
      7202.2     1.019356     2.914947  -0.05110941     19571.65
      7202.4     1.019676      2.90491  -0.06202285     19570.36
      7202.6     1.019971     2.878767  -0.09499378     19571.23
      7202.8     1.020123     2.867126   -0.1152127     19572.06
        7203     1.020099     2.838952  -0.03896138     19571.43
      7203.2     1.019907      2.81274   0.01406847     19572.99
      7203.4     1.019526     2.847598  0.006346461     19576.26
      7203.6     1.019389     2.878381   0.01693636     19575.95
      7203.8     1.019852     2.844029  -0.03905928     19577.98
        7204     1.019757     2.826289  -0.04975681     19580.28
      7204.2     1.019618      2.81635   0.02266883      19581.3
      7204.4     1.020012     2.838576   0.04611838     19581.33
      7204.6     1.020222     2.862164   0.07881633     19580.29
      7204.8     1.020485     2.863184   0.02288902     19580.85
        7205     1.020496     2.879404  -0.01778527     19578.86
      7205.2     1.020221     2.856887  -0.02237753     19577.02
      7205.4     1.020076     2.847936  -0.05290962     19577.47
      7205.6     1.020235     2.845282  -0.05162687     19577.93
      7205.8     1.020333     2.837076  -0.04950964     19580.39
        7206     1.020343     2.815585  -0.06678645     19583.72
      7206.2     1.020592     2.808328  -0.08778329     19585.65
      7206.4     1.020587     2.791852  -0.09348175     19587.08
      7206.6     1.020223     2.766849  -0.07323923     19587.76
      7206.8     1.020014       2.7408  0.009753023     19588.08
        7207     1.020293     2.749737   0.06268532     19589.39
      7207.2     1.020255     2.799655   0.06932597     19589.01
      7207.4     1.020094     2.816997    0.0337329     19587.82
      7207.6     1.020378     2.796261  -0.03021667     19590.16
      7207.8      1.02028     2.776723  -0.02732811     19592.62
        7208     1.020294     2.775482   0.01283275     19592.41
      7208.2     1.019903     2.795135   0.02825511     19593.74
      7208.4     1.019792     2.806527   0.07597019     19597.28
      7208.6      1.02017     2.799327   0.08594801     19597.84
      7208.8      1.02041     2.836258   0.04366854     19599.31
        7209     1.020579     2.863893   0.03891059     19599.33
      7209.2      1.02053     2.841462  -0.03677811     19599.28
      7209.4     1.020611     2.830456  -0.08280264     19599.27
      7209.6     1.020188     2.806835  -0.05289514     19600.17
      7209.8     1.019583     2.797651  -0.01022973     19600.78
        7210      1.01961     2.799146   0.07689362     19601.89
      7210.2     1.019522     2.822272   0.08459033     19603.03
      7210.4     1.019592      2.86835   0.06223199     19604.29
      7210.6     1.019521     2.865324   0.04093444     19600.92
      7210.8     1.019242     2.848931  0.004552437     19599.66
        7211     1.019096      2.85502   0.01006408     19601.96
      7211.2     1.018988     2.871992 -0.0009315424     19604.77
      7211.4     1.018806     2.873375 -0.005855295      19606.6
      7211.6     1.018667     2.848186 -0.002274153     19606.85
      7211.8     1.018754     2.850335 -7.245651e-05     19607.18
        7212     1.018904     2.870173   0.02628907     19606.85
      7212.2     1.018784     2.873317 -0.004022372     19607.64
      7212.4     1.018222     2.869217  -0.01935433     19607.12
      7212.6     1.017482     2.847118   0.07679139     19609.95
      7212.8     1.016779     2.854689   0.09118505     19612.45
        7213     1.016559      2.93475   0.09206813     19615.43
      7213.2      1.01676     2.942165   0.08349312     19614.96
      7213.4     1.016606     2.920772 -0.004891054     19614.51
      7213.6     1.016238     2.921484 -0.009429414     19614.01
      7213.8     1.016327     2.930837  -0.01684046     19614.42
        7214     1.015726     2.934622 -0.009167174     19614.93
      7214.2      1.01514       2.9073  -0.04057434     19615.52
      7214.4     1.014633      2.91415   0.05602885     19615.42
      7214.6     1.014234     2.898378    0.2424944     19615.86
      7214.8     1.013723     2.979445    0.2739764     19615.19
        7215     1.013777     3.101295    0.2807883     19615.23
      7215.2     1.013689     3.133331    0.1707408     19617.18
      7215.4     1.013094     3.123008   0.03632277     19618.07
      7215.6     1.012703     3.116038  -0.01941714     19616.89
      7215.8     1.012391     3.130353  -0.04603321      19617.2
        7216     1.012235     3.117797  -0.02107925     19619.27
      7216.2     1.011825     3.086182  -0.03051505     19619.57
      7216.4      1.01136     3.099174  -0.05144656      19621.3
      7216.6     1.011516     3.105941  -0.04902743     19624.62
      7216.8     1.011672      3.07664   -0.0498779     19625.97
        7217     1.011839      3.04696  -0.05990435     19624.06
      7217.2     1.011727     3.059272  -0.03786865     19625.01
      7217.4     1.011755     3.058018   0.03116703      19626.3
      7217.6     1.011325     3.046345   0.08270919     19627.41
      7217.8     1.010907     3.071893    0.1130999     19625.17
        7218     1.010433     3.125439    0.1345414     19626.87
      7218.2     1.009936     3.148498    0.1214176     19626.55
      7218.4     1.009682     3.153978   0.01017813     19625.57
      7218.6     1.009646     3.169027  -0.04220686      19628.3
      7218.8     1.009722     3.133582  -0.03304111     19630.37
        7219      1.00922     3.114732   -0.0298725     19632.78
      7219.2     1.008775     3.127546   0.03503204     19633.17
      7219.4     1.008767     3.145129   0.06588933     19632.66
      7219.6     1.008732     3.161607   0.06270555     19633.92
      7219.8     1.008224     3.167444   0.02975935     19633.35
        7220     1.007971      3.17771  -0.01165557      19633.8
      7220.2     1.008424     3.168937  -0.03219793     19635.67
      7220.4     1.007997     3.152283  -0.03653659     19635.49
      7220.6     1.007604     3.141686  -0.02012098     19636.87
      7220.8      1.00694     3.148481  -0.01718537     19639.08
        7221     1.006895      3.15284   0.04717126      19640.3
      7221.2     1.006579     3.138535   0.06308547     19640.58
      7221.4     1.006825     3.179423 -0.005615584        19643
      7221.6     1.007221     3.198949 -0.006909328     19643.73
      7221.8     1.006713     3.148348  -0.09534378     19643.43
        7222     1.006289     3.133007   -0.1266307     19642.03
      7222.2     1.006331     3.103147  -0.08947097     19643.41
      7222.4     1.006065     3.097644  -0.05927263     19643.05
      7222.6     1.005512     3.076771   0.01191992      19642.1
      7222.8     1.005265     3.085589  -0.02170254     19642.97
        7223     1.005192     3.112683  -0.01432637     19644.59
      7223.2     1.004968     3.080282   0.02365831     19645.06
      7223.4     1.004634      3.06531   0.01266805     19646.09
      7223.6     1.004289     3.104516   0.03869607     19646.78
      7223.8      1.00406     3.122818   0.05020176     19647.13
        7224     1.003698     3.111239  0.005580474      19648.8
      7224.2     1.003193     3.105471  -0.04377447     19648.85
      7224.4      1.00334      3.10898  -0.04869394     19649.24
      7224.6     1.003618     3.087798  -0.02576011     19648.43
      7224.8     1.003348     3.072284   -0.0313431      19648.5
        7225     1.003151     3.084863 -0.005944816     19651.27
      7225.2     1.003043     3.083906   0.01455486     19651.73
      7225.4     1.002753     3.083042  -0.01769618     19651.91
      7225.6     1.002622     3.083928   -0.0756907     19653.35
      7225.8     1.002465     3.070706  -0.07859394     19657.55
        7226     1.002078     3.023353  -0.07263642     19658.92
      7226.2     1.001886     3.020167  -0.06087957     19658.16
      7226.4     1.001693     3.025819  -0.02745434     19659.14
      7226.6     1.001148     3.022003   -0.0349105      19657.9
      7226.8      1.00048     3.001389   -0.0626773     19656.21
        7227    0.9999917     2.992239  -0.07581165     19656.31
      7227.2    0.9998643     2.975677   -0.0331797     19657.74
      7227.4    0.9997709     2.961353  -0.03634782     19659.47
      7227.6    0.9997682     2.974846  -0.03917663     19659.85
      7227.8    0.9999569     2.963161  -0.01509903     19661.83
        7228    0.9997213     2.944336  -0.04463249     19664.47
      7228.2    0.9990927     2.949274  -0.06151603     19662.36
      7228.4    0.9983738      2.93914   -0.0426925        19662
      7228.6     0.997974     2.913948  -0.02131391     19666.29
      7228.8     0.997404     2.910182   0.02177339     19666.67
        7229    0.9973493     2.932223   0.04448671     19665.63
      7229.2    0.9969753     2.956558   0.02075649     19667.65
      7229.4    0.9967865     2.949537  -0.02847086      19668.1
      7229.6    0.9964293     2.926787  -0.07568331        19669
      7229.8    0.9965631     2.909446  -0.07485817     19671.24
        7230    0.9968303     2.896012  -0.03221436      19672.1
      7230.2    0.9967656     2.889651  -0.02390554     19672.12
      7230.4    0.9964422     2.901015  -0.03221836     19671.61
      7230.6    0.9960371     2.890322   -0.0190161     19670.42
      7230.8    0.9958817     2.870237  -0.04254538     19670.65
        7231    0.9957867     2.874438   -0.0527316     19673.27
      7231.2    0.9952568     2.866979  -0.03000348     19675.18
      7231.4     0.994761     2.848136  -0.03926578     19674.67
      7231.6    0.9944707     2.846234  -0.05014968     19673.71
      7231.8    0.9942285     2.843025  -0.05481968     19674.23
        7232     0.994125     2.826859  -0.05394335     19674.98
      7232.2    0.9933294     2.804281  -0.07331027     19673.72
      7232.4    0.9928615      2.80308  -0.05637622     19673.39
      7232.6    0.9928136     2.784377  -0.01971556     19671.76
      7232.8    0.9927695     2.781758  -0.01703025     19670.57
        7233    0.9923717     2.788508  0.009250701      19671.8
      7233.2     0.992182     2.789455  -0.01143297     19675.42
      7233.4    0.9921591     2.791777  -0.03027723     19673.42
      7233.6    0.9922127     2.772612  -0.01924213     19673.34
      7233.8    0.9918078     2.764286  -0.02986881     19676.46
        7234    0.9911531     2.774062  -0.02289235     19678.77
      7234.2    0.9908252     2.767882  -0.01016595     19677.85
      7234.4    0.9905299     2.754298  -0.03248048     19678.89
      7234.6    0.9905787     2.756154  -0.04067419     19680.82
      7234.8    0.9909513     2.748077  -0.01984749     19681.93
        7235     0.991116     2.735343  -0.02292639     19682.34
      7235.2    0.9911271      2.73842  -0.01152204     19681.86
      7235.4    0.9911225     2.737813   0.01622719     19684.72
      7235.6    0.9908377      2.73886   0.01756564     19686.76
      7235.8    0.9901905     2.748325   0.01295719      19683.5
        7236    0.9900421     2.752473  0.005287164     19683.23
      7236.2    0.9899952     2.748178  -0.02420608     19685.04
      7236.4    0.9899882     2.743089  -0.03107088     19685.97
      7236.6    0.9897643      2.72896  -0.04202885     19685.55
      7236.8    0.9898589     2.727616   -0.0402417     19688.52
        7237    0.9901226     2.714555  -0.01680112     19690.53
      7237.2    0.9904382     2.710896  -0.02956513     19689.39
      7237.4    0.9908862     2.715519 -0.009370342     19690.59
      7237.6    0.9909152     2.703964  0.008437712     19691.28
      7237.8     0.990598     2.707059   0.01312756     19690.02
        7238    0.9903599     2.717646   0.04329051     19689.19
      7238.2    0.9903616     2.726021   0.03712459     19690.46
      7238.4    0.9905597     2.738596   0.01284524     19692.79
      7238.6    0.9907289     2.736759  0.008257076     19693.59
      7238.8    0.9908183     2.727922  -0.01335936     19694.86
        7239    0.9907887     2.732627  -0.02877019     19696.69
      7239.2    0.9909133     2.727909 -0.003564166     19696.85
      7239.4    0.9913419     2.713742   0.01276641        19699
      7239.6    0.9913304     2.725071   0.01355368     19700.41
      7239.8    0.9914496      2.74284   0.03599795     19699.84
        7240    0.9912776     2.738752   0.02606258     19701.05
      7240.2    0.9910336     2.742541  -0.01640425     19699.98
      7240.4    0.9908476     2.745921  -0.03976458     19699.49
      7240.6    0.9909472     2.729717  -0.05657611     19699.21
      7240.8    0.9908684      2.70694  -0.06484676     19699.18
        7241    0.9908382      2.69728  -0.04010511     19699.03
      7241.2    0.9911318     2.694044  -0.01652578     19697.42
      7241.4    0.9913288     2.697632  -0.01074021     19699.12
      7241.6    0.9917962     2.693719  0.006347909     19703.34
      7241.8    0.9920025     2.688688   0.01802817     19705.63
        7242    0.9920695     2.699122   0.03659188      19707.5
      7242.2    0.9924993     2.712055   0.05779162     19708.77
      7242.4    0.9926138     2.722993   0.04999616      19708.4
      7242.6    0.9926194     2.734921   0.04061553     19708.54
      7242.8    0.9931585     2.739119   0.03006805     19708.15
        7243    0.9939243     2.744547   0.01031556     19708.14
      7243.2    0.9945539     2.747047   0.01704006     19710.56
      7243.4    0.9945243     2.743174   0.01312137      19710.9
      7243.6    0.9943268     2.752751  0.007518618     19710.14
      7243.8    0.9941159     2.755044   0.04229593     19711.06
        7244    0.9941759     2.753062   0.03326121     19711.86
      7244.2    0.9943184      2.77701  0.001230179        19711
      7244.4    0.9946526      2.77936  0.001796978     19712.12
      7244.6    0.9946831     2.756029  -0.01272599     19713.38
      7244.8    0.9950533       2.7545  0.006828023     19714.41
        7245    0.9953578     2.766829   0.04014483     19715.23
      7245.2    0.9957031     2.784822  0.009128352      19717.2
      7245.4    0.9958264     2.788144  -0.01971635     19718.11
      7245.6    0.9956786     2.761803  -0.02258921     19717.88
      7245.8    0.9957081     2.751056  -0.01837351     19717.65
        7246    0.9960794     2.766751 0.0004768819     19717.57
      7246.2    0.9967772     2.773446 -0.004770817     19717.22
      7246.4     0.997131     2.762184  -0.01130876     19716.74
      7246.6    0.9972698      2.74724  -0.01163275     19720.06
      7246.8     0.997663     2.757704   0.04031718     19720.75
        7247    0.9975453     2.764139   0.06560446     19718.12
      7247.2     0.997417     2.794438   0.06148198     19719.23
      7247.4    0.9978642     2.799723   0.05123669        19721
      7247.6    0.9979953      2.80689 -0.006244666     19723.87
      7247.8    0.9980166     2.805129  -0.01888651     19724.21
        7248    0.9981307     2.789442 -0.008186373     19724.31
      7248.2    0.9985036     2.784614  -0.02104464     19726.02
      7248.4    0.9988174     2.800341  -0.02960795     19727.06
      7248.6    0.9988228     2.788293  -0.01210475     19726.55
      7248.8    0.9988486     2.765756  -0.01934674      19726.3
        7249    0.9992865      2.77493 0.0004184326     19726.13
      7249.2    0.9996805     2.784863   0.03652636     19727.75
      7249.4    0.9996997     2.788628  0.003337926        19731
      7249.6    0.9999528     2.794977  -0.03462541     19732.47
      7249.8       1.0005     2.777601  -0.04354353     19733.42
        7250     1.000851     2.757163  -0.04095678     19733.61
        7252     1.003123     2.795146 -0.008640476     19737.99
        7254     1.004638     2.769348 -0.007179715     19748.37
        7256     1.007294     2.753343 -0.005405972     19755.68
        7258     1.010252     2.761958 -0.0004580586     19762.92
        7260     1.012654     2.751898  0.006922541     19769.34
        7262     1.014646     2.765684  0.001930692     19775.23
        7264     1.016336     2.808724  0.004040939     19784.69
        7266     1.018194     2.777404  0.006322737     19791.24
        7268     1.018911     2.784226  0.001318579     19794.55
        7270     1.019009     2.816265   0.01125457     19803.91
        7272     1.019442     2.819272  0.007059685     19813.33
        7274     1.018638      2.86744  0.007787852     19816.54
        7276     1.018872     2.840703   0.00206483     19823.74
        7278     1.018727     2.878568 -0.006014068     19831.95
        7280     1.017245     2.835791   0.00836863     19841.12
        7282     1.016308     2.819328  0.001797819      19846.4
        7284     1.013792     2.907652  0.002297827     19851.07
        7286     1.012522     2.892951   0.01059312     19859.84
        7288     1.011315     2.854174 -0.002936012     19863.49
        7290      1.00986     2.904073  -0.01275377     19870.21
        7292     1.008522     2.884164  -0.00765671     19879.98
        7294     1.006864     2.790921  -0.01792645     19882.14
        7296     1.005072      2.79292  -0.01841961     19892.41
        7298     1.004259     2.760661  -0.01219931     19897.93
        7300     1.004048     2.736807  -0.01241129     19905.35
        7302     1.003237     2.693326  -0.01047296     19911.07
        7304     1.003196      2.69363 -0.009162855     19917.37
        7306     1.002758     2.676877 -0.004183099      19924.5
        7308      1.00218     2.663504 -0.004572013     19930.03
        7310     1.002631     2.659861 -0.002153133     19935.32
        7312     1.002548     2.657053 0.0002374568     19942.38
        7314     1.002501     2.659652 -0.001163491     19949.23
        7316     1.001806     2.665404 -0.001761433     19957.29
        7318     1.000841     2.650553 -0.001836887     19962.15
        7320     1.001365     2.642962 -0.003792286     19967.77
        7322     1.001594     2.644957 -0.001707226     19978.02
        7324     1.001932     2.635066 -0.001831023     19980.55
        7326     1.001677     2.636896 -0.002546106     19991.63
        7328     1.001068     2.628314 -0.0004029833     19997.95
        7330     1.001694     2.624588 -0.001972747     20002.06
        7332     1.000744     2.631842 -0.006675888     20007.07
        7334    0.9999033     2.621114 -0.002303299     20013.68
        7336     1.000764     2.574907 -0.004673847     20021.13
        7338     1.001089     2.606162 -0.006294555     20029.44
        7340     1.001148     2.594451  0.001682601     20033.95
        7342     1.001009     2.570757 0.0008798691     20041.63
        7344     1.001108     2.588367  0.006599083      20046.6
        7346    0.9996041     2.613201   0.01097277     20050.29
        7348      1.00034     2.647244  0.008432787      20055.6
        7350     1.001101     2.658539  0.007923824      20060.8
        7352     1.000792      2.65583  0.006867746     20071.11
        7354     1.001359     2.676592  0.003496844     20076.08
        7356     1.001248     2.702186  0.006850411        20082
        7358     1.001318     2.686514  0.001986558      20086.7
        7360     1.000913     2.710633 0.0008829923     20091.85
        7362     1.001199     2.692484  0.006793693      20101.5
        7364     1.000711      2.70925  0.003089508     20104.85
        7366     1.001423     2.740864 -0.001671423     20113.88
        7368     1.001021     2.735349 -0.002704073      20121.2
        7370     1.001064     2.679113 -0.009687503     20125.59
        7372     1.000749     2.687617  -0.01241834      20133.7
        7374     1.001019     2.663364 -0.008074613     20134.38
        7376     1.001335     2.636002 -0.009074734     20142.95
        7378     1.000703     2.614516  -0.01236784     20147.59
        7380     1.000286     2.615019  -0.01193865     20151.56
        7382    0.9999102     2.564421  -0.01474492     20156.58
        7384     0.999727     2.540493  -0.01345583     20166.06
        7386    0.9994684     2.496556 -0.008811467     20170.25
        7388     0.999408     2.507373 -0.006733159     20173.03
        7390    0.9994591     2.493929  0.002231855     20184.69
        7392    0.9992557     2.486628 0.0008811551     20190.88
        7394    0.9987932     2.514411 0.0006908899      20194.7
        7396     0.999387     2.514422  0.002974496     20201.44
        7398    0.9987469     2.499456 -8.809666e-05     20209.52
        7400    0.9988746     2.510424 -0.004545995      20219.3
        7402    0.9979757     2.513706 -0.001110849      20215.4
        7404     0.998334     2.478054 -0.001176342     20223.71
        7406    0.9985781      2.49057 -0.001384227     20232.62
        7408    0.9981756     2.501013 0.0001692246     20241.33
        7410    0.9975531     2.502633 -0.001818175     20246.78
        7412    0.9975354     2.479408 -0.001472459        20252
        7414     0.997218     2.476024 -0.002708405     20253.65
        7416    0.9969192     2.489234 -1.048837e-05     20263.04
        7418    0.9970274     2.480965  0.000489644     20269.07
        7420    0.9970688     2.479324  -0.00433797     20272.77
        7422    0.9970309     2.479941 -0.002594526     20273.97
        7424    0.9969254      2.45453 -0.001054206     20280.05
        7426    0.9969355     2.460209 -0.004507406     20287.62
        7428    0.9960873      2.47089 -0.001138721     20289.28
        7430    0.9959716     2.443882 -0.001485553     20297.93
        7432    0.9960308      2.44542  -0.00156327     20305.06
        7434    0.9963011     2.448325 0.0006432321     20309.38
        7436    0.9961868     2.458384  0.002806682     20317.96
        7438    0.9959924     2.449028  0.003289996     20321.76
        7440    0.9969598     2.467873  0.001972921     20329.79
        7442    0.9962193     2.474645    0.0037909     20330.26
        7444    0.9964022     2.474167  0.001344402     20337.87
        7446    0.9958588     2.479355  0.001768565     20347.56
        7448    0.9955143     2.478629 0.0002401085      20349.2
        7450    0.9960207     2.488793  0.002652545     20357.57
        7452    0.9961068     2.476088 -0.0001621509     20362.89
        7454    0.9958594     2.500575 -0.003853192      20371.2
        7456    0.9957081     2.477331 -0.002726759     20373.72
        7458    0.9959187     2.457968 -0.004006597     20376.76
        7460    0.9964408     2.454274 -0.001633665     20384.11
        7462    0.9954315     2.468523 -0.002078722     20391.53
        7464    0.9959906     2.464262 -0.003552072     20398.36
        7466    0.9955889     2.441338 -0.005914024     20401.73
        7468    0.9959159     2.425858 -0.006029835     20406.77
        7470    0.9958849     2.421211 -0.006247968     20413.21
        7472    0.9960327     2.416023  -0.00303036     20419.01
        7474    0.9958457     2.391354 -0.004869709     20420.53
        7476    0.9958802     2.401615 -0.006510983     20430.88
        7478    0.9947483     2.382253 -0.001214724     20435.34
        7480    0.9953585     2.363936 -0.004088725     20439.97
        7482     0.995269     2.381636 -0.004826392     20444.25
        7484    0.9951518     2.368905 -0.002023115     20448.14
        7486    0.9950008     2.343642 -0.005769178     20452.89
        7488    0.9945861     2.347751 -0.003295747     20458.45
        7490    0.9950628     2.335483 -0.002014002     20468.37
        7492     0.995247     2.342539 -0.002916842     20466.98
        7494    0.9947619      2.32753 -0.002060826     20475.39
        7496    0.9948678     2.324416 -0.0008958364     20479.04
        7498    0.9948292     2.318996 -0.0004535805     20482.99
        7500    0.9951101     2.335372 -0.0003647632     20491.08
        7502    0.9948038     2.323901 0.0001843425     20495.29
        7504    0.9948623     2.321498 -0.001282205     20500.27
        7506    0.9942776     2.320471 -0.001028695     20499.71
        7508    0.9952132     2.325115 -0.0005920926     20507.51
        7510    0.9948826     2.315671 -0.001193382     20513.17
        7512    0.9948087     2.316761 -0.001752186     20517.06
        7514    0.9950162     2.310924 -0.001896801     20518.84
        7516    0.9948595     2.311097 -0.002427753     20522.69
        7518    0.9954915     2.300497 -0.003042071     20506.22
        7520    0.9945365     2.297339 -0.002703842     20495.82
        7522    0.9948545     2.286587 -0.001558589     20494.25
        7524      0.99571     2.289466 -0.0008017367     20439.27
        7526     0.997593     2.288028 -0.0006376466     20088.41
        7528    0.9937398     2.290925 -0.0004871741     20313.56
        7530    0.9962725     2.281486 -9.043184e-06     20142.88
        7532    0.9940885     2.285569 -0.0008809693     20404.46
        7534    0.9944535     2.287956 -0.0004933549     20560.01
        7536    0.9948249     2.283877 -0.001140059     20545.21
        7538     0.995169     2.277539 -0.002362312      20550.6
        7540    0.9955452     2.276448 -0.001530476     20575.28
        7542    0.9956638     2.269058    4.234e-05     20594.77
        7544    0.9946699     2.271634 -0.001761609     20599.57
        7546    0.9947303     2.277878  -0.00116591      20602.8
        7548    0.9949996     2.262356 -0.001743538     20607.28
        7550    0.9954569      2.25973 -0.003316917     20611.54
        7552    0.9951687     2.257685 -0.001072577     20617.08
        7554    0.9956675     2.251343 4.583414e-06     20623.55
        7556    0.9952956     2.253775 9.234208e-05     20627.59
        7558    0.9956818     2.259767  0.001316963     20632.79
        7560    0.9948978     2.258424  0.001303755     20634.78
        7562     0.995564     2.261879  0.000168167      20643.2
        7564    0.9954785     2.264205 -0.001208368      20651.6
        7566    0.9954269     2.261112 -0.0009921398     20652.32
        7568    0.9949325     2.248757  -0.00210305     20658.39
        7570     0.994887     2.253941 -0.004730007     20666.48
        7572    0.9952688     2.247381 -0.001810541     20664.68
        7574    0.9949747     2.223272 -0.004273069     20666.85
        7576    0.9951242     2.234273 -0.002113855     20673.41
        7578    0.9951291     2.219757 -0.001448509     20678.64
        7580    0.9954662      2.23047 -0.004264431     20681.37
        7582    0.9956306     2.211684  -0.00376273     20683.56
        7584    0.9950577     2.200157 -0.005608869     20687.88
        7586    0.9950595     2.189655 -0.002223757     20693.09
        7588    0.9948288     2.185599 -0.001875954     20696.03
        7590    0.9949386     2.193894 -0.0008774367     20698.76
        7592    0.9953274      2.18515 -6.98868e-05     20701.15
        7594    0.9953672     2.182636 -0.002005331     20701.29
        7596    0.9954887      2.18504 -0.0007297125      20709.9
        7598    0.9955402     2.177851 -0.001457777     20711.35
        7600    0.9951916     2.179312 -0.002569322     20709.25
        7602    0.9950745     2.170973 -0.002276501     20719.16
        7604    0.9951273     2.164485 -0.001364935     20719.69
        7606    0.9950858     2.159639 -0.001807973     20728.07
        7608    0.9957951     2.168393 -0.003421811     20732.47
        7610    0.9957315      2.15651 -0.002258035     20734.47
        7612    0.9959429     2.137111 -0.002805494     20736.42
        7614    0.9958912     2.141575 -0.001940729     20740.86
        7616    0.9954919     2.145949 -0.001618467      20749.1
        7618    0.9958768     2.140984 -0.001809201     20752.56
        7620    0.9960254     2.124163 -0.0009340135     20756.76
        7622    0.9961928     2.127102 -0.001316283     20759.06
        7624    0.9956475     2.138476 0.0004758238     20758.09
        7626    0.9958924     2.130453 0.0008126005     20762.22
        7628    0.9959435     2.127969 -0.001992188     20770.16
        7630    0.9964388     2.133602 -0.001918961     20772.97
        7632    0.9965423     2.122539 -0.001957942      20776.6
        7634    0.9967302     2.115102 -0.003076804     20779.16
        7636    0.9969168     2.112306 -0.001811386     20786.35
        7638    0.9966685     2.108988 -0.002847994     20787.22
        7640    0.9968997     2.108048 -0.002434201     20794.54
        7642    0.9968846     2.092318 -0.002564265      20796.6
        7644    0.9966214     2.092832 -0.002215673     20800.68
        7646    0.9967351     2.088474 -0.001135403     20806.82
        7648    0.9973915     2.090322 -0.001212689     20811.08
        7650    0.9968909     2.083235 -0.001165511     20817.11
        7652    0.9975091     2.083131  -0.00163197     20819.32
        7654     0.997043      2.07915  -0.00113001      20824.5
        7656    0.9973367     2.077267 -0.001268329     20824.33
        7658    0.9973282     2.074195 -0.0009022495     20831.52
        7660    0.9975641     2.072984 -0.001305126     20836.99
        7662     0.997952     2.071932 -0.001988961     20838.21
        7664    0.9974658     2.066826 -0.001848366     20844.14
        7666    0.9974093     2.058283 -0.001879465     20851.11
        7668     0.998144     2.058197 -0.001457042     20852.88
        7670    0.9978179     2.056896 -0.0007663511     20854.87
        7672    0.9973931     2.055169 -0.0007806971     20859.62
        7674    0.9973855     2.052152 -0.0004677568      20863.3
        7676    0.9980975     2.051952 -0.001617059     20865.91
        7678    0.9975235     2.053154  -0.00028102      20869.3
        7680    0.9972229     2.042233 -0.002004599     20875.76
        7682    0.9971818     2.049904  -0.00128457     20881.22
        7684    0.9975603     2.035915 -0.002188305     20882.99
        7686    0.9975163     2.042877   -0.0030937     20887.88
        7688    0.9977487     2.024726 -0.0003467019     20893.92
        7690     0.997374     2.025154 -0.001896759     20892.08
        7692    0.9971995     2.033141 -0.001026626     20899.92
        7694      0.99678     2.027703 -0.0007036159     20897.65
        7696    0.9971641     2.016513 -0.001972171     20904.75
        7698    0.9972089     2.019525 -0.001347037      20911.1
        7700    0.9974546     2.017364 -0.001450751      20913.3
        7702    0.9979365     2.016927 -0.001764128     20917.52
        7704    0.9977868     2.004907 -0.0006294322     20918.37
        7706    0.9979946     2.005412 -0.0009250739     20926.78
        7708    0.9975537     2.012328 -0.000196083      20927.5
        7710    0.9975944     2.009526 -0.0005694934      20929.4
        7712      0.99818     2.003339 -0.001610228     20932.36
        7714    0.9979565     2.000856 -0.001898803      20938.3
        7716    0.9980195     1.999447  -0.00162791     20943.76
        7718    0.9981942     1.994336 -0.001662701     20948.31
        7720    0.9981752     1.990315 -0.0006425003     20950.31
        7722    0.9983653     1.987555 -0.000422442     20955.38
        7724    0.9983177     1.994307 -0.001130246     20954.41
        7726    0.9989046     1.990956 -0.0007694969     20954.32
        7728    0.9988089     1.981274 -0.001086077     20962.52
        7730     0.998698     1.981399 -0.0009747222     20965.51
        7732    0.9991859     1.985618 -0.0002358119     20970.47
        7734    0.9989599     1.983159 -0.0009428744     20973.75
        7736    0.9987378     1.979387 -0.002322525     20975.04
        7738    0.9988887     1.973856 -0.002284113     20982.06
        7740    0.9995072     1.967038 -0.002345994     20981.81
        7742     0.999348     1.964886 -0.002151499     20985.09
        7744    0.9991324     1.960619  -0.00145314     20986.98
        7746    0.9994549     1.956644   -0.0015404     20990.23
        7748    0.9996577     1.955413 -0.001846344     20993.31
        7750    0.9999649     1.952563 -0.001126465      21001.4
        7752     1.000468     1.945848 -0.002106509     21003.65
        7754     1.000295     1.947632 -0.001243487     21000.34
        7756    0.9999069     1.938561 -0.0007293799     21002.82
        7758     1.000982     1.942615 -0.001530024      21007.3
        7760     1.000908     1.940013 -0.0007399884     21012.31
        7762     1.000855     1.935392 -0.002549091     21018.72
        7764     1.001066     1.932641 -0.002781823     21016.88
        7766     1.000776     1.922222 -0.002165672      21017.3
        7768     1.001055     1.917759 -0.002400452     21024.14
        7770     1.001275     1.918067 -0.0009850036     21024.89
        7772     1.001256     1.913437 -0.001881871     21027.65
        7774     1.001147     1.914342 -0.002300917     21027.23
        7776     1.001354     1.902704  -0.00216246     21026.19
        7778      1.00106     1.899659 -0.001522275     21022.38
        7780     1.001502     1.896137 -0.001097956     21015.13
        7782      1.00208     1.902164 -0.0005726721     20985.87
        7784     1.003511      1.89392 -0.001006037     20786.73
        7786     1.005435     1.895078 -0.002203779     19955.74
        7788     1.001062     1.888089 -0.0005538446     20109.39
        7790    0.9989692     1.884533 -0.001646315     20340.37
        7792     1.001788     1.889489 -0.0008207938     21044.23
        7794     1.001775     1.881907  0.000446778     21076.59
        7796     1.001823     1.881523 -0.001688938     21082.53
        7798     1.002044     1.888108 -0.0008097953     21089.48
        7800     1.002495     1.875978 -0.001623363      21092.3
        7802     1.002432     1.875429  -0.00183691     21098.94
        7804     1.002282     1.868536 0.0004798585     21098.49
        7806     1.002146     1.873412 -0.001425645     21099.46
        7808     1.002512     1.879817 -0.001657136      21106.1
        7810     1.002109     1.864024 -0.001345238     21106.87
        7812      1.00242     1.855279 -0.002728133     21110.75
        7814      1.00262     1.862651 -0.001356176     21115.03
        7816     1.002751     1.857992 -0.001053108     21117.34
        7818     1.002466     1.853174 -0.001912583     21119.72
        7820     1.002628     1.846854 -0.001492282     21123.78
        7822     1.002422      1.84735 -0.001627462     21123.14
        7824      1.00245     1.846053 -0.001731301     21127.81
        7826     1.002639     1.840155 -0.001727444     21130.78
        7828     1.002547     1.833004 -0.002050412     21130.51
        7830     1.003143      1.83353  -0.00211678     21137.15
        7832     1.002935      1.82965 -0.001871492      21141.3
        7834     1.003006      1.82322 -0.001674461     21138.77
        7836      1.00251     1.818032 -0.000698962     21142.26
        7838     1.002818     1.820135 -0.0007080294     21149.29
        7840     1.002861     1.824058 -0.001121992     21154.76
        7842     1.002662     1.817556 -0.001131235     21153.62
        7844     1.002746     1.809056 -0.001649469     21158.62
        7846     1.002867     1.811085 -0.0009195061     21159.78
        7848      1.00276     1.810863 -0.0007423516     21163.65
        7850      1.00292       1.8102 -0.001278936     21170.13
        7852     1.002535     1.803117 -0.001233576     21171.64
        7854     1.002816     1.800853 -0.001926101     21175.38
        7856     1.003083     1.800994 -0.001530672     21173.71
        7858     1.002736     1.794791 -0.001155233     21175.37
        7860     1.003003     1.790871 -0.001813914     21179.96
        7862     1.003188     1.791611 -0.001401387     21180.07
        7864     1.003597     1.786483 -0.001310425      21185.1
        7866     1.003648      1.78358 -0.002199656     21189.42
        7868     1.003782     1.780388 -0.0007650528     21192.97
        7870     1.003753     1.774014 -0.001748678     21192.61
        7872     1.003809     1.780362 -0.001820962     21194.13
        7874     1.003996     1.769591 -0.000990648     21196.46
        7876     1.003898      1.76582 -0.002242942     21203.84
        7878     1.003848     1.766089 -0.0008861599     21205.11
        7880     1.004094     1.762419 -0.001196069      21206.2
        7882      1.00381     1.762502 -0.001707533     21208.92
        7884     1.004019     1.756252 -0.001785935     21217.11
        7886     1.004273     1.752429 -0.002358801     21217.15
        7888      1.00398     1.748131 -0.001376067     21218.25
        7890     1.004322     1.743631 -0.001880235     21220.24
        7892     1.004501     1.745243 -0.001920102     21227.36
        7894       1.0044     1.737387 -0.001485821     21225.96
        7896     1.004256      1.73277 -0.001230752     21228.68
        7898     1.004563     1.731745 -0.001195814     21232.98
        7900     1.005018     1.735397 -0.001640709     21236.71
        7902     1.005191      1.72782 -0.0009774116      21235.6
        7904     1.005229     1.719645 -0.001996001     21243.44
        7906      1.00505     1.723925 -0.002137741     21247.01
        7908     1.005241     1.719429 -0.001543437      21250.9
        7910     1.005171     1.710718 -0.001675031     21252.72
        7912     1.005278     1.707297 -0.0008583351      21255.4
        7914     1.005769     1.710525 -0.001548485     21207.32
        7916     1.005707     1.712563 -0.0007993632     20933.93
        7918     1.005153      1.69833 -0.001636577      20568.8
        7920     1.004906     1.700902 -0.002097575     20955.82
        7922     1.005026     1.697432 -0.0004851161     21195.28
        7924     1.005612     1.695782 -0.001190484     21228.77
        7926     1.005347      1.69445 -0.0007822292     21243.22
        7928     1.005139     1.691379  -0.00143226     21251.97
        7930     1.005023     1.691175 -0.001314659     21258.05
        7932     1.005298     1.684324 -0.001704744     21260.68
        7934     1.004795     1.683932 -0.001655781        21263
        7936     1.005486     1.677741 -0.001045749     21269.93
        7938     1.005377     1.677928 -0.001423588     21270.85
        7940     1.005444     1.675958 -0.0005021329     21277.31
        7942     1.005492     1.672544 -0.0008403204     21277.43
        7944     1.005518     1.673723 -0.001099745     21280.12
        7946     1.005349     1.671206 -0.001110615     21285.34
        7948     1.005147      1.66716 -0.001778191     21291.01
        7950     1.005238     1.663659 -0.001209236     21287.87
        7952     1.005395     1.659498 -0.001851873      21293.9
        7954     1.005052     1.661532 -0.001312499     21292.58
        7956     1.005423     1.652345 -0.0006865917     21297.67
        7958     1.005199     1.653159 -0.001791612     21299.13
        7960     1.005159     1.654005  -0.00150479      21305.1
        7962     1.004965     1.647199  -0.00146705     21302.33
        7964     1.005486     1.640307  -0.00187281     21308.45
        7966     1.005305     1.641422 -0.001094435     21308.17
        7968      1.00496     1.639023 -0.0007854722     21315.47
        7970     1.005114     1.638444 -0.001241025     21317.28
        7972     1.004691     1.634023 -0.001230357     21318.33
        7974     1.004636     1.631494 -0.001596648     21322.74
        7976     1.005154      1.62918 -0.001716223     21325.41
        7978     1.004962      1.62567 -0.001534473     21325.76
        7980     1.005539     1.620293 -0.001447748     21326.81
        7982     1.005314     1.619218  -0.00151767     21330.26
        7984     1.005541     1.617598 -0.0009514344     21335.37
        7986     1.005464     1.613529 -0.002015975        21337
        7988     1.005555     1.612682 -0.002054936     21342.82
        7990     1.005269      1.60309  -0.00116755     21344.52
        7992     1.005092     1.601158 -0.001053827     21344.16
        7994     1.004953     1.604189 -0.0006832849     21345.39
        7996     1.005343     1.604251 -0.0009622767     21349.33
        7998     1.005198     1.597624 -0.001333575     21350.24
        8000     1.004812      1.59346 -0.001538303     21349.97
        8002     1.005107      1.59352 -0.001164349     21354.04
        8004     1.005063     1.591945 -0.001321258     21355.58
        8006     1.004847     1.588309 -0.001176577     21356.69
        8008      1.00501      1.58289 -0.001504395     21359.07
        8010     1.005059     1.584107 -0.001506074     21361.31
        8012     1.004895     1.579909 -0.001161058     21362.45
        8014     1.005511     1.576261 -0.001420906     21366.14
        8016     1.005716     1.573602 -0.001659819     21371.62
        8018     1.005069      1.57274 -0.001136383     21372.38
        8020     1.005299     1.566631 -0.001765364     21372.73
        8022     1.004988      1.56717 -0.001391096     21376.04
        8024     1.005057     1.559479 -0.001264682      21375.5
        8026     1.005363     1.561611 -0.001317385     21377.36
        8028      1.00548     1.556513 -0.0006114002     21380.54
        8030     1.005563     1.556631 -0.001462324     21382.75
        8032     1.005732     1.554588 -0.0006304155     21387.07
        8034     1.005372     1.549913 -0.001688624     21387.99
        8036     1.005389      1.55147 -0.002245386     21389.28
        8038     1.004831     1.543122 -0.001054805      21387.5
        8040     1.004735     1.536624 -0.001867976     21394.47
        8042     1.004604     1.541474 -0.0009419508     21393.62
        8044     1.004563     1.536526 -0.0007392928     21392.64
        8046     1.004965     1.535586 -0.001022231     21395.84
        8048     1.004918      1.53071 -0.001617117      21394.6
        8050     1.004957     1.533296 -0.001247355     21398.58
        8052     1.004988     1.523589 -0.001233595     21400.37
        8054     1.004284     1.525607 -0.001993028     21403.34
        8056     1.004352     1.520841  -0.00113472     21408.09
        8058     1.004025     1.517352 -0.001649464     21410.23
        8060     1.003771     1.514512  -0.00174027     21410.61
        8062       1.0038     1.512412  -0.00141817     21413.83
        8064     1.003658     1.506919  -0.00110041     21413.72
        8066     1.003873     1.506007 -0.001618541     21416.66
        8068     1.003759     1.505708 -0.001593061     21417.46
        8070      1.00376     1.499463 -0.001639147     21419.12
        8072     1.003843     1.494175 -0.001624406     21422.35
        8074     1.003293     1.492894 -0.001418103     21421.48
        8076     1.003448     1.492713 -0.001023072     21423.43
        8078     1.003383     1.488118 -0.001142228     21425.17
        8080     1.003282      1.48599 -0.001435489     21428.06
        8082     1.002956     1.483756 -0.0008073251     21430.94
        8084     1.002929     1.481229 -0.001262881     21429.96
        8086     1.003013      1.48166 -0.001300761     21432.15
        8088     1.002894     1.475887 -0.001266321     21432.47
        8090     1.003106      1.47335   -0.0012016     21436.26
        8092     1.002807     1.471099 -0.001164575     21435.56
        8094     1.002373     1.472047 -0.001078542     21439.19
        8096     1.002511     1.466571 -0.0009795774     21439.91
        8098     1.002455     1.464721 -0.001260959     21443.64
        8100     1.002437     1.463262 -0.0009821029     21445.43
        8102     1.002094     1.461959 -0.001153502      21446.1
        8104     1.002155     1.458714 -0.001403618     21446.53
        8106     1.002043     1.455493 -0.001332718     21447.54
        8108     1.002145     1.452033 -0.001170006     21449.12
        8110       1.0022     1.451298 -0.0009802849     21451.62
        8112     1.001658     1.449354 -0.001045884     21450.22
        8114     1.001321     1.447651 -0.001010143     21457.64
        8116     1.001205     1.443666 -0.001185247     21457.62
        8118     1.001152     1.443216 -0.001654647     21458.43
        8120     1.001217     1.439872 -0.001278726     21460.19
        8122     1.000923     1.434414 -0.001484467     21459.86
        8124      1.00071     1.433436 -0.001179782     21459.57
        8126     1.000741     1.431341 -0.0009098049     21465.93
        8128     1.000336     1.430433   -0.0011694     21463.82
        8130     1.000132     1.427136 -0.001295001     21465.67
        8132     1.000118     1.424081 -0.001770938     21467.71
        8134    0.9998124     1.420981 -0.001385901     21466.59
        8136    0.9997055     1.416266 -0.001534474     21472.82
        8138     0.999867     1.416048 -0.001259685     21472.04
        8140    0.9996901     1.411805 -0.0008436607     21472.25
        8142    0.9993506     1.410903 -0.001151998     21473.16
        8144    0.9994732     1.409517 -0.001071536     21472.59
        8146    0.9989262     1.406832 -0.001037702      21473.8
        8148    0.9990251     1.403233 -0.001359182     21476.09
        8150    0.9984461     1.402602 -0.001292761     21476.21
        8152    0.9982149     1.398643 -0.001716011     21476.17
        8154    0.9984876      1.39649 -0.001282214     21478.74
        8156    0.9982936     1.389505 -0.0009219971     21481.28
        8158    0.9978685     1.392344 -0.001384496     21480.21
        8160    0.9978342     1.391267 -0.0008270171     21483.16
        8162     0.997498     1.385414 -0.001346222     21480.15
        8164    0.9972846     1.382889 -0.001417728     21479.13
        8166    0.9971795     1.381574 -0.001162605     21481.63
        8168    0.9971422     1.379925 -0.001354417     21485.55
        8170    0.9968757     1.376113 -0.001513977     21485.49
        8172     0.996627     1.372053 -0.001869551     21485.29
        8174    0.9969213     1.369462 -0.001313066      21489.5
        8176    0.9963857     1.364969 -0.000505196     21488.14
        8178    0.9957288     1.365609 -0.001070526      21486.9
        8180    0.9956776     1.368012 -0.0007646127     21487.75
        8182    0.9954165     1.360898 -0.001144285     21490.94
        8184    0.9952677     1.358852 -0.001501057     21493.68
        8186    0.9950309     1.356455 -0.001345335     21493.33
        8188    0.9952028     1.356003 -0.001114327      21494.1
        8190     0.994926     1.350135  -0.00122842     21495.04
        8192    0.9948769     1.349937 -0.001474584     21497.43
        8194    0.9950783     1.346627 -0.0009797079     21500.18
        8196    0.9943039     1.344207 -0.001449228     21497.64
        8198     0.994314     1.342298 -0.001435842      21497.7
        8200    0.9943334     1.338344 -0.0007968271     21500.47
        8202    0.9940075     1.335141 -0.001085468     21501.11
        8204    0.9932948     1.337832 -0.001314723     21499.07
        8206    0.9935383     1.333614 -0.001072362     21500.14
        8208    0.9934247     1.327826 -0.001732972     21504.26
        8210     0.993488     1.326562 -0.001489908     21502.67
        8212    0.9933975     1.323968  -0.00110119     21505.42
        8214    0.9928766     1.321695  -0.00108602     21503.43
        8216    0.9931399     1.319016 -0.001272453     21505.78
        8218    0.9924075     1.317873 -0.001134963     21504.39
        8220    0.9919813     1.313789 -0.001049941      21505.9
        8222    0.9918727     1.312615 -0.001289505     21512.22
        8224    0.9918231     1.310617 -0.001266247     21512.04
        8226    0.9918297     1.307557 -0.001425736     21510.42
        8228    0.9914992     1.303659 -0.001373733     21511.53
        8230    0.9911465     1.301209  -0.00146332     21511.51
        8232    0.9910495     1.299627  -0.00107023      21515.3
        8234    0.9906696     1.295851 -0.0009681536     21515.52
        8236    0.9905239     1.295097 -0.001361592     21515.45
        8238    0.9905737     1.293464 -0.001181204     21516.29
        8240    0.9901993     1.288734 -0.001205647     21515.58
        8242    0.9897157     1.286401 -0.001094076     21514.72
        8244    0.9896112     1.285452 -0.0009341352     21516.28
        8246    0.9896358     1.284711 -0.001057903     21518.08
        8248      0.98936     1.281261 -0.001077367      21520.9
        8250    0.9886869     1.277938 -0.001101162     21515.25
