# This file has been produced by extranormal (v 1.0.1 - February 23, 2017)
# O. Roudenko - Synchrotron SOLEIL. Covered by GPL licence.
#Data from HDF File: /nfs/ruche-rock/rock-soleil/com-rock/2021/Projets/20210209_Hilde/InSitu/10Ni-10Fe_50BN/10Ni-10Fe_50BN_RWGS750_CO2pulses_H2cst_ratio1/10Ni-10Fe_50BN_RWGS750_CO2pulses_H2cst_ratio1_01131.nxs to 10Ni-10Fe_50BN_RWGS750_CO2pulses_H2cst_ratio1_01132.nxs
#Time at start=2021-02-10 14:42:38.997
#Time from start (seconds)=5654.47488432
#Sample temperature (C)=25.2
# Normalization -------------
# pivot spectrum: Pivot_Fe_10Ni-10Fe_50BN_RT_air_av2000_00001.txt
# E0=7112.0   Eshift=1.54342944876
# E0_pivot = 7112.0
# pre-edge params: from E0_pivot-140.0 to E0_pivot-20.0
# pre-edge range: [6972.0, 7092.0]
# post-edge params: from E0_pivot+100.0 to E0_pivot+1140.0
# post-edge range: [7212.0, 8250.0]
# I jump at E0_pivot = 1.24804336796
# shifted energy	normalized	reference	ref.derivative	I0
        6970  0.001686214     1.676028 -0.000698338     18817.75
        6972  0.001686214     1.676028 -0.000698338     18817.75
        6974  0.001704706     1.674194 -0.001433686     18825.31
        6976  0.001338254     1.669779 -0.001585219     18832.57
        6978  0.001042445     1.666769 -0.002002246     18836.44
        6980  0.001026041     1.663346  -0.00139074     18848.95
        6982 0.0009996601     1.658176 -0.0009637824     18858.73
        6984 0.0009499201     1.658653  -0.00150109     18864.23
        6986  0.000455314     1.659059  -0.00105564     18869.44
        6988 0.0004868742     1.651337 -0.001258317     18878.23
        6990 0.0002111232     1.649731 -0.001755897     18885.95
        6992 0.0002421771     1.648586 -0.001364887     18895.74
        6994 0.0004676239     1.645012 -0.001284769      18900.9
        6996 -0.0002104024     1.640418 -0.001808382     18909.71
        6998 0.0001041439     1.639453  -0.00206039     18919.65
        7000 0.0001545495     1.634119 -0.001717645     18927.29
        7002 0.0004219569     1.628529 -0.0007958697     18935.63
        7004 6.574724e-05     1.626677 -0.0006127786      18946.3
        7006 -0.0001620583     1.633086 -0.0001298248     18954.71
        7008 -0.0003736415     1.629217 -0.001273749     18964.55
        7010 -0.0004029418      1.62749 -0.002315861     18968.79
        7012 -0.0004710119     1.616487 -0.002137472      18974.1
        7014 -0.0008598823     1.614559  -0.00278076     18981.75
        7016 -0.0007707573     1.612117 -0.002212698     18990.42
        7018 -3.780341e-05     1.605244 -0.002269033     18998.78
        7020 -0.0006285972     1.598785 -0.001964731     19003.85
        7022 -0.001181957     1.596407 -0.001297116     19011.69
        7024 -0.0007172607     1.596399 -0.000895716     19019.35
        7026 -0.0005069118     1.594867 -0.001441534     19029.74
        7028 -0.0005346673      1.59162 -0.001342986     19041.01
        7030 -0.0006602618     1.584875 -0.0009168715      19048.9
        7032 -0.0007016432     1.585656 -0.001846273     19053.92
        7034 -0.0008222059     1.587532 -0.001318135     19063.06
        7036 -0.001011624     1.576849 -0.001447575     19069.06
        7038  -0.00095443      1.57433 -0.001741638     19077.27
        7040 -0.0007555964     1.574075 -0.001031356     19085.68
        7042 -0.001138123     1.573599 -0.001156485     19096.76
        7044 -0.0009249404     1.568599 -0.002278749     19100.87
        7046 -0.0008785561     1.565078  -0.00229959      19109.3
        7048 -0.001159561     1.555845 -0.002125286     19121.69
        7050 -0.001131391     1.555202 -0.001593166     19128.85
        7052 -0.0007758478     1.551596 -0.0007868463     19135.31
        7054 -0.0004712803     1.552332 -0.001372535     19144.37
        7056 -0.000693279      1.54955 -0.000853277     19152.43
        7058 -0.0007247941     1.544222 -0.001682538     19162.04
        7060 -0.0003381352      1.54477 -0.001362591     19167.25
        7062 -0.0003963392     1.538872 -0.001052253     19175.65
        7064 -3.221226e-05     1.538649 -0.001887978     19186.02
        7066 -0.0003586831     1.535804 -0.001027006     19193.17
        7068 -0.0002235262     1.529666 -0.001926113        19199
        7070 -0.0001758196     1.530656 -0.001336991     19205.74
        7072 5.000463e-05     1.523241 -0.000678205     19213.09
        7074 -0.000203857     1.525108 -0.002135687     19223.38
        7076 0.0002721111     1.524241 -0.001485048     19230.05
        7078 0.0004205268     1.513571 -0.001754538     19238.64
        7080   0.00062119      1.51136 -0.001935968     19248.24
        7082 0.0009950154     1.511072 -0.0005434124     19254.81
        7084  0.001329981     1.508753 -0.0009237068     19262.43
        7086   0.00185567     1.509223 -0.001537017     19268.61
        7088  0.001851632      1.50397 -0.001179042     19277.11
        7090  0.002121539     1.498776 -0.001377562     19282.44
        7092   0.00255444      1.49932 -0.0005308529     19291.65
        7094  0.003522052     1.498203 -0.0002938348     19299.39
        7096  0.004249446     1.499724 -0.0002738743      19306.6
        7098  0.004677732     1.496425 -0.001151536     19314.44
        7100  0.005434757     1.497129 -0.001745268     19317.81
      7100.2  0.005556769     1.496177  -0.00170907     19318.81
      7100.4  0.005678782     1.495224 -0.001672871      19319.8
      7100.6  0.005800794     1.494272 -0.001636673      19320.8
      7100.8  0.005922806     1.493319 -0.001600475      19321.8
        7101  0.006044819     1.492366 -0.001564277     19322.79
      7101.2  0.006166831     1.491414 -0.001528078     19323.79
      7101.4  0.006288844     1.490461  -0.00149188     19324.79
      7101.6  0.006439679     1.489733 -0.001954494     19325.93
      7101.8   0.00666397     1.489478 -0.0008043262     19326.63
        7102  0.006894381     1.489654  0.004591337     19326.65
      7102.2   0.00718422     1.491844  0.002832274     19329.75
      7102.4  0.007492599     1.493406  0.002609604     19331.12
      7102.6   0.00753394     1.491744  0.002631528     19330.98
      7102.8   0.00756942     1.491742   0.00342754     19331.66
        7103  0.007687771     1.493949  0.004479792      19331.6
      7103.2  0.007703152     1.496148  0.002394678     19331.48
      7103.4  0.007688185     1.495328 0.0008288329     19334.23
      7103.6  0.008135652     1.493658  0.000175547     19335.45
      7103.8  0.008567175     1.494612 0.0002883713      19335.7
        7104  0.008946554     1.496288 0.0003451909     19337.54
      7104.2  0.008995929     1.495559 -0.001963949     19337.85
      7104.4  0.009209659     1.493934 -0.003709263     19339.98
      7104.6   0.00920324     1.493041   -0.0041504     19342.46
      7104.8  0.009112365     1.493321 0.0007394203     19342.75
        7105  0.009215014     1.492238  0.001706678     19343.13
      7105.2  0.009503893     1.494526 -0.003891739     19344.08
      7105.4  0.009906491     1.494407 -0.006571853     19345.78
      7105.6   0.01031196     1.490208 -0.004079166     19345.45
      7105.8   0.01055829     1.486981 -0.0009769223      19343.9
        7106   0.01071951     1.491262  0.006375996     19344.39
      7106.2   0.01104018     1.493625   0.01055364     19344.61
      7106.4   0.01143547     1.495308  0.004748582     19344.37
      7106.6   0.01190347     1.495424  0.002038346     19344.86
      7106.8   0.01247261     1.495061 -0.001685104     19345.33
        7107   0.01297371     1.495256 -1.965795e-05     19348.27
      7107.2   0.01323122      1.49396  0.004664643     19350.38
      7107.4   0.01348914     1.495408  0.006623627     19351.06
      7107.6   0.01397871     1.498793  0.009804591     19351.94
      7107.8   0.01458689     1.500555   0.01087287     19351.54
        7108   0.01505593     1.501804  0.009923584     19350.96
      7108.2   0.01557437     1.504106  0.008855362     19351.34
      7108.4    0.0160073     1.506732  0.008829727     19352.44
      7108.6   0.01633738     1.507639  0.007081849     19353.13
      7108.8   0.01695133     1.508868  0.005138596     19352.62
        7109   0.01781623     1.509772  0.006859221     19352.62
      7109.2   0.01893797     1.510843  0.009070365     19353.35
      7109.4   0.02008172     1.513126    0.0167211     19353.97
      7109.6   0.02114258     1.516124   0.02518211     19355.85
      7109.8   0.02216253     1.523149   0.02988622     19355.82
        7110   0.02330704     1.530988   0.03370762     19353.82
      7110.2   0.02504706     1.537035   0.03535586     19353.83
      7110.4   0.02712509      1.54309   0.04303123     19353.56
      7110.6   0.02963419     1.551433   0.06099971     19353.61
      7110.8   0.03287761     1.565413   0.08150757     19353.46
        7111   0.03699208     1.585835    0.1015234     19353.31
      7111.2    0.0419382     1.608296    0.1210903     19351.37
      7111.4   0.04769097     1.632652    0.1308799     19348.75
      7111.6   0.05456563     1.662285    0.1369921     19347.88
      7111.8   0.06274817     1.690539    0.1468275     19349.18
        7112   0.07166079      1.71789    0.1493057     19348.33
      7112.2   0.08115082     1.750114    0.1531747     19347.69
      7112.4   0.09040354      1.78173    0.1563586      19346.4
      7112.6   0.09937045     1.813079    0.1486416     19343.56
      7112.8     0.107524     1.842977    0.1370825     19341.97
        7113    0.1150045     1.869027    0.1243296     19341.02
      7113.2    0.1218908     1.891396    0.1069995     19339.13
      7113.4    0.1283606     1.912542   0.09785294     19338.01
      7113.6    0.1345752     1.928576   0.09020632      19336.8
      7113.8    0.1402496      1.94731   0.07712644     19336.32
        7114    0.1456993     1.963561   0.07081143     19338.74
      7114.2    0.1506614     1.974244   0.06836235     19338.35
      7114.4    0.1549406     1.985225   0.06358074     19340.97
      7114.6    0.1586884        2.002   0.06033425      19342.1
      7114.8    0.1614552     2.014426   0.05458599     19340.25
        7115    0.1632879     2.022511   0.03752142     19339.49
      7115.2    0.1649153     2.028894   0.03668971      19338.8
      7115.4    0.1668145     2.032017   0.03235677     19339.73
      7115.6    0.1694334     2.043777   0.02854992     19341.31
      7115.8    0.1722161     2.048396   0.03445497     19340.15
        7116    0.1754478     2.051734   0.02731395     19339.37
      7116.2    0.1790736     2.059581   0.02739656     19339.22
      7116.4    0.1835968     2.065629   0.03479597     19338.64
      7116.6    0.1892576     2.070314    0.0379424     19339.58
      7116.8    0.1960824     2.079571   0.03543644     19340.24
        7117    0.2038822     2.089935   0.03422053     19340.21
      7117.2    0.2124435     2.093978   0.03366213     19342.29
      7117.4    0.2217773      2.09769    0.0376895     19344.46
      7117.6     0.232288     2.106501   0.05363663     19343.72
      7117.8    0.2438455     2.120086   0.06604369     19341.08
        7118    0.2563088     2.136887   0.06900696     19340.93
      7118.2    0.2704096     2.150525   0.07324515     19343.49
      7118.4    0.2865868     2.161706   0.08153106     19344.42
      7118.6    0.3044815     2.178682   0.09304583      19343.2
      7118.8    0.3232629     2.202112    0.1074328     19341.46
        7119    0.3434992     2.224962    0.1276768     19341.82
      7119.2    0.3662438     2.247652    0.1391935     19343.73
      7119.4    0.3902379     2.280824    0.1373281     19343.12
      7119.6    0.4142051     2.313467    0.1462102     19342.64
      7119.8    0.4386051     2.334824    0.1430925     19343.62
        7120    0.4637097     2.364621     0.127589     19342.62
      7120.2    0.4883455     2.395298    0.1341529     19341.25
      7120.4    0.5113019     2.415538     0.126849     19340.91
      7120.6     0.532308     2.442146    0.1068752     19339.61
      7120.8    0.5517122       2.4661    0.1104942     19338.91
        7121    0.5700126     2.480798    0.1030042      19340.6
      7121.2    0.5868548     2.503933   0.09710505     19339.92
      7121.4    0.6025457      2.52455    0.1129388     19340.06
      7121.6    0.6171347     2.543784    0.1262847     19340.54
      7121.8    0.6315101     2.571149    0.1265086     19340.75
        7122    0.6461236     2.604961    0.1259975     19339.76
      7122.2    0.6611656     2.625757    0.1156462     19341.07
      7122.4    0.6759758     2.644582   0.09162219     19340.03
      7122.6    0.6911448     2.663666   0.09519045      19337.5
      7122.8    0.7072812     2.678259   0.09865631     19337.73
        7123    0.7244862     2.701909   0.09056437      19336.9
      7123.2    0.7422452     2.723507   0.08563761     19336.01
      7123.4    0.7605394     2.736118   0.06121217     19334.72
      7123.6    0.7791054     2.746769   0.03722614     19333.72
      7123.8    0.7983407     2.750879   0.04540398      19334.1
        7124    0.8170272     2.753288   0.05247467     19333.63
      7124.2    0.8345006     2.772441   0.02489812      19331.5
      7124.4    0.8517361     2.788749   0.01419381     19330.29
      7124.6    0.8686846     2.770797    0.0290572     19331.85
      7124.8    0.8845457     2.764643    0.0293453      19331.7
        7125    0.8989068     2.795686   0.06462906     19330.96
      7125.2     0.912659     2.812225   0.08277296     19329.82
      7125.4    0.9258931     2.822501   0.08008175     19329.81
      7125.6    0.9386725     2.830861    0.0664727     19329.93
      7125.8    0.9506432     2.859752   0.01935098      19329.7
        7126    0.9621206     2.865403   0.01821024     19329.62
      7126.2    0.9737805     2.837981   0.02344323      19328.7
      7126.4    0.9853009     2.845429   0.03755311     19326.57
      7126.6    0.9964835     2.878506   0.08522595     19326.03
      7126.8     1.008041     2.895446     0.102937     19325.29
        7127     1.020286     2.906162    0.0796171     19321.66
      7127.2     1.033356     2.927779   0.06882965     19321.61
      7127.4     1.047147       2.9422   0.04900201     19322.32
      7127.6     1.061018     2.950509  0.008207454     19321.85
      7127.8       1.0749     2.945364    0.0131262     19321.34
        7128     1.089015     2.934345   0.02502792     19319.12
      7128.2     1.103562     2.952701    0.0334168     19319.46
      7128.4      1.11833     2.970532   0.08338277     19318.52
      7128.6     1.132608     2.972097    0.1018558     19316.73
      7128.8     1.146579     3.001051   0.05398877     19317.91
        7129      1.15996     3.034186   0.05485769     19318.21
      7129.2     1.171729     3.013723   0.03533615     19318.33
      7129.4     1.182103     3.015983   0.02917736     19317.41
      7129.6     1.191447      3.02932    0.1279547     19315.63
      7129.8     1.199349     3.057528    0.1437842     19313.27
        7130      1.20519     3.116086   0.09383618     19312.95
      7130.2     1.209196     3.131011   0.06999035     19311.96
      7130.4     1.211874     3.104389  -0.02288968     19311.55
      7130.6     1.214294      3.11352  -0.04034914     19311.94
      7130.8     1.215754     3.097775 -0.008688853     19310.91
        7131     1.217209     3.098731   0.02393145     19310.65
      7131.2     1.217443     3.097438   0.07429844     19310.54
      7131.4     1.217138     3.132665   0.06009474     19309.06
      7131.6     1.217279     3.157213   0.04035798     19308.47
      7131.8     1.217288     3.146807  -0.04912215     19307.95
        7132     1.217497     3.129724  -0.09760867     19307.48
      7132.2     1.217167     3.093367  -0.08626199     19305.92
      7132.4     1.216259     3.079126  -0.04747914     19306.71
      7132.6     1.214867     3.077797   0.02262255     19305.03
      7132.8     1.212965     3.091741   0.04992576     19303.83
        7133     1.210211     3.111465   0.03358048     19305.04
      7133.2     1.206004     3.119067  -0.03467932      19304.3
      7133.4     1.201305     3.104662  -0.09972913     19302.93
      7133.6      1.19651     3.063998   -0.1339603     19304.19
      7133.8     1.190883     3.031682   -0.1265897     19305.91
        7134     1.184935     3.011899   -0.1196481      19305.6
      7134.2      1.17801      3.00339  -0.08949397     19306.16
      7134.4     1.170629     2.968279  -0.03510081     19308.29
      7134.6     1.163484     2.960087  -0.04688385     19308.77
      7134.8     1.155824     2.983818  -0.05266491     19309.61
        7135     1.148187     2.965883  -0.04616267     19310.45
      7135.2     1.141344     2.926147  -0.08554423     19311.62
      7135.4     1.134211     2.923157  -0.07492347      19314.2
      7135.6     1.126779     2.915383  -0.01054225     19316.05
      7135.8     1.119894     2.905944  0.005729864     19317.11
        7136     1.113278     2.917713    0.0232334     19317.31
      7136.2     1.107018     2.927741  0.001975722     19317.35
      7136.4     1.101181     2.933969  -0.00542542     19317.03
      7136.6     1.095712     2.907525 0.0001617486     19314.61
      7136.8     1.090949     2.913373  -0.03834553     19312.55
        7137     1.086403      2.92787   0.01005902     19307.13
      7137.2     1.081645     2.903293  0.005260157     19290.88
      7137.4     1.077371     2.915572 -0.008990802     19266.21
      7137.6     1.073574     2.917581    0.0241436     19231.39
      7137.8     1.070168     2.920677   0.01827438     19191.36
        7138     1.066508     2.922608   -0.0302936     19148.36
      7138.2     1.063116     2.930192  -0.02285164     19111.76
      7138.4     1.059991     2.893346    0.0224161     19088.68
      7138.6     1.057002     2.902396   0.03487486     19080.55
      7138.8     1.054708     2.940541   0.03819783     19088.46
        7139     1.052114     2.958091   0.01676671     19105.64
      7139.2     1.049919     2.923905  0.003843136     19131.09
      7139.4     1.048161     2.915809 -0.007829261     19162.62
      7139.6     1.046305     2.943615   0.01740431     19192.35
      7139.8     1.045175     2.951828   0.03997691     19218.83
        7140     1.043886     2.937828   0.01143777     19245.63
      7140.2     1.042941     2.947791 -0.0004681697     19269.48
      7140.4      1.04291     2.952766   0.03164801     19288.41
      7140.6     1.042609     2.951454   0.04407905     19301.61
      7140.8     1.041716     2.963146   0.01986348     19310.34
        7141     1.041025     2.983054 -0.0007608277     19314.72
      7141.2     1.039759     2.968656   0.01091272     19313.41
      7141.4     1.038643     2.950845   0.01573867     19309.23
      7141.6     1.037932     2.971877   0.02245725     19300.89
      7141.8     1.037507     2.995645   0.01566093     19283.47
        7142     1.036983     2.986622  -0.01103552      19254.8
      7142.2     1.036221     2.963374  -0.05858934     19216.58
      7142.4     1.035569     2.963048  -0.05280426     19174.77
      7142.6     1.034806     2.948774 -0.002680576      19134.7
      7142.8     1.033661     2.944379   0.01396724     19101.53
        7143     1.032617     2.961229   0.04441112     19081.94
      7143.2      1.03187     2.974222   0.03638932     19077.48
      7143.4     1.031073     2.984303   0.00452239     19087.93
      7143.6     1.030249      2.97349  -0.01556035     19112.97
      7143.8     1.029255     2.964847 0.0001463925     19148.73
        7144     1.027981     2.961774  -0.00922129     19191.39
      7144.2     1.026606      2.98442   -0.0370455     19232.99
      7144.4     1.025309     2.966113  -0.03931233     19266.36
      7144.6     1.024345     2.935211  -0.01183953     19291.08
      7144.8     1.023591     2.930324  0.009711154      19306.7
        7145     1.022903     2.974948   0.03394958     19317.06
      7145.2     1.022256     2.973882   0.05225898     19325.69
      7145.4     1.020863      2.96237  -0.01368671     19331.21
      7145.6     1.019517     2.972131 -0.004808308     19338.48
      7145.8        1.018     2.963999 -0.002717851     19342.62
        7146     1.016337     2.970035  -0.01086435     19345.39
      7146.2     1.014551     2.960196  0.008345346     19346.65
      7146.4     1.012689     2.963439 -0.0008472269     19347.33
      7146.6     1.010748     2.970675   0.03275808     19348.13
      7146.8     1.008846     2.969358   0.03080724     19349.77
        7147     1.006519     2.986402   0.04045951     19352.02
      7147.2     1.004135     2.988085   0.03471207     19355.04
      7147.4      1.00087     3.003043    0.0277959     19358.86
      7147.6    0.9971387     2.997127   0.04789858     19359.92
      7147.8    0.9940017     3.008639   0.04132643     19360.81
        7148    0.9910935     3.026404   0.08486404     19361.96
      7148.2    0.9880655     3.036104    0.1357993     19363.97
      7148.4    0.9850047     3.065019    0.1419354     19366.27
      7148.6    0.9816533     3.117279    0.1040055     19369.22
      7148.8    0.9783418     3.139952    0.0377935     19371.49
        7149    0.9754662     3.119308  -0.03373762     19372.69
      7149.2    0.9723771     3.095253  -0.09682691     19374.63
      7149.4    0.9689047     3.090289   -0.1121797     19376.17
      7149.6    0.9656168     3.062491  -0.08419953     19377.47
      7149.8    0.9627268     3.029564  -0.07187829     19377.52
        7150    0.9599604     3.027894  -0.02460831     19377.69
      7150.2    0.9571062     3.032786    0.0273448     19380.42
      7150.4    0.9544606     3.042804   0.05248748     19381.67
      7150.6    0.9520975      3.05144   0.07336463     19382.53
      7150.8    0.9496721     3.069884   0.04253957     19383.97
        7151    0.9472213     3.091478 -0.007550477     19384.34
      7151.2    0.9449155     3.076836   0.03789965     19384.54
      7151.4    0.9425538       3.0454  0.008937813     19385.71
      7151.6    0.9407168     3.100203  0.009806821     19388.84
      7151.8    0.9391877     3.098628    0.0127682     19390.48
        7152    0.9375907     3.084681  -0.06732669     19392.06
      7152.2    0.9359178     3.055614  -0.07811173     19390.59
      7152.4    0.9341127     3.046342  -0.02686703     19390.13
      7152.6    0.9325443     3.036138   0.01029746     19392.17
      7152.8    0.9318924     3.063188   0.05446151     19393.52
        7153     0.931267     3.063852   0.08460428     19395.49
      7153.2    0.9309032     3.089911   0.06061753     19396.71
      7153.4    0.9309615     3.103822   0.02358226     19396.89
      7153.6    0.9306685     3.111682  -0.08428624      19395.8
      7153.8    0.9303609     3.082718  -0.09646002     19397.11
        7154    0.9301908     3.022482  -0.05820505     19399.94
      7154.2     0.930432     3.026654  0.008795471     19399.39
      7154.4    0.9310704     3.065118    0.1028376     19398.96
      7154.6    0.9315365     3.089755     0.141594     19399.68
      7154.8    0.9322635     3.104752    0.1215661     19400.87
        7155    0.9331733     3.139929   0.05650421     19401.79
      7155.2    0.9341871     3.162371    0.0156693     19403.12
      7155.4    0.9351705     3.134958  -0.07842082     19404.65
      7155.6    0.9359082     3.117288   -0.1449627     19405.34
      7155.8     0.936759     3.077192   -0.1003049     19405.66
        7156    0.9379102       3.0464  -0.07410099     19407.68
      7156.2    0.9390694     3.054714  0.004087244     19411.13
      7156.4    0.9402983     3.058007   0.06556499     19412.29
      7156.6    0.9417058     3.080462   0.02692233     19411.92
      7156.8    0.9428875     3.098852  -0.02922893     19412.31
        7157    0.9438353     3.076252  -0.02376122     19412.05
      7157.2    0.9446394     3.034624  -0.02701513     19412.71
      7157.4    0.9451947     3.061453   -0.0427918      19414.3
      7157.6    0.9462352      3.07724    -0.025654     19414.21
      7157.8    0.9479762     3.042018  -0.01431958     19413.97
        7158    0.9493028     3.014101  -0.06629008     19414.32
      7158.2     0.950824     3.049998   -0.1035367     19417.47
      7158.4    0.9519879     3.024208  -0.06540591     19418.89
      7158.6    0.9530339     2.959189   -0.1212825     19419.19
      7158.8    0.9543797     2.961776  -0.08269581     19422.55
        7159    0.9555144     2.952972   0.01026585     19421.88
      7159.2    0.9564727     2.958052   0.03295626      19421.8
      7159.4    0.9571397     2.967402   0.04313015     19421.45
      7159.6     0.957618     2.988141   0.05634314     19420.74
      7159.8    0.9583866     2.987476   0.05089236     19423.43
        7160    0.9587907     3.003126   0.01815857     19423.82
      7160.2    0.9593183     3.008116   0.04683395      19423.9
      7160.4    0.9604644     3.002668   0.06839957     19425.17
      7160.6     0.961195     3.024943   0.06564184     19426.56
      7160.8    0.9620011     3.057846   0.06252181     19427.01
        7161    0.9626489     3.060629   0.02732266     19426.86
      7161.2    0.9630141     3.052685  -0.02977184     19428.54
      7161.4    0.9636042     3.046801 -0.003739622     19429.82
      7161.6    0.9644038     3.034028   0.02795414     19430.92
      7161.8    0.9651501     3.057637 -0.004245745     19432.78
        7162    0.9659417     3.075049  -0.03122974     19432.54
      7162.2    0.9665077     3.043404  -0.08027059     19431.61
      7162.4    0.9667933     3.009045     -0.10019     19431.75
      7162.6    0.9671168     2.993421  -0.06937592     19432.47
      7162.8    0.9673388     2.994897  -0.02967492     19433.53
        7163    0.9679107     2.987904 -0.008903856     19433.52
      7163.2       0.9688     2.985305  -0.01621125     19433.33
      7163.4    0.9694265     2.986298   -0.0164342     19433.39
      7163.6    0.9697674     2.981928   0.01522077     19433.96
      7163.8    0.9698954     2.974756   0.05013191     19435.43
        7164    0.9697721     2.997481   0.05217621     19436.18
      7164.2    0.9697229     3.026403   0.06184639     19436.32
      7164.4    0.9700526     3.023669   0.06630807     19437.02
      7164.6    0.9707272     3.024233    0.0357661     19437.95
      7164.8    0.9718655     3.050528    0.0517149     19438.13
        7165    0.9729736     3.055016    0.0349675     19439.95
      7165.2     0.974024     3.065041 0.0003124171     19439.81
      7165.4    0.9744061     3.052207 -0.004289679     19439.52
      7165.6    0.9746558     3.050778  -0.01066856     19440.28
      7165.8    0.9746815     3.051585  -0.02480876     19441.19
        7166    0.9751461     3.056506  -0.04000195     19439.39
      7166.2     0.975973      3.03236  -0.08184031     19439.53
      7166.4     0.976809     3.018776  -0.09869286     19438.31
      7166.6    0.9785251     2.986112  -0.03723358     19437.45
      7166.8     0.980057     2.977551  -0.02956317     19440.85
        7167    0.9802032     3.002574 -0.001175441      19441.8
      7167.2    0.9805355     2.995126  -0.00644561     19441.13
      7167.4    0.9809398     2.985172  -0.03477794     19442.79
      7167.6     0.981354     2.972395  0.009370907     19444.05
      7167.8    0.9823163     2.974751   0.00222225     19443.45
        7168    0.9833473     3.002622 -0.002140996      19443.4
      7168.2    0.9843333      2.98695   0.02951449      19443.8
      7168.4    0.9851854     2.970682   0.04750334     19443.04
      7168.6    0.9860424     2.998363   0.09087851     19442.38
      7168.8    0.9870052     3.040625   0.07436386     19442.47
        7169    0.9880485     3.059653   0.02765901     19444.66
      7169.2    0.9887064     3.030173  -0.03058608     19446.39
      7169.4    0.9892622      3.02049  -0.04783478     19445.63
      7169.6    0.9899518     3.016156  -0.01520213     19445.71
      7169.8    0.9905904     3.021385   0.03004042      19446.5
        7170    0.9917632     3.018011    0.0319451     19447.65
      7170.2    0.9922681     3.044522 -0.008115077     19446.61
      7170.4    0.9927098     3.041712   -0.0125269     19445.96
      7170.6    0.9933657     3.014893  -0.07538028     19446.81
      7170.8    0.9939384      3.00799  -0.09007708     19446.85
        7171     0.994552     2.984218  -0.07668645     19447.98
      7171.2    0.9958642      2.96965  -0.07086604     19449.81
      7171.4    0.9969995     2.953544 -0.009583722     19450.85
      7171.6    0.9980853     2.951297  0.003022866     19452.16
      7171.8    0.9990386     2.976551   0.00828134     19453.28
        7172     0.999817     2.972069  -0.01022009     19454.57
      7172.2     1.000578     2.960169  -0.01423311     19455.33
      7172.4     1.001076     2.943121   0.01210817     19456.72
      7172.6     1.001191     2.965165   0.04086804     19457.71
      7172.8     1.001309     2.981755   0.09853973      19456.4
        7173     1.001595     2.992863   0.07885973      19455.9
      7173.2     1.001871     3.021953   0.03672828     19457.07
      7173.4     1.002666     3.028252 -0.005755827     19460.28
      7173.6     1.003682     3.011138  -0.04524878     19461.35
      7173.8     1.004306     2.988258  -0.05539322     19459.25
        7174     1.004587     2.985754  -0.02933662     19460.42
      7174.2     1.004449     2.983938  0.005172828     19462.09
      7174.4     1.004804     2.987669  -0.03661958     19463.44
      7174.6     1.005529     2.992397  -0.04262537     19464.44
      7174.8     1.006338     2.956458  -0.04594045     19465.21
        7175     1.006941     2.949838  -0.07968714     19465.86
      7175.2      1.00713     2.950916   -0.0539684      19466.9
      7175.4     1.007272     2.928647  -0.03738336      19467.4
      7175.6     1.007714     2.913283  -0.03873456      19468.3
      7175.8     1.007801     2.919931   -0.0151464     19469.23
        7176     1.008178     2.919929   0.01111617     19469.98
      7176.2     1.008493      2.91653   0.01635169     19469.52
      7176.4      1.00911     2.922176 -0.004637921     19468.99
      7176.6     1.009076     2.933012 -0.001038983        19471
      7176.8     1.009074     2.916218   0.01498615     19471.49
        7177     1.009594     2.915699  -0.01580592     19472.15
      7177.2     1.009397     2.934165  -0.00223706     19472.82
      7177.4     1.009012     2.920367 -0.007594468     19474.98
      7177.6     1.008617     2.914429  -0.02864001     19474.77
      7177.8     1.008152     2.909623  0.003413231      19474.3
        7178     1.007645     2.911253  -0.01000593      19475.8
      7178.2     1.007274     2.923098  -0.02989971     19475.98
      7178.4     1.007531     2.906424  -0.03713899        19476
      7178.6     1.008051     2.885703  -0.06838103      19478.2
      7178.8       1.0081     2.881542  -0.05802019     19479.39
        7179     1.007922     2.868393  -0.03002161     19479.65
      7179.2       1.0083     2.860008  -0.02399679     19481.92
      7179.4     1.008624     2.861686 -0.002221607     19483.26
      7179.6     1.008445     2.862345  0.002891306     19483.39
      7179.8      1.00873     2.866616  0.004715802     19483.79
        7180     1.008661     2.862321  -0.01604805     19483.09
      7180.2     1.008607     2.865459  -0.02212611      19483.9
      7180.4     1.008855     2.849506  0.003915485      19485.6
      7180.6     1.009062     2.848915   0.02295506     19486.54
      7180.8     1.008903     2.865453   0.02034069     19487.13
        7181     1.008611     2.883823   0.02797731     19488.45
      7181.2     1.008642     2.865779   0.01839741     19489.68
      7181.4     1.009002     2.871297   -0.0248055     19488.78
      7181.6     1.009259     2.880171  0.006858997     19490.47
      7181.8     1.009116     2.863978  0.001120969     19491.21
        7182     1.009162     2.871266  -0.02740252     19490.42
      7182.2     1.009417     2.872194 0.0008612858     19491.11
      7182.4     1.009613     2.858249  -0.00137981     19492.41
      7182.6     1.009913     2.864667  0.009111368     19492.42
      7182.8     1.009996     2.870162   0.03131927      19494.1
        7183     1.010071     2.879483    -0.003988     19495.57
      7183.2     1.010483     2.883305  -0.01662755      19495.1
      7183.4     1.011036     2.861477  -0.01058627     19495.35
      7183.6     1.011554      2.85686   -0.0204349     19495.71
      7183.8     1.011923     2.871014  0.002463681     19495.31
        7184     1.011802     2.866957 -0.003369788     19497.36
      7184.2     1.011547     2.863448  -0.03457113     19499.94
      7184.4     1.011649     2.854164  0.003020945     19499.77
      7184.6     1.011776     2.843357   0.01911215     19500.38
      7184.8     1.011973     2.869373   0.02062444     19501.12
        7185     1.012006     2.878738   0.02175286     19500.79
      7185.2     1.011965     2.870664  -0.01794373     19501.06
      7185.4     1.012051     2.860759  -0.01760693      19502.5
      7185.6     1.012249     2.855018   0.01510014      19504.8
      7185.8     1.012506     2.864652   0.02509417     19505.02
        7186     1.012786     2.882744   0.04926299     19505.13
      7186.2     1.012754     2.880834   0.01956351     19506.54
      7186.4     1.012981     2.894429   0.02594836     19507.88
      7186.6     1.013125     2.880303   0.03712635     19509.58
      7186.8     1.013205     2.903503   0.03354016     19510.83
        7187     1.013408     2.910536   0.07172181      19507.9
      7187.2     1.013724     2.921261   0.03954101     19508.07
      7187.4      1.01415      2.93768  0.004372999     19509.45
      7187.6     1.014011     2.935135  -0.01357633     19511.54
      7187.8     1.013995     2.914034  -0.01951844     19513.61
        7188     1.014036       2.9104  -0.01427423     19514.42
      7188.2     1.013976     2.922065 0.0001823753     19515.28
      7188.4     1.014167     2.923716  0.002702554     19514.94
      7188.6     1.013953      2.91418   -0.0132958     19512.61
      7188.8     1.013604     2.912562  -0.01486649     19512.82
        7189     1.013792     2.911429   0.01310566     19516.02
      7189.2     1.013841     2.911823   0.02255198     19517.32
      7189.4     1.013797     2.924664   0.05672421     19519.04
      7189.6     1.014028     2.930603    0.0719581     19521.58
      7189.8     1.014081     2.956808   0.03534052     19520.47
        7190     1.013894     2.969389 -0.001846092     19521.14
      7190.2     1.013724     2.952937   -0.0401539     19522.75
      7190.4     1.013541     2.929127  -0.05107612     19522.55
      7190.6     1.013221     2.924685  -0.01799692     19521.78
      7190.8     1.013211     2.928528  -0.01307974      19522.6
        7191     1.013199     2.938539  0.005893257        19525
      7191.2     1.013058     2.918663   0.02592683     19524.52
      7191.4     1.013004       2.9294   0.02131929     19526.48
      7191.6     1.012893      2.94927   0.03019908     19529.83
      7191.8     1.013104     2.955595  0.004724538     19530.63
        7192      1.01294     2.942822  -0.01243096     19531.14
      7192.2     1.012571     2.933179  -0.01277143     19532.93
      7192.4      1.01273     2.939325   0.02214171     19532.44
      7192.6     1.012965     2.945378   0.06564473      19529.8
      7192.8     1.013177     2.960535   0.06357072     19531.77
        7193     1.013612     2.985695   0.06824858     19535.08
      7193.2     1.013736     2.990182    0.0651325     19535.27
      7193.4     1.013576     2.999976   0.04503939      19535.7
      7193.6     1.013609     3.012641   0.06464442     19536.64
      7193.8     1.013676     3.021727   0.02520952     19536.54
        7194     1.013706     3.041897  -0.01565969     19536.84
      7194.2     1.013719     3.020144  -0.02481718     19537.93
      7194.4     1.013693     3.000114  -0.04949204     19538.59
      7194.6     1.013827     3.001873  -0.01039111     19540.13
      7194.8     1.014213     3.002304  -0.02918967     19543.23
        7195     1.014741     3.011831  -0.04010586      19545.6
      7195.2     1.014969     2.976762  -0.05364332     19544.11
      7195.4     1.015186     2.969788  -0.07242973     19542.04
      7195.6     1.015208     2.959389  -0.02496007     19542.15
      7195.8     1.015377     2.953887 -0.009027678     19543.69
        7196     1.015791     2.956794   0.01716036      19545.5
      7196.2     1.015412     2.962566   0.01503433     19545.55
      7196.4     1.015058     2.973117  -0.01308407        19546
      7196.6     1.015395     2.965915  -0.04819274     19549.52
      7196.8     1.015944     2.946327  -0.07747973     19549.81
        7197      1.01631     2.924012  -0.04335675     19550.64
      7197.2      1.01633     2.911133  -0.01282552     19552.09
      7197.4     1.016121     2.931229  0.001075527     19551.55
      7197.6     1.016081     2.936066   0.01923566     19553.83
      7197.8     1.015931     2.924872 -0.004632352     19554.64
        7198     1.016029     2.926522  0.008610725      19554.2
      7198.2     1.016576     2.927524   0.04172732     19557.15
      7198.4     1.016865     2.942955   0.02057138     19559.16
      7198.6     1.017287     2.958254  0.004815952     19560.36
      7198.8     1.017991     2.942979 -0.002443651     19561.96
        7199     1.018092     2.931376   -0.0341629     19562.64
      7199.2     1.017646        2.941  -0.03619522     19563.28
      7199.4      1.01748     2.930924  0.006130221     19564.38
      7199.6     1.017487     2.914023  0.009220251     19563.96
      7199.8     1.017437      2.93628    0.0117015     19565.29
        7200     1.017214     2.948376  -0.01020338     19564.65
      7200.2     1.017165     2.940285  -0.07734479     19565.04
      7200.4     1.017264      2.90586  -0.07759506     19567.59
      7200.6     1.017586     2.874405   -0.0376925      19568.5
      7200.8     1.018075       2.8863    0.0148624     19568.39
        7201     1.018734     2.910131   0.06336146      19567.7
      7201.2     1.018812      2.91775   0.02638589      19569.7
      7201.4     1.018395     2.925094   -0.0276801      19570.7
      7201.6     1.018232     2.907409   -0.0468135     19569.85
      7201.8     1.018133     2.887987  -0.07107209     19568.95
        7202      1.01805     2.880299  -0.03965768     19569.64
      7202.2     1.018289     2.868236  -0.01304021     19571.56
      7202.4      1.01854     2.875683   -0.0353852     19573.23
      7202.6     1.018717     2.877555  -0.04811904      19574.7
      7202.8      1.01884     2.851991  -0.05391119     19575.37
        7203     1.018576     2.829741  -0.02293838     19574.89
      7203.2     1.018364     2.832554   0.01004687      19576.1
      7203.4     1.018423     2.859204   0.03358172     19578.46
      7203.6     1.018207     2.860029   0.01164529     19578.49
      7203.8     1.018084     2.856606  -0.02178965     19578.93
        7204     1.018292      2.84187  -0.02778815     19579.06
      7204.2     1.018583     2.841772   -0.0217266     19577.71
      7204.4      1.01853     2.837798  -0.02169527        19576
      7204.6     1.018593     2.839225  -0.02115977     19577.74
      7204.8     1.018616     2.824514  -0.01673685     19579.27
        7205     1.018562     2.824845  -0.01426499     19580.72
      7205.2     1.018471     2.824409  -0.02369898     19581.16
      7205.4     1.018969     2.827813  -0.03491062     19580.99
      7205.6     1.019137     2.805554  -0.02394716     19582.32
      7205.8     1.019124     2.796916  -0.02015128     19584.25
        7206     1.019436     2.805251   0.01447191     19586.63
      7206.2     1.019477     2.811692  0.007002935     19588.15
      7206.4     1.019332     2.817132  -0.02417351      19589.6
      7206.6     1.019106     2.802518  -0.03675659     19589.65
      7206.8     1.019151     2.785912  -0.04772485     19589.26
        7207      1.01953     2.782287  -0.01382244     19589.69
      7207.2     1.019739     2.778952   0.02059588     19589.97
      7207.4     1.019731      2.79146   0.01416464     19591.38
      7207.6     1.019671     2.802389   0.01745755     19593.57
      7207.8     1.019813     2.793618  0.002644705     19594.14
        7208     1.019473     2.792918   -0.0113508     19591.52
      7208.2      1.01897     2.793576  0.008480747     19591.68
      7208.4     1.019036     2.793308  0.001535288      19593.8
      7208.6     1.019225     2.800403   -0.0231106     19595.51
      7208.8     1.019284     2.794146  -0.01073802     19596.31
        7209     1.019357     2.775088 -0.004139917        19597
      7209.2     1.019843     2.784718  0.006770735     19597.99
      7209.4     1.020177     2.797091   0.01357659     19597.13
      7209.6     1.020344     2.799563   0.01868364     19597.87
      7209.8     1.020054     2.785949   0.03517858     19598.73
        7210     1.019823     2.799665   0.05158754     19601.18
      7210.2     1.019364     2.825234   0.07372916     19602.66
      7210.4     1.018691     2.840833    0.0543544     19603.28
      7210.6     1.018064     2.844932   0.02800767     19604.33
      7210.8     1.017801     2.843148   0.02285427     19604.21
        7211     1.017861      2.84764   0.02418753     19603.49
      7211.2     1.017959     2.859116    0.0389139     19602.66
      7211.4     1.018174     2.864282   0.03514955     19603.21
      7211.6     1.018326     2.874279 -0.008460253     19604.57
      7211.8     1.018303      2.87576  -0.01230012     19604.77
        7212     1.018208     2.852348  -0.01156378     19606.53
      7212.2     1.017946     2.854442   0.02667963     19607.12
      7212.4      1.01775     2.865028   0.05931877     19606.51
      7212.6      1.01758     2.897103   0.04630442      19608.3
      7212.8       1.0175     2.899803   0.04062707     19612.26
        7213     1.017226     2.891486  0.001868701     19614.16
      7213.2      1.01736      2.89753  0.009932554     19614.17
      7213.4     1.017229     2.898598    0.0234458     19613.75
      7213.6     1.016826     2.907749   0.04391796     19613.54
      7213.8     1.016161     2.910242   0.04748936     19613.24
        7214     1.015538     2.932664   0.06151555     19612.24
      7214.2     1.015473      2.93659   0.07556189     19614.42
      7214.4     1.015305     2.956962    0.0578556     19616.61
      7214.6     1.014804     2.970692    0.0755464     19617.88
      7214.8     1.014477     2.978949    0.0354953     19618.46
        7215     1.014171     2.997027  0.006508459     19618.57
      7215.2     1.013962     2.985358 0.0006028927     19617.69
      7215.4     1.014042     2.975899  -0.03066099     19617.41
      7215.6     1.013643     2.979431  -0.01111536     19618.33
      7215.8     1.012645     2.972498  0.009210869     19619.07
        7216     1.011793     2.976466   0.02282179     19620.52
      7216.2     1.011196     2.983267    0.0112371     19621.38
      7216.4     1.010892     2.997689  0.004527604     19622.38
      7216.6     1.010928     2.981488   0.01843423     19621.93
      7216.8     1.011291     2.980088   0.04515425     19623.38
        7217     1.011412     2.998015   0.09461192     19624.76
      7217.2     1.011561     3.033812   0.09047769     19623.77
      7217.4     1.011047     3.057177   0.06333711     19623.43
      7217.6     1.010631      3.05247   0.01620919     19624.11
      7217.8     1.010277     3.048684  0.005114404     19622.54
        7218     1.009914     3.046779   0.05943093     19623.84
      7218.2     1.009307     3.061269    0.1079228     19624.92
      7218.4     1.008905     3.100015      0.13086     19625.32
      7218.6     1.008819     3.135023    0.1117096     19627.72
      7218.8     1.009046     3.151467   0.04310772     19630.14
        7219      1.00896     3.150637  -0.01221521     19629.43
      7219.2     1.008781     3.134501  -0.04688594     19628.96
      7219.4     1.008881     3.125251  -0.07272053     19631.04
      7219.6     1.008548     3.113959  -0.07276718     19630.77
      7219.8     1.008106      3.09246  -0.04824978     19629.68
        7220     1.007896     3.076287   0.02399068     19630.55
      7220.2     1.007412     3.086651   0.06623923     19629.24
      7220.4     1.007169     3.133151     0.139303     19630.03
      7220.6     1.007122     3.145452    0.1397521     19633.04
      7220.8     1.006955     3.187729   0.03714061      19633.9
        7221     1.007084     3.198452 -0.006843294     19635.87
      7221.2     1.006825     3.162864  -0.06808165     19637.01
      7221.4     1.006257     3.139977  -0.08873338     19636.83
      7221.6     1.005855     3.133264  -0.05411742     19637.98
      7221.8     1.005815     3.127466  -0.05171155     19640.52
        7222     1.005631      3.11957  -0.06730878     19642.44
      7222.2     1.005805     3.098608  -0.06261361     19643.64
      7222.4     1.006222     3.079417  -0.01620979     19645.77
      7222.6     1.006463     3.077375   0.02836576     19647.51
      7222.8     1.006146     3.106602   0.02334544     19648.03
        7223     1.005592       3.1213   0.01495527     19647.56
      7223.2     1.005202     3.098094  -0.03428484     19647.12
      7223.4     1.004911     3.089339  -0.08542218     19648.13
      7223.6      1.00461     3.079174  -0.04492572     19650.38
      7223.8     1.004598     3.052963 -0.001068637     19651.12
        7224     1.004605     3.062153    0.0394771     19650.35
      7224.2     1.004244     3.088484   0.09460532     19651.58
      7224.4     1.004387     3.110756   0.07587804     19652.94
      7224.6     1.004113     3.128647   0.02748849     19653.62
      7224.8      1.00361     3.122855  -0.01943003     19654.59
        7225     1.003094     3.110475  -0.06556305     19654.11
      7225.2     1.002549     3.095212  -0.09935404     19652.13
      7225.4     1.002083     3.076196   -0.1459852      19652.1
      7225.6     1.001952     3.043372   -0.1336722     19654.05
      7225.8     1.001546     2.993687  -0.07076223      19655.8
        7226     1.001298     2.988274 -0.006119741     19656.88
      7226.2     1.001125     3.019587   0.08380521     19657.63
      7226.4     1.000929     3.038476   0.07342033      19659.1
      7226.6     1.000829     3.060731  -0.01501555     19659.95
      7226.8     1.000752      3.04701  -0.08318187      19659.2
        7227     1.000709     3.007574   -0.1411203     19660.24
      7227.2     1.000666     2.971931   -0.1312502     19661.72
      7227.4     1.000151     2.947835  -0.07113325     19659.91
      7227.6    0.9994819      2.94201 -0.001365464     19658.03
      7227.8    0.9993689     2.950668   0.01288853     19659.25
        7228    0.9993373     2.970838   0.04630387     19661.99
      7228.2    0.9992848     2.958145   0.08442213      19663.4
      7228.4    0.9991919     2.979053   0.09468624     19664.18
      7228.6    0.9988526     3.018205   0.08897076     19666.58
      7228.8    0.9986693     3.046587   0.03621153      19666.8
        7229    0.9979585     3.029322  -0.03120354      19666.8
      7229.2    0.9973494     3.008022  -0.08969116     19666.34
      7229.4    0.9972511     2.993242  -0.08994669     19666.64
      7229.6    0.9973761     2.974835  -0.08916519     19668.41
      7229.8    0.9975771     2.957365  -0.06314552     19669.47
        7230    0.9975123      2.93669  -0.04589101     19671.49
      7230.2    0.9974457     2.942726  -0.05868982      19671.6
      7230.4    0.9972485     2.938122  -0.05738414     19670.67
      7230.6    0.9967145     2.910413  -0.07552673        19670
      7230.8    0.9960608     2.890783  -0.07586665     19668.71
        7231    0.9955168     2.882305  -0.05805661     19668.84
      7231.2    0.9952784     2.877428  -0.05675646     19670.47
      7231.4    0.9949966     2.863968  -0.05472496     19671.91
      7231.6    0.9947072     2.845378  -0.04901306     19672.47
      7231.8    0.9947294     2.838525  -0.03320976     19672.88
        7232    0.9944634     2.838218  -0.02620449      19675.3
      7232.2    0.9942355       2.8374  -0.03146173     19676.62
      7232.4    0.9938265     2.824414  -0.02932677     19678.47
      7232.6    0.9936748     2.813355  -0.01997863     19680.04
      7232.8    0.9933647     2.814757  -0.01010851     19679.55
        7233    0.9929203     2.821417 -0.004882049     19680.34
      7233.2    0.9926935     2.816327 -0.003531686     19680.76
      7233.4     0.992735      2.80945  -0.02488717     19681.97
      7233.6       0.9924     2.811931  -0.02716139     19681.84
      7233.8    0.9921114     2.801507  -0.01948886     19680.32
        7234    0.9922339     2.794598  -0.02967772     19680.55
      7234.2    0.9922757     2.793859  -0.02052348     19679.77
      7234.4    0.9921785     2.788189  -0.01966835     19678.44
      7234.6    0.9915403     2.785088   -0.0203091     19678.27
      7234.8    0.9910227     2.778863 -0.009042158     19680.17
        7235    0.9908027     2.777611  -0.02832005     19682.35
      7235.2    0.9904291     2.780955  -0.03035311     19683.62
      7235.4    0.9907451     2.762432   -0.0151704     19688.03
      7235.6    0.9911265     2.754581  -0.03927942     19689.93
      7235.8    0.9914785     2.765475  -0.03281926     19686.52
        7236    0.9917983     2.749532  -0.01796011     19686.91
      7236.2    0.9915931     2.736177  -0.04970837     19687.39
      7236.4     0.991006     2.740213  -0.05162993      19686.4
      7236.6    0.9905433     2.725708  -0.01642357     19686.88
      7236.8    0.9903368     2.708228  0.004078855     19687.66
        7237    0.9900515     2.723038   0.04836315     19689.66
      7237.2     0.990031     2.743476   0.06475005      19690.2
      7237.4    0.9903735     2.764399   0.03143285     19689.89
      7237.6     0.990687     2.760028 -0.004303425     19691.84
      7237.8    0.9908131     2.748184  -0.05399961      19692.5
        7238    0.9906839     2.740033  -0.06640702      19692.8
      7238.2     0.990349     2.721199  -0.04966396     19695.33
      7238.4    0.9899173     2.706902  -0.02807423     19695.59
      7238.6    0.9898569     2.708453  0.007959831     19694.54
      7238.8    0.9901654     2.717574   0.02452618     19695.78
        7239     0.990568     2.727567   0.00759641     19697.32
      7239.2    0.9908579     2.726523 -0.007991624     19697.93
      7239.4    0.9904448      2.71453 -0.006389191     19696.78
      7239.6    0.9905744     2.711181  0.008694414     19696.89
      7239.8    0.9909867     2.722456   0.02795174      19696.8
        7240    0.9910888     2.733479  0.007669784     19698.16
      7240.2    0.9909383     2.736892   -0.0140167     19699.13
      7240.4    0.9908925     2.717316  -0.01820194     19698.98
      7240.6    0.9909654     2.711242 -0.003949203     19701.01
      7240.8    0.9912109     2.718917   0.03425295     19701.05
        7241    0.9915714     2.733732   0.04352548     19700.57
      7241.2    0.9918716     2.744719   0.01821231     19700.79
      7241.4    0.9921274     2.746063  -0.01617143     19702.86
      7241.6    0.9922673     2.733487  -0.02401905     19705.26
      7241.8    0.9923877     2.720795  -0.02758905     19707.22
        7242     0.992759     2.725503   -0.0224341     19708.82
      7242.2    0.9931624     2.723991 -0.006131297     19708.59
      7242.4    0.9933733      2.71554 -0.009975494     19708.69
      7242.6    0.9935288      2.71589   0.01440395     19710.76
      7242.8    0.9935066     2.717523   0.03024518     19712.54
        7243    0.9934477     2.735515   0.03449714     19713.69
      7243.2     0.993736     2.739736   0.02236944     19714.26
      7243.4    0.9939583     2.743488  -0.01580508     19715.77
      7243.6    0.9939797     2.735419    -0.012234     19716.29
      7243.8    0.9944368     2.722871 -0.007315885     19716.02
        7244    0.9947702     2.729949 -0.004220512     19717.92
      7244.2    0.9947196     2.737635   0.01401503     19717.51
      7244.4    0.9946932     2.732042  0.004913179     19715.73
      7244.6    0.9948322     2.734083  -0.01413209     19716.23
      7244.8    0.9955763     2.733879 -0.001460398     19717.92
        7245    0.9961789     2.726329 -0.006883375     19718.19
      7245.2    0.9963229     2.730874  -0.00623758     19717.27
      7245.4    0.9963362     2.728576      0.02987      19716.2
      7245.6    0.9964654     2.728889   0.03798156     19716.31
      7245.8    0.9966803     2.750225    0.0353325     19719.07
        7246    0.9968549     2.761259   0.03145779        19721
      7246.2    0.9969955     2.756842   0.01786941     19721.26
      7246.4    0.9968614     2.754055   0.01295326     19722.93
      7246.6    0.9969295     2.764521  0.003247034        19722
      7246.8    0.9971779     2.771622 -0.001446033     19721.69
        7247    0.9972081     2.759439 -0.0006236875     19724.02
      7247.2    0.9975679     2.752899 -0.0002675589     19726.73
      7247.4    0.9977764     2.764022 -0.0006357109        19725
      7247.6    0.9979005     2.771408 -0.002469481     19724.35
      7247.8    0.9978692     2.758931   0.01776104     19725.78
        7248    0.9978779     2.750923   0.02192384     19727.09
      7248.2    0.9979517     2.778231    0.0134081     19727.61
      7248.4    0.9977213     2.788947   0.00591668     19727.43
      7248.6    0.9976196     2.769657  -0.02491705     19728.52
      7248.8    0.9981403     2.755656  -0.03181195     19731.39
        7249    0.9989517     2.758297 -0.005941888     19732.65
      7249.2    0.9993818     2.763497   0.00927031     19732.01
      7249.4    0.9995854     2.764904 -0.008354925      19732.7
      7249.6    0.9999646     2.763073  -0.01200532     19733.36
      7249.8     1.000149     2.751613   0.01138821     19732.88
        7250     1.000208     2.753893   0.03238005     19733.46
        7252     1.001851     2.759554 -0.006216728     19742.18
        7254     1.003853     2.771754 -0.002596694     19748.73
        7256     1.007939     2.742323  0.004670771     19756.72
        7258     1.010784     2.753802 4.818023e-05     19765.23
        7260     1.012622     2.796921  0.003590137     19768.76
        7262     1.013951     2.772139  0.001330877     19774.58
        7264     1.015989     2.771044 0.0002199744     19780.23
        7266     1.018006     2.764449  0.006068987     19790.48
        7268     1.018285      2.79868  0.005212301     19798.73
        7270     1.018451     2.820691  0.009289138      19803.8
        7272     1.018444     2.812743  0.009066847     19811.77
        7274      1.01847     2.838762  0.007439782     19817.47
        7276     1.018626     2.871215  0.006787001     19826.39
        7278     1.018128      2.88021   0.00403142     19833.44
        7280     1.016981     2.867039  0.001341719     19839.31
        7282     1.015197     2.871014 0.0004231883     19845.17
        7284     1.013549     2.881949  0.003058736     19851.45
        7286     1.012038     2.883595 -0.002436884     19859.61
        7288     1.010628     2.891509  -0.00210071      19865.2
        7290     1.009605     2.851519 -0.001921383     19873.19
        7292      1.00739     2.865143 -0.005844934     19879.18
        7294     1.006501     2.868224 -0.009626566     19886.19
        7296     1.006071     2.844749  -0.01697803     19892.97
        7298     1.004944     2.774506  -0.02364948     19903.68
        7300     1.003594     2.729319  -0.02101124      19904.9
        7302     1.003349     2.679028  -0.01524125     19909.21
        7304     1.003698     2.676659 -0.009114327     19919.86
        7306     1.003473     2.652576 -0.007806456      19927.6
        7308     1.002285     2.656404  -0.00830307     19930.93
        7310     1.002651     2.616577 -0.003137139     19936.68
        7312     1.002995     2.610235 -0.001544091     19945.92
        7314     1.002432     2.627479  0.004106686     19946.62
        7316     1.001998     2.644052  0.002850466     19957.47
        7318     1.002005      2.64943 0.0007683588     19966.01
        7320     1.001757     2.633038 -0.000172045     19969.19
        7322     1.001787     2.633626 -0.005187096     19973.25
        7324     1.001384     2.642675  0.001893607     19983.14
        7326     1.001179     2.607933 0.0003237126     19990.54
        7328     1.001437     2.648187 -0.005804598     19996.23
        7330     1.001303     2.636216  0.001328456     20000.32
        7332     1.001047     2.596239 -0.006975964     20005.93
        7334     1.000217     2.618561 -0.004454237      20013.5
        7336    0.9999852      2.59238 -0.0004926697     20019.93
        7338    0.9998846     2.600582 -0.003276966     20027.17
        7340     1.000399     2.592297  0.001601058     20031.01
        7342      1.00074     2.592345  0.003601971     20041.07
        7344     1.000134     2.605188  0.005223333        20046
        7346      1.00007     2.629397  0.007657632     20051.82
        7348     1.000388     2.634084   0.00752662     20059.16
        7350    0.9995647     2.653606  0.005962915     20062.36
        7352     1.000284     2.665401  0.006742761     20070.02
        7354     1.000675     2.677101  0.004255918     20078.37
        7356      1.00044     2.688026  0.001811001     20082.76
        7358     1.000278     2.687654   0.00544764     20086.69
        7360     1.000056     2.679889  0.004927806      20093.1
        7362     1.000708     2.720682  0.001711181     20097.76
        7364    0.9999022     2.727448  0.004811287     20105.42
        7366     1.000597     2.701343 -0.001571275      20110.3
        7368     1.000441     2.718379  -0.00475239     20114.98
        7370    0.9998412     2.708112 -0.004165781     20123.83
        7372     1.000285     2.689429  -0.01123855     20126.13
        7374     1.000016     2.668017  -0.01391713     20132.67
        7376    0.9995723     2.628471  -0.01262279      20137.9
        7378    0.9999895     2.596775  -0.01682977     20144.51
        7380    0.9994541     2.588447  -0.01576799     20152.37
        7382    0.9991366     2.533379  -0.01592929     20156.69
        7384     0.999556     2.502327  -0.01188006     20162.93
        7386    0.9995219      2.46934 -0.002947137     20165.68
        7388    0.9991422     2.493406  0.001166206     20172.33
        7390    0.9985151     2.509802  0.006010394     20176.78
        7392    0.9983976     2.511657   0.00147843     20185.91
        7394    0.9980093     2.517423 -0.000355798     20193.78
        7396    0.9980347     2.505234  7.59199e-05      20196.5
        7398    0.9985701     2.506955 -0.001411406     20206.13
        7400    0.9982796     2.512264 0.0003622377     20209.49
        7402     0.997423     2.506132 0.0003115325     20214.56
        7404    0.9978304     2.508132 -0.001968051      20226.1
        7406     0.997406     2.509447 -0.002932296     20230.41
        7408    0.9975978      2.49652 -0.004138361     20236.42
        7410    0.9972085     2.482674   -0.0044399     20238.87
        7412    0.9970726     2.475025 -0.004066717      20246.8
        7414    0.9977583     2.473928 -0.0006110093     20252.47
        7416    0.9972531     2.463986 0.0006275786     20257.62
        7418    0.9968068     2.477786 -0.0007259475     20263.29
        7420    0.9963511     2.480046 -1.622347e-06     20272.63
        7422    0.9957257     2.468121 -0.001925694     20273.53
        7424    0.9960626     2.463973 -0.004063666     20276.68
        7426    0.9963922      2.46238 -0.002533919     20285.16
        7428    0.9965843     2.447536 -0.001787937     20293.86
        7430    0.9960818     2.447849 -0.002284281     20300.61
        7432     0.995751     2.449669 -0.0002075832     20302.97
        7434    0.9957819     2.444106 0.0003268933     20307.13
        7436    0.9964351     2.445876 0.0004996319     20314.85
        7438    0.9958488     2.450464  0.001504871     20320.21
        7440    0.9964066     2.453666  0.002582203     20328.25
        7442    0.9956634     2.456145  0.004339954     20330.78
        7444    0.9956424     2.466533   0.00273698     20338.25
        7446      0.99623     2.485184  0.004785764     20339.66
        7448    0.9954091     2.475562  0.002379491     20344.35
        7450    0.9956768     2.494431 -0.000178886     20351.51
        7452    0.9954469     2.485569 -0.0001107039     20358.98
        7454     0.994841     2.483753 -0.001973623      20360.3
        7456    0.9953737     2.474677 -0.002306792     20365.96
        7458    0.9952156     2.478642 -0.002089791     20375.29
        7460    0.9957287     2.467115 -0.001518966      20380.6
        7462    0.9955957     2.467035 -0.004404272     20386.56
        7464    0.9954075     2.462525 -0.002682511     20393.08
        7466    0.9950911     2.443408 -0.004208558     20398.14
        7468    0.9951203     2.445655 -0.004894276     20399.56
        7470    0.9951178     2.433366 -0.004230404     20403.82
        7472    0.9948201     2.423371 -0.004719958     20415.17
        7474    0.9953579     2.409565 -0.004357731     20420.41
        7476    0.9952302     2.407895 -0.002401714     20424.61
        7478    0.9951884     2.398504 -0.002566114     20430.99
        7480    0.9951137     2.404157  -0.00514447     20435.27
        7482    0.9955616     2.389036 -0.004425682     20441.03
        7484    0.9946839     2.366739 -0.007539355     20444.46
        7486    0.9943145     2.363099  -0.00604696     20449.24
        7488    0.9945704     2.343842 -0.005079979     20451.91
        7490    0.9949069      2.34066 -0.005524891     20462.94
        7492    0.9941997     2.326099 -0.003304397     20466.24
        7494    0.9948541       2.3189 -0.003481703     20469.24
        7496    0.9952762     2.317407 -0.001092312     20481.09
        7498    0.9945863     2.312806 -1.915189e-05     20486.25
        7500    0.9942302     2.317361 0.0004807177      20489.2
        7502    0.9940964     2.318747 0.0004652423     20491.75
        7504    0.9942789     2.321253 -0.000286099     20498.16
        7506    0.9947266     2.316528 -0.0006665672     20503.15
        7508    0.9945519     2.315072 -0.0004033745     20507.76
        7510    0.9943499     2.313414 -0.001418763     20514.65
        7512    0.9945828     2.318026 -0.0009455779     20518.19
        7514    0.9942354     2.305178 -0.0005233215      20518.6
        7516    0.9943364     2.307508 -0.001121172     20520.33
        7518    0.9945261     2.309227 -0.001507256     20509.92
        7520    0.9946535     2.309056 -0.0006378015     20496.68
        7522    0.9942261      2.29312 -0.001987666     20492.07
        7524    0.9945905     2.302405  -0.00116181     20408.94
        7526    0.9963102     2.293326 0.0003491896     20175.93
        7528    0.9924867     2.299762 -0.002702712     20262.22
        7530    0.9947595     2.295914 -0.001835062     20228.79
        7532    0.9941087     2.280783 -0.003060678      20349.7
        7534    0.9950977     2.278646 -0.003174754     20557.01
        7536    0.9951417     2.275276 -0.001614464     20546.21
        7538     0.994656     2.270516 -0.001185559     20551.72
        7540    0.9946926     2.267868 -0.001234706     20570.11
        7542    0.9949981     2.269161 -0.0003464035     20589.13
        7544    0.9945051     2.265399 -0.0008411886     20594.82
        7546    0.9950743     2.267744 -0.001738909     20599.67
        7548    0.9948864     2.261138 -0.000584847     20607.69
        7550    0.9945969      2.25525 -0.0009302356     20611.11
        7552    0.9945383      2.26072 -0.0004798873     20613.97
        7554    0.9944056     2.260303  0.000760824      20617.1
        7556    0.9946948     2.257299 -2.34056e-05     20620.85
        7558    0.9951653     2.261336 -0.0008014884     20625.81
        7560    0.9947304     2.260533 -0.0004497567     20631.89
        7562    0.9954823     2.253891 -0.0007545231      20638.9
        7564    0.9955255     2.253701 -0.001619783     20644.94
        7566    0.9951093       2.2553 -0.001033527     20650.57
        7568    0.9947948     2.247574 -0.001509461     20651.94
        7570    0.9951339     2.245622 -0.002005457     20654.22
        7572    0.9955855     2.241625 -0.003859443     20660.33
        7574    0.9955352     2.239257 -0.005130797     20668.36
        7576    0.9958377     2.216699 -0.003116087     20672.32
        7578    0.9957395     2.204576 -0.004730448     20677.05
        7580    0.9958119     2.216697   -0.0031757     20681.45
        7582    0.9956441     2.201413 -0.001568675     20684.13
        7584    0.9953865     2.191293 -0.003939382     20687.79
        7586    0.9955846     2.192027 -0.0009495571      20691.4
        7588     0.995955     2.185182 -0.001040622     20695.07
        7590    0.9960592     2.193817 -0.001049428     20697.74
        7592    0.9958631     2.182968 -5.009014e-05      20700.2
        7594    0.9966676     2.183631 -0.000805359     20702.24
        7596    0.9962719     2.184781 -8.314037e-05     20703.13
        7598    0.9958607     2.187374 -0.001847833     20706.12
        7600    0.9953452     2.182303 -0.002264861      20712.7
        7602    0.9954986     2.168849 -0.003336675     20716.73
        7604    0.9957653     2.166662 -0.003516277     20722.59
        7606    0.9960449      2.16068 -0.002365369     20724.38
        7608    0.9956167     2.154173 -0.002097142     20725.82
        7610    0.9959743     2.149926  -0.00178066     20732.48
        7612    0.9960872     2.149885  -0.00213028     20742.68
        7614    0.9953369     2.146435 -0.002445042     20741.81
        7616    0.9953997     2.137131 -0.001952767     20743.36
        7618     0.995703     2.130365 -0.001034741     20748.11
        7620    0.9955332     2.134263 -0.0001745328      20755.4
        7622    0.9958042     2.138157 0.0003576832     20758.19
        7624    0.9956169     2.135735 -0.0004118452     20762.23
        7626    0.9955328     2.133227 -0.002035998     20767.63
        7628    0.9954352     2.130968 -0.0009009213     20769.16
        7630    0.9955031     2.121869 -0.001217339     20775.26
        7632    0.9952968     2.128527 -0.002024123     20779.51
        7634    0.9955259     2.123488 -0.002231189     20782.31
        7636    0.9950173     2.114775 -0.002574587     20785.17
        7638    0.9951955      2.10402 -0.002722894     20790.35
        7640    0.9956666      2.10793 -0.002603271     20797.47
        7642    0.9956067     2.101705 -0.001169572     20803.74
        7644    0.9956548     2.093949 -0.001988141     20804.26
        7646    0.9960853     2.094663 -0.002033449     20807.25
        7648    0.9959769     2.092025 -0.001346277     20810.96
        7650    0.9962738     2.085437 -0.001680514     20813.24
        7652    0.9961837     2.083179  -0.00155102     20816.52
        7654    0.9965007     2.081219 -0.001712086     20821.63
        7656    0.9968341     2.079617 -0.001701897     20829.65
        7658    0.9966811     2.071741 -0.001635094     20830.87
        7660    0.9970396     2.069563 -0.001871286     20836.97
        7662    0.9970105     2.068138 -0.0009653278     20838.44
        7664    0.9972432     2.064647 -0.001269379     20845.54
        7666    0.9975437     2.064018 -0.0007302751     20845.37
        7668    0.9975744     2.059408  0.000425198     20849.58
        7670    0.9977192     2.062296 -0.001604933     20853.29
        7672    0.9974962     2.068048 -0.001748105     20857.18
        7674    0.9977286     2.051178 -0.001444836     20860.64
        7676    0.9982501     2.045424 -0.001294763     20865.96
        7678    0.9986471     2.050737 -0.0006221171        20871
        7680    0.9982673      2.05769 0.0004260338     20876.61
        7682    0.9985832     2.046202 0.0001256615     20883.38
        7684    0.9986045     2.048832 -0.001206849     20883.79
        7686    0.9985272     2.051743 -0.001662282     20885.21
        7688    0.9987586     2.048036 -0.002941279     20889.33
        7690    0.9984165     2.032903 -0.003440356     20892.96
        7692    0.9991565     2.025302 -0.003424786     20897.93
        7694    0.9989687      2.02422 -0.001859244     20900.32
        7696    0.9987009     2.020637 -0.001260739     20906.34
        7698      0.99873     2.018029 -0.002215471     20910.69
        7700    0.9988311     2.015216 -0.001726025     20912.48
        7702    0.9987581     2.006496 -0.001753536     20914.65
        7704    0.9994181     2.006829 -0.002022232     20919.72
        7706    0.9993227     2.004001 -0.001940835     20922.45
        7708    0.9993848     1.999038  -0.00130488     20930.18
        7710    0.9996061     1.990969 -0.001006801     20932.97
        7712    0.9997494      1.99639 -0.0004425642     20935.58
        7714    0.9993456     1.995947 0.0006321854     20938.42
        7716    0.9994549     1.995497 0.0002712959     20940.44
        7718    0.9997783     1.996027 -0.0004599704     20947.95
        7720    0.9998993      1.99856 -0.001019734     20949.38
        7722     1.000223     1.992267 -0.0006754118     20952.15
        7724     1.000375     1.987339 -0.001508766     20956.27
        7726     1.000384     1.990623 -0.001467981     20958.42
        7728     1.000198      1.98649  -0.00044371     20963.75
        7730     1.000543     1.980523 -0.0006813416     20966.91
        7732    0.9999927      1.98379 -0.001621559     20968.55
        7734    0.9996602     1.985173 -0.001418199     20968.19
        7736     1.000144     1.973518 -0.001029909     20972.11
        7738     1.000335     1.969177 -0.001642674     20977.96
        7740      1.00041      1.97555 -0.001299662     20980.81
        7742     1.000448     1.972031 -0.001440615     20985.21
        7744      1.00026     1.963121 -0.002547889     20989.31
        7746     1.000232     1.957653  -0.00159625     20995.64
        7748     1.000001     1.955167 -0.001828293     20998.02
        7750     1.000393     1.959261 -0.001843974     20999.72
        7752     1.000309     1.948494 -0.001210028     21003.83
        7754     1.000616     1.942901 -0.001948051     21006.77
        7756     1.000738     1.945487 -0.0007765815     21011.95
        7758     1.000975     1.943677 -0.000643799     21017.34
        7760     1.000666     1.942282 -0.002131678     21017.56
        7762     1.001123      1.93775 -0.002245461     21022.95
        7764     1.001379     1.928434 -0.002583118     21025.96
        7766     1.001019     1.925713 -0.002670483     21023.66
        7768     1.000939     1.921617 -0.001234706     21025.52
        7770     1.001616     1.916386 -0.001994126     21029.71
        7772     1.001252     1.918556 -0.002179136     21029.65
        7774     1.001162      1.90976 -0.001261355      21033.7
        7776     1.001191     1.904184 -0.002193573     21031.57
        7778     1.001333     1.906296 -0.001307632     21025.37
        7780     1.001698     1.901007 -0.0007936434     21015.83
        7782     1.001527     1.899299 -0.001246504     20985.89
        7784     1.002868     1.897834 -0.001524265     20746.25
        7786     1.004555     1.896324 -0.002634437     20119.24
        7788    0.9989703     1.888813 -0.001290695     20069.22
        7790    0.9988185     1.878224 -0.001359844     20243.02
        7792     1.001429     1.887509 -0.001238994     21043.67
        7794     1.001772     1.885445 -7.41355e-05     21075.13
        7796     1.001516     1.878901  -0.00187232     21082.56
        7798     1.001969     1.877631 -0.001522586     21089.84
        7800     1.001991      1.87253 -0.0009906686     21097.23
        7802     1.001441     1.873264 -0.001979145     21095.92
        7804     1.002045     1.870976 -0.0008402882     21101.79
        7806     1.002125     1.861797 -0.001177514     21104.22
        7808       1.0024     1.865808  -0.00126102     21109.77
        7810     1.002447     1.863844 -0.0006309326     21114.77
        7812     1.002322     1.860888 -0.001659492     21116.56
        7814     1.002891      1.85675 -0.0008161812     21118.42
        7816     1.003148     1.852532 -0.0008179196     21118.24
        7818     1.002752     1.857315 -0.0007756665     21121.48
        7820     1.002757     1.854345 -0.0008946133     21124.46
        7822     1.003265     1.850545 -0.001316847     21124.81
        7824     1.003103     1.845375 -0.001581659     21125.84
        7826     1.002802      1.84678 -0.001678392     21128.98
        7828     1.003554     1.841691 -0.001880413     21131.57
        7830     1.003553     1.837117 -0.002104304     21135.56
        7832      1.00363     1.830332 -0.001974796     21138.92
        7834     1.004074     1.829945 -0.001406476     21144.03
        7836      1.00357     1.825893 -0.001361826        21147
        7838     1.003901     1.825866 -0.001628353     21148.19
        7840     1.004333     1.819437 -0.001638566     21151.67
        7842     1.004501     1.816919 -0.001824749     21151.26
        7844     1.004787     1.812784 -0.002283222     21156.72
        7846     1.004354     1.811268 -0.001895082     21158.58
        7848     1.004409     1.801171 -0.001476724     21165.05
        7850     1.004432     1.801758 -0.001583292     21165.31
        7852     1.004582     1.800971 -0.0003158675     21165.94
        7854     1.004882     1.798601 -0.001124038     21169.26
        7856     1.004662     1.798644 -0.001749513     21172.19
        7858     1.004957     1.792766 -0.001449363     21174.13
        7860     1.004878     1.786974 -0.001817896     21177.12
        7862      1.00468     1.787006  -0.00111485     21176.85
        7864     1.004829     1.784101 -0.0005341267     21181.17
        7866     1.004687     1.783847 -0.001220964     21185.75
        7868      1.00432     1.782701 -0.001383802     21189.19
        7870     1.004589     1.777239   -0.0021679     21192.16
        7872     1.004705     1.773031 -0.001900383     21193.58
        7874     1.004902     1.766504 -0.001149114     21194.98
        7876     1.004999     1.767498 -0.001484396     21202.59
        7878     1.004564     1.768046 -0.0009596706     21204.44
        7880     1.004824     1.761156 -0.001359582     21207.82
        7882     1.004802     1.758826 -0.001637318     21210.61
        7884     1.004585     1.756622  -0.00142595     21214.66
        7886     1.004764     1.754947  -0.00159245     21218.42
        7888     1.004663     1.749748 -0.001824433     21222.39
        7890     1.004713     1.746087 -0.002180428      21225.8
        7892     1.004488     1.742026 -0.001542909     21227.35
        7894     1.004207     1.737504  -0.00159994     21229.01
        7896     1.004777     1.737405 -0.001746651     21232.13
        7898     1.004363     1.733287  -0.00142689     21236.87
        7900     1.004756     1.728053 -0.001909202     21242.87
        7902     1.004677     1.726089 -0.001736419     21243.33
        7904     1.004594     1.722131 -0.001571727     21248.18
        7906     1.004434     1.719396 -0.001431999     21252.45
        7908     1.004588     1.715479 -0.001422955     21255.74
        7910     1.004323     1.714633 -0.0007903839     21258.06
        7912     1.004271     1.710748 -0.0003958102      21258.2
        7914       1.0047     1.713073 -0.001715723      21204.3
        7916     1.006023     1.712313 -0.001558404      20931.6
        7918     1.005963     1.700907 -0.001661473     20640.58
        7920     1.004069      1.69828 -0.001720356     20957.76
        7922     1.004347     1.699781 -0.0005668839     21187.79
        7924     1.004671      1.69855 -0.0006517152     21234.35
        7926     1.004468     1.696372  -0.00125766      21244.8
        7928     1.004569     1.693067 -0.001393483     21251.85
        7930     1.004165      1.68972 -0.001993597     21259.32
        7932     1.004347     1.687402 -0.001760817     21261.11
        7934     1.004712     1.680423 -0.001229456     21265.47
        7936     1.004802      1.67898 -0.001596183     21271.83
        7938     1.004926     1.679884 -0.001657098     21275.01
        7940     1.004964     1.674633 -0.001074353     21279.47
        7942     1.004753     1.667166 -0.002226872     21283.49
        7944     1.004828     1.670385 -0.001219513     21284.01
        7946     1.004622     1.662069 -0.000765729     21284.16
        7948     1.004309     1.664876 -0.001393574     21288.69
        7950     1.004581      1.66104 -0.0008065598     21289.64
        7952     1.004892     1.659237 -0.001678039     21290.39
        7954      1.00496     1.655617 -0.001086896      21297.2
        7956     1.005066     1.651452 -0.001119486     21298.42
        7958     1.005269     1.652345 -0.001217777     21306.15
        7960     1.004944     1.650281 -0.001092847     21304.57
        7962     1.004967     1.645874 -0.001630051     21306.41
        7964     1.005281     1.642709 -0.001598997     21305.36
        7966     1.005083     1.639305 -0.001377057     21307.85
        7968     1.005397     1.637489 -0.0009055288     21315.81
        7970     1.005477     1.634858 -0.0008820367     21315.99
        7972     1.005369     1.635465 -0.001014994     21316.32
        7974     1.004995     1.632249 -0.0007981173      21323.4
        7976     1.004991     1.629369 -0.001287072     21323.75
        7978     1.004655     1.628473 -0.001203765     21326.45
        7980      1.00471     1.625169 -0.001389076     21328.24
        7982     1.004656     1.622618  -0.00140908     21331.04
        7984       1.0048     1.618256 -0.001174931     21332.19
        7986     1.005068       1.6172  -0.00147699     21331.39
        7988     1.005183     1.615769 -0.001365008     21334.97
        7990     1.005269     1.610803 -0.001676642     21340.55
        7992     1.005497     1.607336  -0.00166526     21341.83
        7994      1.00494     1.603787 -0.001224661      21343.4
        7996     1.004751     1.602447 -0.001511457     21342.26
        7998     1.004484     1.601005 -0.001376631     21341.31
        8000     1.004732     1.595245 -0.001639762     21344.83
        8002     1.005035     1.592774 -0.001334269     21350.43
        8004     1.004903     1.589329 -0.001263822      21350.3
        8006     1.005335     1.590331  -0.00119463     21354.31
        8008     1.005067     1.585134 -0.0009337099     21357.12
        8010     1.004788     1.583217 -0.001472312     21360.68
        8012     1.004659     1.581859 -0.001395485      21364.6
        8014     1.004619     1.578553 -0.001433615      21363.8
        8016     1.004885      1.57397 -0.001452656     21367.65
        8018     1.005092     1.571748 -0.001085711     21371.58
        8020     1.004897     1.570238 -0.001244177     21370.25
        8022     1.004806     1.569867 -0.001717664     21372.68
        8024      1.00506     1.564017 -0.001716386     21374.35
        8026     1.005379     1.558007 -0.001522041     21379.36
        8028     1.005292     1.556507 -0.001090404     21383.66
        8030     1.004646     1.557691 -0.0009749862      21384.6
        8032     1.004566     1.555293 -0.001286966     21385.36
        8034     1.004491     1.550207 -0.001765586     21388.03
        8036     1.004529     1.546211 -0.001306081     21390.27
        8038      1.00449     1.543566 -0.001313597     21392.02
        8040      1.00426     1.544845 -0.001083351      21390.8
        8042      1.00452     1.539698 -0.001088571     21394.57
        8044     1.004228     1.537544 -0.001592084     21398.91
        8046     1.004308     1.534857 -0.001402031      21401.1
        8048     1.003893     1.532108 -0.001703674     21401.66
        8050     1.004087     1.528482 -0.001350911     21402.13
        8052     1.003937     1.523915  -0.00166876     21406.59
        8054     1.004106      1.52405 -0.001176752     21410.48
        8056     1.003804     1.518758 -0.001381608     21409.87
        8058      1.00384     1.519068 -0.001319203     21414.01
        8060     1.003379     1.512862 -0.001357254     21412.44
        8062     1.003741     1.513496 -0.001833064     21417.67
        8064     1.003523       1.5079 -0.001622814     21421.02
        8066     1.003047     1.504403 -0.001768687     21417.62
        8068     1.003085      1.49988 -0.0008868826     21419.91
        8070     1.003618     1.499347 -0.0006518919     21427.32
        8072     1.003028     1.500805 -0.0001406585     21427.49
        8074     1.002907     1.499188 -0.0008646413     21428.26
        8076     1.002769     1.498754 -0.001825044      21428.7
        8078     1.002873      1.49243 -0.001732235     21431.29
        8080     1.002844     1.486205  -0.00169696        21434
        8082     1.002363      1.48533 -0.001322069     21432.25
        8084     1.002308     1.485179 -0.001161367      21437.7
        8086     1.002537     1.481853 -0.001626227     21437.55
        8088     1.002262     1.476914 -0.001703806     21440.32
        8090     1.002208     1.472321 -0.001397972     21442.81
        8092     1.001699     1.471548 -0.001069483        21440
        8094     1.001587     1.470669 -0.001070433     21444.15
        8096     1.001546     1.468358 -0.001434778     21449.22
        8098     1.001608     1.463757 -0.001419857     21450.69
        8100     1.001545      1.46007 -0.001365643     21450.61
        8102     1.001032     1.459311 -0.001040298     21450.57
        8104     1.000952     1.457433 -0.001107559     21454.11
        8106     1.001079     1.455435 -0.001119793     21456.99
        8108     1.001249      1.45121 -0.0008758929     21456.87
        8110     1.000755     1.450352 -0.001333276     21455.38
        8112     1.000685     1.450425 -0.001055982     21459.56
        8114     1.000122     1.444769 -0.001307475     21459.17
        8116     1.000185     1.442762 -0.001406259     21462.37
        8118     1.000013     1.439892  -0.00108714     21465.28
        8120    0.9998816     1.439175  -0.00131304     21466.29
        8122     1.000092     1.436071 -0.001392767     21464.54
        8124            1     1.432257 -0.001206867      21467.1
        8126     1.000027      1.42875 -0.001572055     21468.58
        8128     1.000131      1.42952 -0.001090303     21471.77
        8130     1.000082     1.423495 -0.0008298784     21472.83
        8132    0.9996334     1.423535 -0.001517377     21471.09
        8134    0.9998397     1.422111 -0.0008292739     21472.15
        8136    0.9995004     1.417381 -0.001094019     21471.48
        8138    0.9994926     1.416861 -0.001420046     21472.13
        8140    0.9994982     1.414783 -0.001248348     21471.54
        8142    0.9990682     1.410751 -0.001333924     21470.72
        8144    0.9992114     1.407395 -0.001369998     21474.38
        8146    0.9991959     1.406189 -0.001157744      21479.3
        8148    0.9991965     1.403823 -0.001038585     21480.05
        8150     0.998857     1.401489 -0.001012639     21477.16
        8152    0.9987116     1.399086 -0.001125815     21478.52
        8154    0.9986184     1.398088 -0.001381601     21480.01
        8156    0.9981192     1.394816 -0.001460654     21478.59
        8158    0.9984344     1.390436 -0.001476919     21479.76
        8160    0.9978709     1.387401 -0.001346151     21483.92
        8162    0.9977398     1.386273 -0.0009647956      21482.5
        8164    0.9974647     1.384047 -0.001033027     21483.59
        8166    0.9978926     1.382718  -0.00133612     21486.05
        8168    0.9977059     1.379137 -0.001322183     21491.21
        8170    0.9974808     1.375584 -0.001664619     21488.87
        8172    0.9974806      1.37347 -0.001422179     21488.98
        8174    0.9971788     1.369401 -0.001028236     21491.04
        8176    0.9969143     1.367759  -0.00129887     21495.03
        8178    0.9965331     1.367358  -0.00115878     21495.37
        8180    0.9963576     1.363079 -0.001202175     21494.57
        8182    0.9960921     1.360131 -0.001535258     21494.15
        8184    0.9960409     1.358142 -0.0009309459     21496.75
        8186    0.9958068     1.355076 -0.001054375     21492.29
        8188    0.9959362     1.355631 -0.001045037     21497.91
        8190    0.9956778     1.351696 -0.001340461     21499.36
        8192    0.9953846     1.349781 -0.001638742     21499.17
        8194    0.9951848     1.344352 -0.0009634118     21503.91
        8196    0.9951151     1.342521 -0.001262899     21504.03
        8198    0.9947122     1.343988 -0.001365906     21504.43
        8200    0.9944155     1.339678 -0.001195318     21504.84
        8202     0.993937     1.333425 -0.001388183     21506.05
        8204    0.9939139     1.332959 -0.001457721     21506.18
        8206       0.9938     1.332883 -0.0009035021     21507.87
        8208    0.9937374     1.328016 -0.001087775     21509.65
        8210    0.9934082     1.326197 -0.001352383     21510.93
        8212    0.9933562     1.324256 -0.001137105      21511.7
        8214    0.9930516     1.322064 -0.001262321        21510
        8216     0.992664      1.31892  -0.00115231     21509.24
        8218    0.9922896     1.316098 -0.001230599     21512.06
        8220    0.9922823     1.315038 -0.001173067     21515.66
        8222    0.9918329     1.312219  -0.00138758     21513.33
        8224    0.9918071     1.309535  -0.00133081     21518.21
        8226    0.9915795     1.304998 -0.001017348     21517.78
        8228     0.991744     1.304391  -0.00121661     21522.39
        8230    0.9915019      1.30408 -0.0009693623     21521.53
        8232    0.9913623     1.299802 -0.0009471035     21517.86
        8234    0.9912786     1.297243 -0.001461258     21521.02
        8236    0.9911528     1.296815 -0.001215671     21522.58
        8238    0.9908286      1.29239 -0.0009780617     21524.12
        8240     0.990432     1.290077 -0.001450954     21520.51
        8242    0.9903795     1.289418 -0.001112455     21522.72
        8244     0.990079     1.285207 -0.0007891479      21521.6
        8246    0.9898883     1.283491 -0.001232631     21524.45
        8248    0.9898027     1.283764 -0.001530929     21525.98
        8250    0.9893627     1.279557 -0.002395319     21523.64
