# This file has been produced by extranormal (v 1.0.1 - February 23, 2017)
# O. Roudenko - Synchrotron SOLEIL. Covered by GPL licence.
#Data from HDF File: /nfs/ruche-rock/rock-soleil/com-rock/2021/Projets/20210209_Hilde/InSitu/10Ni-10Fe_50BN/10Ni-10Fe_50BN_RWGS750_CO2pulses_H2cst_ratio1/10Ni-10Fe_50BN_RWGS750_CO2pulses_H2cst_ratio1_00110.nxs to 10Ni-10Fe_50BN_RWGS750_CO2pulses_H2cst_ratio1_00111.nxs
#Time at start=2021-02-10 14:42:38.997
#Time from start (seconds)=547.626133712
#Sample temperature (C)=24.8
# Normalization -------------
# pivot spectrum: Pivot_Fe_10Ni-10Fe_50BN_RT_air_av2000_00001.txt
# E0=7112.0   Eshift=1.91407959508
# E0_pivot = 7112.0
# pre-edge params: from E0_pivot-140.0 to E0_pivot-20.0
# pre-edge range: [6972.0, 7092.0]
# post-edge params: from E0_pivot+100.0 to E0_pivot+1140.0
# post-edge range: [7212.0, 8250.0]
# I jump at E0_pivot = 1.24232187326
# shifted energy	normalized	reference	ref.derivative	I0
        6970  0.002035486     1.682991  -0.00251801     18809.11
        6972  0.002035486     1.682991  -0.00251801     18809.11
        6974   0.00117421     1.677923 -0.002835409     18814.94
        6976 0.0007935683     1.671723 -0.001940098     18821.75
        6978  0.001085118       1.6718 -0.001100163     18832.26
        6980   0.00151632      1.66747 -0.001333761      18839.7
        6982   0.00159904     1.669122  -0.00206835     18847.66
        6984 0.0009757743     1.661053 -0.002087825     18859.05
        6986 0.0007864712     1.655253 -0.002490875     18863.58
        6988 0.0007001907     1.650768 -0.002564233     18870.82
        6990 0.0007921637     1.649195  -0.00196383      18879.1
        6992 0.0006588499     1.640539 -0.001725422     18886.79
        6994 0.0003361992     1.639543 -0.001357458     18896.08
        6996 0.0002777002     1.636964 -0.0008736263     18905.92
        6998 0.0002104656     1.638335 -0.001292617     18910.74
        7000 -0.0002531936      1.63355 -0.001476326     18920.19
        7002 5.000094e-05     1.629202 -0.001628843      18930.7
        7004 -0.0004049311     1.625154 -0.001963879      18938.5
        7006 0.0001115197     1.625304 -0.001056376     18945.43
        7008 -0.0002948084     1.617839 -0.0009240143     18952.47
        7010 -0.0003636159     1.620751 -0.001556116     18958.06
        7012 -0.0004140443     1.617762 -0.001109057     18968.51
        7014 -0.0006029669     1.612855  -0.00213935     18974.18
        7016 -0.0006420865     1.608966 -0.001555332     18985.52
        7018 -0.0007631124     1.603636 -0.001534526     18994.02
        7020 -0.0007129883     1.605319 -0.001119349     18998.46
        7022 -0.0005405943     1.600579 -0.0007820257     19008.01
        7024 -0.0009676683     1.600012  -0.00142087     19017.61
        7026 -0.0006009866      1.59738 -0.0002466582     19027.89
        7028 -0.0006166092     1.593952 -0.001539157        19035
        7030 -0.000425732     1.598606 -0.001627513     19043.23
        7032 -0.0005748132     1.587698 -0.001603448     19048.09
        7034 -0.001028077      1.58436 -0.003706663     19057.86
        7036 -0.001298447     1.581124 -0.002342396     19062.73
        7038 -0.001038002     1.568953 -0.001121761      19068.4
        7040 -0.001622561     1.568959 -0.001456357     19082.24
        7042 -0.001174213     1.575386  -0.00101428     19090.89
        7044 -0.0009803101     1.569474 -0.001537926     19097.42
        7046  -0.00135437     1.560838  -0.00164935     19109.02
        7048 -0.0007812354     1.556656 -0.001960486     19118.39
        7050 -0.001056238     1.562191 -0.0007004951     19122.92
        7052 -0.001101022      1.55379 -0.001212735     19132.08
        7054 -0.0005444075     1.555234 -0.001637947      19141.4
        7056  -0.00073768     1.546954 -0.001021222     19150.52
        7058 -0.0009079906     1.549087 -0.001851005     19157.58
        7060 -0.0004052657      1.54562 -0.0006722214     19164.66
        7062 -0.0006940953     1.540426 -0.002075117      19170.7
        7064 -0.0003168758     1.541576 -0.001727137     19181.97
        7066 -7.75378e-05     1.532486 -0.001164338     19187.02
        7068 -3.331198e-06     1.531803  -0.00183098      19198.1
        7070 -0.0001186126     1.531112 -0.0007932593     19201.76
        7072 0.0006711442     1.526928 -0.001973806     19214.43
        7074 3.258745e-06      1.52614 -0.002012053     19219.71
        7076 0.0003426939     1.516012 -0.0005874075     19227.61
        7078 0.0005233492     1.515015  -0.00211614     19235.82
        7080 0.0009377036     1.522229 -2.584308e-05     19245.14
        7082 0.0007337979     1.509211 -0.0005432054     19249.67
        7084  0.001161828     1.515806 -0.001770811     19258.74
        7086  0.001436847      1.51067 -0.001125411     19264.42
        7088  0.001965799     1.508063 -0.001971713     19274.41
        7090   0.00222004     1.500208 -0.0009897799     19280.98
        7092  0.002454843     1.500032   -0.0016962     19288.97
        7094  0.003542348     1.502751 -0.001295793     19294.66
        7096   0.00383241     1.494493 -0.0007373831      19302.4
        7098  0.004494146     1.489842 -0.001420156     19311.92
        7100  0.005202507     1.494133 -0.0006168756     19318.71
      7100.2   0.00533609     1.493854 -0.000599008     19319.27
      7100.4  0.005469674     1.493575 -0.0005811403     19319.83
      7100.6  0.005603258     1.493297 -0.0005632726      19320.4
      7100.8  0.005736842     1.493018 -0.000545405     19320.96
        7101  0.005870425     1.492739 -0.0005275373     19321.52
      7101.2  0.006004009     1.492461 -0.0005096697     19322.08
      7101.4  0.006137593     1.492182 -0.000491802     19322.64
      7101.6  0.006271176     1.491903 -0.0004739343      19323.2
      7101.8   0.00640476     1.491624 -0.0004560667     19323.77
        7102   0.00662757     1.491196 -0.0003146704      19323.8
      7102.2  0.007007513     1.489482  0.002704554     19324.63
      7102.4   0.00723732     1.490348   0.00557092     19324.87
      7102.6  0.007526762     1.495075  0.007017873      19325.8
      7102.8  0.008094108     1.495653   0.00619377     19329.41
        7103  0.008326313     1.495097 0.0005787415     19329.81
      7103.2   0.00841823     1.495303  0.001829311     19331.56
      7103.4  0.008507068     1.495538  0.002320142     19333.42
      7103.6  0.008582569     1.497116  0.001545458     19334.83
      7103.8  0.008738621     1.496953 0.0009043318     19335.63
        7104  0.008995709     1.496539 -0.0004998004      19335.2
      7104.2  0.009220317     1.496261 -0.0009770668     19334.67
      7104.4  0.009363372     1.496716  -0.00373346     19333.59
      7104.6  0.009687096     1.496171 -0.005209171     19333.55
      7104.8  0.009973949     1.493552 -0.004268014     19335.79
        7105   0.01004872     1.492094 -0.003798216     19338.46
      7105.2  0.009937478     1.493302 -2.006592e-05     19337.64
      7105.4   0.01005316     1.493132  0.002383696     19337.39
      7105.6   0.01050616     1.493536  0.003390528     19338.84
      7105.8   0.01078279     1.494001  0.004650294      19338.4
        7106   0.01116407     1.496014  0.001876691     19338.82
      7106.2   0.01158696     1.496853  0.001500917     19341.38
      7106.4   0.01200035     1.495038  0.001271531     19344.43
      7106.6   0.01226749     1.495201  0.003567577     19345.43
      7106.8   0.01282982     1.497032  0.008172958     19345.32
        7107   0.01353773     1.499707  0.007469594     19346.24
      7107.2   0.01389071     1.501576  0.006205667     19348.46
      7107.4    0.0140868     1.501177  0.006029895      19348.6
      7107.6    0.0142263     1.501996  0.006008319      19347.5
      7107.8   0.01451869     1.504531  0.005949645     19347.62
        7108   0.01517402     1.506383  0.003390399     19348.82
      7108.2   0.01604004     1.505937 0.0005569229     19350.87
      7108.4   0.01694554     1.504708  0.001167754     19351.26
      7108.6   0.01784913     1.504976  0.003178566     19352.09
      7108.8   0.01868182     1.507317  0.005952008     19354.12
        7109   0.01956465      1.50848   0.01109126     19355.25
      7109.2   0.02059164      1.50947   0.01478287     19356.04
      7109.4   0.02148368     1.513849   0.01800168      19355.8
      7109.6   0.02238672     1.519143   0.02312106     19354.66
      7109.8   0.02371614     1.522881   0.02812495     19354.26
        7110   0.02545928     1.527967   0.03189372     19354.77
      7110.2   0.02743145     1.536349   0.04105799     19355.32
      7110.4   0.02970068     1.544658   0.05502008     19354.98
      7110.6   0.03278995     1.555727   0.06782198     19354.46
      7110.8   0.03672101     1.571983   0.08369561     19353.14
        7111     0.041115     1.590607   0.09551328     19350.52
      7111.2   0.04648721     1.611615    0.1049061     19348.69
      7111.4   0.05329358     1.632138     0.121355     19346.96
      7111.6   0.06143791     1.655908    0.1396947     19345.41
      7111.8   0.07071212     1.687691    0.1585189     19344.55
        7112   0.08078375      1.72337    0.1703986     19342.85
      7112.2   0.09162286     1.758953    0.1654622     19340.24
      7112.4    0.1028058     1.792227    0.1482463     19338.99
      7112.6    0.1137836      1.82006    0.1283302     19339.68
      7112.8    0.1242433     1.841967     0.108679     19338.96
        7113    0.1338796     1.861617   0.09731072     19335.98
      7113.2    0.1425618      1.87917   0.09600484     19333.98
      7113.4    0.1504768     1.897909   0.09510442     19333.18
      7113.6    0.1578831     1.918771   0.09960425     19332.53
      7113.8    0.1648885     1.937701     0.101793     19332.94
        7114    0.1713748     1.958853   0.09377385     19333.05
      7114.2    0.1774679     1.979343   0.07844776     19333.98
      7114.4    0.1830449      1.99379   0.06263702     19335.03
      7114.6    0.1879781     2.000459   0.04922184     19333.73
      7114.8     0.192333     2.008963    0.0457371     19333.86
        7115    0.1959667     2.018721    0.0564074     19336.19
      7115.2    0.1991564      2.03038   0.05472119     19337.18
      7115.4      0.20208     2.045585   0.04370885     19337.56
      7115.6    0.2048133      2.05274   0.02923944     19337.99
      7115.8    0.2078762     2.053688   0.01088364     19337.76
        7116    0.2114502     2.053772  0.009374433     19336.72
      7116.2    0.2154798     2.054292   0.01988383     19337.47
      7116.4    0.2201481      2.06024   0.02851016     19337.85
      7116.6    0.2255693     2.069595   0.03119013     19338.65
      7116.8    0.2318467      2.07658   0.03107982     19338.14
        7117    0.2390207     2.079244   0.03288693     19337.45
      7117.2    0.2472359     2.085103   0.03547468     19339.69
      7117.4    0.2559851     2.095905   0.04356683     19338.95
      7117.6    0.2655759     2.104959    0.0502607     19338.19
      7117.8    0.2766339     2.114097   0.05167137     19340.72
        7118    0.2886642     2.125312   0.06938216     19342.52
      7118.2    0.3016331     2.137242   0.09428131     19342.37
      7118.4    0.3158144     2.160465    0.1078167     19341.46
      7118.6    0.3315507     2.189522    0.1242768     19340.71
      7118.8    0.3488668     2.211565    0.1316491     19340.06
        7119    0.3671784     2.236663    0.1240709     19341.04
      7119.2    0.3862899     2.265784    0.1150365     19342.27
      7119.4    0.4065409     2.288779      0.10414      19341.8
      7119.6    0.4279775     2.303595    0.1023615     19341.52
      7119.8    0.4497342     2.319975    0.1151299     19340.75
        7120    0.4711555     2.347674    0.1286891     19339.28
      7120.2     0.492179     2.380883    0.1270148     19336.94
      7120.4    0.5127357     2.406546    0.1207628     19334.42
      7120.6    0.5324568     2.421587    0.1157842     19334.81
      7120.8    0.5507724     2.444284    0.1117473     19336.18
        7121    0.5676972      2.47351    0.1230382      19336.9
      7121.2    0.5835001     2.495944    0.1235335     19337.61
      7121.4    0.5987424     2.520018    0.1192376     19337.06
      7121.6    0.6136264     2.543111    0.1272074     19335.64
      7121.8    0.6280294       2.5689    0.1259315     19335.48
        7122    0.6423845      2.59771    0.1421846     19336.55
      7122.2    0.6571983     2.620763    0.1611658     19337.69
      7122.4    0.6725191     2.656858    0.1463564     19338.25
      7122.6    0.6879643     2.697833    0.1122205     19338.87
      7122.8    0.7035557     2.714795   0.08331321     19337.09
        7123    0.7199223     2.710539   0.06713056      19334.7
      7123.2    0.7368828     2.723509   0.07520459      19333.7
      7123.4    0.7541662     2.751538   0.08517447     19332.22
      7123.6    0.7710563     2.774958   0.08923018     19332.21
      7123.8    0.7879831     2.778679   0.06464437     19332.83
        7124    0.8053824     2.794893   0.02406759      19331.7
      7124.2    0.8227147     2.803253   0.01843654     19331.35
      7124.4    0.8397415     2.794212 -0.004949916     19332.17
      7124.6    0.8561145     2.793428 0.0002621922     19332.99
      7124.8    0.8717864     2.790933   0.03120414     19333.46
        7125    0.8868021     2.803463    0.0505269      19332.9
      7125.2    0.9006974     2.819176   0.06872853     19332.24
      7125.4    0.9138302     2.833849   0.06575689     19331.74
      7125.6    0.9263919     2.845916   0.05747429     19330.54
      7125.8    0.9386005     2.856068   0.02339375     19330.64
        7126    0.9505467     2.865155 -2.617192e-05     19330.07
      7126.2    0.9620502     2.852564  0.005016107     19327.75
      7126.4    0.9733251     2.845895  0.006313192     19325.16
      7126.6    0.9848139     2.860081   0.05010007     19323.12
      7126.8    0.9963735     2.870206   0.07085723     19323.13
        7127     1.007898     2.892645   0.06635469      19324.1
      7127.2     1.020015     2.902581   0.07370117     19322.98
      7127.4     1.032216     2.913165     0.052867     19321.34
      7127.6     1.044121     2.929167   0.06211167     19320.58
      7127.8     1.056385     2.934938   0.08412662     19319.39
        7128     1.068951      2.95227    0.1150795     19319.17
      7128.2     1.081432     2.980466    0.1192663      19320.3
      7128.4     1.093867      3.02123   0.07232501      19319.7
      7128.6     1.106491     3.030351    0.0312476     19318.04
      7128.8     1.118643      3.01013   -0.0431909     19318.33
        7129      1.12985     3.005464  -0.04129382     19318.95
      7129.2     1.140148     2.986678   0.03439835     19317.86
      7129.4     1.148981     2.997316   0.07712196     19316.93
      7129.6     1.156646     3.037649    0.1673829     19315.85
      7129.8     1.163197     3.067162    0.1986075     19313.83
        7130     1.168575     3.120584     0.167286        19313
      7130.2     1.172966     3.156202    0.1436857     19312.29
      7130.4     1.176217     3.171478   0.05193957     19310.99
      7130.6     1.178465      3.18211  0.006629166     19309.79
      7130.8     1.180155     3.162136   0.01229376     19309.97
        7131     1.181758     3.161505   0.02892694     19311.43
      7131.2     1.183097     3.181313   0.03581694     19312.13
      7131.4     1.184645     3.205252   0.05072363     19311.39
      7131.6     1.185978     3.190789    0.1329477     19309.63
      7131.8     1.186894     3.202084   0.05141792     19307.92
        7132      1.18794     3.287671  -0.09813313     19306.66
      7132.2     1.188855     3.246386   -0.1771582     19305.71
      7132.4     1.189022     3.112283   -0.3550482     19305.57
      7132.6     1.188042     3.060358   -0.3296853     19302.92
      7132.8     1.187056     3.003632   -0.1495827     19302.03
        7133     1.185767     2.982638   -0.1002666     19303.11
      7133.2      1.18325     2.992617  -0.05235011     19304.55
      7133.4     1.180215     2.980144  -0.02813761     19305.35
      7133.6     1.176215     2.961752  -0.02223154     19304.84
      7133.8     1.171177     2.960128  0.005656295     19304.02
        7134     1.165832     2.974831   0.04193061     19304.15
      7134.2     1.160126      2.98467   0.07461862     19306.51
      7134.4     1.154077     2.995297   0.08367685     19309.99
      7134.6     1.148039     3.019823   0.03867494     19311.17
      7134.8     1.142467     3.041773  -0.05605681     19311.09
        7135     1.136656     3.015609  -0.09920901     19311.02
      7135.2     1.130559     2.950451   -0.1118108     19312.28
      7135.4     1.124803     2.940456   -0.1316134     19314.73
      7135.6     1.118965     2.952324  -0.09932029     19315.51
      7135.8     1.112775     2.910319  -0.09703062     19315.87
        7136     1.106632     2.870995   -0.1138923     19317.43
      7136.2     1.100886     2.862831  -0.08057242     19317.98
      7136.4     1.095529      2.86121  -0.03483282     19317.83
      7136.6     1.090562     2.845861  0.007942449     19316.12
      7136.8     1.086333     2.843129   0.01287465      19312.4
        7137     1.082116     2.869185   0.03726613     19303.54
      7137.2     1.077502      2.87151   0.07397484     19284.39
      7137.4     1.073425     2.875674   0.07130518     19259.23
      7137.6     1.069952     2.902309    0.0928043     19227.54
      7137.8     1.066834     2.926229    0.1169417     19187.79
        7138     1.063997     2.945753   0.07471619     19147.53
      7138.2     1.060942     2.969227  0.009527337     19113.82
      7138.4      1.05753     2.962082  0.007363892     19091.67
      7138.6     1.054466     2.933851 -0.001138654     19085.24
      7138.8     1.051638     2.951645   0.01808913     19092.16
        7139     1.048693     2.968316   0.06222024     19109.16
      7139.2     1.045999     2.976553   0.03263923     19132.28
      7139.4     1.044255     2.983627  -0.03219824     19160.19
      7139.6     1.042296     2.977756  -0.08680255     19190.39
      7139.8      1.04061     2.942558   -0.1107217     19218.79
        7140     1.039564     2.907111  -0.09308885      19244.2
      7140.2     1.038733      2.89505  -0.01940377     19268.33
      7140.4     1.038191     2.903285    0.0533852     19289.46
      7140.6     1.037573     2.927035   0.09189104      19304.9
      7140.8     1.036762     2.949819   0.06051386     19313.23
        7141     1.035976     2.968563  -0.01612738     19316.48
      7141.2     1.035091     2.951696  -0.02736122     19315.73
      7141.4     1.034152     2.914133    0.0186635     19311.36
      7141.6     1.032683      2.92793   0.09246139     19298.37
      7141.8     1.031308     2.983494    0.1705733     19277.13
        7142     1.030512     3.025665    0.1593196     19250.31
      7142.2     1.029767     3.050591  0.004535362     19216.16
      7142.4     1.028696     3.055386   -0.1242798     19176.55
      7142.6       1.0275     2.987122   -0.1414295     19137.25
      7142.8     1.026473     2.926241   -0.1308164     19104.51
        7143     1.025551     2.937448  -0.08780192     19083.98
      7143.2     1.024354     2.950732   -0.0575377     19079.48
      7143.4     1.023067      2.91688   -0.1092767     19092.84
      7143.6     1.021954     2.880211   -0.1424027     19118.52
      7143.8     1.021024     2.850026  -0.05578209     19150.42
        7144     1.020285      2.83681   0.02185584     19188.72
      7144.2     1.019611     2.872255    0.0584184     19228.29
      7144.4     1.018889     2.897696   0.08771343     19263.24
      7144.6     1.018124     2.896761   0.07815164     19290.84
      7144.8     1.017424     2.906981   0.08814849     19308.16
        7145     1.016601     2.934776    0.1389326     19318.43
      7145.2     1.015739     2.968215    0.1246332     19326.02
      7145.4     1.014765     3.007907    0.0282339     19332.28
      7145.6     1.013541     3.006688  -0.04593798     19336.26
      7145.8     1.012268     2.957363  -0.06731816     19339.87
        7146     1.010794     2.931464  -0.05733678     19343.61
      7146.2     1.009194     2.954053  -0.01301791     19345.68
      7146.4     1.007645     2.960818   0.01800637     19347.78
      7146.6     1.005778     2.946949 -0.005902532     19349.76
      7146.8      1.00374     2.945869  -0.03201276     19350.61
        7147     1.001599     2.949331  -0.01916071     19352.69
      7147.2    0.9999833     2.935208 -0.002597528        19355
      7147.4    0.9982805      2.93162  -0.01137741     19355.78
      7147.6    0.9961577     2.943791   0.02999095     19355.92
      7147.8    0.9939207     2.940229   0.07281042     19359.34
        7148    0.9915028     2.959201   0.04907603     19363.44
      7148.2    0.9887923     2.989869   0.04248918     19365.46
      7148.4    0.9861662     2.983052    0.0696643     19367.71
      7148.6    0.9838087      2.97422   0.07790225     19369.33
      7148.8    0.9815489     3.014932    0.1057122     19369.58
        7149    0.9790671      3.05219    0.1372485     19371.65
      7149.2    0.9763368     3.067622   0.07589372     19373.85
      7149.4     0.973411     3.084019   0.01895453     19375.48
      7149.6    0.9700106     3.075647 -0.003750375     19376.46
      7149.8    0.9671696     3.067354   -0.0458782     19377.82
        7150    0.9651547     3.064621   -0.0244031     19380.36
      7150.2    0.9631311     3.047316    0.0148737     19382.36
      7150.4    0.9610605     3.056125 -0.0006750911     19384.39
      7150.6    0.9589437     3.079253  -0.01778476      19384.9
      7150.8    0.9568021     3.064081  -0.03070455     19383.04
        7151    0.9548095     3.033088  -0.02419873     19382.83
      7151.2    0.9532382     3.031561   0.01763049     19384.53
      7151.4    0.9518554     3.059894   0.03934529     19385.47
      7151.6    0.9505147     3.078186   0.03617576      19386.5
      7151.8     0.949285     3.064565  0.008269791     19388.59
        7152    0.9478528     3.060502 -0.005906969     19388.66
      7152.2    0.9466072      3.06651   0.04630726     19387.11
      7152.4    0.9454056      3.07346    0.0666526     19387.82
      7152.6    0.9443331      3.10161   0.03496653     19389.54
      7152.8    0.9437807     3.113824     0.014625     19391.67
        7153    0.9435605     3.094483  -0.01390345     19394.25
      7153.2    0.9435501      3.08516  -0.02272516     19395.53
      7153.4    0.9435673     3.090488  0.003163057     19396.72
      7153.6    0.9435835     3.095644   0.02978509     19397.28
      7153.8    0.9436958     3.097013   0.01352707     19398.31
        7154    0.9443683     3.108988  -0.02484563     19400.39
      7154.2    0.9450602     3.101309  -0.02584324     19401.37
      7154.4    0.9459013     3.075767  -0.03680097     19402.98
      7154.6    0.9465599     3.076339  -0.02453938     19404.88
      7154.8    0.9469964     3.079547  0.008428529     19406.89
        7155    0.9475942     3.081678  -0.01529289     19408.05
      7155.2     0.948302      3.08251  -0.03238654     19407.71
      7155.4    0.9491963     3.064105  -0.03154716     19406.86
      7155.6    0.9504606     3.053638  -0.04212278     19408.09
      7155.8    0.9518063      3.05644  -0.01868643     19409.94
        7156    0.9530883     3.048812  0.006184587      19409.7
      7156.2    0.9540084     3.049155  -0.02340903     19408.57
      7156.4    0.9547418     3.058586   -0.0308326     19408.13
      7156.6    0.9555983     3.037713    0.0102268     19409.75
      7156.8    0.9566155     3.024146   0.01680604     19412.77
        7157    0.9582999     3.057337   0.03996362     19415.15
      7157.2    0.9597729     3.072031   0.08307268     19415.93
      7157.4    0.9605612     3.069684   0.06720117     19416.11
      7157.6     0.961401     3.090604   0.05671287     19416.48
      7157.8    0.9621083     3.111098   0.05466444     19415.84
        7158     0.963312     3.117401   0.01188679     19415.25
      7158.2    0.9647475     3.113415  -0.04312603      19415.8
      7158.4    0.9657733     3.100113   -0.0455203     19416.14
      7158.6    0.9667355     3.076597  -0.03245878     19416.72
      7158.8    0.9676871     3.080985  -0.01995495     19420.09
        7159    0.9685379     3.087448   0.02001586     19421.29
      7159.2     0.969331     3.084149   0.04803375     19420.95
      7159.4    0.9703934      3.09261   0.02408204     19421.11
      7159.6    0.9714329     3.119412  -0.00471518     19421.35
      7159.8    0.9722012     3.106714  -0.04451107     19421.77
        7160    0.9728844     3.080377  -0.08509713     19422.17
      7160.2    0.9736404     3.057001  -0.06435513     19422.45
      7160.4    0.9744171     3.051334  -0.05510758     19422.44
      7160.6    0.9749207      3.05523  -0.03539107     19424.48
      7160.8    0.9754726     3.036291  -0.01077239     19426.49
        7161    0.9758982     3.028688  0.006112458     19427.08
      7161.2     0.976144     3.042716   0.03111792     19427.65
      7161.4    0.9763501      3.06012   0.03854327     19427.38
      7161.6    0.9767171     3.061185    0.0311896      19427.8
      7161.8    0.9770083     3.059523 -0.0004192311     19429.61
        7162    0.9772123     3.067668  -0.02615617     19431.39
      7162.2    0.9775903     3.059784  -0.01566229     19433.08
      7162.4    0.9781701      3.04026  -0.01583968     19433.46
      7162.6    0.9783016     3.046993  -0.03396582      19433.2
      7162.8    0.9781145     3.054996  -0.01359644     19432.95
        7163    0.9780922     3.032612  0.009440864     19431.46
      7163.2    0.9782364     3.029383  0.006920216     19431.26
      7163.4    0.9784804     3.054545  0.005798035     19432.61
      7163.6    0.9786702     3.060532  0.004135564     19432.81
      7163.8    0.9792314      3.03725   0.01387489     19433.86
        7164     0.979794     3.032692   0.03160204     19437.31
      7164.2    0.9802248     3.065645   0.05360784      19439.6
      7164.4    0.9803059     3.085814   0.04090545     19439.29
      7164.6    0.9797319     3.080137  0.001463777     19437.83
      7164.8    0.9793676     3.065416  -0.05139917     19437.13
        7165    0.9795063     3.066816  -0.05072016     19437.34
      7165.2    0.9800342     3.044695  -0.02899879     19436.19
      7165.4    0.9806741      3.03956  -0.05887352     19436.62
      7165.6    0.9813905     3.042217  -0.03553968     19438.61
      7165.8    0.9816776     3.019718  -0.03638781     19441.02
        7166    0.9815689     3.016263  -0.06802671     19441.48
      7166.2    0.9816624      3.01045  -0.04285281      19442.8
      7166.4    0.9820488     2.987796  -0.01953057     19442.06
      7166.6     0.982599     2.985435  0.001413089     19442.31
      7166.8    0.9828313     3.000638   0.01094709     19444.13
        7167    0.9830719     3.011581 -0.005118059     19443.68
      7167.2    0.9836333     2.996553  -0.01912876     19442.48
      7167.4    0.9842657     2.981341  -0.02461249     19442.26
      7167.6    0.9845634     2.985335  0.006025809     19442.81
      7167.8    0.9851284     2.991891    0.0293582     19443.52
        7168    0.9858318     3.001374   0.01800139     19443.65
      7168.2    0.9863026     3.004827   0.01518197     19444.39
      7168.4     0.986836     2.999737   0.02873801     19445.71
      7168.6    0.9874381     3.004036   0.03224225     19447.03
      7168.8     0.988017     3.024364   0.01652533     19447.35
        7169    0.9888559     3.030621  0.006848147     19446.71
      7169.2    0.9896498     3.012957  -0.01419751     19446.84
      7169.4    0.9899587     3.009515  -0.02870961     19445.85
      7169.6    0.9902761     3.013006  -0.02807754     19446.34
      7169.8     0.990486     3.007653  -0.03701686     19449.39
        7170    0.9906805     2.990495  -0.02750406     19450.45
      7170.2    0.9912017     2.979901  -0.01645866     19450.64
      7170.4    0.9919182     2.991003  0.001611034     19450.33
      7170.6    0.9925512     2.994487   0.01894389     19449.82
      7170.8    0.9932412     2.991784 -0.006341402     19450.83
        7171    0.9939057     2.995056  -0.02139098     19452.11
      7171.2     0.994555      2.98593  -0.02372566     19453.52
      7171.4    0.9952804     2.977374  -0.02914172     19456.77
      7171.6     0.995806     2.972803  0.009952239     19457.96
      7171.8    0.9959726     2.971743   0.04805358     19457.03
        7172    0.9962589     2.993892   0.04640146      19455.4
      7172.2    0.9968731     3.015817   0.02734621     19454.42
      7172.4    0.9973565     3.009924  -0.02431416     19454.91
      7172.6    0.9978185      2.99362  -0.07794187     19456.64
      7172.8    0.9983487      2.97444  -0.08223462     19459.05
        7173    0.9988472     2.953463  -0.07134222     19460.47
      7173.2    0.9993265     2.944137  -0.05172696     19461.17
      7173.4    0.9997765     2.936546 -0.006382067     19462.39
      7173.6     1.000154     2.933059   0.01173703     19462.82
      7173.8     1.000606     2.948357   0.01890549     19464.69
        7174     1.001136     2.953526    0.0278856     19467.14
      7174.2     1.001469     2.951671 -0.007420189     19467.44
      7174.4      1.00185     2.955367  -0.03813748     19467.06
      7174.6     1.002425     2.942421  -0.05355637     19466.99
      7174.8     1.002882     2.923016   -0.0676553      19467.4
        7175      1.00326     2.908825  -0.06024632     19468.39
      7175.2     1.003705     2.901243  -0.03768196     19470.36
      7175.4     1.004062     2.894224 0.0004882091     19471.22
      7175.6      1.00408     2.892871   0.02834375     19470.03
      7175.8     1.004296     2.909216   0.02315403     19468.92
        7176     1.004757     2.923918   0.01156113     19469.06
      7176.2     1.005055     2.912748  -0.01729764     19469.24
      7176.4     1.005149     2.902119  -0.04104169     19470.55
      7176.6     1.004959     2.895378  -0.01887242     19469.76
      7176.8     1.004845     2.891085 -0.009037227     19470.47
        7177     1.005034      2.89765 -0.005985113      19472.1
      7177.2     1.005182      2.89489 -0.005944404      19472.7
      7177.4     1.004822      2.89059  -0.01644698     19472.92
      7177.6     1.004392     2.886329  -0.02052434     19473.86
      7177.8     1.004147     2.884492  -0.03508979     19476.13
        7178     1.003852      2.87847  -0.03000502     19478.33
      7178.2     1.003672     2.862518   -0.0266273      19480.5
      7178.4     1.003705     2.862325  -0.01830024     19482.58
      7178.6     1.004086      2.86319   0.02353274     19482.36
      7178.8     1.004423      2.86383   0.03207527     19481.12
        7179     1.004491     2.881344   0.03085398     19481.68
      7179.2     1.004579     2.887985   0.05035879     19482.62
      7179.4     1.004708     2.887873    0.0411057     19483.68
      7179.6     1.004751     2.904117   0.02423901     19485.38
      7179.8     1.004274     2.914229  0.007170441      19485.5
        7180     1.003622     2.907377  -0.03445034     19484.65
      7180.2     1.003514      2.89361  -0.07889269     19484.08
      7180.4     1.003463     2.876557  -0.07664284     19483.94
      7180.6       1.0035     2.851115  -0.02779737     19485.05
      7180.8     1.003769     2.846062  0.004526431     19486.81
        7181     1.004092     2.871372   0.02364796     19487.63
      7181.2      1.00463     2.880178  0.004759987     19488.76
      7181.4     1.004931     2.870033  -0.03541512     19491.96
      7181.6     1.004871      2.84987  -0.06155003     19492.32
      7181.8      1.00505      2.84304  -0.07605071     19492.12
        7182     1.005539     2.830938  -0.06508431     19494.52
      7182.2      1.00566     2.809192  -0.03012409     19496.05
      7182.4     1.005772     2.797803   0.01923254     19497.44
      7182.6     1.006017      2.81894   0.06022401     19497.45
      7182.8     1.006124     2.846324   0.07605072     19494.96
        7183     1.005967     2.857372   0.04562917     19493.76
      7183.2     1.006134     2.858643  0.008691325     19494.61
      7183.4     1.006442     2.855444 -0.008470615        19495
      7183.6     1.006593     2.853277 -0.0005658364     19494.54
      7183.8      1.00661     2.850595   0.02179624      19495.4
        7184     1.006598     2.858191   0.04442772     19497.51
      7184.2     1.007056     2.872881   0.05952425     19500.78
      7184.4     1.007486     2.888819   0.02343695     19503.13
      7184.6     1.007364     2.898215 -0.004117452     19504.67
      7184.8     1.007332      2.87694   0.01022793     19506.79
        7185     1.007358     2.869587   0.01824891     19506.19
      7185.2     1.007567     2.897002   0.04276328     19505.69
      7185.4     1.008132     2.912814   0.02875816     19506.82
      7185.6      1.00848     2.911151  -0.02087179     19504.85
      7185.8      1.00863     2.892593  -0.04341174     19502.67
        7186     1.008707     2.880304  -0.05126732     19502.74
      7186.2     1.008994     2.878084  -0.04979346     19503.64
      7186.4     1.009228     2.870137  -0.03336609     19507.06
      7186.6     1.009213     2.852759 -0.004978828     19509.42
      7186.8     1.009125     2.853611  -0.01034612     19510.59
        7187     1.008952     2.874101  0.003230439     19511.57
      7187.2     1.009304      2.86186    0.0279965     19511.92
      7187.4     1.009861     2.855343   0.01881452     19511.81
      7187.6     1.009985     2.876008   0.05908841      19510.7
      7187.8     1.010375     2.889153   0.09456228     19513.64
        7188     1.010738     2.909131    0.0528231     19517.39
      7188.2     1.010969     2.930993    0.0108525     19516.94
      7188.4     1.011056     2.918267  -0.01210969     19515.77
      7188.6     1.010973     2.897835 -0.008318055     19516.51
      7188.8     1.010783     2.899443   0.03554833      19516.7
        7189     1.010534     2.924338   0.06331968     19517.28
      7189.2     1.010404     2.946706   0.05070404     19518.22
      7189.4     1.010418     2.948491  0.003155262     19518.19
      7189.6     1.010488     2.940006  -0.03421182     19517.91
      7189.8     1.010761     2.926862  -0.03289941     19518.97
        7190     1.011051     2.919336 -0.004579999     19520.84
      7190.2     1.011174     2.922171   0.01943197     19521.61
      7190.4     1.011508     2.936342    0.0311427     19523.96
      7190.6     1.011855     2.942408   0.05289013     19524.97
      7190.8     1.011973      2.94425   0.06755293      19524.4
        7191     1.012113     2.964483    0.0509382     19525.13
      7191.2     1.012193     2.990385   0.01346624     19525.97
      7191.4     1.012189     2.983159 -0.009879621     19527.04
      7191.6     1.012098     2.955023  -0.05506784     19526.86
      7191.8     1.011776     2.956579   -0.0478697     19527.92
        7192     1.011954     2.946331  -0.01066384     19527.92
      7192.2     1.012096     2.944863 -0.009627927     19528.05
      7192.4     1.012178     2.946492  0.009234644     19530.49
      7192.6     1.012395     2.948877   0.02917314     19533.39
      7192.8     1.012405     2.953718    0.0622489     19535.45
        7193     1.012493     2.968201   0.06424424     19535.72
      7193.2     1.012775     2.996291    0.0413795     19536.51
      7193.4     1.012762     3.000272   0.03273206     19537.19
      7193.6     1.012692     2.986822    0.0158006     19536.53
      7193.8     1.012867     2.994387 -0.002246326     19536.81
        7194     1.012856     3.008932  0.003541981     19537.68
      7194.2     1.013039     2.998475   0.01803013     19538.93
      7194.4     1.014005     2.989655 -0.005641886     19542.18
      7194.6     1.014677     3.008811  -0.03380723     19544.27
      7194.8     1.014468     3.004418  -0.04307477     19544.54
        7195     1.014164      2.97143  -0.06625421     19545.05
      7195.2     1.014109     2.955196  -0.04756404     19544.73
      7195.4     1.014196     2.955808  0.007450335      19544.6
      7195.6     1.014378     2.966367   0.03576398     19545.46
      7195.8     1.014882      2.97739   0.02901414     19545.99
        7196     1.015168     2.983807 -0.004845222     19544.78
      7196.2     1.015171     2.979019  -0.03949171      19544.3
      7196.4     1.015318     2.962491  -0.06702528     19544.17
      7196.6     1.015505     2.945797  -0.07168745     19546.32
      7196.8     1.015905     2.930187  -0.06102481     19550.06
        7197     1.016182     2.921669    -0.041422     19552.67
      7197.2      1.01629     2.913671   0.01730753      19554.6
      7197.4     1.016525     2.912659   0.07171456     19556.55
      7197.6     1.016513     2.944033   0.05425392     19557.04
      7197.8     1.016689     2.979041   0.01167375     19556.25
        7198     1.017113     2.957074  -0.02672946     19557.39
      7198.2      1.01745     2.921998  -0.03055527     19558.16
      7198.4     1.017842     2.922649   0.01775108     19558.98
      7198.6     1.018382     2.954597   0.04486106     19560.64
      7198.8     1.018691     2.971275     0.044095     19559.87
        7199     1.018553     2.957887 -0.004062626     19559.52
      7199.2     1.018371     2.957925  -0.04948436     19561.53
      7199.4     1.018554     2.951346  -0.03472996     19564.01
      7199.6      1.01915     2.931688 -0.006057324     19565.61
      7199.8     1.019476     2.930103   0.03232884      19565.7
        7200     1.019449     2.953079   0.04488839     19566.75
      7200.2     1.019579      2.97721  0.005087081      19567.9
      7200.4     1.019682     2.967598  -0.03993855        19567
      7200.6     1.019796     2.934172  -0.05599807     19566.02
      7200.8     1.019988     2.921128  -0.03787917     19565.36
        7201     1.020252     2.932411  -0.02234383     19563.63
      7201.2     1.020524     2.937295  -0.03620129     19563.48
      7201.4     1.020916     2.916297  -0.07678472      19565.4
      7201.6     1.021176     2.892167   -0.0823941     19567.86
      7201.8     1.021615     2.870983  -0.04147285     19570.04
        7202     1.022061      2.87138  -0.03159599     19571.85
      7202.2     1.022193     2.883119  -0.02296164     19573.54
      7202.4     1.021995     2.866891   0.01314314     19574.35
      7202.6     1.021851     2.852614   0.02378454     19574.31
      7202.8     1.022104     2.881894   0.03161683     19574.11
        7203     1.022182     2.902147   0.03881256     19574.32
      7203.2     1.021729     2.892184  0.009081947     19574.62
      7203.4     1.021635     2.883664  -0.01725136     19574.87
      7203.6     1.022007      2.88916  -0.04372872     19575.67
      7203.8     1.022372     2.888346  -0.05261888     19576.99
        7204     1.022713     2.857201  -0.06299041      19578.1
      7204.2     1.022849     2.841569   -0.1027669     19578.91
      7204.4     1.023011     2.838767  -0.09932888     19579.43
      7204.6     1.023015     2.806132  -0.06213829     19580.24
      7204.8     1.023004     2.777738  -0.02354773     19580.93
        7205     1.023191     2.791858   0.03933045     19580.31
      7205.2     1.023401     2.819929    0.0391498     19581.82
      7205.4     1.023421     2.837596  -0.01672129     19585.46
      7205.6     1.023283     2.809058  -0.02747171     19588.32
      7205.8     1.023273     2.778481 -0.009173379     19588.31
        7206      1.02296     2.797952   0.03810947     19589.46
      7206.2     1.022878     2.830258   0.07371784     19591.88
      7206.4     1.023158     2.839545   0.06272602     19591.74
      7206.6     1.023069     2.837456   0.02866792     19590.06
      7206.8     1.022916     2.848133  0.004127707     19590.36
        7207     1.023007     2.853192 -0.0007844408     19590.33
      7207.2     1.022981     2.842847  -0.04806644     19589.11
      7207.4     1.022889     2.836828  -0.09894828     19589.33
      7207.6     1.022868      2.80968   -0.1129556     19590.89
      7207.8     1.022925     2.774034   -0.1453143     19591.85
        7208     1.022852     2.752483   -0.1016972     19591.53
      7208.2     1.022504     2.720577  -0.02288044     19592.66
      7208.4     1.022419     2.728322   0.03040148     19595.23
      7208.6     1.022592     2.755729    0.1259063     19595.88
      7208.8     1.022879     2.776804    0.1338128      19597.2
        7209     1.022881     2.821302      0.10547      19598.8
      7209.2     1.022391     2.835372   0.07383004     19598.05
      7209.4     1.022457     2.840105   0.02034198     19597.41
      7209.6     1.022884     2.835868   0.02913709     19598.36
      7209.8     1.023004     2.837575   0.02633524     19600.01
        7210     1.022629     2.858682    0.0139851     19600.03
      7210.2     1.022386     2.861173   0.01033052     19601.14
      7210.4      1.02218     2.847056  -0.02444923     19601.97
      7210.6     1.021996      2.84584  -0.02794353     19601.59
      7210.8     1.022093     2.839122   0.01263153     19603.47
        7211     1.022193     2.838819   0.03011755     19605.72
      7211.2     1.022043     2.857161    0.0494336     19606.81
      7211.4     1.021622     2.869934   0.04099043     19606.33
      7211.6     1.020982     2.878669 -0.004915326     19605.24
      7211.8     1.020272     2.871611 -0.007189684     19605.29
        7212     1.019839     2.853229  0.006198493     19606.11
      7212.2     1.019751     2.864182  0.006092924     19606.98
      7212.4     1.019572     2.883628   0.04055851     19607.92
      7212.6     1.019367     2.876485   0.07811354      19609.9
      7212.8     1.019538     2.885676   0.07917061     19611.56
        7213      1.01966     2.926673    0.1086899     19611.36
      7213.2     1.019422     2.946964    0.1076878      19611.7
      7213.4      1.01926     2.963437   0.04796164     19611.68
      7213.6      1.01895     2.971826   0.01443349     19610.26
      7213.8     1.018408     2.965042  0.004756262     19610.32
        7214     1.017845     2.958511    0.0273944     19610.12
      7214.2     1.017383     2.967242   0.05117204     19612.02
      7214.4     1.017173     2.993742   0.07368173     19615.59
      7214.6     1.016868      3.00598   0.07362095      19617.9
      7214.8     1.016585     3.017457   0.03157594     19619.17
        7215     1.016522     3.026139  0.005865001     19620.31
      7215.2     1.016248     3.019003  0.002360715     19621.31
      7215.4     1.015841     3.010672   0.01267769     19622.22
      7215.6     1.015563     3.019345   0.04478286     19622.86
      7215.8     1.015083     3.036281   0.05943313     19623.89
        7216     1.014438     3.054829   0.03991902     19624.18
      7216.2     1.014179     3.058218   0.03596236     19623.42
      7216.4     1.014112      3.05128   0.02144795     19623.26
      7216.6     1.013651     3.065051 -0.004340052     19624.01
      7216.8     1.013367     3.071987  -0.02373077     19626.68
        7217     1.013311     3.054746  -0.03663695     19627.26
      7217.2     1.012874     3.032296  -0.01026332     19625.53
      7217.4     1.012533     3.035741   0.05688331     19625.61
      7217.6     1.012327     3.063777      0.10311     19625.81
      7217.8     1.011949     3.100253   0.07133454      19626.5
        7218      1.01118     3.114784   0.04156711     19626.61
      7218.2     1.010734     3.092809   0.00714832     19627.99
      7218.4     1.010668      3.09703 -7.572984e-05     19629.46
      7218.6     1.010436     3.105971   0.04164623     19630.41
      7218.8     1.010052     3.114723   0.04388341      19631.1
        7219     1.009902     3.126126   0.02261355     19631.52
      7219.2     1.009872     3.132137 -0.003290344     19632.23
      7219.4      1.00984     3.124062   0.01773817      19633.6
      7219.6     1.009533     3.112091   0.06202325     19635.16
      7219.8     1.009151     3.140317   0.09790855     19637.01
        7220     1.008891     3.181756    0.1113076     19638.16
      7220.2     1.008642     3.202389   0.04327822      19636.1
      7220.4      1.00856     3.201137  -0.03648082     19634.21
      7220.6     1.008321     3.174939  -0.08781428     19635.64
      7220.8     1.007856     3.152571   -0.1004668     19637.58
        7221     1.007905     3.132138    -0.081565      19639.5
      7221.2      1.00852     3.120764  -0.06316422     19642.51
      7221.4      1.00861     3.109687  -0.03310702     19644.37
      7221.6     1.008169      3.10204  -0.02649382     19644.53
      7221.8     1.007792     3.105652  -0.03745209     19645.45
        7222     1.007272     3.099568  -0.03748492     19644.79
      7222.2     1.006946     3.079725  -0.01849081     19644.84
      7222.4     1.006643     3.072052   0.00648057     19644.29
      7222.6     1.006421     3.090859   0.04075888     19644.35
      7222.8     1.006163     3.104753   0.05158166     19646.42
        7223      1.00584     3.112333 -0.001189646     19649.14
      7223.2     1.005348     3.113317  -0.02730186      19651.2
      7223.4      1.00508     3.089908  -0.01124097     19652.39
      7223.6     1.005107     3.082911 -4.037049e-05     19652.24
      7223.8     1.005013      3.10334  0.008408935      19652.5
        7224     1.004722     3.113285  -0.01282751     19653.54
      7224.2     1.004199     3.096635  -0.03865069     19652.86
      7224.4      1.00378     3.072649   -0.0388954     19653.64
      7224.6     1.003755     3.072419  -0.03297592     19655.05
      7224.8     1.003787     3.082168  -0.03196286     19654.48
        7225      1.00351     3.070254  -0.03477926     19655.05
      7225.2     1.002949     3.047079  -0.03517684     19654.19
      7225.4     1.002538     3.044596  -0.01694367     19654.69
      7225.6     1.002258     3.054027 -0.006669881     19657.28
      7225.8     1.002107     3.056699  -0.01417047     19659.28
        7226     1.001938     3.041743  -0.02528562     19660.97
      7226.2     1.001759     3.033259    -0.042038     19661.36
      7226.4     1.001635     3.033798  -0.04973681     19661.51
      7226.6     1.001405     3.023069  -0.06039134     19662.74
      7226.8     1.001045     3.001954  -0.07203164     19662.79
        7227     1.000825     2.984946  -0.06088042     19662.04
      7227.2     1.000781     2.976173  -0.02912507     19662.48
      7227.4     1.000556     2.974364 -0.0003067012     19664.13
      7227.6      1.00012     2.978654  0.001009629     19665.62
      7227.8     0.999654     2.984701 -0.003701883     19664.85
        7228    0.9992731     2.976981  -0.01012294     19664.37
      7228.2    0.9989402     2.971403  -0.04904022      19666.1
      7228.4    0.9985955     2.970555  -0.07157635     19665.63
      7228.6    0.9982912     2.945469  -0.06111722     19664.81
      7228.8    0.9978876      2.91972  -0.05663688     19665.86
        7229    0.9971498     2.922509  -0.04231476     19666.59
      7229.2    0.9964044     2.925246  -0.01667466     19668.39
      7229.4    0.9962956     2.911617  -0.04709897     19669.86
      7229.6    0.9961843      2.90638  -0.06236058     19670.03
      7229.8    0.9959245      2.88483  -0.04331693     19669.74
        7230    0.9958963     2.875357  -0.05227907      19670.3
      7230.2    0.9958234     2.876963  -0.04653321     19669.49
      7230.4    0.9956431     2.864557  -0.03427981     19669.51
      7230.6    0.9956628     2.847603  -0.03899308     19671.76
      7230.8    0.9957822     2.847934   -0.0294488     19673.56
        7231    0.9953795     2.845769 -0.002213449     19673.98
      7231.2    0.9948228     2.840998 -0.008370841     19675.69
      7231.4    0.9944733     2.845833  -0.01183739     19678.34
      7231.6    0.9939526     2.841237  0.003361128     19678.82
      7231.8    0.9936035     2.836299   0.01089553     19678.14
        7232    0.9935029     2.843687  0.007118328     19678.48
      7232.2    0.9931997     2.854549   -0.0284849      19678.9
      7232.4    0.9926893     2.846932  -0.04918144     19679.15
      7232.6    0.9924156     2.813511   -0.0611984     19680.08
      7232.8     0.992582     2.804341  -0.07181274     19680.67
        7233    0.9924082      2.80559  -0.05431637     19679.83
      7233.2    0.9922017     2.789481  -0.03947524     19680.54
      7233.4     0.991943     2.770058  -0.02616848     19682.92
      7233.6    0.9916475     2.772761  -0.03124524     19683.64
      7233.8    0.9917854     2.784656  -0.02543924     19684.26
        7234    0.9916837     2.764485  -0.01812047     19684.76
      7234.2    0.9914946     2.749707  -0.02462277     19684.14
      7234.4    0.9915167     2.758265   -0.0125444     19683.32
      7234.6    0.9915462     2.764957 0.0008812599     19684.33
      7234.8    0.9916714      2.75445 -0.002730252     19686.72
        7235    0.9917305     2.750412 -0.008301019     19687.28
      7235.2    0.9916708     2.756081   0.01588703     19686.88
      7235.4    0.9915386     2.758317   0.03506514     19686.99
      7235.6    0.9910416     2.767159   0.02618328     19686.75
      7235.8    0.9904953     2.778464   0.02209314     19687.05
        7236    0.9904016     2.777027  0.005026014     19687.88
      7236.2    0.9906321     2.775991  -0.02083398     19688.43
      7236.4    0.9908768      2.77118 0.0006396755     19688.77
      7236.6    0.9907665     2.761797 -0.001705733     19689.26
      7236.8    0.9903777     2.777539  -0.01587347     19691.62
        7237      0.99019     2.774626  -0.01433211     19693.42
      7237.2    0.9901371     2.758481  -0.05966229     19692.12
      7237.4    0.9900233     2.750331  -0.06235459     19691.73
      7237.6    0.9898943     2.729809  -0.05573952     19692.74
      7237.8    0.9898337     2.724743  -0.05693446     19694.42
        7238    0.9899231      2.71389  -0.03592012     19696.33
      7238.2    0.9898437     2.704783  -0.03916908     19697.55
      7238.4    0.9898128     2.701073  -0.01347087      19698.3
      7238.6    0.9897791     2.693408  0.009422629      19698.7
      7238.8    0.9896639     2.703113 -0.002892445     19700.07
        7239    0.9897066     2.712322 -0.0005498841      19701.1
      7239.2    0.9900607     2.698759  -0.00606055     19700.29
      7239.4    0.9904985     2.692968  -0.02129186     19700.74
      7239.6    0.9907439     2.698265 -0.005959593     19703.18
      7239.8    0.9909448     2.695288  0.005754568     19704.03
        7240    0.9910412     2.693991 -0.004967964     19703.11
      7240.2    0.9907547     2.697571  0.009933783      19703.1
      7240.4    0.9905347      2.69429   0.04591412     19703.64
      7240.6    0.9908544     2.703235   0.06288775     19703.21
      7240.8    0.9913542     2.730723   0.06224982      19701.9
        7241    0.9919843     2.747881   0.03369757     19702.36
      7241.2    0.9920639      2.74409  0.007311118     19703.38
      7241.4     0.992046     2.730193   0.01181231     19704.66
      7241.6    0.9922625     2.736572   0.02661757     19707.16
      7241.8    0.9922097     2.757331   0.04589225     19708.92
        7242    0.9922052     2.765384   0.03245745     19707.85
      7242.2     0.992489     2.766907  0.001738966        19707
      7242.4    0.9929443     2.762538 -0.006098205     19708.88
      7242.6    0.9933687     2.758723  -0.02018206     19709.77
      7242.8    0.9934633     2.760506  -0.02509437     19709.91
        7243    0.9935068     2.750761  -0.02444081      19710.7
      7243.2    0.9936008     2.742462  -0.03104774     19711.28
      7243.4     0.993388      2.73917  -0.01670395     19713.05
      7243.6    0.9930705     2.735667  -0.01310139      19714.4
      7243.8    0.9929263     2.737398 -0.002050888     19714.51
        7244    0.9931694     2.731981   0.02101638     19714.74
      7244.2    0.9936729     2.737529   0.03011066      19715.6
      7244.4      0.99396      2.75248   0.02281036     19715.84
      7244.6    0.9940899     2.761487  -0.01213237     19716.59
      7244.8    0.9940852     2.750229  -0.01659036     19716.21
        7245    0.9941979     2.727823  0.004900951     19715.61
      7245.2    0.9945267     2.739208   0.03227608     19715.89
      7245.4    0.9947805     2.765407   0.07131151     19716.34
      7245.6    0.9949068      2.77605   0.06364787     19715.95
      7245.8    0.9951685     2.784872    0.0281909     19716.51
        7246    0.9955458     2.790126   0.01781306     19717.83
      7246.2      0.99577      2.78796   0.01937835     19718.28
      7246.4    0.9958271     2.790301   0.01480714     19719.43
      7246.6    0.9960773     2.800375  0.000588511     19721.87
      7246.8    0.9962568     2.801972 -0.002356301     19723.96
        7247    0.9961343     2.788431  0.008277395     19724.32
      7247.2    0.9963121     2.788416   0.01826917     19724.03
      7247.4    0.9966803     2.806997   0.02044475     19724.49
      7247.6    0.9971057     2.816587 0.0004687349     19724.87
      7247.8    0.9973357     2.804787  -0.04760981     19725.57
        7248    0.9974784      2.78879  -0.06051722     19726.94
      7248.2    0.9977388     2.768909  -0.02614913     19728.74
      7248.4    0.9976044     2.768174  -0.00961644     19729.05
      7248.6    0.9977141     2.783867  0.003647033     19729.98
      7248.8    0.9981436     2.781097  0.009403303     19731.95
        7249    0.9984932     2.771827 0.0005938323     19732.36
      7249.2     0.999019     2.775696  0.002929398     19731.94
      7249.4    0.9995861     2.784342   0.01216288     19733.05
      7249.6    0.9998628     2.783441   0.02236962     19732.69
      7249.8    0.9997989     2.781557   0.02182553     19731.97
        7250     0.999584     2.793592   0.01903267     19734.49
        7252     1.001071      2.77613  -0.02058423     19740.51
        7254     1.004264     2.786755  0.001029362     19752.94
        7256     1.006121     2.701961 -0.001936914     19759.77
        7258      1.00949     2.773626 -0.003746235     19763.86
        7260     1.012316     2.760635   0.01027984     19767.28
        7262     1.013993     2.756785 -0.0008578239     19776.41
        7264     1.016534       2.7842  0.005619681     19781.67
        7266     1.018198     2.766764  0.006308568     19792.58
        7268     1.018696     2.805592  0.003672908     19799.21
        7270     1.020298     2.807254   0.01211435     19801.78
        7272     1.020015     2.813583  0.001794049      19814.4
        7274     1.019921     2.863679   0.00777836     19818.69
        7276     1.019344     2.819944  0.007045895     19827.31
        7278     1.018866     2.869481 -0.0002699337      19833.3
        7280      1.01743      2.86995  0.007504496     19841.89
        7282     1.015454     2.861519 -0.003248065     19847.51
        7284     1.014121      2.87998  0.003731822     19854.07
        7286     1.012507     2.843496  0.005917731     19859.99
        7288     1.010595     2.899805 -0.005618256     19865.39
        7290     1.008389     2.908861 -0.001257696     19876.74
        7292     1.006337     2.835034  -0.01151388     19880.27
        7294      1.00527     2.833435  -0.01300861     19890.79
        7296      1.00429     2.807694   -0.0120507     19893.99
        7298     1.003481     2.804792  -0.01666707     19904.37
        7300     1.003994     2.738629  -0.01389321     19911.94
        7302     1.002835     2.700098  -0.01501041     19917.41
        7304     1.002472     2.696548 -0.008565737     19924.57
        7306     1.002444     2.684709 -0.007037903     19926.38
        7308     1.001966     2.670103 -0.001568223     19933.74
        7310      1.00245     2.643795 0.0004589872     19942.67
        7312     1.001243     2.684002 -0.0006957004     19942.47
        7314      1.00187     2.688381 0.0008850135      19952.8
        7316     1.001121     2.664537 -0.006778227     19960.85
        7318     1.001337     2.650875 -0.007131329     19966.29
        7320     1.001746     2.629776  0.000137487     19972.78
        7322      1.00126      2.63133 -0.0003046845      19978.1
        7324     1.000652     2.665637 -1.214992e-05     19986.69
        7326     1.000992     2.648437 -0.0001646111     19991.45
        7328     1.000941     2.629679 -0.004008658     19997.75
        7330      1.00138     2.630013 -0.007090182     20006.48
        7332     1.000885     2.633568 -0.003023339     20006.84
        7334     1.000966     2.591716  -0.00511236     20016.28
        7336      1.00121     2.605492  -0.00608666     20025.88
        7338       1.0012     2.589114  0.000733636      20030.7
        7340     1.000942     2.584875 -0.0006407653      20038.8
        7342     1.000963     2.597585  0.005006132     20044.72
        7344      1.00088     2.600366  0.003428705     20048.44
        7346     1.001062     2.629163  0.008459034     20053.08
        7348     1.001202     2.612304  0.008406061     20059.55
        7350     1.001495     2.665257  0.006179774     20068.32
        7352     1.001197     2.667615  0.009296008     20071.87
        7354     1.001908     2.678602  0.003512069     20080.81
        7356       1.0023     2.686672  0.004880412     20089.15
        7358     1.002368     2.693354  0.007553978     20097.14
        7360     1.001783     2.706658  0.004077085     20100.83
        7362     1.001985     2.739033  0.003257703     20110.17
        7364     1.001791     2.719289 -0.0003282225     20111.54
        7366     1.002167     2.719415 -0.002299477     20116.21
        7368     1.001233     2.704032  0.001766148     20126.06
        7370     1.001086     2.720638 -0.005926146     20132.26
        7372     1.001065     2.733418 -0.004438106     20134.79
        7374     1.001216     2.672006  -0.01314033     20141.52
        7376     1.000863     2.668527  -0.02012198     20146.83
        7378     1.000383     2.615515  -0.01533004     20150.51
        7380     1.000284     2.572442  -0.01902178     20156.88
        7382     1.000161     2.549366  -0.01346344      20163.4
        7384    0.9995945     2.516353 -0.008976567     20166.22
        7386    0.9993833     2.507807 -0.006061978      20176.5
        7388    0.9998784      2.50063 -0.003573549     20180.24
        7390    0.9994973      2.50087 -0.001760238     20185.27
        7392    0.9994232     2.487765  0.001772654      20197.1
        7394    0.9982549     2.493726 0.0007851809        20198
        7396    0.9978253     2.514811  0.001404594     20204.83
        7398    0.9986863     2.507152 -0.0001555678     20215.48
        7400    0.9983521     2.499002 -0.002426944     20220.55
        7402    0.9973197     2.492481 -0.001586409      20222.3
        7404    0.9975684     2.495395 -0.0002834666     20232.11
        7406    0.9973446      2.49446 0.0006681407     20237.91
        7408    0.9975774     2.496734 -0.001518819     20243.44
        7410    0.9975084     2.497826 -0.0004100259     20248.57
        7412    0.9972901     2.483245 -0.0004953798     20256.22
        7414    0.9974886      2.49118 -0.002227959     20264.27
        7416    0.9967986     2.492771 -0.0009863643     20268.49
        7418     0.997398     2.480002 -0.003930439     20274.25
        7420    0.9973278     2.475354 -0.002963839     20278.68
        7422    0.9975853     2.459737 -0.001514254     20285.06
        7424    0.9972637      2.46906 -0.001839853     20289.43
        7426     0.996714     2.467888 -0.000911451     20294.57
        7428    0.9966066     2.460635 -0.002655846     20300.24
        7430    0.9962349     2.452445 -0.001837026     20308.01
        7432    0.9957786     2.447813 -0.001820501     20311.96
        7434    0.9965347     2.453192 0.0004925709     20321.04
        7436    0.9966491     2.446071  0.002181211     20327.52
        7438    0.9969854     2.456386 -0.0004437367     20331.77
        7440    0.9963322     2.465263  0.003632998     20333.38
        7442    0.9956818     2.449642  0.003084025     20340.12
        7444    0.9956588     2.475135  0.003019556     20348.53
        7446    0.9961261     2.481058  0.004424771     20353.13
        7448    0.9965833     2.489419  0.002406761     20356.83
        7450    0.9963709      2.48504 -0.001487973     20366.36
        7452    0.9961972     2.494389 -0.001783334     20372.17
        7454    0.9952762     2.469154 0.0009354287     20373.64
        7456    0.9961377     2.475153 -0.003348804     20380.43
        7458     0.995836     2.492524 -0.0009141964     20384.83
        7460    0.9959493     2.467599 -0.004322922     20393.66
        7462    0.9955632      2.46184  -0.00739304     20396.55
        7464    0.9951116     2.440569 -0.001274722     20399.86
        7466    0.9952602      2.43338 -0.001967943     20408.19
        7468      0.99521     2.457401 -0.006791036      20412.7
        7470    0.9958862     2.446097 -0.004104678     20419.24
        7472     0.994874     2.386241 -0.007091565     20421.37
        7474    0.9951984     2.400542 -0.007539941     20428.59
        7476    0.9946995     2.400668 0.0007401037     20434.04
        7478    0.9950602     2.385777 -0.003372427     20440.16
        7480    0.9951819     2.392162 -0.005177948     20445.59
        7482    0.9953331     2.373563 -0.001383866     20453.03
        7484    0.9955261     2.359245 -0.003844724     20457.25
        7486     0.995036     2.374706 -0.005987989     20462.91
        7488    0.9947231     2.361404  -0.00229042     20468.08
        7490    0.9947725     2.325659 -0.003620643     20470.85
        7492    0.9947456     2.340922 -0.003192154     20478.44
        7494    0.9944528     2.345741 -0.0005886986     20486.37
        7496    0.9938706     2.335867 -0.001298112     20485.13
        7498    0.9941724     2.320949 -0.002496696      20485.5
        7500    0.9942435     2.330537 -0.001915404     20493.69
        7502     0.993559     2.325768 0.0002518306     20502.84
        7504    0.9935336     2.320544 -0.001907739     20503.16
        7506    0.9938889     2.322964 -0.0007528364     20509.41
        7508    0.9942891     2.315275 -0.0001805798     20515.57
        7510    0.9938997     2.319745 -0.001283954     20518.26
        7512    0.9944843     2.319099 0.0002074564     20524.96
        7514    0.9940464     2.312692 -0.002539038     20527.85
        7516    0.9947813     2.316934  -0.00167786     20527.57
        7518    0.9951573     2.299433 -0.001649971     20514.32
        7520    0.9940803     2.305676 -0.003493622     20509.11
        7522    0.9954615     2.299492 -0.0005846818     20506.33
        7524    0.9955136     2.288985 -0.001159306     20469.52
        7526    0.9965908     2.294755 0.0003277101     20021.53
        7528    0.9931751     2.296402 0.0002658673     20377.24
        7530    0.9957908     2.302114 -0.001425793     20069.38
        7532    0.9944139     2.291112 -0.002322381     20452.66
        7534    0.9950991     2.283349 -0.001365471     20573.25
        7536    0.9953386     2.277823 -0.001445508     20551.97
        7538    0.9951322      2.29119 -0.0005990662     20553.35
        7540    0.9948885     2.279548 -0.002629771     20581.31
        7542    0.9946411     2.278556 -0.002885054     20601.96
        7544    0.9955573     2.256785 -0.002119545      20608.3
        7546    0.9953044      2.26811  -0.00274331     20608.88
        7548    0.9957337     2.262592 0.0009550918     20615.62
        7550    0.9955723      2.25661 -0.0006077121     20618.77
        7552     0.995246     2.264425 -0.001484187     20625.42
        7554    0.9960655     2.263248  0.001231518     20628.86
        7556    0.9958116     2.250718 -0.0005123384     20631.03
        7558    0.9954523     2.266462 3.408474e-05      20636.7
        7560    0.9955755     2.260327 -0.0003261598     20643.74
        7562    0.9956009     2.263521 0.0009566325     20651.05
        7564    0.9957566     2.248109 -0.001267195     20657.25
        7566    0.9959136     2.274115 -0.001276277     20660.28
        7568    0.9952574     2.250189 0.0001266085     20658.49
        7570    0.9951938     2.253311  -0.00423961     20670.13
        7572    0.9958942     2.249122 -0.002200154     20675.73
        7574    0.9951754     2.240198  -0.00140025     20677.18
        7576    0.9955796     2.232588 -0.005232405     20680.21
        7578    0.9948088     2.242109 -0.005644532     20680.87
        7580    0.9948859     2.207263 -0.002511949        20687
        7582    0.9952696     2.195042 -0.006068359     20693.08
        7584    0.9950874     2.212492 -0.003564719     20694.71
        7586    0.9956167     2.193562 -0.002149306     20697.83
        7588    0.9952444     2.178745 -0.004273451     20701.88
        7590    0.9949536     2.177847 -0.002126249     20700.98
        7592    0.9947231     2.178305 8.028408e-05     20706.78
        7594    0.9942265     2.176552 -0.0002464855     20712.72
        7596     0.995036     2.179387 -0.001800283     20716.39
        7598      0.99494     2.175876 -0.001242895     20716.81
        7600    0.9949362     2.163902  -0.00205724     20721.96
        7602     0.994528     2.166609 -0.0009306807     20729.59
        7604    0.9952137     2.162929 -0.001203611     20731.04
        7606    0.9946544      2.16843 -0.001331456     20732.76
        7608    0.9947441     2.154273 -0.0006373588      20735.4
        7610    0.9946835     2.155957  -0.00282497     20744.04
        7612    0.9940222     2.157831 -0.001526599     20743.53
        7614    0.9949052      2.14583  -0.00163403     20748.41
        7616    0.9945078     2.142061 -0.001878752     20752.14
        7618    0.9949868     2.142885 -0.002075416     20759.26
        7620    0.9953086       2.1428 -0.001718368     20761.56
        7622    0.9948315     2.129227 -0.001511472     20765.96
        7624    0.9948676     2.128314 -0.001348419      20769.7
        7626    0.9956772     2.130793 -0.0002432718     20771.81
        7628    0.9954446     2.132013 -0.000710418     20776.94
        7630    0.9955828     2.127281 -0.002245114     20782.36
        7632    0.9953311      2.12263 -0.002487312     20784.64
        7634    0.9957096     2.112832 -0.002725147     20793.07
        7636    0.9955167     2.112115 -0.002617256     20795.93
        7638    0.9955446      2.10548 -0.001939252     20799.44
        7640    0.9955096     2.101692 -0.001641641     20804.98
        7642    0.9961261     2.097318  -0.00172766     20805.87
        7644    0.9965105     2.098982 -0.001943196     20809.87
        7646     0.996108     2.091658 -0.001425551     20816.71
        7648    0.9963596     2.086147 -0.002062621     20820.44
        7650    0.9958998     2.085914  -0.00228049     20822.13
        7652    0.9961748     2.082481 -0.001013841     20827.58
        7654    0.9964221     2.073415 -0.001622067     20830.34
        7656    0.9966891     2.078036 -0.002152829     20836.19
        7658    0.9971641     2.072937 -0.000869527     20841.47
        7660    0.9974484     2.065258 -0.001102865     20845.86
        7662     0.996932     2.066458 -0.001455415      20850.6
        7664    0.9970429     2.069213   0.00060218     20851.02
        7666    0.9969889     2.061294 -0.002051443     20857.77
        7668    0.9973706     2.070075 -0.002050647     20859.69
        7670    0.9972821     2.050047 -0.001512556     20866.82
        7672    0.9974302     2.052808 -0.002983202      20866.8
        7674    0.9971918     2.049193 0.0007569735     20867.74
        7676    0.9973267      2.04621 -0.001890666     20875.49
        7678    0.9969361     2.056103 -0.0007525101      20877.4
        7680    0.9973096     2.037683 0.0002463648     20885.41
        7682     0.997231     2.043173 -0.002279606     20886.69
        7684    0.9973233     2.048181 -0.001323536     20888.18
        7686    0.9979999     2.037866 -0.0005981303     20895.14
        7688    0.9981389     2.027094 -0.002212594     20898.56
        7690    0.9978129     2.038388 -0.001187687     20904.91
        7692    0.9976576      2.03048 -0.0005388667     20902.99
        7694    0.9977561     2.028364 -0.002307884     20909.51
        7696     0.997307     2.022783  -0.00184766     20907.44
        7698    0.9985853     2.019925 -0.001214464     20918.15
        7700    0.9985682     2.015699 -0.001729607     20920.17
        7702    0.9979291     2.018649 -0.001362957     20922.42
        7704    0.9981954     2.008947 -0.001585935     20923.85
        7706    0.9981081     2.009022 -0.001786501     20927.89
        7708    0.9982172     2.003011 -0.0005497448     20934.26
        7710    0.9984733     2.004356 -0.001326942      20939.2
        7712    0.9987535     2.004549 -0.0003147279     20939.87
        7714    0.9989623     1.998406 -0.001453273     20948.85
        7716    0.9985896     2.000493 -0.001137284     20950.82
        7718    0.9986918      1.99273 -0.0005262594     20954.13
        7720    0.9988125      1.99545 -0.001409374     20958.85
        7722    0.9993643     1.994196 -0.0002041428     20959.85
        7724    0.9993547     1.989218 -0.001236516     20962.89
        7726    0.9991931     1.991097 -0.001341658     20967.26
        7728    0.9996636     1.985558 -0.0007962447      20969.7
        7730    0.9996431     1.983463 -0.002370293     20971.81
        7732    0.9996667     1.982848 -0.001056551     20979.49
        7734    0.9997437     1.972135 -0.0007748882     20979.65
        7736    0.9998259     1.977106 -0.001704966     20983.14
        7738    0.9996075     1.977264 -0.001453057     20985.09
        7740      1.00007     1.969209 -0.002088787     20987.31
        7742     1.000432      1.96051 -0.002226923     20992.89
        7744     1.000291     1.960395 -0.001857125     20993.49
        7746     1.000953     1.959448 -0.001343174     21002.59
        7748     1.000248     1.954352 -0.000871771     21000.85
        7750      1.00135     1.949765 -0.001908904     21008.89
        7752       1.0003     1.953421 -0.001289331     21010.34
        7754     1.001067     1.944177 -0.0006705908     21015.61
        7756     1.000804     1.944037 -0.002050882     21018.54
        7758     1.000989       1.9444  -0.00158822     21021.48
        7760     1.001237     1.937014 -0.001396325     21025.39
        7762     1.001069     1.931471 -0.001932044     21027.39
        7764     1.001071     1.932866 -0.001659069     21031.39
        7766     1.001238     1.928944 -0.002105462     21031.62
        7768     1.001005     1.923742 -0.001714138      21033.7
        7770     1.000835     1.914627 -0.002309307     21031.37
        7772     1.001297     1.919153 -0.002246229     21037.66
        7774     1.001485     1.910469  -0.00086328     21038.92
        7776     1.001113     1.905772 -0.001716555     21033.49
        7778     1.001006     1.907721 -0.0009704363     21031.41
        7780     1.001183     1.905421 -0.000708332     21025.23
        7782     1.001275     1.902706 -0.001776737     20996.14
        7784     1.002928     1.900105 -0.001018674     20836.17
        7786     1.004367     1.893507 -0.002359968     19844.42
        7788     1.002088     1.897271 -0.001966674     20067.48
        7790    0.9984354     1.883826  -0.00107944     20446.19
        7792     1.001498     1.884372 -0.001197506     21056.77
        7794     1.001554     1.884872 -4.199052e-05     21085.78
        7796      1.00116     1.887691 -0.0007535582     21086.47
        7798     1.001816      1.88349 -0.001411521     21096.18
        7800      1.00162     1.878343 -0.0008018351     21102.19
        7802      1.00181      1.87358 -0.001398943     21105.64
        7804     1.001983     1.881277 -0.001838649     21108.21
        7806     1.002312     1.872299 -0.001305846     21110.18
        7808     1.002436     1.863634 -0.002280944     21113.85
        7810     1.002153     1.863133 -0.001626876     21117.46
        7812     1.001912     1.863029 -0.001124761     21121.17
        7814      1.00202     1.859284 -0.001497762     21124.14
        7816     1.002329     1.854636 -0.001769225     21131.71
        7818     1.002223     1.851151  -0.00142212     21125.98
        7820     1.002652     1.848875 -0.001899192     21132.11
        7822      1.00336     1.847907 -0.001165293     21137.49
        7824     1.002871     1.839443 -0.001708755     21136.63
        7826     1.003111     1.841828 -0.002063502        21143
        7828      1.00306     1.835205 -0.0009482367     21140.43
        7830     1.003254     1.831399 -0.001828367     21146.53
        7832     1.003447     1.831857 -0.001738546     21151.08
        7834     1.003319     1.827202 -0.001148695      21149.6
        7836     1.003108     1.821297 -0.001420491      21154.5
        7838     1.003502     1.822209 -0.0005125157     21157.14
        7840     1.002993     1.820493 -0.000399123     21155.06
        7842     1.003295     1.823101 -0.001564281     21166.19
        7844     1.004071     1.818104 -0.0009500756     21168.44
        7846     1.004207     1.809695 -0.002969728     21169.18
        7848     1.003816     1.812892  -0.00193093     21170.94
        7850     1.004148     1.799344 -0.001166787      21176.6
        7852     1.003623     1.802657 -0.001536397     21177.76
        7854     1.003346     1.800361 -0.0007160635     21181.45
        7856     1.004202     1.800601 -0.001196651     21181.81
        7858     1.003806     1.793615 -0.001155714     21184.41
        7860     1.003861     1.793083 -0.001848671     21185.86
        7862     1.004284     1.791115  -0.00200103     21192.35
        7864     1.003889     1.785812 -0.001027378     21191.39
        7866     1.004244     1.777607 -0.001792102     21196.87
        7868     1.004426     1.784864 -0.001202614     21201.76
        7870     1.004288     1.776778 -0.001782805     21200.09
        7872     1.004131     1.776191 -0.002230223      21206.9
        7874     1.004438     1.763344 -0.001329206      21210.9
        7876     1.004281     1.767023 -0.001102372     21208.04
        7878     1.004467     1.766144 -0.0009511948     21215.68
        7880     1.004377     1.767372 -0.001515672      21216.6
        7882     1.004069     1.755735 -0.001595918     21222.42
        7884     1.004771     1.754897 -0.002093935     21224.35
        7886       1.0049     1.753377 -0.001695732     21226.65
        7888     1.004262      1.75062  -0.00152372     21227.82
        7890     1.005039     1.742169 -0.001511023     21234.97
        7892     1.005096     1.742707 -0.001854444     21236.86
        7894     1.004897     1.741289 -0.0008516012     21239.41
        7896     1.004641     1.735785 -0.001654644     21240.54
        7898     1.005029     1.735356  -0.00181082     21246.08
        7900     1.004774      1.72947 -0.001685019     21244.35
        7902     1.004729     1.726802 -0.001740873      21247.9
        7904     1.005209     1.722304 -0.001756157     21255.22
        7906      1.00515     1.721429 -0.001266384      21255.8
        7908     1.005122     1.715421 -0.0009555299     21259.64
        7910     1.004908     1.716671 -0.001610982     21266.41
        7912     1.004239      1.71466  -0.00139577     21266.48
        7914     1.005232     1.708541 -0.001406331     21227.88
        7916     1.005631     1.704255 -0.001893636     20955.36
        7918     1.004912     1.705421 -0.001597245     20547.32
        7920     1.005073     1.699511 -0.001382465     20966.72
        7922     1.005427     1.695763 -0.001849453     21204.93
        7924     1.005272     1.693195 -0.001006198     21239.62
        7926     1.005507     1.690625 -0.001138375     21254.35
        7928     1.005101     1.691462 -0.001006624     21262.94
        7930     1.005077     1.686656 -0.0007461476     21264.45
        7932     1.005674     1.685142 -0.001471294        21272
        7934     1.005088     1.684656 -0.001504338     21276.25
        7936     1.005216     1.679691 -0.001192776     21278.87
        7938     1.005529     1.674622 -0.001722229     21285.36
        7940     1.005765       1.6756 -0.001030527     21287.25
        7942     1.005717     1.670878 -0.001269206     21290.21
        7944     1.005599     1.671447 -0.001458867     21293.25
        7946     1.005478     1.664468 -0.001230254     21299.88
        7948     1.005399     1.663929 -0.001296958     21298.86
        7950      1.00521     1.661036 -0.001039812     21301.91
        7952     1.005557     1.661071 -0.001533849     21304.49
        7954     1.005698     1.656149 -0.0008599724     21308.14
        7956     1.005422     1.651658 -0.0007820793     21306.25
        7958     1.005404     1.654156 -0.0008531617     21314.11
        7960     1.005713     1.654815 -0.001122094     21316.34
        7962     1.005595     1.649324  -0.00166947      21318.6
        7964     1.006063     1.642681 -0.001747995     21322.87
        7966     1.005925       1.6408 -0.001580124     21322.36
        7968     1.005469     1.640831 -0.0008430434     21326.49
        7970     1.005439     1.636683 -0.001607965     21331.23
        7972     1.005724     1.635937 -0.001377072     21332.79
        7974     1.005726     1.627937 -0.001873336     21333.12
        7976     1.005766     1.629814 -0.001680299        21335
        7978     1.005593     1.621697 -0.001145204     21337.46
        7980     1.005211     1.622495 -0.001816663     21339.16
        7982     1.005497     1.618775 -0.0009193925     21341.88
        7984      1.00544     1.615281 -0.001105091     21346.59
        7986     1.005642     1.614341 -0.001092891      21343.9
        7988     1.005956     1.613654 -0.0008710122     21351.35
        7990     1.005268     1.610032 -0.001248444     21348.59
        7992     1.005291     1.608313 -0.001539685     21348.77
        7994      1.00556     1.604354 -0.001916639     21356.05
        7996     1.005908     1.601336 -0.001591611     21358.51
        7998     1.005522     1.594699 -0.001414213     21359.41
        8000      1.00545      1.59558 -0.001603919     21362.17
        8002     1.005674      1.59304 -0.0008422857     21362.18
        8004     1.005511     1.588505  -0.00114256     21361.35
        8006     1.005632     1.587961 -0.001093151     21368.34
        8008     1.005684     1.586439 -0.001229636     21366.66
        8010     1.005639     1.584295  -0.00188581     21369.98
        8012     1.005855     1.578668 -0.001921304     21376.77
        8014     1.005401     1.572874 -0.001674322     21376.32
        8016     1.005565     1.571069 -0.001107415     21374.81
        8018     1.005242       1.5709 -0.001327025     21377.94
        8020     1.005145     1.569809 -0.0005631693     21381.54
        8022     1.005606     1.562258 -0.001382908     21382.15
        8024     1.005506     1.566564 -0.001380193     21385.38
        8026     1.005233     1.559837 -0.0004316946     21391.01
        8028     1.005113     1.558767 -0.001862074     21384.67
        8030     1.004742     1.558804 -0.0006267242     21387.86
        8032     1.004894     1.551667 -0.001088143     21392.24
        8034     1.005468     1.554823 -0.002036359     21394.06
        8036     1.005317     1.550062 -0.0009657525     21395.94
        8038     1.005143     1.542513 -0.001464613     21400.06
        8040     1.004845     1.543941 -0.001790038     21397.37
        8042     1.004861     1.543106 -0.001215891     21402.51
        8044     1.004642     1.535742 -0.001082119     21402.69
        8046     1.004537     1.532786  -0.00182428     21406.04
        8048     1.004904     1.535284  -0.00109876     21407.87
        8050     1.004542     1.528512 -0.001298844     21412.85
        8052     1.004512     1.526952 -0.001975426      21410.6
        8054     1.004714     1.522396  -0.00115777     21416.82
        8056      1.00399     1.519481 -0.001211582     21419.84
        8058     1.004025      1.51925 -0.001557731     21421.03
        8060     1.003166     1.517259 -0.001234805     21420.52
        8062     1.003884     1.509934 -0.001368037     21426.32
        8064     1.003566     1.509602 -0.001316699     21426.24
        8066     1.003768     1.508306 -0.001375109      21426.5
        8068     1.003179     1.506725 -0.001714496      21427.6
        8070     1.003021     1.498933 -0.001664046      21431.4
        8072     1.003347     1.495886 -0.001283404     21433.94
        8074     1.003371     1.494993 -0.0006776123      21436.5
        8076     1.002858     1.496458 -0.001322535     21437.24
        8078     1.002956     1.493512 -0.001396868      21436.4
        8080     1.002751     1.485306 -0.001627917     21435.13
        8082     1.002533     1.483818 -0.001563146     21443.62
        8084      1.00263     1.483435 -0.001344325      21438.8
        8086     1.002499     1.481007 -0.001217363     21440.66
        8088     1.002485     1.474551 -0.001033539     21445.92
        8090      1.00215     1.474079 -0.001070105     21445.43
        8092     1.002042     1.475166 -0.0004013587      21446.4
        8094     1.002007     1.472446  -0.00104848     21448.45
        8096     1.001723      1.47134 -0.001323844      21449.5
        8098     1.002295     1.465692 -0.001182236     21456.57
        8100     1.001637     1.464576 -0.001973033     21457.84
        8102     1.001685     1.462988 -0.001375691     21452.77
        8104     1.001618     1.455556 -0.001420971     21459.24
        8106     1.001511     1.454686 -0.001279471     21460.78
        8108     1.001634     1.453208 -0.000519297     21462.16
        8110     1.001217     1.452752 -0.0009057695     21459.55
        8112     1.001308     1.451402  -0.00131164     21462.99
        8114     1.001138      1.44744 -0.001581443     21464.35
        8116     1.000924     1.442715 -0.001639511     21467.54
        8118     1.001014     1.440101 -0.001281415     21469.25
        8120     1.001119     1.438286   -0.0010717      21471.7
        8122     1.001096     1.437189 -0.001106039      21469.3
        8124     1.000528     1.434141 -0.001185281     21470.23
        8126     1.000389     1.431252 -0.001659035     21467.95
        8128     1.000248     1.428803 -0.001000754     21470.61
        8130     1.000185     1.423916 -0.001352621     21474.29
        8132    0.9999883     1.426135  -0.00113063     21473.32
        8134    0.9995251     1.420431 -0.0007223059     21473.46
        8136    0.9995964     1.419758 -0.001419027     21473.73
        8138    0.9995918     1.418138 -0.0009900899     21478.19
        8140    0.9991817     1.414783 -0.001433936     21479.63
        8142    0.9990495     1.412511 -0.001354997     21479.77
        8144    0.9992327     1.408287 -0.001506414     21479.74
        8146    0.9993459     1.407298 -0.001252802     21481.83
        8148    0.9992094     1.402732 -0.000966929     21477.72
        8150    0.9989096     1.402488  -0.00151249     21483.21
        8152    0.9989676     1.400552 -0.000939937     21480.66
        8154     0.998843     1.395198 -0.001412073     21488.08
        8156     0.998408     1.395212  -0.00124811     21488.17
        8158    0.9982999     1.391192 -0.0009695259     21485.27
        8160    0.9982539     1.390567 -0.001673882     21486.97
        8162    0.9979594     1.387442 -0.001322083      21489.5
        8164    0.9976656     1.381821  -0.00105014     21487.87
        8166    0.9976038     1.380615 -0.001547729     21494.74
        8168    0.9972766     1.382166 -0.0007875167     21489.11
        8170    0.9973613      1.37506 -0.001129636     21494.49
        8172    0.9967944     1.375521 -0.002127317     21494.55
        8174    0.9966909     1.371578 -0.001058999     21492.86
        8176    0.9962082     1.365147 -0.001339336     21496.75
        8178    0.9959362     1.366588 -0.001447022      21496.3
        8180     0.996332     1.364806  -0.00120849     21502.23
        8182    0.9959657     1.360002 -0.001337112     21501.47
        8184     0.995472     1.355479 -0.0008597664     21501.68
        8186    0.9951749     1.355891 -0.001040266     21501.68
        8188    0.9948626     1.357928 -0.000656959     21502.11
        8190    0.9948386      1.35168 -0.001338589     21502.88
        8192    0.9949353     1.350223 -0.001628942     21508.81
        8194    0.9948198     1.345182 -0.001212741     21510.78
        8196    0.9942986     1.344897 -0.001367773      21509.8
        8198    0.9939198     1.341978 -0.0009894787     21509.67
        8200    0.9941528     1.339281 -0.0007531722     21509.09
        8202    0.9935752     1.337267 -0.001440996     21508.43
        8204    0.9932296     1.338871  -0.00131425     21512.36
        8206    0.9936456      1.33045 -0.001377461     21509.49
        8208    0.9935839     1.328767 -0.002083331     21511.85
        8210    0.9931029     1.326247 -0.0008791294     21514.83
        8212    0.9928967     1.322205 -0.0009877422     21513.81
        8214    0.9925253     1.323417 -0.001111074     21516.22
        8216    0.9921245     1.320865 -0.001062835     21512.82
        8218     0.991808     1.317358 -0.001527419     21515.87
        8220    0.9919755     1.313702 -0.001383357     21520.13
        8222    0.9918242     1.311197 -0.001064772     21520.44
        8224    0.9916349     1.309798 -0.001341968     21523.03
        8226    0.9914761      1.30884 -0.001032273     21521.02
        8228    0.9911315     1.302966 -0.001176598     21522.29
        8230    0.9912088     1.302939 -0.001080205     21525.35
        8232    0.9907879     1.300386 -0.001046329     21527.19
        8234    0.9903662     1.300198 -0.001239231     21526.84
        8236    0.9900091     1.294596 -0.001195636     21524.58
        8238    0.9898639     1.293025 -0.001764443     21525.77
        8240    0.9895954     1.290821 -0.001061409     21527.56
        8242    0.9895787     1.286083 -0.001024989     21525.01
        8244    0.9896517     1.286104 -0.001067153     21523.66
        8246    0.9895996     1.284825 -0.0009256088     21533.15
        8248    0.9891626     1.282283 -0.001452003        21531
        8250    0.9888241     1.278678 -0.001937107     21527.21
