# This file has been produced by extranormal (v 1.0.1 - February 23, 2017)
# O. Roudenko - Synchrotron SOLEIL. Covered by GPL licence.
#Data from HDF File: /nfs/ruche-rock/rock-soleil/com-rock/2021/Projets/20210209_Hilde/InSitu/10Ni-10Fe_50BN/10Ni-10Fe_50BN_RWGS750_CO2pulses_H2cst_ratio1/10Ni-10Fe_50BN_RWGS750_CO2pulses_H2cst_ratio1_00996.nxs to 10Ni-10Fe_50BN_RWGS750_CO2pulses_H2cst_ratio1_00997.nxs
#Time at start=2021-02-10 14:42:38.997
#Time from start (seconds)=4979.23041165
#Sample temperature (C)=24.7
# Normalization -------------
# pivot spectrum: Pivot_Fe_10Ni-10Fe_50BN_RT_air_av2000_00001.txt
# E0=7112.0   Eshift=1.59882077586
# E0_pivot = 7112.0
# pre-edge params: from E0_pivot-140.0 to E0_pivot-20.0
# pre-edge range: [6972.0, 7092.0]
# post-edge params: from E0_pivot+100.0 to E0_pivot+1140.0
# post-edge range: [7212.0, 8250.0]
# I jump at E0_pivot = 1.24773166327
# shifted energy	normalized	reference	ref.derivative	I0
        6970  0.001925222      1.66786  0.005206157     18812.37
        6972  0.001925222      1.66786  0.005206157     18812.37
        6974  0.001741535     1.676767  0.001835947     18821.62
        6976  0.001714442     1.673249 -0.0001205262     18828.91
        6978  0.001459524     1.668947 -0.002012233     18838.89
        6980  0.001107326     1.666896 -0.001747226     18846.76
        6982  0.001117252     1.660669 -0.001473996     18856.47
        6984  0.001333628     1.659271 -0.001741425     18863.38
        6986 0.0007923817     1.657155 0.0001846977     18869.13
        6988   0.00049572     1.652965 -0.002319347     18874.52
        6990 0.0007995404     1.662147 -0.001896953     18883.23
        6992 0.0003017613     1.640716 -0.002249251     18887.51
        6994 0.0003038065      1.64198 -0.003247335     18895.68
        6996 -9.740538e-05     1.634971 -0.001108351     18905.51
        6998 -0.0001510752     1.636168 -0.001203688     18912.26
        7000 7.300536e-05     1.631849 -0.0003258454     18922.75
        7002 -0.0002693293      1.63235 -0.0008441633     18930.01
        7004 -0.0004045008     1.632364 -0.0007901356     18939.18
        7006 -0.0002545032     1.629415 -0.001362973     18945.06
        7008 -0.0002419559     1.625528 -0.002177081     18955.25
        7010 -0.0005133916     1.621446  -0.00261958     18962.61
        7012 -0.0006012439     1.614947 -0.002058003     18971.64
        7014 -0.0009143485     1.608458 -0.002032341     18978.18
        7016 -0.0008309513     1.609064 -0.001607771     18987.01
        7018 -0.0007168433     1.605188 -0.002636273     18993.01
        7020 -0.0004217349     1.602085 -0.002014735     19001.58
        7022 -0.0008410326     1.587368 -0.001678347     19006.58
        7024  -0.00103792     1.592946 -0.001940835     19018.67
        7026 -0.001005447     1.591761 0.0002180566      19027.5
        7028 -0.001136941     1.586559 -0.000358221     19035.11
        7030 -0.0007000746     1.589112 -0.0007728917     19043.62
        7032 -0.001053323     1.590081 -0.0008012745     19050.99
        7034 -0.001024039     1.585578  -0.00194204     19057.29
        7036 -0.001206755     1.580148 -0.002231859     19066.76
        7038 -0.0008698558     1.573576 -0.001921418     19070.79
        7040 -0.0009225586     1.572226 -0.001855908     19079.49
        7042 -0.0008979234     1.570206 -0.001542761     19090.92
        7044 -0.0007839326     1.565301 -0.001527968     19098.75
        7046 -0.0006062109     1.561234 -0.001908661     19105.79
        7048 -0.0007236875     1.560002 -0.001809429     19113.25
        7050 -0.001064076     1.554937 -0.001126448     19121.37
        7052 -0.0005150933     1.550826 -0.001094317     19128.16
        7054 -0.0007419397     1.552222 -0.001252113     19138.94
        7056 -0.0004642184     1.551248 -0.001236993     19149.07
        7058 -0.0003822247      1.54492 -0.002305687     19159.11
        7060 -0.0002911383      1.54093 -0.002315146     19169.33
        7062 -0.0003532424     1.533777 -0.0004310178     19176.38
        7064 -4.27027e-05     1.532726 -0.001098881     19183.95
        7066 -0.0003678533     1.541472 -0.0002468064     19189.38
        7068 -0.0006427345     1.532139 -0.0009023981     19191.75
        7070 -0.0001122078     1.531802 -0.002002663     19202.42
        7072 -0.0001726605     1.525507 -0.001756191     19209.95
        7074 5.852767e-05     1.525451 -0.002587408     19218.02
        7076 0.0001802943     1.518089 -0.001484489     19224.72
        7078 0.0006037179     1.511103 -0.001870265     19235.36
        7080 0.0006996498     1.513631  -0.00106132     19243.88
        7082  0.001007565     1.510489 -0.0004867619     19248.43
        7084  0.001125106     1.509599 -0.001386336     19255.82
        7086    0.0015604     1.507209 -0.001035615     19262.22
        7088  0.001729378     1.502541 -0.001264935     19270.03
        7090  0.002400376     1.502204 -0.0007452049     19279.56
        7092  0.003166357     1.499479 -0.0009477692     19286.38
        7094  0.003808301     1.501247 -0.001130623      19296.9
        7096  0.004351268     1.494958 -0.0004592308     19300.18
        7098  0.005052094     1.493159 -0.0007155491     19306.89
        7100  0.006140571     1.495805 0.0003095832     19318.31
      7100.2  0.006262876     1.495733   0.00039423     19319.52
      7100.4  0.006385181      1.49566 0.0004788769     19320.74
      7100.6  0.006507486     1.495588 0.0005635238     19321.95
      7100.8  0.006629791     1.495516 0.0006481707     19323.17
        7101  0.006752096     1.495443 0.0007328175     19324.38
      7101.2  0.006874401     1.495371 0.0008174644      19325.6
      7101.4  0.006996705     1.495299 0.0009021113     19326.81
      7101.6  0.007118332     1.495234 0.0009753957     19328.01
      7101.8  0.007127818     1.496455 -0.0008857373     19326.52
        7102  0.007501334      1.49678 -0.005863858     19328.67
      7102.2   0.00751707     1.493706 -0.005861241     19327.19
      7102.4  0.007572093     1.490543 -0.005537099     19328.78
      7102.6  0.007698719     1.491766 -0.005123436     19325.79
      7102.8  0.007873204      1.49235 -0.001507086     19328.11
        7103   0.00795999     1.489607 -0.002653319     19329.28
      7103.2  0.008193501     1.489337 -0.001553101     19332.66
      7103.4  0.008128942     1.489643  0.005016332     19331.55
      7103.6  0.008347755     1.491107 0.0001305453     19333.31
      7103.8  0.008250281      1.49362  0.005521702     19333.61
        7104  0.008502816     1.489441  0.004953463     19333.08
      7104.2  0.008944939      1.49406  0.004353108     19337.05
      7104.4  0.009262632      1.49507  0.009660131     19337.23
      7104.6   0.00923923     1.497102 -0.0008269845     19337.83
      7104.8  0.009573715      1.49717 -0.002067754     19339.75
        7105   0.01003075     1.493399  -0.00347554     19341.17
      7105.2   0.01039319     1.493416  -0.00298064     19344.58
      7105.4   0.01043215     1.494322  0.002354341     19341.88
      7105.6   0.01050218     1.494785  0.002576489     19343.45
      7105.8   0.01073422     1.495282  0.002982691     19344.52
        7106   0.01091362     1.495477  0.003194382     19343.85
      7106.2   0.01126393     1.496708 4.297055e-05     19344.56
      7106.4   0.01161882     1.497341 -0.0002410604     19344.71
      7106.6   0.01219316     1.495317  0.002463771     19345.22
      7106.8   0.01273733     1.495284  0.003970265     19346.94
        7107   0.01301338     1.498679  0.004008991     19350.06
      7107.2    0.0132486     1.500517  0.004766824     19350.63
      7107.4   0.01388947     1.498524  0.002759907     19352.92
      7107.6    0.0142419     1.499098  0.004157057     19352.69
      7107.8   0.01438047     1.500887  0.008920168     19349.73
        7108   0.01499082     1.503842    0.0119623     19350.58
      7108.2    0.0156623      1.50566   0.01479211     19352.27
      7108.4   0.01620907     1.508668   0.01138744     19352.47
      7108.6   0.01682628     1.512721  0.007111552     19352.83
      7108.8   0.01748646     1.512952  0.005950734     19351.98
        7109   0.01824078     1.511349  0.003837353     19350.88
      7109.2   0.01912633     1.513428  0.005140255      19350.4
      7109.4   0.02025578     1.515791   0.01475312     19350.03
      7109.6   0.02143704     1.517065   0.01862496     19350.56
      7109.8   0.02251963     1.523152   0.02301721     19351.76
        7110   0.02395477     1.528328   0.03087942     19354.19
      7110.2   0.02568888     1.534204    0.0388014     19354.38
      7110.4   0.02768481     1.541768   0.05115833     19352.41
      7110.6   0.02987581     1.554193   0.06239519     19352.19
      7110.8   0.03246469     1.569255   0.08108284     19351.33
        7111   0.03656376      1.58412    0.1007976     19350.93
      7111.2   0.04177344     1.606634    0.1149569     19355.89
      7111.4   0.04745358     1.634831    0.1322057      19353.7
      7111.6   0.05414061      1.66122    0.1455098     19346.79
      7111.8   0.06255339     1.689885    0.1490472     19345.52
        7112   0.07188944     1.723042    0.1586914     19345.35
      7112.2   0.08163142     1.754069    0.1578022     19343.86
      7112.4   0.09132595     1.788173    0.1473914     19340.45
      7112.6    0.1004063     1.816127    0.1427335     19337.45
      7112.8    0.1091846     1.840955       0.1263     19335.93
        7113    0.1171933     1.868255    0.1102662     19335.74
      7113.2    0.1241058     1.889213    0.1027429     19335.64
      7113.4    0.1306163      1.90434   0.08375533      19335.5
      7113.6    0.1367172      1.92315   0.07808623     19333.62
      7113.8    0.1427161      1.93526   0.08153018     19335.99
        7114    0.1482668     1.951682   0.06999196     19335.69
      7114.2    0.1535259     1.969564   0.07002059     19336.65
      7114.4    0.1579226     1.979143   0.06765924     19337.13
      7114.6    0.1617873     1.991276   0.06554642     19337.36
      7114.8    0.1648616      2.00581   0.06772841      19336.9
        7115    0.1674622     2.022001   0.06267789     19336.53
      7115.2    0.1698034     2.033326    0.0545308     19337.59
      7115.4    0.1720753     2.041418    0.0478548     19333.91
      7115.6    0.1747174     2.049434   0.05005108     19337.57
      7115.8    0.1768528     2.060285   0.05092733     19335.59
        7116    0.1800812     2.073367   0.05392086      19336.1
      7116.2    0.1845716      2.08216   0.05492546     19339.39
      7116.4    0.1891596     2.092571   0.04127687     19339.38
      7116.6    0.1941251     2.104225   0.02559977     19335.67
      7116.8    0.2002696     2.106388   0.01196973     19335.59
        7117    0.2072773      2.10264  0.007886253     19336.26
      7117.2     0.215088     2.102147 -0.007095257     19338.87
      7117.4    0.2239332     2.110534 -0.009063003     19339.36
      7117.6    0.2338216     2.100712  0.005176774     19337.87
      7117.8    0.2453581      2.09539   0.01708286     19337.76
        7118    0.2580965     2.106288   0.05895665     19336.63
      7118.2    0.2719548     2.124201   0.08978851     19338.44
      7118.4    0.2873688     2.147877    0.1000164     19338.22
      7118.6    0.3041429     2.167221    0.1131826     19337.16
      7118.8    0.3223146     2.186302    0.1073291     19340.46
        7119    0.3420972     2.214747    0.1129845     19341.62
      7119.2    0.3638794     2.233741    0.1427525     19339.49
      7119.4    0.3872475     2.257608     0.116224     19339.17
      7119.6    0.4111954     2.300504    0.1022199     19340.49
      7119.8    0.4355322     2.307726    0.1225173     19339.07
        7120    0.4600066     2.315517    0.1075274     19338.77
      7120.2      0.48372     2.355622    0.1029787      19337.5
      7120.4    0.5064651     2.386525     0.109902     19335.04
      7120.6    0.5285681     2.390109   0.09962585     19336.24
      7120.8     0.548598     2.403438    0.1096679     19336.03
        7121    0.5667548     2.435323    0.1582501     19334.68
      7121.2    0.5837867      2.47426    0.1595695     19337.44
      7121.4    0.5992067     2.516709     0.148404     19337.82
      7121.6    0.6143329     2.531094    0.1172322     19335.84
      7121.8    0.6287751     2.554046   0.09110205     19336.83
        7122    0.6429264     2.568046   0.08660351     19335.68
      7122.2     0.657083      2.58959   0.08764801     19333.93
      7122.4    0.6719558     2.600377      0.12003     19333.14
      7122.6    0.6876152     2.624164    0.1256702     19333.29
      7122.8     0.704379      2.66407   0.09308161     19334.64
        7123     0.721367     2.690127   0.09657654     19334.47
      7123.2    0.7388935     2.674842   0.07011703     19334.89
      7123.4    0.7564416     2.701426   0.07873575     19333.64
      7123.6    0.7739271     2.720163   0.09994873     19334.38
      7123.8    0.7926391     2.753115   0.08869183     19333.97
        7124    0.8105794     2.754801   0.04979791     19332.94
      7124.2    0.8281663     2.772379   0.02294773     19333.05
      7124.4    0.8457553     2.760002    0.0645432     19330.85
      7124.6    0.8628749     2.771473   0.05102812     19330.27
      7124.8    0.8799164     2.806435   0.02856589     19331.67
        7125    0.8950254     2.813202   0.01040211     19327.15
      7125.2    0.9088591     2.782854    0.0239658     19327.04
      7125.4    0.9220782     2.779795  0.005128479     19327.79
      7125.6    0.9345642     2.825608   0.01818947      19327.2
      7125.8    0.9463092     2.817304   0.05976166     19328.46
        7126    0.9582567     2.797406 0.0004545363     19328.03
      7126.2    0.9700723     2.827604   0.02194663     19326.97
      7126.4    0.9814492     2.825972   0.07032129     19326.27
      7126.6    0.9926772     2.834862   0.02949244     19323.92
      7126.8     1.004572     2.853663   0.02950047     19323.01
        7127     1.016694     2.851198   0.04022976     19320.99
      7127.2     1.028982     2.849572  0.009671138     19320.45
      7127.4     1.041584     2.867045   0.01450099     19322.83
      7127.6     1.055242       2.8614   0.06849762     19322.39
      7127.8     1.069733     2.862799   0.08923285     19320.64
        7128     1.083624      2.90437    0.1762282      19320.5
      7128.2     1.098231     2.938432    0.1679768     19320.33
      7128.4     1.113101     3.002382   0.06027097     19319.15
      7128.6     1.127054     2.997181   0.01932109      19319.1
      7128.8     1.140654     2.952587  -0.07366349     19318.09
        7129     1.153891     2.953889  -0.06259968     19317.08
      7129.2      1.16631     2.943452   0.03778435     19316.74
      7129.4      1.17696     2.947101   0.04217848     19316.61
      7129.6     1.186417     2.982814   0.09574733     19317.68
      7129.8     1.194292     2.987631     0.142665     19313.91
        7130     1.199931     3.020049   0.08066543     19312.81
      7130.2     1.204752     3.061233   0.02097091     19313.92
      7130.4     1.208545     3.047347   0.04304549     19311.57
      7130.6     1.211442     3.004408  -0.02914399     19309.92
      7130.8     1.212358     3.054486   0.09936141     19305.58
        7131      1.21342     3.037918    0.0452407     19305.83
      7131.2     1.213804     3.126836  -0.01631177     19304.07
      7131.4      1.21346     3.040601    0.1121629     19304.71
      7131.6     1.213551     3.041436   0.02686539     19306.72
      7131.8      1.21293     3.127648    0.1906309      19304.6
        7132     1.212434     3.148328   0.09392036     19303.27
      7132.2     1.212747     3.193105   0.07584147     19302.27
      7132.4     1.211933     3.116573    0.0681817     19303.92
      7132.6      1.21151     3.188321   0.03730373     19303.52
      7132.8     1.209532     3.202874   0.02838068     19303.43
        7133     1.208006     3.222948   -0.0812881      19306.3
      7133.2     1.204667     3.139277  -0.06088052     19304.15
      7133.4     1.200993     3.123291   -0.1171519     19304.66
      7133.6      1.19592     3.154169  -0.06278653     19304.44
      7133.8     1.189681     3.129227  -0.05910298     19303.66
        7134     1.183531     3.089048     -0.12416     19305.79
      7134.2     1.176717     3.076008   -0.1499479     19305.67
      7134.4     1.169576     3.054841   -0.1520319     19306.76
      7134.6     1.162348     3.009268  -0.08887604     19310.18
      7134.8     1.154729     2.967422    -0.102637     19310.78
        7135     1.146887     3.004907  -0.09768462     19314.05
      7135.2     1.139315     2.972732  0.007935083     19314.46
      7135.4     1.132185     2.931121  -0.06092336     19314.15
      7135.6     1.125587     2.973771  -0.04412861     19315.64
      7135.8     1.119282     2.956169   0.03523559     19314.54
        7136     1.113048     2.937429  -0.02470049      19316.1
      7136.2     1.106771     2.959309  -0.05968491      19317.7
      7136.4      1.10086      2.95401  -0.03020409     19318.73
      7136.6     1.095552     2.908421  -0.05220421     19316.09
      7136.8     1.089992     2.913265  -0.07022207     19311.58
        7137     1.085098     2.917546 -0.003594018     19303.34
      7137.2     1.080104     2.897833 -0.004534408     19288.07
      7137.4     1.075686     2.905546 -0.008946689     19265.22
      7137.6     1.071615     2.909638   0.01188083      19232.4
      7137.8     1.068865     2.910389   0.04626281     19190.53
        7138     1.065421     2.907337    0.0597241     19146.37
      7138.2     1.062682     2.942556   0.07683107     19109.42
      7138.4     1.059372     2.957417   0.01907227     19086.26
      7138.6     1.056261     2.971853  -0.03963048     19076.26
      7138.8     1.053167     2.922595 -0.006274097     19084.82
        7139     1.050572     2.910851  -0.03115439     19105.01
      7139.2     1.048185     2.952398   0.04355329     19130.04
      7139.4     1.046632      2.94693   0.03432077     19158.21
      7139.6     1.045672     2.957438 -0.003428743     19187.28
      7139.8     1.043946     2.938308   0.04163547     19215.18
        7140     1.042807     2.949655   0.04294829     19239.87
      7140.2     1.041991     2.980238   0.03472307     19263.56
      7140.4     1.041069     2.991796 -0.008354928     19287.49
      7140.6     1.040427     2.966087  -0.08854636     19301.68
      7140.8     1.039764     2.942971  -0.05573153     19311.14
        7141     1.039214     2.909401 -0.0006963523     19313.94
      7141.2     1.039079     2.947211   0.03218166      19313.8
      7141.4     1.038305     2.965529    0.0742227     19311.74
      7141.6     1.037731     2.968716  0.009983527     19303.12
      7141.8     1.037513     2.968779  0.008932097     19285.11
        7142     1.036641     2.955198  0.004800162     19256.31
      7142.2     1.035458     2.972675  -0.03029615     19219.29
      7142.4     1.034243     2.972556  0.002403003      19178.5
      7142.6     1.033068     2.944542  -0.01141643      19137.9
      7142.8     1.032296      2.95712  -0.04462217     19102.33
        7143     1.031965     2.963542  0.009770513     19079.53
      7143.2     1.031337     2.936859   0.02148598     19074.73
      7143.4     1.030118     2.952359   0.01660116     19085.27
      7143.6      1.02904     2.974309   0.04318166      19110.7
      7143.8     1.028153     2.976823  0.006091193     19150.41
        7144     1.027245     2.971404   0.02764936     19194.04
      7144.2     1.026418     2.957232 0.0005712894     19233.99
      7144.4     1.025918     2.996429   0.01107479     19268.78
      7144.6     1.024687      2.97728  -0.02475951     19294.25
      7144.8     1.023261     2.980264  -0.05309671     19308.95
        7145      1.02229     2.937424   -0.0804771     19320.02
      7145.2     1.020683     2.953951  -0.05698448     19324.22
      7145.4     1.019146     2.912898  -0.01137177     19330.57
      7145.6     1.017336     2.934676   0.02747882     19332.81
      7145.8     1.016111     2.928327   0.04642219     19339.02
        7146     1.014453     2.975934   0.04099436      19343.5
      7146.2     1.012391     2.950036   0.04013175     19347.58
      7146.4     1.010455     2.967472   0.03713711     19347.61
      7146.6     1.009099     2.960432    0.1386853     19349.78
      7146.8     1.007566     3.005644   0.08270461     19352.39
        7147     1.005495     3.060984   0.08515218     19355.33
      7147.2     1.002458     3.033635   0.06567688     19358.37
      7147.4    0.9994045     3.028554  -0.03774612     19361.25
      7147.6    0.9968992     3.058185   -0.0431929     19364.42
      7147.8    0.9940396     3.030787  -0.03643484     19366.63
        7148    0.9907932     2.999081  -0.04932021     19365.23
      7148.2    0.9882299     2.999406  -0.03866997     19366.36
      7148.4    0.9852364     3.018729  0.001641524     19367.09
      7148.6    0.9822547     2.999851   0.06105714     19369.78
      7148.8    0.9789321     3.000394   0.01708935      19372.8
        7149    0.9752721     3.048252   0.03311945      19373.1
      7149.2    0.9721059     3.032401   0.04763267     19374.43
      7149.4    0.9689017     3.026347  -0.01797037     19376.46
      7149.6    0.9657148       3.0385   0.02115194     19377.27
      7149.8    0.9631593     3.033875   0.01411892        19378
        7150    0.9607196     3.049322  0.009390769     19380.34
      7150.2    0.9575508     3.037642   0.05088169     19381.75
      7150.4    0.9541403     3.046013   0.05048293     19381.59
      7150.6     0.951622     3.074581    0.0199089     19383.61
      7150.8    0.9496047     3.089709  0.004835119     19386.01
        7151    0.9470605     3.053569  -0.03928768     19387.99
      7151.2    0.9448429     3.049881  -0.03479501     19389.75
      7151.4    0.9425569     3.043151   0.01794744     19389.34
      7151.6    0.9408467     3.061873   0.05332472     19387.46
      7151.8    0.9397268     3.067927   0.03781471     19387.22
        7152    0.9387631     3.092541  0.008110663     19388.89
      7152.2    0.9372865     3.073402   0.01077499     19389.69
      7152.4    0.9355249     3.068361  -0.02903427     19392.65
      7152.6    0.9345639     3.076547  -0.03996634     19393.26
      7152.8    0.9334469     3.069313   0.02658208     19394.49
        7153    0.9327479     3.041429  0.007606191     19391.72
      7153.2    0.9318344     3.089627   0.00819551     19391.22
      7153.4    0.9315127     3.082632   0.06742056     19394.44
      7153.6     0.931558      3.07587   0.02779683     19401.76
      7153.8    0.9317098     3.095366   0.07410173     19402.39
        7154    0.9316706     3.111864   0.02231881     19401.17
      7154.2    0.9319695     3.141914   0.01602632     19402.37
      7154.4    0.9322684     3.093725   0.01923452     19402.23
      7154.6    0.9329366     3.108187  -0.06279445     19404.44
      7154.8    0.9337887     3.127252  -0.03467125     19403.15
        7155    0.9348213     3.091678  -0.05152934     19403.97
      7155.2    0.9355229     3.065988  -0.08569182     19404.73
      7155.4    0.9360906     3.066963  -0.05276934     19405.11
      7155.6     0.936993     3.058698  -0.02248239     19405.98
      7155.8    0.9380242     3.049462  -0.02003343     19406.17
        7156    0.9394604     3.048002   -0.0119911     19407.32
      7156.2    0.9410976     3.050937   -0.0236953     19408.67
      7156.4     0.942111     3.049106  -0.02100245     19409.12
      7156.6    0.9431288     3.030506  -0.02987577     19408.78
      7156.8    0.9443415       3.0312   -0.0213456     19409.55
        7157    0.9451659     3.027036  0.006654099     19410.14
      7157.2    0.9466825     3.032029 -0.004041335     19413.47
      7157.4    0.9479933      3.03583  0.000797829     19414.06
      7157.6    0.9495571     3.027967   0.02199274     19415.21
      7157.8    0.9513963     3.027674  0.008139038     19417.28
        7158    0.9522881     3.049623   0.04502287     19416.56
      7158.2    0.9529415     3.042341    0.0182173     19416.62
      7158.4    0.9535633     3.063985 0.0004317791     19418.22
      7158.6     0.954963     3.042248  -0.01365076     19417.53
      7158.8    0.9561161     3.049969  -0.03142989     19422.56
        7159    0.9574657      3.03142  -0.01496667     19425.21
      7159.2    0.9579597     3.038841  -0.03885035     19422.86
      7159.4    0.9582757     3.030275  -0.02504699     19423.77
      7159.6    0.9594685     3.018888  -0.02965789     19424.82
      7159.8    0.9599086     3.011383  -0.01754935     19423.38
        7160    0.9608222     3.015115   0.04616173     19422.67
      7160.2    0.9617544     3.016235    0.0673513     19421.69
      7160.4    0.9628353     3.055818   0.04797735     19424.91
      7160.6    0.9638673     3.065264   0.04942949     19422.83
      7160.8    0.9642793     3.053497  -0.04761007      19421.3
        7161    0.9647595     3.055779  -0.07734192     19423.72
      7161.2    0.9650451      3.01773  -0.02759825     19424.54
      7161.4    0.9651995      3.00339  -0.01837068     19426.35
      7161.6    0.9660842     3.031418 -0.002248916     19428.78
      7161.8    0.9669952     3.041082   0.01311446     19428.71
        7162    0.9673319     3.015931   0.01074759     19429.48
      7162.2    0.9679197     3.013882  -0.02660662     19431.14
      7162.4    0.9688045     3.040016 -0.004414268     19431.68
      7162.6    0.9691677     3.019797   0.02652842      19433.2
      7162.8    0.9696426     3.012399 -0.003399499     19434.25
        7163    0.9706098     3.035104   0.02229824     19434.81
      7163.2    0.9709974     3.037297   0.02878331      19435.6
      7163.4    0.9713358     3.037636   0.03210045     19433.78
      7163.6     0.971533     3.035426   0.04908875     19434.07
      7163.8     0.971964     3.060785   0.01932321     19436.17
        7164    0.9716575     3.076568 0.0002411622     19436.37
      7164.2    0.9716427     3.053094  -0.07530952     19434.22
      7164.4    0.9724376     3.035619    -0.100541     19435.24
      7164.6    0.9730332     3.000537   -0.1122978     19435.38
      7164.8    0.9736185     2.996135  -0.07363845     19432.25
        7165     0.974334     2.963256  -0.02864665      19433.3
      7165.2    0.9750301     2.976708  -0.02334421     19434.81
      7165.4    0.9753003      2.97762   0.07743141     19436.77
      7165.6     0.975383      2.97746    0.1048401     19437.51
      7165.8    0.9759761     3.025201   0.07912034     19435.11
        7166    0.9768847      3.06058    0.1004744     19436.38
      7166.2    0.9781685     3.040916  0.003582916     19437.83
      7166.4    0.9792409     3.057839  -0.04446767     19438.39
      7166.6    0.9801599     3.028067  0.004492609     19437.42
      7166.8    0.9807719     3.025006    -0.029052     19437.01
        7167    0.9810797      3.04451   0.01051302     19436.83
      7167.2     0.981683     3.034598   0.04168688     19436.67
      7167.4    0.9827682     3.036478   0.01567552     19440.11
      7167.6     0.983712     3.058355   0.01824575     19442.35
      7167.8    0.9843801     3.057051    0.0158551     19441.91
        7168    0.9854119     3.049194  -0.02171154     19442.49
      7168.2    0.9863004     3.049162  -0.02374957     19441.76
      7168.4    0.9867143     3.040986   -0.0756552     19441.68
      7168.6     0.987465     3.038051  -0.09383517     19443.23
      7168.8    0.9881651      2.98867  -0.05478194     19442.68
        7169    0.9886207     2.974094  -0.07298719      19442.1
      7169.2    0.9892872     2.997161  -0.02972026     19443.02
      7169.4    0.9902237     2.979661   0.03221554     19443.06
      7169.6    0.9909922     2.964894   0.01138608     19444.63
      7169.8    0.9918051     2.999866  0.006250112     19445.31
        7170    0.9924128      3.00627   0.00505805      19445.6
      7170.2    0.9923895     2.984661   0.01042993     19447.31
      7170.4    0.9934835      2.96894 -0.005842348     19448.33
      7170.6    0.9945294      3.00821    0.0128315     19446.97
      7170.8    0.9952251     3.001596   0.06873775     19445.68
        7171     0.995696     2.994926  0.009939424     19446.49
      7171.2    0.9968617      3.02393  -0.02905882     19446.21
      7171.4    0.9984341     3.016162  -0.05675829     19446.89
      7171.6    0.9985767     2.978349   -0.1101901     19448.05
      7171.8    0.9988205      2.94952  -0.09675435     19447.38
        7172    0.9993449     2.935778  -0.03792837     19450.47
      7172.2     1.000307     2.938758 -0.003817312     19452.42
      7172.4     1.001207     2.948006  -0.02620892     19451.55
      7172.6     1.001902     2.946466  -0.01451111     19453.21
      7172.8     1.002789     2.914811   0.01315259     19455.38
        7173     1.002937     2.927149   0.01300822     19455.12
      7173.2     1.002606     2.958528   0.03452772     19454.53
      7173.4     1.002997     2.956873 -0.002189066     19456.94
      7173.6     1.003871     2.942433 -0.008188822     19458.26
      7173.8     1.004437     2.925398   0.02086957     19458.36
        7174     1.004578     2.951977   0.04089986     19461.26
      7174.2     1.004907     2.973568   0.02649285     19460.76
      7174.4     1.005582     2.975153  -0.01376904     19460.48
      7174.6     1.006285     2.946592  -0.04205202     19460.59
      7174.8     1.006226     2.940962  -0.08800191     19460.41
        7175     1.006439     2.939927  -0.01795402     19461.61
      7175.2     1.007114     2.904752 -0.009423315     19464.64
      7175.4     1.006924     2.932229 -0.005357979     19467.49
      7175.6     1.007565     2.933423   0.01790111     19469.42
      7175.8     1.007089      2.93564  -0.02538355     19467.41
        7176     1.007495     2.919073  -0.04097264      19466.3
      7176.2     1.007577     2.911922  -0.03717101     19466.59
      7176.4     1.008086     2.900645  -0.06416225     19467.58
      7176.6      1.00812     2.905903  -0.01371542     19467.11
      7176.8     1.008023     2.867743  -0.05791014     19469.92
        7177     1.007955      2.90095  -0.04832758     19469.43
      7177.2     1.008155     2.854317   0.03968039     19470.65
      7177.4     1.008497     2.867241  -0.02075966     19471.56
      7177.6     1.008543     2.899487   0.02226218     19473.25
      7177.8     1.008253     2.884342  -0.01016905     19473.52
        7178     1.007888     2.872127  -0.07585671     19472.57
      7178.2      1.00774     2.859106  -0.07896123      19474.5
      7178.4     1.007912     2.838802  -0.07144867     19476.51
      7178.6     1.008268     2.821173  -0.06910741      19477.6
      7178.8     1.008155     2.814968  -0.05669071     19477.81
        7179     1.007949      2.80382  -0.04085618     19478.78
      7179.2     1.008277     2.793449  -0.07255179     19481.86
      7179.4     1.008079     2.788488  -0.09652162     19482.24
      7179.6      1.00771     2.756926  -0.09406908     19481.94
      7179.8     1.007715     2.726603  -0.09743912        19482
        7180     1.007589     2.718194  -0.08739471     19482.07
      7180.2     1.007685     2.710537  -0.01375885     19480.65
      7180.4     1.008124      2.68701    0.1663573     19481.19
      7180.6     1.008244     2.715596    0.1712023     19479.93
      7180.8     1.009287      2.85128    0.2274829     19482.77
        7181     1.009147     2.847499      0.23743      19483.9
      7181.2     1.008961     2.868997    0.1376856     19482.53
      7181.4     1.009239      2.90554    0.1874948     19481.14
      7181.6     1.009614     2.961428    0.1412642     19483.58
      7181.8     1.009348     2.997495   0.02620969     19485.55
        7182     1.009579     2.982008  -0.08444342     19486.93
      7182.2     1.009399     2.926508   -0.1247402     19487.02
      7182.4     1.009582     2.893874  -0.09091901      19491.1
      7182.6     1.010289     2.897703  -0.04159326     19491.23
      7182.8     1.011003     2.909273  -0.05937363     19491.39
        7183     1.010861     2.893233  -0.05541074     19494.23
      7183.2     1.010647     2.846375   0.01531333     19496.17
      7183.4     1.010427     2.853374   0.07849224     19495.58
      7183.6     1.010142     2.921524    0.1169601     19493.55
      7183.8     1.010407     2.956027   0.07825139     19492.11
        7184     1.010726     2.939943  -0.03457621     19491.26
      7184.2      1.01096     2.915975  -0.08666268     19493.02
      7184.4      1.01125     2.893863  -0.01256615     19495.47
      7184.6     1.011453     2.886697   0.06730614     19494.98
      7184.8     1.011189      2.92989   0.08136232     19494.98
        7185     1.011168      2.96982   0.07338063     19496.32
      7185.2     1.011379     2.958952   0.05221227     19496.68
      7185.4     1.011728     2.945401   0.02097442     19496.72
      7185.6     1.011972      2.97166 -0.007482784     19495.96
      7185.8     1.012465       2.9866 -0.001899275     19500.42
        7186      1.01307     2.952966  -0.05692079     19501.95
      7186.2      1.01342     2.943882  -0.04858823     19500.66
      7186.4     1.014013     2.926123  -0.02319543     19502.84
      7186.6     1.013875     2.947729  -0.01040383     19505.44
      7186.8     1.013436      2.93441  -0.02187373     19502.68
        7187     1.013393     2.935559  -0.08173127     19503.79
      7187.2     1.013139     2.908624  -0.06089241      19504.9
      7187.4     1.013069     2.882344  -0.02467081     19507.49
      7187.6     1.013796     2.885696   0.04582625     19508.78
      7187.8     1.014094     2.915822   0.05359809     19507.56
        7188     1.013541     2.945285  0.001629741     19508.56
      7188.2     1.013609     2.925222  -0.03640543      19512.1
      7188.4     1.013808        2.887  -0.05381831     19514.38
      7188.6     1.013404     2.886698  -0.02227709     19514.63
      7188.8     1.013238      2.90223   0.05598546      19513.4
        7189     1.013132     2.907401   0.09123276     19512.09
      7189.2     1.013364     2.931788   0.04874686     19514.16
      7189.4     1.013948     2.959684   0.02673129     19514.59
      7189.6     1.013582     2.941228   0.01242398     19512.64
      7189.8     1.013392     2.928786   -0.0273237     19516.96
        7190     1.013493     2.941727   0.01764564     19517.56
      7190.2     1.013063     2.937825   0.04260971     19517.91
      7190.4      1.01235     2.955344    0.0465495     19517.25
      7190.6     1.012556     2.962874   0.05546687     19516.89
      7190.8     1.012016     2.978967    0.0622061     19521.83
        7191      1.01191     2.982198   0.03872983     19521.79
      7191.2     1.011958     3.005109   0.04308045     19524.23
      7191.4     1.012516     2.993857   0.01268077      19524.9
      7191.6      1.01246     3.013431 -0.007830785     19525.52
      7191.8      1.01252     2.992343  -0.02022808     19525.29
        7192     1.012582     2.998845  -0.05436386     19525.12
      7192.2     1.012634     2.977675  -0.02670724     19525.52
      7192.4     1.012276      2.96994  -0.03694437      19528.1
      7192.6      1.01224     2.970977  0.004659542     19531.11
      7192.8     1.012352     2.969289  0.005947567     19530.77
        7193     1.012408     2.981403   0.02820093     19530.47
      7193.2     1.012994     2.974698    0.0768982     19529.76
      7193.4     1.013241     2.993538   0.04422009     19529.01
      7193.6     1.013031     3.030808   0.04644388     19529.78
      7193.8     1.013154     3.016779   0.04194544     19530.08
        7194     1.013481     3.011853  0.001659054     19533.36
      7194.2     1.014054     3.027094     0.029211     19537.19
      7194.4     1.014017     3.032135   0.02778874     19538.41
      7194.6     1.013439     3.040147  -0.01418734     19539.15
      7194.8     1.013172     3.034084  -0.01117162     19538.68
        7195     1.013333     3.015744  -0.02699224     19536.28
      7195.2     1.013505     3.023198  -0.04432859     19536.02
      7195.4     1.013699     3.018554  -0.02392868     19535.81
      7195.6     1.014122     2.998621  -0.03312254     19536.58
      7195.8     1.014952     2.996601  -0.02803498     19539.35
        7196     1.015122       2.9967  -0.02397928     19542.74
      7196.2     1.014294     2.996126 -0.006794184      19542.9
      7196.4     1.014387     2.979438  0.007561731     19544.38
      7196.6     1.014859     2.991166  -0.04486464     19544.31
      7196.8     1.014646     3.002749  -0.04387459     19546.18
        7197     1.015235     2.960234  -0.04734628     19549.42
      7197.2     1.015808     2.944338  -0.07116368     19550.33
      7197.4     1.016225     2.953289  -0.01379562     19549.09
      7197.6     1.016628     2.945818   -0.0251454      19549.9
      7197.8     1.016719     2.949197  -0.04970622     19553.56
        7198     1.016536     2.924222  0.008585648     19554.62
      7198.2     1.016719     2.913524 -0.001207163     19552.98
      7198.4     1.017396     2.952687   0.01918231     19554.26
      7198.6     1.017297     2.948232  0.007514413     19556.44
      7198.8     1.017172     2.939568  -0.07544638     19555.13
        7199     1.017233     2.919536  -0.06166086     19554.55
      7199.2     1.016781      2.89233  -0.02267025     19555.53
      7199.4     1.016968     2.898903   -0.0256272     19554.52
      7199.6      1.01735     2.921432  -0.02806882     19556.31
      7199.8     1.017336     2.899034   -0.0165057     19559.63
        7200     1.017214     2.869874  -0.05840127     19558.35
      7200.2      1.01756     2.885698  -0.04717736     19560.95
      7200.4     1.017947     2.874711  0.007054825     19565.57
      7200.6      1.01811     2.861292   0.01311575     19565.08
      7200.8      1.01827     2.875518  -0.01238094     19563.85
        7201     1.018529     2.896191   0.01171756     19564.02
      7201.2     1.019149     2.864806   0.01176021     19564.65
      7201.4     1.018531     2.870666  -0.05805805     19564.06
      7201.6     1.018284     2.884927   -0.0562935     19563.95
      7201.8     1.018434     2.849745  -0.05756992     19565.61
        7202     1.018454     2.819771  -0.04998402     19567.61
      7202.2     1.018539      2.82461   0.02451119      19566.6
      7202.4     1.018501     2.844939   0.05361133     19565.83
      7202.6     1.018352     2.869354   0.01314208     19567.27
      7202.8     1.018204      2.86266   -0.0166543      19567.5
        7203     1.018217     2.835124  -0.05909372     19568.96
      7203.2     1.018283     2.831616  -0.04265103     19571.84
      7203.4     1.018516     2.822079 -0.009748853     19571.97
      7203.6     1.019009     2.828539  0.003867612      19571.9
      7203.8     1.019821     2.827325   0.04032189     19575.62
        7204     1.019366      2.83471  0.008990187     19573.99
      7204.2     1.019431     2.854336  -0.01109651     19574.21
      7204.4     1.019355     2.835731 0.0005658916     19578.03
      7204.6     1.019328     2.818447  -0.01766636     19577.41
      7204.8      1.01938     2.835163  0.009838793     19578.47
        7205     1.019375     2.840203 -0.008100124     19576.82
      7205.2     1.019812     2.843603 -0.009168394     19576.77
      7205.4     1.019262     2.811967  0.003524084     19577.05
      7205.6     1.019195     2.827828  -0.01340763     19579.57
      7205.8     1.019297     2.843022   0.01217677     19580.58
        7206     1.019731     2.832876  -0.01150441     19583.67
      7206.2     1.019482     2.821709  -0.02308227     19583.97
      7206.4     1.019143     2.818624  -0.01619297      19583.5
      7206.6     1.019763     2.824556   -0.0295593     19586.78
      7206.8     1.020459     2.819922  -0.05760631     19586.76
        7207     1.020423     2.798061   -0.0686619     19585.76
      7207.2     1.020079     2.772539  -0.02292302     19587.85
      7207.4     1.019945     2.769627   0.01631905     19588.17
      7207.6     1.019749     2.801584  0.008202136     19588.41
      7207.8     1.019809     2.811117 -0.004330628     19589.69
        7208     1.019617     2.779101  -0.04607955     19590.31
      7208.2     1.020167     2.766162  -0.04648144      19591.9
      7208.4     1.020346      2.76472   0.01341899     19594.63
      7208.6     1.020283     2.773931   0.03873897     19594.14
      7208.8     1.019863     2.789836   0.02242525     19594.52
        7209     1.019683     2.797154   0.04837462     19594.22
      7209.2     1.019679      2.78266   0.05141233     19595.96
      7209.4     1.019377     2.812631   0.04601053     19595.97
      7209.6     1.019217     2.830966   0.03141102     19594.75
      7209.8     1.019208     2.833962   0.01864291     19598.55
        7210     1.019254     2.807789 -0.003687944      19599.3
      7210.2     1.018666     2.827545 -0.006752472     19598.43
      7210.4     1.018819     2.828016   0.04475934     19597.71
      7210.6     1.019283      2.82856   0.01544384     19597.32
      7210.8     1.019296     2.843596   0.01561921     19598.17
        7211     1.019261     2.839901  0.003444565     19597.92
      7211.2     1.018914     2.840511  -0.01851991     19596.95
      7211.4     1.018679     2.831316   0.01068476     19598.13
      7211.6      1.01856     2.828781   0.02439208     19600.54
      7211.8     1.017942     2.848448   0.03411563     19602.02
        7212      1.01785     2.860025    0.0496293     19603.05
      7212.2     1.017847     2.858608   0.06220943     19604.12
      7212.4     1.016977     2.868484   0.03683252     19606.43
      7212.6     1.017214     2.898216   0.05826086      19608.7
      7212.8     1.016223     2.889491    0.0889914     19606.55
        7213     1.015636     2.905217   0.06395591     19606.05
      7213.2     1.015838     2.939677   0.04770632     19609.14
      7213.4     1.015936     2.949381   0.05287542     19606.27
      7213.6     1.015939     2.927656  0.009540598     19610.22
      7213.8     1.015411     2.947517 -0.007036215     19611.46
        7214     1.015276      2.94731   0.02310614     19613.51
      7214.2     1.015004     2.943752   0.03074962     19614.32
      7214.4     1.014935     2.946141   0.04144943     19617.02
      7214.6     1.014917     2.972117   0.05916098     19617.83
      7214.8     1.014446     2.980469   0.09760364     19615.43
        7215     1.014076      2.99108   0.06080225        19616
      7215.2     1.013985     3.024224   0.03694793     19617.63
      7215.4     1.013757     3.020759   0.04265443     19619.41
      7215.6     1.013608     3.010027   0.01805281     19622.15
      7215.8     1.013287     3.025204   0.02614223     19621.46
        7216     1.012534     3.038666   0.03592488     19620.43
      7216.2      1.01226     3.041673   0.02441483     19621.71
      7216.4     1.011689     3.038767    0.0386111     19620.14
      7216.6     1.011084     3.044736   0.06339178     19619.59
      7216.8     1.011059     3.069555   0.03455959     19622.92
        7217     1.011447     3.092386  -0.03307991     19623.21
      7217.2     1.010674     3.066415 -0.006301286     19624.03
      7217.4      1.01066     3.018272   0.01320272     19624.12
      7217.6     1.010583     3.064514   0.05352779     19624.16
      7217.8     1.010202     3.102948    0.1247648     19623.52
        7218     1.009971     3.109237   0.04041711     19622.91
      7218.2     1.010036     3.118084  -0.04162204     19625.12
      7218.4     1.009538     3.096847  -0.02365123     19626.41
      7218.6     1.009224      3.06965  -0.02218427     19627.04
      7218.8     1.009024     3.090316 -0.0007851967     19629.88
        7219     1.008658     3.100336   0.02313538     19630.73
      7219.2     1.008308     3.096219    -0.036107     19629.28
      7219.4     1.007934     3.088159  -0.00384274     19629.26
      7219.6     1.008204     3.061431   0.05234387     19630.28
      7219.8     1.008484     3.097262   0.01733238     19631.41
        7220     1.007747     3.138094   0.04536458     19631.77
      7220.2     1.007419     3.102025  -0.01672848     19632.32
      7220.4     1.007365     3.097722   -0.0166169     19633.64
      7220.6     1.006853     3.083879  0.009046114     19633.71
      7220.8     1.006779     3.124801   0.06497314     19634.52
        7221     1.006911     3.109262    0.0645564     19634.16
      7221.2     1.006783     3.149701    0.0230972     19634.24
      7221.4     1.006441     3.135524   0.03509672     19635.19
      7221.6     1.006566     3.143279 -0.008185503     19637.38
      7221.8     1.006499     3.137339    0.0121129     19637.53
        7222     1.006523     3.143152 -0.003708141     19638.76
      7222.2     1.006646     3.145215  -0.01096915     19642.59
      7222.4     1.006406     3.140312  -0.03375954     19642.67
      7222.6     1.006035     3.128564  -0.04119945     19641.66
      7222.8     1.005986     3.116145  -0.03471946     19643.07
        7223     1.005535     3.112255  -0.02848583     19643.05
      7223.2     1.004754     3.112537   0.00665201     19643.11
      7223.4     1.004547     3.105775   0.03682733     19645.55
      7223.6     1.004491     3.121466  -0.01460085     19644.68
      7223.8     1.004638     3.141717  -0.05661359     19643.28
        7224     1.005186     3.100856   -0.1004356     19647.79
      7224.2     1.004987     3.060484  -0.07923581     19650.36
      7224.4     1.004757     3.041118  -0.03127785     19649.59
      7224.6     1.004628     3.078328   0.01926716     19649.23
      7224.8     1.004029     3.075834   0.05509575     19650.96
        7225     1.003626     3.075898 -0.004791921     19649.08
      7225.2     1.003019     3.085195  -0.01358575     19649.45
      7225.4     1.003062     3.074495   -0.0466267     19650.23
      7225.6     1.003235     3.064965  -0.05370461     19654.21
      7225.8     1.002726     3.038596  -0.05864683     19653.86
        7226     1.002271     3.042231  -0.08139748     19653.61
      7226.2      1.00202     3.027577   -0.0282261     19656.92
      7226.4     1.001561     2.999847  -0.01900221     19656.75
      7226.6     1.001172     3.016016  -0.03675122     19656.77
      7226.8     1.000842     3.027029 -0.002069098     19657.26
        7227     1.000811     2.998176  0.007971144     19655.81
      7227.2     1.000613     2.998192   -0.0308134     19656.61
      7227.4    0.9998261     3.022393   -0.0272093     19658.72
      7227.6    0.9995278     3.002378 -0.001338044      19658.7
      7227.8    0.9993792     2.976409 -0.004681904     19658.82
        7228    0.9987651     2.997121  -0.01501673     19660.17
      7228.2    0.9985592     3.018647  -0.01212024     19660.48
      7228.4    0.9982215     2.990365  -0.03661066      19661.7
      7228.6    0.9979615     2.966713  -0.07374457     19663.18
      7228.8     0.997916     2.967833  -0.03889847     19666.04
        7229    0.9976307     2.959651  -0.01226003     19665.03
      7229.2    0.9969343     2.959246  -0.05028597     19664.22
      7229.4    0.9966948     2.956905  -0.07751653     19664.88
      7229.6    0.9960447     2.927604  -0.07239287     19666.53
      7229.8    0.9961304     2.897638  -0.06978405     19664.15
        7230     0.996121     2.901332  -0.04206376     19666.13
      7230.2    0.9956098     2.901078  -0.01753823     19666.55
      7230.4    0.9954219     2.893953  -0.02386572     19666.63
      7230.6     0.995362     2.883608  -0.04680298     19671.22
      7230.8    0.9953205     2.882239  -0.06278257     19672.15
        7231    0.9949296     2.863635  -0.05028666     19668.26
      7231.2     0.994549     2.843727  -0.04727298      19666.1
      7231.4    0.9947145     2.843378   0.01578116     19667.46
      7231.6    0.9942237     2.844421  -0.01911883     19668.32
      7231.8    0.9935549      2.87626  -0.03320015      19666.6
        7232    0.9932327     2.828432  -0.02523583     19670.15
      7232.2    0.9929196     2.816818  -0.07549155     19671.79
      7232.4    0.9931026     2.824232 -0.003107553     19673.59
      7232.6    0.9931768     2.815867   0.01175107     19673.53
      7232.8    0.9935488     2.825946  -0.02177981     19673.85
        7233    0.9930879     2.826219  -0.01362031     19672.82
      7233.2    0.9927073     2.806808   0.02077229     19673.97
      7233.4    0.9924543     2.804971   0.02539054     19671.56
      7233.6    0.9924767     2.842564   0.03654663     19674.06
      7233.8    0.9927066     2.846531  0.005148374     19676.61
        7234    0.9926714     2.836046  -0.07490347     19678.21
      7234.2    0.9922523     2.809089   -0.0547394     19680.01
      7234.4    0.9919398     2.782641  -0.03840039     19681.93
      7234.6    0.9919417      2.80274   -0.0312586     19680.66
      7234.8    0.9915947     2.805325  0.006480455     19679.68
        7235    0.9915199     2.784082   -0.0324611     19683.27
      7235.2    0.9919609     2.787825  -0.03228473      19682.3
      7235.4     0.991458     2.776771  -0.02218863     19679.18
      7235.6    0.9910507     2.779498  -0.06100077     19680.49
      7235.8    0.9910259     2.766332  -0.06642635     19680.66
        7236    0.9909904     2.739025  -0.04150946     19685.39
      7236.2    0.9906085      2.72363  -0.07158368     19688.17
      7236.4    0.9905443      2.74629   -0.0317675     19686.36
      7236.6    0.9907994     2.709065  -0.03022142     19686.76
      7236.8     0.990769     2.713611  -0.04449769     19688.01
        7237    0.9902229     2.699453  -0.02234825     19685.41
      7237.2    0.9903733     2.710692  -0.02503575     19685.33
      7237.4    0.9905243     2.691186 -0.004586751     19689.08
      7237.6    0.9906948     2.693582  -0.04303709     19690.17
      7237.8    0.9906097     2.695783 4.196095e-05     19690.65
        7238    0.9908524     2.676262   0.02104048     19691.23
      7238.2     0.991004      2.69122   0.02580291     19690.84
      7238.4    0.9905723     2.710414   0.07068461     19691.44
      7238.6    0.9906166     2.716426   0.04793025     19691.69
      7238.8    0.9909817      2.73281   0.02797324     19691.71
        7239     0.991158     2.729564   0.03236262     19693.52
      7239.2    0.9912031     2.732793  0.004716747     19693.94
      7239.4     0.990924     2.742316   0.03267854     19692.25
      7239.6     0.990772     2.736583   0.01895267     19692.03
      7239.8    0.9909179     2.755707 -0.003425714     19695.94
        7240    0.9908956     2.747955  0.003741628     19694.44
      7240.2    0.9909223     2.739575  -0.04312005     19695.17
      7240.4    0.9916286     2.739577  -0.03105229     19696.02
      7240.6    0.9914323     2.721211 -0.004984046     19695.96
      7240.8    0.9917125     2.723113   0.01045121     19698.56
        7241    0.9918362     2.735588   0.04361824     19699.88
      7241.2    0.9918027     2.747938   0.03085595     19699.24
      7241.4     0.992033     2.756105  -0.01700655     19702.14
      7241.6    0.9924368     2.747798  -0.05407087     19704.49
      7241.8    0.9922887     2.721983  -0.04648405     19704.11
        7242    0.9925065     2.704681  -0.00645378     19701.48
      7242.2    0.9933858     2.718918  0.009223888     19702.64
      7242.4    0.9934823     2.742635  -0.01092173     19706.73
      7242.6    0.9932409     2.729362 -0.008320122     19703.14
      7242.8    0.9930766     2.695944  0.005532417     19704.21
        7243    0.9935447     2.712262  0.006006479     19707.23
      7243.2    0.9940266     2.747061   0.05036189     19705.92
      7243.4    0.9942244     2.734167   0.06392824      19707.3
      7243.6    0.9940073     2.736233   0.03038612     19707.48
      7243.8    0.9947007     2.763404   0.03426969     19709.01
        7244    0.9948265      2.77137   0.02046744      19709.4
      7244.2    0.9948007     2.761583   0.01609447     19709.08
      7244.4    0.9951624     2.752607   0.01651355     19712.58
      7244.6    0.9955734      2.77628   0.04238987     19712.42
      7244.8    0.9954215     2.784581    0.0298641     19710.22
        7245    0.9955788     2.795495 -0.004381711     19712.63
      7245.2    0.9956712     2.776498   0.02912535     19712.47
      7245.4    0.9956938     2.772775 -0.007664617     19714.35
      7245.6    0.9958738     2.807881   -0.0127039     19716.86
      7245.8    0.9960705     2.789363  0.006958602     19714.56
        7246    0.9965797     2.766335  -0.05142567     19717.37
      7246.2    0.9967992     2.778341  -0.05093876      19720.6
      7246.4    0.9970287      2.76674   0.01655924     19721.06
      7246.6    0.9970246     2.748612   3.9283e-06     19718.69
      7246.8    0.9974326     2.779583   0.02145148     19719.39
        7247    0.9974158     2.778345   0.03518274     19718.46
      7247.2    0.9977754     2.783902 -0.005718435      19720.4
      7247.4    0.9976793     2.776758  -0.02507323     19722.35
      7247.6    0.9978757     2.775008   -0.0168103     19722.36
      7247.8    0.9982622     2.758286   -0.0112841     19723.36
        7248    0.9986854     2.770453 -0.002237742     19724.37
      7248.2    0.9991215     2.767731   0.01964561     19724.42
      7248.4    0.9993755     2.773218   0.01363393      19725.1
      7248.6     0.999366     2.774003   0.03607802        19725
      7248.8    0.9993835     2.781361   0.01872823     19723.55
        7249    0.9992661     2.796593   0.01817403      19723.2
      7249.2    0.9991741       2.7882   0.01171627     19724.61
      7249.4    0.9995712     2.788542   -0.0159999     19726.66
      7249.6    0.9999976     2.790734 -0.005713612     19728.05
      7249.8     1.000276     2.783793   0.01724144     19729.44
        7250     1.000334     2.783629   0.02829092     19731.24
        7252     1.002507     2.838569  -0.02483431     19736.43
        7254     1.004989     2.739602  -0.01813734     19742.89
        7256     1.007092     2.709492  -0.01636288      19751.7
        7258     1.010061     2.724919 -0.002742564     19759.14
        7260     1.012711     2.707665  0.006848413     19768.05
        7262     1.014811     2.717662  0.004318366     19774.46
        7264     1.016209      2.76428  0.006825588     19783.04
        7266     1.017094     2.759466    0.0100428     19788.84
        7268     1.018665      2.76227  0.008201639     19795.76
        7270     1.018884     2.798004  0.009165039        19803
        7272     1.018896     2.829893    0.0138369     19808.86
        7274     1.019378     2.832786  0.009476028     19814.76
        7276     1.018487     2.872965  0.001821088     19821.28
        7278     1.017541     2.873812  0.005889958     19826.38
        7280     1.016486     2.844461 -0.0008465328     19835.87
        7282     1.015698     2.879906  0.003064602     19842.91
        7284     1.013766     2.866193  0.007260634     19849.05
        7286     1.011919     2.898329 0.0008357828     19854.29
        7288      1.01044     2.902546  0.002492101     19858.94
        7290     1.008827     2.886592  -0.00658012     19869.68
        7292     1.006697      2.88613  -0.01164506     19877.59
        7294      1.00533     2.845688  -0.01555463     19882.69
        7296     1.004847     2.809386  -0.02007524     19890.38
        7298      1.00393     2.762155  -0.01734713     19895.72
        7300     1.003178     2.725528  -0.01516597     19902.69
        7302     1.003141     2.706911  -0.01252473     19909.41
        7304     1.003247     2.688058 -0.008369373      19915.7
        7306     1.002342     2.661957 -0.008197927     19918.09
        7308      1.00287     2.658573 -0.005606296     19927.14
        7310     1.002076     2.641328 -0.001384704     19934.32
        7312     1.001968     2.643208 -0.002681408     19939.49
        7314     1.001666      2.65088 -0.001883685     19947.07
        7316     1.001448     2.637122  0.001660612     19952.31
        7318      1.00069     2.626258 -0.002137166      19958.1
        7320     1.001061     2.656493 -0.0003642387     19966.72
        7322     1.001281     2.633782  0.001997166     19974.75
        7324     1.000961     2.634208 -0.001460034     19980.45
        7326     1.001179     2.642236 -0.001307835     19986.84
        7328      1.00105     2.644813 -0.003801381      19988.6
        7330     1.000692      2.62332 -0.007449072     19996.83
        7332     1.000353     2.603797  -0.01308422     20003.27
        7334     1.000301     2.582643  -0.00546241     20011.82
        7336     1.000959     2.540139  0.005066549     20019.64
        7338     1.000039      2.57962  0.005997481     20022.57
        7340     1.000473     2.644329  0.008539949        20029
        7342     1.000538     2.630623   0.00487842     20033.37
        7344     0.999452     2.608458 -0.001406031     20038.95
        7346     1.000032     2.618648  0.005251096     20046.12
        7348     1.000308     2.633081   0.01214814     20053.79
        7350     1.000879     2.672632  0.008016845     20059.96
        7352     1.000321     2.705643  0.007356661     20063.63
        7354     1.000197     2.682783  0.004549285     20070.68
        7356     1.000367     2.691934 -0.001255913     20076.66
        7358      1.00058     2.709026 0.0002307365     20082.36
        7360    0.9997904     2.695596  0.001335615     20088.84
        7362    0.9999123     2.684629 -0.003114356     20095.08
        7364     1.000004     2.702619 0.0002746318     20101.79
        7366     1.000071     2.684111  0.005178477      20105.8
        7368    0.9998095     2.697793 -0.002102816     20112.79
        7370    0.9995754     2.726056 -0.005271311     20116.92
        7372      1.00007     2.685797 -0.007253001     20124.57
        7374    0.9999772      2.64194  -0.01463946     20128.71
        7376    0.9995133     2.639769  -0.01366665     20135.27
        7378     0.999258     2.608941  -0.01237332     20139.07
        7380    0.9990424     2.576463  -0.01669401      20149.7
        7382    0.9991303     2.542954  -0.01169595     20151.57
        7384    0.9992314     2.506217  -0.01002659     20161.81
        7386    0.9990009     2.515373 -0.005595837      20163.5
        7388    0.9985618     2.496251 0.0009163308     20169.24
        7390    0.9981452     2.498187 -0.000418809     20178.91
        7392    0.9988955     2.513548  0.001959754     20184.04
        7394    0.9983783     2.512023   0.00130356     20190.35
        7396    0.9982894     2.511929 -0.0005965167     20195.77
        7398    0.9985613     2.508616  -0.00085215     20201.31
        7400    0.9973743     2.508776 -0.001839832     20207.47
        7402    0.9974305     2.505205 -0.002705624     20214.17
        7404      0.99774      2.49721 -0.003149199     20222.26
        7406    0.9972515     2.486971 -0.0005781779     20226.38
        7408    0.9975407     2.483582 -0.001129017      20231.9
        7410    0.9978623      2.50058  0.001278725     20239.98
        7412    0.9980939     2.488178  0.000350504     20247.96
        7414    0.9974668     2.497201 -0.002092219     20250.49
        7416    0.9968767     2.486386 -0.0002989938     20254.42
        7418    0.9967174     2.483842 -0.001944806     20260.98
        7420    0.9971907     2.485786 -0.0009254931     20267.75
        7422     0.996801     2.481642 -0.0002138829     20268.44
        7424     0.996847     2.478982 0.0007544555     20274.88
        7426    0.9969713     2.482131 -0.008953815     20279.42
        7428    0.9964723     2.491822 -0.008229005     20285.99
        7430    0.9951854     2.410012 -0.005351325     20294.64
        7432    0.9955533      2.41315 -0.006241129     20301.27
        7434    0.9948647      2.43932  0.003473306      20303.7
        7436    0.9949338     2.441893  0.004610061     20312.82
        7438    0.9951806     2.437798  0.002709978     20316.64
        7440     0.995734     2.450031  0.000836843     20323.35
        7442    0.9951904        2.461   0.00250497     20327.49
        7444    0.9955043     2.448587  0.002838941     20334.04
        7446     0.995592     2.457838  0.003931575      20338.1
        7448    0.9950662     2.472742  0.005133142     20343.95
        7450    0.9955864     2.492453  0.004799806     20352.35
        7452    0.9954837     2.489653 0.0009400428     20358.12
        7454    0.9956397     2.496236 -0.003346083     20363.44
        7456    0.9946849     2.480262 -0.001908755     20365.51
        7458    0.9947894     2.465684 -0.004786768     20371.58
        7460    0.9946991     2.474382 -0.004018505      20377.2
        7462    0.9948483     2.457942 -0.002085424      20379.6
        7464    0.9952133     2.448114 -0.005972909     20387.03
        7466    0.9949027     2.449001 -0.004824574     20395.14
        7468    0.9951613     2.426599 -0.003918268     20399.89
        7470    0.9946817     2.419346 -0.005082899     20400.48
        7472    0.9942457     2.416768 -0.003944226     20405.84
        7474    0.9946878     2.408338 -0.003451865     20417.13
        7476     0.995077     2.395045  -0.00306047     20421.86
        7478    0.9956414     2.391731 -0.004428565     20430.93
        7480    0.9954902     2.392285 -0.004719946     20433.22
        7482    0.9952199     2.372909 -0.004012218     20437.23
        7484     0.995357     2.357286 -0.006391583     20441.17
        7486    0.9952279     2.359633 -0.004385043     20448.65
        7488    0.9951024     2.341152 -0.004394998     20451.68
        7490    0.9952565     2.337829 -0.003871909     20457.37
        7492    0.9955381     2.322126 -0.003674391      20463.4
        7494    0.9961526     2.328658 -0.001891279     20469.35
        7496    0.9958349     2.311757 -0.0007323375     20476.17
        7498    0.9957934     2.322699 -0.001298497     20483.37
        7500    0.9954512     2.316267 0.0005589774     20485.07
        7502    0.9949772      2.31827  0.000394237     20488.05
        7504    0.9951029     2.316229 -0.0003388124     20491.78
        7506    0.9954055     2.325852 -0.0003993889     20500.61
        7508    0.9956253     2.313557 0.0001256244     20507.49
        7510    0.9955493     2.315074  -0.00101878     20508.28
        7512    0.9950574     2.317234 -0.0002750094     20513.46
        7514    0.9949889     2.317702 -0.001326318     20516.12
        7516    0.9947493     2.311357 -0.002895221     20517.56
        7518    0.9948327     2.304464 -0.005016392      20506.8
        7520    0.9951066     2.294072 -0.005594726     20492.05
        7522    0.9948608     2.277571 -0.003050334     20494.11
        7524    0.9955664     2.266599  0.003030918     20416.46
        7526    0.9967608     2.280061   0.00476705     20159.25
        7528    0.9937472     2.318319  0.003237389     20270.32
        7530    0.9955278     2.315707  0.002874114     20212.38
        7532    0.9941767     2.292498 -0.004013932     20359.13
        7534    0.9943607     2.303054 -0.004623845      20555.5
        7536    0.9947914     2.286208 -0.0008926552     20540.56
        7538    0.9950476     2.278717 -0.002968979     20551.41
        7540    0.9946689     2.285357 -0.0008032895     20568.87
        7542    0.9949066     2.279302 0.0002758595     20587.39
        7544    0.9953457     2.279781 -0.002393904     20594.71
        7546    0.9958368     2.280924 -0.002950677     20599.04
        7548    0.9958393     2.266205 -0.003726093     20604.13
        7550     0.995679     2.255697 -0.005389166     20609.81
        7552    0.9958489     2.249973 -0.002713796     20613.98
        7554    0.9952712      2.23781 -0.0005419127     20615.85
        7556    0.9953174     2.244495  0.001320238     20620.42
        7558    0.9950109     2.251362   0.00370321     20624.57
        7560    0.9951106     2.260535  0.002218589     20631.15
        7562     0.995866     2.267436 -0.0005288991     20639.56
        7564    0.9957233     2.262244 -0.0009557885     20640.59
        7566    0.9958916      2.24713 -0.002509369     20647.24
        7568    0.9955959     2.252888 -0.002669018      20651.9
        7570     0.995541     2.247361 -0.001963851     20656.45
        7572    0.9965547     2.240892 -0.002638231     20662.37
        7574    0.9955406      2.23142 -0.004591506     20666.11
        7576    0.9960994     2.231782 -0.004592033     20673.76
        7578    0.9966161     2.210629 -0.002560527     20678.94
        7580    0.9968453     2.204155 -0.003833576     20680.64
        7582    0.9961731     2.210935 -0.002116739     20685.02
        7584    0.9964412     2.201114 -0.002107661     20689.56
        7586    0.9960604     2.193695  -0.00356256     20690.89
        7588     0.996452     2.187294 -0.002406125     20692.74
        7590    0.9959198     2.182435 -0.001674708     20695.59
        7592    0.9962269     2.181865 -0.0009741406     20698.94
        7594    0.9964114     2.180297 -0.0009115244     20695.98
        7596    0.9961735     2.179501 -2.777855e-05     20704.14
        7598    0.9963395     2.175143 -0.001576353     20707.56
        7600    0.9964055     2.181643 -0.0007634903     20709.93
        7602    0.9964511     2.167687 -0.0009385156     20716.73
        7604    0.9958563     2.173393 -0.003788085      20718.4
        7606    0.9957657     2.167635 -0.002067055     20723.19
        7608     0.995794     2.151338 -0.002312104     20726.71
        7610    0.9963664      2.15115 -0.003388694     20728.95
        7612    0.9963091     2.154896 -0.002165172     20734.44
        7614    0.9963675     2.140525 -0.0008970839     20738.02
        7616    0.9959472     2.134016 -0.0006029312     20739.78
        7618    0.9964849     2.143973 -0.0003076925     20745.16
        7620    0.9963046     2.150073 0.0005998988     20749.83
        7622    0.9959497     2.138064 -0.001115865     20754.71
        7624    0.9960225     2.138816    -0.001709     20759.38
        7626    0.9967346     2.135047  0.001785343     20765.31
        7628    0.9963236     2.136401 -0.002289673     20766.54
        7630    0.9962161     2.152346 -0.005338548     20771.43
        7632    0.9955871     2.120498 -0.004529938     20772.31
        7634    0.9955176     2.092338 -0.006517479     20777.21
        7636    0.9958738     2.100161 -0.002612681     20783.68
        7638    0.9954788     2.100206 5.789998e-05     20783.67
        7640      0.99591     2.099597 -0.0007608083     20793.92
        7642    0.9961385     2.092801 -0.001137402     20794.78
        7644    0.9956968     2.094075 -0.002879206     20797.07
        7646     0.995877     2.091107 -0.002429135     20800.43
        7648    0.9964562     2.076563 -0.002369016     20804.86
        7650    0.9964815     2.073368 -0.003061095     20809.04
        7652    0.9962389     2.075123 -0.0008401807     20814.22
        7654    0.9965931     2.066618 0.0007366442     20821.89
        7656    0.9963711     2.069842 0.0002920738     20824.64
        7658    0.9968349     2.079261  0.001141511      20828.1
        7660    0.9965919     2.077459 0.0001198795     20831.71
        7662    0.9968845     2.075751 -0.001707255     20837.33
        7664    0.9968999     2.070801 -0.001572237     20842.87
        7666    0.9970169     2.065603 -0.001743778     20844.97
        7668    0.9973557     2.064881 -0.0006480764     20850.33
        7670    0.9972233       2.0618 -0.001356994      20853.3
        7672    0.9971362     2.065616 -0.001525864     20858.19
        7674    0.9971118     2.054747 -0.0004107509     20860.07
        7676    0.9967505     2.052674  -0.00152076     20864.64
        7678    0.9969301     2.058514 -0.0005189372     20866.53
        7680    0.9973208      2.05345 -0.001090886     20869.24
        7682    0.9976677     2.050596  -0.00162458     20877.26
        7684     0.997655     2.043947 -0.001520167     20882.88
        7686    0.9979025     2.045518  -0.00143215     20886.74
        7688    0.9978529     2.041289  -0.00138058     20889.88
        7690    0.9981202     2.039139  -0.00185917     20893.34
        7692    0.9979639     2.032903 -0.002754111     20895.38
        7694    0.9978541     2.030644 -0.002355655     20898.03
        7696    0.9980924     2.019256  -0.00173728     20902.32
        7698    0.9980922     2.020293 -0.002441321     20904.94
        7700    0.9979728     2.019004 -0.001703438     20909.42
        7702    0.9981907     2.011114 -0.002387619     20915.37
        7704    0.9985274     2.005628 -0.002298352     20917.82
        7706     0.998787     2.001193 -0.001524687     20918.13
        7708    0.9987569     2.000618 -0.0008717271     20923.57
        7710    0.9991777     1.998916 -0.0007367568     20928.11
        7712    0.9994789     1.998655 -0.0009752177     20933.85
        7714    0.9997177     1.995298 -0.001182744     20936.26
        7716    0.9994368     1.992816 -0.0006247174     20937.85
        7718    0.9994773     1.989454 -0.0008651821     20946.15
        7720    0.9996071     1.993657 0.0001386073     20945.94
        7722    0.9997898     1.988377 -0.0007974062     20948.76
        7724    0.9995263     1.993925 -0.0005145648     20950.01
        7726    0.9998038     1.983075 -0.001112322      20954.7
        7728     1.000144      1.98954 -0.002320575     20958.96
        7730     1.000304     1.979478 -0.000812754     20964.33
        7732     1.000055      1.97536 -0.001802592     20966.83
        7734     1.000665     1.976573 -0.002217955     20972.11
        7736     1.000388      1.97512 -0.0005732928     20976.98
        7738     1.000742     1.961735 -0.002542297     20978.14
        7740     1.000668     1.970774   -0.0047754     20977.54
        7742     1.000757     1.956235 0.0003801027      20984.3
        7744     1.001413     1.936916 -3.043391e-05     20989.05
        7746     1.001272     1.964776 0.0008146864     20992.48
        7748       1.0011      1.97053  0.001989306      20997.2
        7750     1.001311     1.962752 -0.001831399     21001.79
        7752     1.000979     1.952831 -0.003015349     21003.03
        7754     1.000504     1.950124 -0.001962804     21004.48
        7756     1.000899     1.946408 -0.001509716     21006.39
        7758     1.000635      1.94705 -0.001341096     21010.44
        7760     1.000753     1.940753 -0.001658647      21016.1
        7762     1.000695     1.939396 -0.002414076     21016.81
        7764     1.001181     1.933138 -0.002060366     21018.93
        7766     1.000942     1.927737 -0.002383622     21019.47
        7768     1.001195      1.92427 -0.002705295     21023.98
        7770     1.001048     1.920327 -0.002858067      21026.5
        7772     1.000973     1.911496 -0.002766186     21026.81
        7774      1.00112     1.904873 -0.002301706     21029.88
        7776     1.001118     1.902141 -0.001374462     21028.76
        7778     1.000806     1.901913 -0.001128096     21023.22
        7780     1.000952       1.9005 -0.0004954507     21014.29
        7782     1.001407     1.895848 -0.0006931672     20984.71
        7784      1.00309     1.898177 -0.001110151     20759.92
        7786     1.004787     1.896368 -0.001615732     20095.05
        7788    0.9988385     1.891619 -0.001572712     20075.55
        7790      0.99829     1.882922  -0.00212311     20229.96
        7792      1.00117     1.885595 -0.002094021     21040.31
        7794     1.001482     1.879383 -0.000546847     21073.25
        7796     1.001425     1.874867 -0.0007869449     21081.38
        7798      1.00142     1.878547 -0.0007840799     21090.48
        7800     1.001514       1.8793 -0.000822981     21092.59
        7802     1.001554      1.87311 -0.001501551      21093.1
        7804     1.001826     1.868283 -0.001284085      21100.7
        7806     1.001766     1.866535 -0.001278079     21099.66
        7808     1.001788     1.869027 -0.0007876191     21101.76
        7810     1.001999     1.862886  -0.00108185     21110.78
        7812     1.002169     1.861982 -0.0007687682     21109.98
        7814     1.002441      1.85788 -0.0008741704      21114.6
        7816     1.002292     1.862877 -0.001592384     21112.96
        7818     1.002748     1.855892 -0.001326367     21114.21
        7820     1.002665     1.849243 -0.002481887     21121.13
        7822     1.003337     1.847269 -0.002043091     21124.17
        7824     1.003293     1.843022  -0.00112129     21126.98
        7826     1.002985     1.839547 -0.001291899     21128.37
        7828     1.003153     1.840273 -0.001032209     21129.33
        7830     1.003111     1.836934 -0.001102642     21131.53
        7832     1.003445     1.834764 -0.002100474     21132.84
        7834     1.003557     1.830726 -0.001834989     21139.85
        7836     1.003818     1.823469 -0.001830789     21142.26
        7838      1.00366     1.822254 -0.002071985     21147.09
        7840     1.003964     1.820118 -0.0008250735     21150.02
        7842     1.003709      1.81415 -0.0009884053     21149.97
        7844     1.003325     1.816868 -0.001351116     21153.23
        7846      1.00331     1.814347 -0.001208503        21154
        7848     1.003632     1.809309 -0.001649384     21158.93
        7850     1.003748     1.804482 -0.001521304     21159.98
        7852     1.003841     1.803673 -0.001024743     21164.19
        7854     1.003635     1.802176 -0.001052603     21165.56
        7856     1.004062     1.801111 -0.001501249     21166.85
        7858     1.003928     1.796062 -0.000914138     21168.85
        7860     1.003831     1.791663 -0.0008043817     21172.44
        7862     1.003983     1.794863 -0.001114501     21174.42
        7864     1.003867     1.794676 -0.002645497     21177.79
        7866     1.003621     1.787146 -0.003099498     21180.76
        7868     1.003215     1.770499 -0.003391465        21188
        7870     1.003346     1.770067 -0.002203104     21190.01
        7872     1.003705     1.767544 -0.0009601173     21193.75
        7874     1.003803     1.769521 -0.0006127245     21199.45
        7876     1.003695     1.762818 -0.0007816791     21199.24
        7878     1.003658     1.765165 -0.001029249     21201.42
        7880     1.003411     1.761291 -0.001106708     21204.36
        7882     1.003331     1.761287  -0.00250403     21208.52
        7884     1.003377     1.753965 -0.001666492     21214.42
        7886     1.003251     1.745133  -0.00191663     21217.73
        7888     1.003512     1.747959 -0.001975939     21218.61
        7890     1.003715     1.745954 -0.0008520783     21218.07
        7892     1.003672     1.738157 -0.0008873065     21217.78
        7894     1.003626     1.738316 -0.001160492     21224.99
        7896     1.003465      1.74086 -0.0008752949      21227.4
        7898     1.003773      1.73667 -0.001406532     21234.58
        7900      1.00344     1.731155 -0.001923913     21234.18
        7902     1.003675     1.727064 -0.002093798     21238.17
        7904     1.003858     1.725469 -0.001555696     21243.15
        7906     1.003766     1.719919 -0.001267719     21246.58
        7908     1.003457     1.718709 -0.001728683     21254.67
        7910     1.003481     1.716922 -0.001038968     21257.21
        7912     1.003511      1.71164 -0.001578759      21251.4
        7914     1.004009     1.711608 -0.001696873     21207.54
        7916     1.004785     1.706079 -0.001222673     20943.31
        7918     1.004914     1.703347 -0.001517963     20629.43
        7920     1.003603     1.701858 -0.0008949584     20952.39
        7922     1.004113     1.699464 -0.001314185     21182.39
        7924     1.004448      1.69892  -0.00148527     21233.93
        7926     1.004359     1.692834 -0.001432625     21244.14
        7928     1.004664     1.689976  -0.00199768     21252.45
        7930     1.004912     1.688003 -0.001988701     21259.71
        7932     1.004754     1.682938 -0.001408733     21257.34
        7934      1.00486     1.676924 -0.001356218      21257.9
        7936     1.004997     1.678706 -0.0009369683     21264.71
        7938     1.005121     1.677153 -0.0003697458      21267.6
        7940     1.005253     1.675442   -0.0009771     21275.86
        7942     1.005508     1.673966 -0.001285903        21280
        7944     1.005223     1.670889 -0.001619119     21281.49
        7946     1.005434     1.666866 -0.001581599     21284.51
        7948     1.005544     1.662489 -0.001607198     21284.64
        7950      1.00578     1.661314 -0.001160052     21288.45
        7952      1.00595     1.658032 -0.0007968057      21291.2
        7954     1.005989     1.657586 -0.0008289005     21292.85
        7956     1.005988     1.656115 -0.0008220674     21298.52
        7958      1.00633     1.654682 -0.001315955     21301.63
        7960     1.005841     1.651455 -0.001433566     21302.31
        7962     1.005679     1.647058 -0.001480089     21302.96
        7964     1.005836     1.644646 -0.001053027     21301.96
        7966      1.00585     1.642842 -0.001407981      21305.9
        7968     1.005821     1.643031 -0.001697524     21309.73
        7970     1.005842     1.635794 -0.001143371     21313.92
        7972     1.005903     1.631066 -0.001270841     21314.23
        7974     1.006361     1.633695 -0.001400034     21317.89
        7976     1.005941     1.632864 -0.001577726     21319.43
        7978     1.005722     1.624594 -0.001927882      21323.9
        7980     1.005853     1.618444 -0.002039332      21324.7
        7982     1.005618     1.618272  -0.00214871     21326.16
        7984     1.005759      1.61655 -0.002493018     21330.89
        7986     1.006162     1.607404 -0.0008139192     21331.45
        7988      1.00578       1.5985 -0.0009400852     21335.42
        7990     1.005765      1.61176  -8.3586e-05     21337.02
        7992     1.005871     1.609029 0.0007611027     21341.36
        7994     1.005819     1.606735  -0.00136274     21340.55
        7996     1.005795     1.604589  -0.00179979     21344.55
        7998     1.005806     1.600858 -0.001660123     21344.81
        8000     1.005578     1.594631 -0.001705535     21344.69
        8002     1.005868     1.593454 -0.001530334     21346.16
        8004     1.005886     1.590945 -0.0008982729     21348.71
        8006     1.005693     1.588616 -0.001090533     21352.98
        8008     1.005557     1.587445 -0.001254798     21356.24
        8010     1.005034      1.58473 -0.001167876     21354.81
        8012     1.005527     1.580906 -0.001185338     21359.16
        8014     1.005325     1.579273 -0.001696046     21364.66
        8016     1.005559     1.577962 -0.001722933     21367.31
        8018     1.005311     1.571162 -0.001960777     21367.57
        8020     1.005776     1.567123 -0.002258391      21370.8
        8022     1.005284     1.563587 -0.001363825     21370.28
        8024     1.005045     1.559895 -0.001376063     21373.03
        8026     1.004684     1.560251 -0.001102504     21375.15
        8028     1.004523     1.556114 -0.0008406994      21377.4
        8030     1.004545     1.554766 -0.001485848      21381.2
        8032     1.004296     1.553169  -0.00108345     21378.51
        8034     1.004664     1.548364 -0.001253169     21387.32
        8036     1.004686     1.547447 -0.001307866     21387.72
        8038     1.004526     1.544741 -0.0007439406     21390.07
        8040     1.004397     1.542706 -0.001452625     21391.94
        8042     1.004268     1.542413 -0.001242181     21392.37
        8044     1.004208     1.535826 -0.0008109878     21394.85
        8046     1.004264     1.534804 -0.001457182     21400.42
        8048     1.004085     1.536218 -0.001168723     21402.74
        8050     1.004013     1.530755  -0.00152364     21401.53
        8052     1.004196     1.526476 -0.002117493     21406.96
        8054     1.004085     1.522615  -0.00155664     21409.72
        8056     1.003987     1.519278 -0.001634243     21410.54
        8058     1.004122     1.518302 -0.001143169     21411.09
        8060     1.003966     1.513402 -0.0008287773     21411.44
        8062     1.003619     1.513469 -0.001215758     21411.47
        8064     1.003499     1.512648 -0.001160201        21418
        8066     1.003336     1.508576 -0.001615427     21416.38
        8068     1.003427     1.504121 -0.001849104      21419.7
        8070     1.003238     1.500546 -0.001636797     21419.48
        8072     1.003352     1.497855 -0.001482268     21424.59
        8074     1.002952     1.495482 -0.001267402     21425.62
        8076     1.002956     1.492262 -0.001025437     21424.82
        8078     1.002796     1.490407 -0.001919154     21426.16
        8080     1.002572     1.489652 -0.001207414     21424.14
        8082     1.002696     1.480129 -0.001344125     21427.54
        8084     1.002359     1.482603 -0.001254114      21430.5
        8086     1.002395     1.479654 -0.000379443      21432.5
        8088     1.002401     1.479619 -0.001081173     21436.84
        8090      1.00221     1.477093 -0.001228107     21438.36
        8092     1.002114     1.473954 -0.001669174     21433.69
        8094     1.002263     1.469829 -0.001223769     21438.27
        8096     1.002252     1.466265 -0.001448704     21441.83
        8098     1.001977     1.467303 -0.001335429     21447.02
        8100     1.001878     1.462364 -0.0009533069     21447.51
        8102     1.001729     1.459145 -0.001295048     21445.24
        8104     1.001716     1.458639 -0.001363205     21445.65
        8106     1.001651     1.456943 -0.001102687     21449.83
        8108     1.001651     1.451458 -0.001082906     21450.97
        8110     1.001874     1.450324 -0.001320647     21453.37
        8112     1.001382     1.449976 -0.0002720218     21454.62
        8114     1.001154     1.446377 -7.930953e-05     21454.86
        8116     1.001286     1.449282 -0.001361298     21457.61
        8118        1.001     1.449689 -0.001385574     21459.04
        8120     1.000304     1.439085 -0.002429672     21459.03
        8122     1.000404     1.435293 -0.002962932     21456.54
        8124     1.000499     1.429845 -0.001735977     21460.17
        8126     1.000022     1.425986 -0.001498459     21460.03
        8128     1.000267     1.425198 -0.0007823752      21462.9
        8130     1.000235     1.423305 -0.000792953      21463.9
        8132    0.9999601     1.423586 -0.0008559666     21464.13
        8134    0.9998958     1.419642  -0.00109238     21467.19
        8136    0.9995262      1.41835 -0.001499374     21467.17
        8138    0.9990563     1.414566 -0.001312926      21464.4
        8140    0.9993259     1.411591 -0.001459285     21468.89
        8142    0.9992287     1.409139 -0.001110188      21468.5
        8144    0.9989664     1.406676 -0.001134534     21470.11
        8146    0.9987465     1.405685 -0.0009860864     21470.99
        8148     0.998541     1.402515 -0.0007019446     21470.86
        8150    0.9986506      1.40125 -0.001187113     21476.47
        8152    0.9989057      1.40106 -0.001096199     21477.84
        8154    0.9987664     1.396188 -0.0009919096     21476.69
        8156    0.9981562     1.393745 -0.0009262653     21474.42
        8158     0.998356     1.393315 -0.001299271     21481.39
        8160    0.9978477      1.39365 -0.001053626     21478.06
        8162    0.9979588     1.385794 -0.001283517     21483.02
        8164    0.9974773     1.385316 -0.002018095     21481.72
        8166    0.9974207     1.383047  -0.00130519     21481.56
        8168    0.9969776     1.377505 -0.001395982     21481.53
        8170    0.9970401     1.375352 -0.001576554     21482.89
        8172    0.9967477     1.374148 -0.001155842     21483.97
        8174     0.996388     1.370434 -0.001197604      21483.9
        8176    0.9958623     1.368258 -0.001172112     21486.01
        8178    0.9961973     1.365771 -0.001204203     21488.61
        8180    0.9962023     1.364771 -0.001369351     21491.89
        8182    0.9957522     1.360801 -0.001098096     21494.24
        8184    0.9956105     1.357304 -0.001589241      21494.5
        8186    0.9955125     1.356986 -0.001271713     21493.86
        8188    0.9958114     1.352057 -0.0008082402      21498.7
        8190    0.9955227     1.350627 -0.001337637     21499.27
        8192    0.9948965     1.350838 -0.001280541     21500.27
        8194    0.9949292     1.346285 -0.001427258      21499.5
        8196    0.9944487     1.341813 -0.001165599     21497.24
        8198     0.994011     1.339209 -0.001242644     21496.55
        8200     0.993992     1.341513 -0.001299399     21503.09
        8202    0.9941127     1.336344 -0.001002928     21505.67
        8204    0.9941938     1.331418 -0.001486437     21507.19
        8206    0.9939503     1.331185  -0.00144936     21503.97
        8208    0.9935788     1.329621 -0.000905267     21506.25
        8210    0.9937228     1.324749 -0.001112087      21507.7
        8212    0.9931321     1.324176 -0.001154262     21503.77
        8214    0.9927096     1.322289 -0.0008557937      21506.8
        8216    0.9927727     1.320387 -0.001199918     21506.54
        8218    0.9927142     1.317903 -0.001531477     21508.53
        8220    0.9926615     1.314576 -0.001571395     21512.65
        8222    0.9922001     1.310037 -0.001457967     21511.41
        8224    0.9923403     1.307816 -0.001368734     21514.21
        8226    0.9917921     1.306239 -0.0009789324     21512.61
        8228    0.9917019     1.303626 -0.001241499     21513.86
        8230     0.991329     1.302205 -0.001341815     21515.51
        8232    0.9911859     1.297884 -0.001031162     21516.14
        8234    0.9906289     1.295505 -0.001270092     21515.26
        8236    0.9905602     1.295377 -0.0009240759     21517.32
        8238    0.9906371     1.292045 -0.000901499     21523.07
        8240    0.9901597     1.290492 -0.001203089     21517.72
        8242    0.9901045     1.288293 -0.001141319     21518.46
        8244     0.989922     1.285752 -0.001566894     21520.94
        8246    0.9897744     1.282914 -0.002193838     21518.83
        8248    0.9894224     1.277956  -0.00165264     21522.61
        8250    0.9889504     1.270742 -0.001053955     21522.44
