# This file has been produced by extranormal (v 1.0.1 - February 23, 2017)
# O. Roudenko - Synchrotron SOLEIL. Covered by GPL licence.
#Data from HDF File: /nfs/ruche-rock/rock-soleil/com-rock/2021/Projets/20210209_Hilde/InSitu/10Ni-10Fe_50BN/10Ni-10Fe_50BN_RWGS750_CO2pulses_H2cst_ratio1/10Ni-10Fe_50BN_RWGS750_CO2pulses_H2cst_ratio1_00260.nxs to 10Ni-10Fe_50BN_RWGS750_CO2pulses_H2cst_ratio1_00261.nxs
#Time at start=2021-02-10 14:42:38.997
#Time from start (seconds)=1297.8976254
#Sample temperature (C)=24.6
# Normalization -------------
# pivot spectrum: Pivot_Fe_10Ni-10Fe_50BN_RT_air_av2000_00001.txt
# E0=7112.0   Eshift=1.87454743782
# E0_pivot = 7112.0
# pre-edge params: from E0_pivot-140.0 to E0_pivot-20.0
# pre-edge range: [6972.0, 7092.0]
# post-edge params: from E0_pivot+100.0 to E0_pivot+1140.0
# post-edge range: [7212.0, 8250.0]
# I jump at E0_pivot = 1.24387914206
# shifted energy	normalized	reference	ref.derivative	I0
        6970  0.001774179     1.678009 -0.0007937757     18809.29
        6972  0.001774179     1.678009 -0.0007937757     18809.29
        6974  0.001638936     1.676384  -0.00114062     18820.16
        6976  0.001535412     1.673495 -0.002144883     18825.11
        6978  0.001362666     1.668308 -0.002321566     18830.98
        6980 0.0009867015      1.66085 -0.002138381      18840.1
        6982 0.0006532567     1.657812 -0.001858805     18849.83
        6984  0.001125979     1.656388 -0.0006151939     18856.99
        6986  0.001062729     1.653438 -0.001269862     18866.23
        6988 0.0008602702     1.655929 -0.0005725478     18868.39
        6990 0.0007745585     1.647653 -0.0006148225     18880.25
        6992 0.0005165222     1.651807 -0.002050042     18888.08
        6994 0.0001847889     1.648519 -0.001191489     18894.55
        6996  0.000213105     1.639528 -0.002211658     18902.59
        6998 0.0001684281     1.638121 -0.001894314     18912.85
        7000 -0.0001974663     1.634114 -0.002230916     18917.22
        7002 -0.0005395919     1.633365  -0.00283418     18923.13
        7004 -0.0003005222     1.621681 -0.001751388     18936.81
        7006 -4.77609e-05     1.615447 -0.002081916     18945.86
        7008 -0.0002483131     1.620103 -0.0002705505     18954.91
        7010 -0.000297646     1.616709 -0.001284302     18959.17
        7012 -0.0002950565     1.619517 -0.001374471     18970.51
        7014 -0.0006541396     1.605173 -0.001035788     18978.57
        7016 -0.0005983843     1.609107 -0.002229149     18985.46
        7018 -0.0009325697     1.608423 -0.0006406185     18995.69
        7020 -0.001252298     1.601683 -0.001558869     18999.96
        7022 -0.0007582797     1.600048 -0.001751178     19009.09
        7024 -0.0009058928     1.596636 -0.0008909254     19015.68
        7026 -0.0006093898     1.594414 -0.001164394     19025.71
        7028 -0.0004661774     1.594556 -0.001183015     19036.44
        7030 -0.001361164     1.590733 -0.001839219     19042.05
        7032 -0.000536373     1.587172 -0.001467058     19054.61
        7034 -0.0007256696       1.5797 -0.001890862     19061.59
        7036 -0.0008761238      1.58282 -0.002400192     19066.62
        7038 -0.0007917805     1.575606 -0.0009872503     19072.58
        7040 -0.001145276     1.567971 -0.002369105     19081.94
        7042 -0.000437149     1.571802 -0.001932666     19091.26
        7044 -0.0008550303     1.563867 -0.001101562     19102.54
        7046 -0.001284626     1.560145 -0.001133375     19107.14
        7048 -0.001149101     1.559158 -0.001691284      19114.9
        7050 -0.0006219186     1.562735 -0.001048174     19124.09
        7052 -0.000829838     1.550336 -0.002219914      19132.5
        7054 -0.0004133928     1.551759 -0.002537886     19141.67
        7056 -0.0007701485     1.541399 -0.0003996877     19152.53
        7058 -0.0007036899     1.542432 -0.000983909     19159.15
        7060 -0.001288691     1.547139 -0.0002068486     19164.45
        7062 -0.000649261     1.543888 -0.001366036     19177.28
        7064 -1.278183e-05     1.539744 -0.001270355     19182.47
        7066 -0.0003732146     1.531504 -0.001778878     19187.59
        7068 -6.642642e-05     1.536976 -0.001771219     19193.73
        7070  -0.00022149     1.529657 -0.0007693947     19203.96
        7072 -0.0002081932     1.525574 -0.001953781     19207.25
        7074 0.0004529121     1.525348 -0.001769282     19219.23
        7076 9.721922e-05     1.521346 -0.001132065     19228.15
        7078 0.0005807226     1.515503 -0.001917525     19235.06
        7080 0.0006870198     1.516518 -0.001668146     19241.99
        7082  0.001457247     1.510008 -0.0006486469     19251.72
        7084 0.0007762951     1.508001 -0.001708928     19257.45
        7086  0.001412829     1.510314 -0.001060032     19260.95
        7088  0.001635877     1.502846 -0.001829136     19269.56
        7090   0.00248566     1.501528 -0.001197703     19279.84
        7092  0.002845652     1.493368 -0.0003981726     19289.16
        7094  0.003132655     1.500732 -0.0007567278      19292.1
        7096  0.004002254     1.499661 0.0001830973     19306.18
        7098  0.005188325     1.495474 -0.0004296005     19314.61
        7100  0.006500053     1.494832 -0.0002485419     19318.92
      7100.2  0.006550004     1.495094 -0.0001444078     19319.45
      7100.4  0.006599955     1.495356 -4.027369e-05     19319.98
      7100.6  0.006649907     1.495618  6.38604e-05     19320.51
      7100.8  0.006699858      1.49588 0.0001679945     19321.04
        7101  0.006749809     1.496141 0.0002721286     19321.57
      7101.2  0.006799761     1.496403 0.0003762626      19322.1
      7101.4  0.006849712     1.496665 0.0004803967     19322.64
      7101.6  0.006899663     1.496927 0.0005845308     19323.17
      7101.8  0.006949615     1.497189 0.0006886649      19323.7
        7102  0.006994165     1.497729  0.000721613     19326.41
      7102.2  0.007214248     1.498454 -0.002424249     19329.56
      7102.4  0.007297553     1.497353 -0.005055693     19330.93
      7102.6  0.007416729     1.494853 -0.007218909     19332.51
      7102.8  0.007675555     1.493684  -0.00515461     19332.23
        7103  0.007892326     1.492679 -0.002344535     19330.94
      7103.2  0.007988818     1.493229 -0.003650107     19332.26
      7103.4  0.008201139     1.492977   -0.0042616     19333.69
      7103.6  0.008512883     1.490764 -0.003236692     19336.28
      7103.8  0.008656446      1.48927 -0.000759528     19337.33
        7104   0.00876969      1.49064 0.0005844198     19337.98
      7104.2  0.008941252      1.49237  0.002264923     19339.45
      7104.4  0.009001949     1.491232  0.002113212     19339.41
      7104.6  0.009240098     1.491082 -0.0002238688     19340.04
      7104.8  0.009688565      1.49233   0.00230539     19341.62
        7105   0.01007625      1.49219  0.002348769     19340.66
      7105.2    0.0102348     1.493076 -5.701409e-05     19340.55
      7105.4   0.01050959     1.492961 -0.001735229      19341.9
      7105.6   0.01074495     1.492285 0.0006664915      19340.6
      7105.8   0.01099664     1.490802  0.006188185     19341.41
        7106   0.01120757     1.493609  0.007473244     19342.65
      7106.2   0.01131339     1.497911  0.006862939     19343.19
      7106.4    0.0114899     1.498263  0.001045912     19343.01
      7106.6   0.01193292     1.496293  0.001069993     19343.91
      7106.8   0.01265359     1.494446  0.006493521     19344.83
        7107    0.0133193     1.498767  0.009658845     19346.57
      7107.2   0.01363872     1.503458   0.01244043     19347.34
      7107.4    0.0139737      1.50402  0.005274554     19348.13
      7107.6   0.01454267     1.504398 -0.001399752     19350.38
      7107.8   0.01514786     1.502987 -0.001727759     19353.19
        7108    0.0155763     1.502338 -0.002026563     19354.07
      7108.2   0.01593757     1.502638  0.003201263     19352.65
      7108.4   0.01644561     1.502777  0.007142758     19353.07
      7108.6   0.01704403     1.505548  0.008237715     19353.57
      7108.8   0.01777009     1.508053   0.01000601     19353.87
        7109   0.01850297     1.509228  0.008193219     19355.04
      7109.2   0.01924649     1.510782  0.009842943     19355.41
      7109.4   0.02012054     1.512103   0.01801744     19354.25
      7109.6    0.0210219     1.515927   0.02530151     19352.11
      7109.8   0.02209052     1.523642   0.03195121     19351.68
        7110   0.02350679     1.531023   0.03854121     19352.78
      7110.2   0.02525925     1.537663   0.04317205     19354.98
      7110.4   0.02724896      1.54676   0.05212619     19356.11
      7110.6   0.02974497     1.558179   0.06699497     19355.41
      7110.8   0.03294281     1.572724   0.08211977     19353.98
        7111   0.03699074     1.591259   0.09826819     19353.62
      7111.2   0.04193539     1.612456    0.1117895     19353.93
      7111.4   0.04768062     1.636794    0.1250046     19351.37
      7111.6   0.05451728     1.662156    0.1349045     19347.72
      7111.8   0.06252586     1.691263    0.1475148     19346.24
        7112   0.07125204     1.720379    0.1586228     19343.97
      7112.2   0.08072485     1.754806     0.158237     19342.94
      7112.4   0.09031554     1.789054    0.1501864      19342.3
      7112.6   0.09949401     1.817853    0.1364463     19340.87
      7112.8    0.1080806     1.840529    0.1224675     19340.28
        7113     0.116058     1.863963    0.1076748     19339.04
      7113.2    0.1235009     1.887028   0.09969976     19337.58
      7113.4    0.1302967     1.903993   0.09545664     19336.42
      7113.6    0.1366475     1.920288   0.08067724     19335.54
      7113.8     0.142495     1.940328   0.07379899     19336.29
        7114    0.1481901      1.95157   0.07685236     19335.62
      7114.2    0.1534089     1.963032   0.07075023      19334.6
      7114.4    0.1579725      1.98177   0.06837458     19335.33
      7114.6    0.1617178     1.996928   0.06497145     19334.52
      7114.8    0.1649046     2.006269   0.04990543     19333.98
        7115    0.1674713     2.015009   0.04151507     19333.64
      7115.2    0.1699099     2.021695   0.04077941     19335.21
      7115.4    0.1723399      2.03014   0.03900323     19335.93
      7115.6    0.1745966     2.038893   0.03998498     19336.62
      7115.8    0.1772309     2.046211   0.03638775     19338.09
        7116    0.1805297     2.053683   0.02852473     19340.36
      7116.2     0.184533      2.05925   0.02170061     19340.84
      7116.4    0.1893988     2.061713   0.01458257     19341.02
      7116.6     0.195223     2.063572  0.009458326      19341.9
      7116.8    0.2018946     2.065349   0.01358512     19340.88
        7117    0.2091387     2.066817   0.02376718      19340.8
      7117.2    0.2170766     2.072581   0.03818247     19341.57
      7117.4    0.2262872     2.082586   0.05547695     19343.06
      7117.6    0.2366755     2.095895   0.07004989     19343.15
      7117.8    0.2481293     2.111199   0.08122709     19343.54
        7118      0.26087     2.128621     0.086884     19343.46
      7118.2    0.2748678     2.147567   0.09747164     19341.79
      7118.4    0.2900285     2.165402    0.1085715     19340.42
      7118.6    0.3066111     2.189176    0.1145843      19338.8
      7118.8    0.3248133     2.215478    0.1235713     19338.97
        7119    0.3441966     2.239235    0.1263855     19339.44
      7119.2    0.3646406     2.264259    0.1216608     19338.56
      7119.4    0.3867204     2.290284    0.1087627     19338.73
      7119.6    0.4102296     2.312806   0.09720098     19338.66
      7119.8     0.434118     2.326245   0.09316155     19338.16
        7120    0.4579746      2.34202    0.1017441     19338.46
      7120.2     0.481671     2.364814    0.1150821     19338.98
      7120.4    0.5044953     2.394202    0.1177837     19339.93
      7120.6    0.5258692     2.418311    0.1210992     19340.09
      7120.8    0.5457397     2.436247    0.1283634     19339.07
        7121     0.564109     2.461693    0.1337287     19336.87
      7121.2    0.5810282     2.496892    0.1292402     19335.48
      7121.4    0.5968677     2.525294    0.1273331        19336
      7121.6    0.6119426     2.539639    0.1131156     19335.64
      7121.8    0.6263653     2.563559    0.1058166     19335.35
        7122    0.6409552     2.587385    0.1156782     19337.64
      7122.2    0.6558552     2.609947    0.1072532     19337.76
      7122.4    0.6715929     2.632181   0.09158429     19337.88
      7122.6    0.6877981     2.649362   0.07380156     19336.89
      7122.8     0.704196     2.660652   0.08594211     19334.79
        7123    0.7211409     2.668988   0.09232816     19332.98
      7123.2    0.7387391     2.700935   0.08893362     19333.64
      7123.4    0.7567502     2.723225   0.09675354      19332.8
      7123.6    0.7750309     2.731799   0.06062623      19332.7
      7123.8    0.7935202     2.746391    0.0588834     19332.43
        7124    0.8122358     2.749436   0.08830676     19330.54
      7124.2    0.8307092     2.770331   0.06743949     19330.54
      7124.4    0.8478427     2.802445   0.06865372     19329.38
      7124.6    0.8639598     2.800343   0.04567603     19329.43
      7124.8    0.8800492     2.804359   0.01653977     19329.55
        7125    0.8956857     2.806872  0.009724162     19329.81
      7125.2    0.9101848     2.815676   0.01637954     19330.04
      7125.4    0.9239738     2.808122   0.03862969     19329.43
      7125.6    0.9374269     2.817463   0.02151068     19329.96
      7125.8    0.9501203     2.837776    0.0417365     19329.89
        7126    0.9619202     2.832885   0.06056809     19328.31
      7126.2    0.9734621     2.841511   0.02326095     19327.93
      7126.4    0.9850122     2.865917  0.008714827     19329.16
      7126.6     0.996651     2.856385    0.0196527     19327.37
      7126.8     1.008755     2.839857   0.02428544     19324.77
        7127     1.021537     2.857233   0.06272344     19325.02
      7127.2     1.034571     2.885345    0.1227624     19324.55
      7127.4     1.047459     2.906563    0.1624611     19322.63
      7127.6     1.060255     2.938067    0.1460594     19321.14
      7127.8     1.073404     2.987202   0.09850621     19319.95
        7128      1.08713     3.002193   0.04300741     19318.56
      7128.2     1.101205     2.985368  -0.03539075     19318.03
      7128.4     1.115686     2.972473  -0.04339043     19318.22
      7128.6     1.130047      2.95889  -0.01959967     19316.95
      7128.8     1.143856     2.967481   0.02739804     19316.64
        7129     1.156931     2.969689   0.08930012     19318.47
      7129.2     1.168426     2.994391    0.0801029      19319.2
      7129.4      1.17832      3.03033   0.07328489     19318.15
      7129.6     1.186794     3.031563   0.04939763     19316.39
      7129.8     1.194263     3.028317   0.01369255     19315.25
        7130     1.200231     3.033909   0.02300112     19313.29
      7130.2      1.20473     3.041284   0.04817458     19312.22
      7130.4     1.208173     3.049964   0.07348199     19311.09
      7130.6     1.210071     3.066856   0.08794398     19309.99
      7130.8     1.211277     3.092695    0.1200341      19310.6
        7131     1.211923     3.111639    0.1519873     19311.67
      7131.2     1.212198     3.145991    0.1097285     19310.49
      7131.4     1.212269     3.188446   0.03178388     19307.49
      7131.6     1.212806     3.180478  -0.02968722     19306.11
      7131.8     1.213235     3.137066  -0.07571353     19306.04
        7132     1.213113     3.122241  -0.03459443      19305.6
      7132.2     1.212789     3.127875  -0.02101374     19303.51
      7132.4      1.21216     3.152802  -0.02403988     19302.14
      7132.6     1.210338     3.120255  -0.09590719     19302.06
      7132.8     1.208406     3.103009   -0.1795286     19303.13
        7133     1.205706     3.051149   -0.1057198     19301.77
      7133.2     1.202305     3.009179  -0.07200974     19302.59
      7133.4     1.198881     3.035679  -0.04468839     19304.08
      7133.6     1.194711     3.045402  -0.04146855     19304.95
      7133.8     1.189776     3.015399   -0.1030502        19307
        7134     1.183872     2.976004   -0.1115685     19308.58
      7134.2     1.176858     2.953239  -0.07666325     19307.11
      7134.4     1.169342     2.956147  -0.03228627     19306.58
      7134.6     1.161763     2.954068 -0.000395478     19310.02
      7134.8     1.154332     2.950175  -0.02297508     19312.84
        7135     1.147049     2.952923 -0.007261723     19314.31
      7135.2     1.139952     2.937767  0.006608198     19314.54
      7135.4     1.133453     2.948259  -0.02484583     19313.32
      7135.6     1.126938     2.955462  -0.01351225     19313.82
      7135.8     1.119945     2.933046   -0.0495808     19314.86
        7136     1.113221     2.926957  -0.06932196     19314.69
      7136.2     1.107266     2.908594  -0.02708386      19316.3
      7136.4     1.101828     2.900004  -0.02149578     19317.98
      7136.6     1.096359     2.911379  -0.02176626     19315.74
      7136.8     1.091159      2.90976 -0.007226522     19310.72
        7137     1.086175     2.891181 2.394133e-05     19301.79
      7137.2     1.081799     2.894223  0.004639627      19287.6
      7137.4     1.077902     2.911398   0.05701081     19264.05
      7137.6      1.07421     2.913472   0.05992103     19230.44
      7137.8     1.070997      2.93679   0.05648371      19190.1
        7138     1.067731      2.94216   0.03903274     19150.95
      7138.2     1.063738     2.956585   0.01490234     19115.66
      7138.4     1.060245     2.944698  0.008896304     19094.27
      7138.6     1.057386     2.948712 -0.004525418     19086.62
      7138.8      1.05444     2.949277 -0.009060715     19089.89
        7139     1.052171     2.952965  -0.02659451     19106.04
      7139.2     1.049768      2.93745  -0.03428842      19130.1
      7139.4     1.047156     2.927436  -0.01643336     19156.42
      7139.6     1.045597     2.921846  -0.01084883     19184.93
      7139.8     1.045169     2.939818   0.01980374     19217.39
        7140     1.044805     2.928771   0.04703603     19247.04
      7140.2     1.043892     2.943279   0.03381681     19270.78
      7140.4     1.042983     2.959475   0.06971306     19290.63
      7140.6     1.042159     2.966871   0.07235921     19304.06
      7140.8     1.041304     2.984541   0.03290229     19310.82
        7141      1.04045     3.001166  0.002552369     19315.46
      7141.2     1.039388     2.985797  -0.01196569     19317.06
      7141.4     1.038643     2.968913  -0.03412467     19313.36
      7141.6     1.038018     2.974968  -0.02774375     19303.02
      7141.8     1.037242     2.973867  -0.02985842     19284.09
        7142     1.036421     2.963602  -0.02771692     19255.24
      7142.2      1.03551     2.945026    0.0420651     19219.25
      7142.4     1.034456     2.952795   0.08754027     19179.79
      7142.6     1.033133     3.007519   0.06653508     19138.78
      7142.8     1.031883     3.033634    0.0276401     19104.13
        7143     1.031096     2.998255  -0.03300915     19082.68
      7143.2     1.030598     2.974907  -0.07550252     19075.59
      7143.4     1.029915     2.981111  -0.03130404     19086.13
      7143.6     1.028883     2.973232  0.000910849     19111.99
      7143.8     1.027599     2.973211     -0.02327     19146.97
        7144     1.026193     2.975636  -0.01847097     19187.95
      7144.2     1.025233     2.962495  -0.02739082     19228.44
      7144.4     1.024477     2.958455  -0.04860403     19261.66
      7144.6     1.023524     2.951299  -0.02604523     19286.28
      7144.8     1.022026     2.936752  -0.01749183     19306.17
        7145     1.020523     2.941659  -0.02955752     19318.83
      7145.2     1.019261     2.944462  -0.02753857     19325.94
      7145.4     1.018429     2.927653  0.003691709     19332.97
      7145.6     1.017653     2.914722    0.0512203     19338.18
      7145.8     1.016763     2.944613   0.07491161     19341.24
        7146     1.015407     2.985438   0.07679401     19344.45
      7146.2     1.013399     2.987582    0.0748036     19347.94
      7146.4      1.01121     2.976157   0.05532918        19349
      7146.6     1.008552     3.004455   0.06140044      19349.9
      7146.8     1.005799     3.029701   0.07371816     19350.26
        7147     1.003568     3.036702   0.03396915     19349.82
      7147.2     1.001676     3.035131  0.008186062      19350.9
      7147.4    0.9995239     3.031631  0.003872575     19353.23
      7147.6    0.9969032      3.03625 -0.008555456      19355.4
      7147.8    0.9937892       3.0398 -0.0008136269     19357.64
        7148    0.9907413     3.028287 -0.005674434     19359.94
      7148.2    0.9881483      3.03098  -0.04949823     19364.14
      7148.4    0.9852942     3.031711  -0.03506594     19367.54
      7148.6     0.982177     3.000202 -0.0005743289     19369.62
      7148.8    0.9789654     3.000234  0.004553596     19371.33
        7149    0.9756617      3.03052   0.03496378     19373.57
      7149.2    0.9724289     3.035354   0.04184076     19376.11
      7149.4     0.969342     3.028173   0.02423291     19378.21
      7149.6    0.9663289     3.033707   0.01883277     19380.07
      7149.8    0.9632704     3.049907   0.01232887     19381.17
        7150    0.9602604      3.05042   0.02372558     19381.24
      7150.2    0.9577282     3.038036   0.06121458     19380.93
      7150.4    0.9557255     3.052687    0.1012509     19381.54
      7150.6    0.9534525     3.098878    0.1262882     19382.98
      7150.8    0.9509304     3.131421    0.1365262     19385.45
        7151     0.948517     3.139066   0.05188646     19388.13
      7151.2     0.946193     3.161908  -0.04863309        19390
      7151.4     0.944223     3.140388  -0.09311171     19389.46
      7151.6    0.9425634     3.092514   -0.1022804     19389.06
      7151.8    0.9409213     3.064577  -0.04084448     19390.09
        7152    0.9391356     3.080084  0.008650557     19391.01
      7152.2    0.9374105     3.107712   0.04097416      19390.8
      7152.4    0.9364225     3.099435   0.04307405     19391.12
      7152.6    0.9358999     3.097356  -0.02855372     19392.72
      7152.8    0.9351964     3.114543  -0.04454221     19394.42
        7153     0.934071     3.084869  -0.05056147     19396.47
      7153.2    0.9334012     3.063801  -0.05401189      19396.8
      7153.4    0.9333867     3.056907  -0.02124221      19395.8
      7153.6    0.9334747     3.071334   0.02450998     19396.58
      7153.8    0.9330984     3.067875   0.04794288     19396.43
        7154    0.9332435     3.083409   0.04850556     19397.45
      7154.2    0.9338663     3.095262   0.08601841     19399.84
      7154.4    0.9343427     3.110138   0.07915069     19402.15
      7154.6    0.9347553      3.13669   0.03911553     19403.58
      7154.8     0.935267     3.146729  -0.04797444     19405.97
        7155    0.9356765     3.126554   -0.1065583     19406.76
      7155.2     0.936309     3.071759   -0.1410538      19406.5
      7155.4    0.9374635     3.051443   -0.1407078     19407.59
      7155.6    0.9387434     3.033886  -0.05465315     19409.16
      7155.8    0.9398446     3.013988 -0.003901939     19410.28
        7156    0.9407848     3.028036   0.06935346     19410.35
      7156.2    0.9414857     3.048322    0.1304582     19409.93
      7156.4    0.9422282     3.089369   0.08108876     19410.14
      7156.6    0.9433491     3.118354 -0.006466888     19410.88
      7156.8    0.9445782     3.092907  -0.06393953     19411.36
        7157    0.9460199     3.043148  -0.08684965     19412.77
      7157.2     0.947622     3.038217  -0.06124652     19413.76
      7157.4    0.9490485     3.048874   0.01935007     19413.45
      7157.6    0.9501647      3.04391   0.02295475     19414.46
      7157.8    0.9509258     3.058628 -0.009469731     19416.52
        7158    0.9517894     3.056581  -0.03080571     19418.68
      7158.2    0.9525666     3.041299  -0.04965651     19419.39
      7158.4    0.9537388     3.019265  -0.03028682     19420.49
      7158.6    0.9552711     3.018903 -0.004211871     19420.65
      7158.8    0.9563734     3.032352   0.03317951     19421.26
        7159    0.9572626     3.037929   0.03679362     19423.58
      7159.2    0.9583783     3.045809   0.03154471     19424.26
      7159.4    0.9593041     3.048338   0.04305322     19422.18
      7159.6    0.9602164     3.057587   0.07851046     19422.79
      7159.8    0.9609455     3.072372   0.09973043     19423.82
        7160    0.9614652     3.108617   0.03394408     19423.43
      7160.2    0.9621804     3.128122  -0.04215956     19422.87
      7160.4    0.9626119     3.084743  -0.08245542     19423.74
      7160.6    0.9628521     3.038644  -0.09696669     19424.81
      7160.8    0.9635532     3.042653  -0.06981755      19424.8
        7161    0.9647306     3.050549  -0.02271537     19424.87
      7161.2    0.9655048     3.028889  -0.02440935     19425.16
      7161.4    0.9660305     3.020472  -0.02959863     19426.75
      7161.6    0.9663988     3.023125   0.01223375     19428.47
      7161.8    0.9667005      3.02687   0.02758676     19428.08
        7162    0.9671736     3.038676   0.05147916     19427.52
      7162.2    0.9677358     3.042541   0.08572762     19427.52
      7162.4    0.9687752     3.064309   0.04352597     19428.44
      7162.6    0.9698052     3.095452  -0.03498777     19431.02
      7162.8    0.9701692     3.073496   -0.1034488     19432.25
        7163    0.9703775     3.014551   -0.1381379        19432
      7163.2    0.9708042      2.98155   -0.1183675     19432.37
      7163.4    0.9712595     2.984942  -0.04246292     19432.29
      7163.6    0.9718073     2.978802   0.01225821     19431.27
      7163.8    0.9722716     2.980581   0.02288214     19430.08
        7164    0.9728186     2.991356   0.04902738     19431.86
      7164.2    0.9734186     3.003248   0.06980234     19436.69
      7164.4    0.9740376     3.018024   0.08185343     19437.45
      7164.6    0.9743406     3.036423    0.0904092      19437.5
      7164.8    0.9746183     3.056839    0.0762671     19437.78
        7165    0.9749486     3.075575  0.009047222     19435.24
      7165.2    0.9757016     3.079038  -0.07265021     19434.84
      7165.4    0.9763524      3.04366   -0.1112694     19435.57
      7165.6    0.9770597     2.998719  -0.09716547     19434.87
      7165.8    0.9779266     2.986559  -0.03388259     19436.27
        7166    0.9788458     3.001306   0.02152323     19438.65
      7166.2    0.9793839     3.016554   0.01890205     19438.47
      7166.4    0.9799444     3.015937   0.01938724     19438.68
      7166.6    0.9809598     3.001681 -0.009282694        19439
      7166.8    0.9815769     3.016815  -0.05916347     19438.95
        7167    0.9817373     3.009128  -0.04549209     19439.74
      7167.2    0.9819557     2.968607  -0.04457254     19439.87
      7167.4    0.9824913     2.965287  -0.02013332      19440.6
      7167.6    0.9831759     2.981157   0.03599389     19440.76
      7167.8     0.983834     2.993021    0.0296435      19438.2
        7168    0.9845081     2.997402   0.01181037     19436.29
      7168.2    0.9852881     2.989002  0.009392817     19438.61
      7168.4    0.9862105     2.990606    0.0319016     19442.15
      7168.6    0.9867372     3.000536   0.08025569     19441.41
      7168.8    0.9872578     3.022923    0.0621511     19440.92
        7169    0.9883695     3.053207  -0.02003779     19442.81
      7169.2    0.9895974     3.040327  -0.05179441      19442.6
      7169.4    0.9909505     2.984505  -0.08687726     19443.29
      7169.6    0.9917962     2.981488  -0.07657084      19444.5
      7169.8    0.9923237     2.983705   0.01854175     19445.27
        7170    0.9926999      2.97907   0.03521025     19446.96
      7170.2    0.9932786     2.999339   0.04325156     19449.42
      7170.4    0.9940349     3.009656   0.02536289     19449.69
      7170.6    0.9950028     3.018306  -0.01590264     19449.88
      7170.8    0.9958161      2.99936  -0.03874503     19448.42
        7171    0.9966994     2.986617  -0.02866801     19448.09
      7171.2    0.9974447      2.97866   0.03947753     19448.32
      7171.4     0.997925     2.995372   0.09397086     19447.08
      7171.6    0.9981802     3.030942    0.0304826     19447.84
      7171.8    0.9984796     3.061793  -0.06376626     19451.16
        7172    0.9987674     3.003046   -0.1153271     19453.06
      7172.2    0.9994059     2.944359   -0.1359993     19453.57
      7172.4     1.000479     2.938681  -0.07018618     19453.83
      7172.6     1.001316     2.952994  -0.01342064     19452.47
      7172.8     1.001895     2.946897   0.01686013     19452.45
        7173       1.0025     2.933622 -0.005805634        19453
      7173.2      1.00319     2.952169  -0.04226169     19454.59
      7173.4     1.003865      2.94835   -0.0415908     19459.39
      7173.6     1.004628     2.913087  -0.04800548     19463.52
      7173.8     1.005511      2.90035   -0.0265986     19465.12
        7174     1.006157     2.913764   0.00947765     19464.83
      7174.2     1.006315     2.927071    0.0111151     19463.96
      7174.4     1.005905      2.92067  0.009175266     19462.44
      7174.6     1.005808     2.909242   0.02127937     19462.01
      7174.8     1.006242     2.921105    0.0417753      19463.7
        7175     1.006943     2.944094   0.03486658     19464.77
      7175.2     1.007632      2.95409   0.03825526     19465.63
      7175.4      1.00786     2.937135   0.02697717     19466.34
      7175.6     1.007858     2.951709 -0.004987455     19465.65
      7175.8     1.008044     2.965676  0.009605318     19465.15
        7176     1.007974       2.9501 -0.008151313      19466.4
      7176.2     1.007992     2.944819  -0.02549678     19467.32
      7176.4     1.008018     2.945188  -0.05269363     19467.11
      7176.6     1.008154     2.945278  -0.09215836     19466.76
      7176.8     1.008457     2.907945  -0.09948842     19468.59
        7177     1.008452     2.871093  -0.09428051     19470.52
      7177.2     1.008503     2.865597  -0.05279517     19471.45
      7177.4     1.008516     2.869854  -0.01107223     19470.99
      7177.6     1.008358     2.865709  0.009663543     19471.27
      7177.8     1.008017     2.862235  0.001942668     19471.13
        7178     1.007749     2.873328 -0.007197794     19472.03
      7178.2      1.00751     2.871408  0.007065311     19474.36
      7178.4     1.007437     2.859951 -0.002438262     19475.44
      7178.6     1.007752     2.867887  -0.01307375     19476.58
      7178.8     1.007928     2.871377 -0.0001021491     19479.23
        7179     1.007804     2.860949 -0.001084545     19481.56
      7179.2     1.007702     2.859869   0.01034033     19481.45
      7179.4      1.00788     2.867019   0.03825384     19480.82
      7179.6     1.008146     2.879649    0.0328384     19481.91
      7179.8     1.008149     2.891552   0.01052862     19483.16
        7180      1.00801      2.88614 -0.004328242     19481.97
      7180.2     1.007865     2.875442  -0.01338034     19481.26
      7180.4     1.007781     2.876187 -0.004566417      19483.7
      7180.6     1.007579     2.880848  0.003239106     19484.76
      7180.8     1.007782     2.882486  -0.03159191     19485.99
        7181     1.008438     2.878034  -0.04195905     19487.21
      7181.2     1.008836     2.850913  -0.04608344      19488.9
      7181.4      1.00892     2.847281  -0.04913329     19488.21
      7181.6     1.009067      2.84562  -0.01841821     19487.83
      7181.8     1.009078     2.838727  0.001947238     19487.77
        7182     1.009172     2.836179   0.02618464     19487.93
      7182.2      1.00965     2.848839   0.02806695     19488.91
      7182.4      1.00995     2.866567   0.02486725     19488.94
      7182.6     1.009684     2.861181   0.02344394     19489.15
      7182.8     1.009268     2.856073  0.001649777     19490.87
        7183     1.008956     2.867594  -0.00343542     19491.32
      7183.2      1.00884     2.867887     0.026849     19490.01
      7183.4     1.009147     2.858432   0.03515492     19490.13
      7183.6     1.009719     2.877552   0.01406082      19490.3
      7183.8     1.010335     2.895718   0.03030867     19491.01
        7184     1.010855     2.879136   0.04529196     19495.18
      7184.2     1.011176     2.882679   0.02829444     19498.99
      7184.4     1.011392     2.913785   0.02594074     19500.28
      7184.6     1.011467     2.918353   0.01254422     19499.99
      7184.8     1.011617     2.899888  -0.03153863     19498.03
        7185     1.012004     2.892714   -0.0458675      19497.3
      7185.2     1.012407     2.888554  -0.03827962     19499.89
      7185.4     1.012498     2.881659  -0.03304318     19502.54
      7185.6     1.012801     2.869265   -0.0196979     19503.89
      7185.8     1.012824      2.86628  -0.01180691     19503.78
        7186     1.012799     2.872796   0.00494743     19504.18
      7186.2     1.013042     2.872214   0.01628395     19504.76
      7186.4     1.012948     2.873223   0.02707092     19504.69
      7186.6     1.012975     2.879307   0.01995736     19503.21
      7186.8      1.01299     2.894453   0.02425861     19502.37
        7187     1.012977      2.88818   0.04600714     19503.89
      7187.2      1.01335      2.89263   0.04328823     19506.47
      7187.4     1.013797     2.916113   0.05706925     19508.87
      7187.6     1.013868     2.929083   0.07859808     19511.04
      7187.8     1.013699     2.933835   0.07059323     19512.63
        7188      1.01373     2.955508   0.04510005      19514.1
      7188.2     1.013749     2.972587   0.02536473     19515.03
      7188.4     1.013347     2.965163  -0.02676285     19514.92
      7188.6     1.013234     2.954127   -0.0631763     19514.79
      7188.8     1.013537     2.934098  -0.03803498     19514.69
        7189     1.013606     2.922046  -0.01908213     19514.42
      7189.2     1.013839     2.934735 0.0009246713     19514.83
      7189.4     1.014294     2.938861  0.009852601     19515.74
      7189.6     1.014409     2.934838 -0.006198634     19515.82
      7189.8     1.014203     2.929928  -0.02811586     19516.86
        7190     1.013926     2.929777 -0.005768384     19520.62
      7190.2     1.013438     2.916368   0.02659239     19521.86
      7190.4     1.013185     2.930223   0.03584822     19523.03
      7190.6     1.012957     2.951202   0.04643763     19524.26
      7190.8     1.012868     2.958455   0.04645883     19524.31
        7191     1.013076     2.953518   0.04953797     19523.98
      7191.2     1.013419      2.96739   0.04810197     19526.38
      7191.4     1.013594     2.990833   0.01750694     19529.21
      7191.6     1.013307     2.996937 0.0003479559     19527.94
      7191.8      1.01312     2.967524  -0.02138162     19526.92
        7192     1.013055     2.967668  -0.01619363     19528.39
      7192.2     1.012945     2.973727   0.03253951     19528.26
      7192.4     1.012811     2.983982   0.01787493     19528.31
      7192.6     1.012544     2.993556  0.001293323     19530.75
      7192.8      1.01257     2.981968  -0.02758746     19533.53
        7193     1.012907     2.974762  -0.04764319     19534.27
      7193.2     1.012999     2.961912  -0.02502361     19533.57
      7193.4     1.013022     2.955441  -0.02426147     19535.69
      7193.6     1.013042     2.961949  -0.01775218     19538.26
      7193.8      1.01308     2.955353 -0.004381704      19537.9
        7194     1.013602      2.94771   0.02249269      19537.9
      7194.2     1.014188     2.951936   0.04418289     19537.84
      7194.4     1.014346     2.979943    0.0428105     19538.88
      7194.6     1.014162     2.990699    0.0299815     19541.78
      7194.8     1.013813     2.981958   0.01229716     19542.77
        7195     1.013364     2.975921    0.0374651     19541.46
      7195.2     1.013124     2.989781   0.06163106     19541.73
      7195.4     1.013268     3.020671     0.044698     19544.25
      7195.6     1.013971     3.031263   0.01516808     19545.75
      7195.8     1.014495     3.011679  -0.03704756     19547.27
        7196     1.014739     3.001916  -0.04484478     19547.87
      7196.2     1.015267     2.991033 -0.002450429     19548.54
      7196.4     1.015549     2.995387  0.002868946     19548.89
      7196.6     1.015979     3.009719  -0.03114344     19547.79
      7196.8     1.016111     3.004211  -0.06464323     19547.34
        7197      1.01589     2.966118   -0.0802381     19549.32
      7197.2     1.015982     2.943673  -0.06533094     19551.46
      7197.4     1.016296     2.945528  0.002478958     19552.36
      7197.6     1.016775     2.951946   0.03802833     19553.77
      7197.8     1.017108     2.968102   0.00678564     19553.52
        7198      1.01705     2.974096   -0.0232527     19552.99
      7198.2     1.017197     2.950957   -0.0402854     19555.59
      7198.4     1.017454     2.933344  -0.05964617     19557.95
      7198.6     1.017221     2.935873  -0.04205245     19558.66
      7198.8     1.017013     2.926379  -0.01649263     19559.63
        7199     1.017296     2.917315    0.0012894     19561.16
      7199.2      1.01774      2.92015  0.009902749      19561.4
      7199.4     1.017926     2.936905 7.066606e-05        19562
      7199.6     1.017868     2.934301 -0.006474927      19562.1
      7199.8     1.018046     2.917372  -0.04289567     19561.71
        7200     1.018269      2.91497  -0.03670609     19561.57
      7200.2     1.018561     2.902588  -0.01443469     19561.35
      7200.4     1.018699     2.904936  -0.01701217     19562.01
      7200.6     1.018809     2.905824  0.003593307     19562.82
      7200.8     1.018976      2.90136   0.01042119      19564.1
        7201     1.018895     2.905463  0.006480765     19565.77
      7201.2     1.018937     2.913273 0.0005958526     19565.45
      7201.4     1.019188     2.911008 -0.008821561     19565.25
      7201.6     1.019469     2.901837 -0.005563883     19567.42
      7201.8     1.019685     2.898406 -0.003194392     19569.21
        7202     1.019758     2.908822 -0.003816192     19570.72
      7202.2     1.019557     2.908453 -0.003936959     19572.03
      7202.4     1.019352     2.898784  -0.02081734     19574.12
      7202.6     1.019008     2.895256  -0.02623535     19574.87
      7202.8      1.01859     2.892168  -0.02946205     19573.49
        7203     1.018668     2.887465  -0.03213118     19574.92
      7203.2     1.018923     2.875214  -0.03390755     19576.37
      7203.4       1.0193     2.869551  -0.03793952      19576.9
      7203.6     1.019626     2.865042  -0.05357196     19577.58
      7203.8     1.019845     2.857113   -0.0696001     19577.53
        7204     1.019786     2.832357  -0.07509135     19578.36
      7204.2     1.019689     2.813871  -0.06481999     19578.52
      7204.4     1.019435     2.804969  -0.02060818     19578.86
      7204.6     1.019217     2.805257    0.0165691     19579.78
      7204.8      1.01919      2.81587   0.03777965     19579.86
        7205     1.019338     2.827126   0.01767497     19582.24
      7205.2     1.019684     2.835193 -0.005773578     19581.91
      7205.4     1.019885     2.819397 -0.005867814     19580.47
      7205.6     1.019888     2.811251  -0.02927111     19581.28
      7205.8     1.019999     2.822432  -0.01829228      19581.5
        7206     1.020075     2.811776  0.007057801     19581.82
      7206.2     1.020137     2.804763  -0.01063406     19582.84
      7206.4     1.020025     2.816897 -0.008956608     19584.24
      7206.6      1.01969     2.813925  0.003050826     19584.57
      7206.8     1.019556      2.80461 -0.004955686     19585.08
        7207      1.01945     2.807204  0.001081038     19587.14
      7207.2     1.019233     2.812933 -0.003105719      19588.1
      7207.4      1.01928      2.81479  -0.02780268     19587.83
      7207.6     1.019388     2.802126  -0.03040913     19588.42
      7207.8     1.019178     2.784962  -0.01985047        19591
        7208     1.018825     2.788606  0.002176963     19592.65
      7208.2     1.018745     2.798909    0.0159679     19593.27
      7208.4     1.018822     2.803867  0.008116716     19595.21
      7208.6     1.019044     2.797736  0.006309495     19597.45
      7208.8     1.019441     2.795099  0.008249375     19596.92
        7209     1.019538     2.803957  -0.01125663      19597.3
      7209.2     1.019526     2.810467   -0.0254502     19598.22
      7209.4     1.019781     2.788731  -0.02217884     19599.13
      7209.6     1.019619     2.774739  -0.02543289     19599.39
      7209.8     1.019441     2.786214   0.00358182     19600.47
        7210     1.019269     2.790121   0.03671439     19600.09
      7210.2     1.019018     2.791596   0.04927831     19598.72
      7210.4     1.018853      2.80411   0.05837003     19598.18
      7210.6     1.018872     2.825637   0.03773893     19599.27
      7210.8     1.019086     2.836817   0.01064695     19601.78
        7211     1.019384     2.821787  0.004901312     19603.77
      7211.2      1.01963     2.812628   0.01129145     19604.15
      7211.4     1.019594     2.829558   0.02653797     19603.79
      7211.6     1.019023      2.84585   0.03875808     19604.45
      7211.8     1.018381     2.843018   0.04948241     19605.33
        7212      1.01822     2.843634   0.03393476     19606.13
      7212.2      1.01785     2.869143   0.04776086     19608.21
      7212.4     1.017605     2.872998   0.06248648     19607.93
      7212.6     1.017665     2.881226   0.03805629     19606.53
      7212.8     1.017501     2.893624   0.06018895     19607.26
        7213     1.016981     2.899589   0.06634382      19608.4
      7213.2     1.016515     2.921149    0.0400737     19608.63
      7213.4     1.016331     2.934301   0.02123144     19610.38
      7213.6     1.016065     2.925683   0.01313092     19612.17
      7213.8     1.015917     2.916574   0.03324723     19612.87
        7214     1.015774     2.931653   0.04693571     19614.69
      7214.2     1.015618     2.960899   0.03206901     19618.26
      7214.4     1.015633     2.963231    0.0127463     19617.33
      7214.6     1.015164     2.942229 -0.003840823      19614.3
      7214.8      1.01432      2.94185    0.0104062     19613.93
        7215     1.013728     2.957827    0.0534443     19614.61
      7215.2     1.013422     2.971556   0.07104153     19616.86
      7215.4     1.013188     2.984984   0.07220935     19619.69
      7215.6     1.013175     2.998684   0.05562011     19619.89
      7215.8     1.013271     3.015594    0.0164439     19618.76
        7216     1.012739     3.016052 -0.007320191      19617.9
      7216.2     1.012381     2.998139   -0.0151468     19618.21
      7216.4     1.012612     2.992828   0.02078126     19620.95
      7216.6     1.012085     3.003477   0.06823624     19621.72
      7216.8     1.011395     3.032677   0.09415736     19623.02
        7217     1.010975     3.052728   0.07539844     19626.65
      7217.2      1.01056     3.068153   0.06133555     19626.42
      7217.4     1.010056     3.063795    0.0797715     19624.62
      7217.6     1.009785     3.081746   0.02686576     19625.51
      7217.8     1.009272     3.116546 -0.002051391     19625.96
        7218     1.008992     3.089646   0.01019407     19626.37
      7218.2     1.009075     3.062154  -0.03395453     19626.83
      7218.4     1.008995     3.089901  -0.01275822     19627.79
      7218.6     1.009114     3.089382   0.05480262     19628.82
      7218.8     1.009118     3.079439    0.0212853     19629.74
        7219     1.008978     3.105996 -0.008941078     19631.74
      7219.2     1.008559     3.106929   -0.0208995     19633.12
      7219.4     1.007848     3.082229  -0.06222945     19633.52
      7219.6      1.00748      3.06272  -0.02080558     19634.91
      7219.8     1.007329     3.056213   0.04836301     19635.56
        7220     1.007099     3.090285   0.06446871     19635.11
      7220.2       1.0065      3.12092   0.05828344     19634.93
      7220.4     1.006079     3.114295   0.02636194     19633.71
      7220.6     1.006255     3.102839 -0.005904461     19634.92
      7220.8     1.006547     3.111374  -0.01070547     19636.31
        7221     1.006813     3.116196  -0.02401982     19637.76
      7221.2     1.006935      3.10573  -0.04247546     19639.18
      7221.4     1.007023     3.083624   0.02871225     19640.34
      7221.6      1.00676     3.077394   0.09196936     19642.64
      7221.8     1.006451     3.139166    0.1185715     19643.52
        7222       1.0061     3.179306    0.1101707     19642.37
      7222.2     1.005572     3.178481   0.03531546     19641.58
      7222.4     1.005169      3.16553  -0.02859984     19642.97
      7222.6     1.005138     3.167418  -0.06460894     19643.19
      7222.8     1.005221     3.156426   -0.0674715      19642.8
        7223      1.00505     3.126794  -0.09127888     19642.52
      7223.2     1.004774     3.111553   -0.1069448     19642.95
      7223.4     1.004897     3.094395   -0.0770669     19645.39
      7223.6     1.005021      3.07087  -0.03332788     19647.66
      7223.8     1.004654      3.06514   0.01499994     19648.38
        7224     1.004379     3.084891   0.04066206     19647.14
      7224.2     1.004132     3.106395   0.02347552     19646.25
      7224.4      1.00385       3.1034  -0.03075356     19647.79
      7224.6     1.003834     3.083921  -0.05806823     19650.27
      7224.8     1.003776     3.060288  -0.04218366     19652.61
        7225     1.003501      3.05994  -0.01332052     19654.37
      7225.2      1.00304     3.069653  -0.01033281     19655.27
      7225.4      1.00239     3.073264  -0.02175092     19655.85
      7225.6     1.002154     3.052022  -0.02436114      19654.9
      7225.8     1.001826      3.04254   -0.0597576      19653.8
        7226      1.00118     3.050164  -0.07103683     19653.81
      7226.2     1.000638     3.025458  -0.09238952     19654.43
      7226.4     1.000538     2.995192  -0.09953867     19655.83
      7226.6     1.000686     2.968628  -0.03783835     19657.68
      7226.8     1.000777     2.970533   0.01103958     19658.83
        7227     1.000747     2.995187   0.05304558        19660
      7227.2      1.00058     3.004024   0.04561625     19660.22
      7227.4     1.000397     3.011065  -0.01899526     19659.99
      7227.6     1.000243     3.007026  -0.06570678     19661.38
      7227.8    0.9998139     2.979991   -0.1064619     19662.42
        7228    0.9991033     2.951459   -0.1290634     19663.33
      7228.2    0.9985017     2.925895  -0.07577467     19663.67
      7228.4    0.9980088     2.903775  -0.01350818     19663.58
      7228.6    0.9979926     2.919371   0.01475014     19666.29
      7228.8    0.9979894     2.940652   0.05003688     19665.88
        7229     0.997632     2.937695   0.02969492     19664.37
      7229.2    0.9971326     2.943805 -0.005773668     19663.96
      7229.4    0.9969033     2.943127 -0.003476975     19663.75
      7229.6    0.9969171     2.936033  0.008871149     19665.79
      7229.8    0.9966796     2.934914 -0.003352687     19667.28
        7230    0.9963712     2.950902  -0.02675985      19667.8
      7230.2    0.9961527     2.940445  -0.03455121     19669.31
      7230.4    0.9959523     2.914625  -0.06075383     19671.17
      7230.6     0.995967     2.907273  -0.04639132     19672.75
      7230.8    0.9957745     2.902299  -0.01249618      19672.9
        7231     0.995274     2.903332  -0.02055624     19672.83
      7231.2    0.9947379     2.904628  -0.02259923     19674.08
      7231.4    0.9942085     2.890828   -0.0388552     19674.11
      7231.6     0.993985     2.884219  -0.09317201     19673.74
      7231.8    0.9939593     2.872248   -0.1215547     19675.36
        7232    0.9940609     2.830091   -0.1409403     19675.29
      7232.2    0.9939307     2.793584   -0.1386457     19674.47
      7232.4    0.9937842     2.771467   -0.0696278     19677.15
      7232.6    0.9937521     2.761331 -0.006084824      19677.3
      7232.8    0.9933311     2.774388   0.03138199     19677.34
        7233    0.9930263     2.788716   0.02217048     19680.43
      7233.2    0.9927599     2.796573  -0.01926251      19680.1
      7233.4    0.9924645     2.779068  -0.03438398     19678.16
      7233.6    0.9926876     2.758978   -0.0334712     19677.49
      7233.8    0.9926652     2.761209   -0.0107398     19678.59
        7234     0.992603     2.769796  0.009325376     19680.04
      7234.2    0.9925046     2.770476 -0.001149624     19680.96
      7234.4     0.992067     2.766439  -0.02363952     19682.18
      7234.6    0.9916321     2.760289  -0.02924089     19684.32
      7234.8    0.9914244     2.750884  -0.01327988     19685.36
        7235     0.991368     2.747083   0.01950482      19684.1
      7235.2    0.9912618     2.755815   0.07123392     19683.78
      7235.4    0.9912436     2.775893   0.09527931     19685.93
      7235.6    0.9912198     2.807871   0.06158243     19687.63
      7235.8    0.9908667     2.823307    0.0240852     19686.78
        7236     0.990378     2.805081  -0.04618568     19687.01
      7236.2    0.9901698     2.795161  -0.08777927     19688.18
      7236.4    0.9903493     2.770923  -0.04699201     19691.18
      7236.6    0.9903586     2.753083  -0.01783068     19691.58
      7236.8    0.9902456     2.767487 -0.004239972     19692.18
        7237    0.9904577     2.780897 -0.0001578191     19693.22
      7237.2    0.9905247     2.767531  -0.02778584     19692.55
      7237.4    0.9905432     2.752957   -0.0535836     19693.28
      7237.6    0.9909549     2.745258  -0.04769183      19694.7
      7237.8    0.9911839      2.73803  -0.04439128     19694.69
        7238    0.9909278     2.729377  -0.04429231     19694.43
      7238.2    0.9906136     2.717444  -0.04369431     19694.62
      7238.4    0.9905537     2.709825  -0.04177598     19694.66
      7238.6    0.9907195     2.703074  -0.02509595      19696.4
      7238.8    0.9909136     2.695957  -0.01089375     19699.49
        7239     0.991122     2.697367  0.006616478     19700.94
      7239.2    0.9913775      2.70111   0.01974281      19701.8
      7239.4    0.9914731     2.708367   0.02034803     19701.82
      7239.6    0.9913992     2.711751   0.01457944     19700.88
      7239.8     0.991462     2.713646 -0.001381015      19699.7
        7240    0.9915103     2.712773   0.02269136     19699.72
      7240.2    0.9919452     2.707263    0.0446624     19703.62
      7240.4    0.9924379     2.729904   0.05342304     19705.76
      7240.6    0.9926468     2.749376    0.0581071     19704.55
      7240.8    0.9926259     2.755512   0.02914176     19703.73
        7241    0.9925519     2.753748 -0.008144378     19703.44
      7241.2    0.9924767     2.753217  -0.03532657     19704.82
      7241.4    0.9924859      2.74286  -0.04632396     19706.48
      7241.6    0.9924422      2.72725  -0.05666601     19707.85
      7241.8     0.992579     2.716689  -0.04680452     19709.13
        7242    0.9929462     2.707884  -0.01785494     19709.29
      7242.2     0.993164     2.705417   0.01627292     19710.04
      7242.4    0.9933492     2.712966   0.03936703     19711.19
      7242.6    0.9937074     2.729707   0.04103323     19711.25
      7242.8    0.9940187     2.739378   0.03111893     19712.24
        7243    0.9939507     2.738243  0.004045801     19713.41
      7243.2    0.9939025     2.737862  0.002101537     19713.32
      7243.4    0.9937823     2.732944   0.01576856     19713.41
      7243.6    0.9941503     2.741059   0.01666303     19714.44
      7243.8     0.994642     2.750858  0.009968325      19715.4
        7244    0.9948942     2.751192   0.01671331     19718.45
      7244.2    0.9952576     2.740919   0.03621152     19721.54
      7244.4    0.9953929      2.75443   0.04861264     19720.98
      7244.6    0.9951766     2.779827   0.05427372     19719.69
      7244.8    0.9953116     2.790082   0.03502991     19720.54
        7245    0.9955863     2.784338   0.02905092     19720.64
      7245.2    0.9955578     2.782454   0.03308401     19719.71
      7245.4     0.995752     2.803068   0.03346522     19720.68
      7245.6    0.9962448     2.816549    0.0286484     19722.51
      7245.8    0.9967195      2.81111   -0.0144762     19725.59
        7246    0.9971454     2.805373  -0.03475412     19728.14
      7246.2    0.9973575     2.791487  -0.01468762     19726.26
      7246.4    0.9974805     2.788746  -0.01629814     19725.54
      7246.6    0.9975536      2.79936  -0.01451955     19725.67
      7246.8    0.9977457     2.792334 -0.007397719     19725.42
        7247    0.9979868     2.779871  -0.01150639     19725.26
      7247.2      0.99784     2.782828  -0.01226243     19724.09
      7247.4    0.9978562     2.790155  -0.02100754     19723.78
      7247.6    0.9983156     2.782524  -0.05614633     19725.22
      7247.8    0.9987795     2.763065  -0.07161534     19727.65
        7248    0.9987677     2.737911  -0.02703061     19727.89
      7248.2    0.9991698     2.732862   0.01205188     19727.32
      7248.4    0.9995657       2.7609   0.03393825     19727.89
      7248.6    0.9995118     2.772707   0.03466564     19729.51
      7248.8    0.9997714     2.765061 -0.006883614     19731.78
        7249      0.99998     2.760595  -0.01569888     19733.08
      7249.2    0.9997605     2.755393   0.01188458     19732.94
      7249.4    0.9998638     2.760148   0.03825085     19733.11
      7249.6     1.000144     2.774569   0.06085535     19733.48
      7249.8      1.00002     2.791196   0.06779387     19732.57
        7250     1.000227     2.804077   0.06235582     19733.16
        7252     1.002817     2.803528 -0.009729315     19744.71
        7254     1.004022     2.722746 -0.007804884     19746.87
        7256     1.006572     2.761014 -0.009589462     19754.96
        7258     1.009928     2.761156  0.003591187     19766.14
        7260     1.011787     2.726812 -0.003274199     19772.94
        7262     1.014823     2.751475  0.005087328     19777.86
        7264     1.015294      2.73482  0.008986355     19783.46
        7266     1.017264     2.801855  0.003971226     19795.16
        7268     1.018157     2.798703   0.01265208     19799.31
        7270     1.019476     2.783245   0.01031903     19805.41
        7272      1.01906     2.836037  0.004115686     19810.89
        7274     1.018957     2.884407  0.007636012        19820
        7276     1.017817     2.831629  0.005793608     19822.28
        7278     1.017202     2.844333 -0.001893966     19830.48
        7280     1.016669     2.882386   0.00475371     19835.55
        7282     1.015448     2.869255  0.004396999     19845.81
        7284     1.014066     2.869658  0.001867307     19851.55
        7286     1.011855     2.879509   0.00657106     19855.83
        7288     1.011095     2.897324  0.003374647     19862.32
        7290     1.009188     2.921824 -0.005319317     19868.11
        7292     1.007753     2.896655 -0.007768449     19873.62
        7294     1.006266     2.836954  -0.02278208     19884.13
        7296     1.005728     2.835177  -0.01700854      19893.4
        7298     1.003681     2.739567  -0.01529152     19896.83
        7300     1.004355     2.760587  -0.02246499     19906.26
        7302     1.003716     2.714622 -0.005100805     19909.36
        7304     1.002447     2.655457  -0.01668846     19915.49
        7306     1.003487      2.69876 -0.008428965     19925.57
        7308     1.002399     2.627079  0.001582478        19928
        7310     1.002789     2.647191 -0.008409042     19933.19
        7312     1.002308     2.668117  0.004393186     19940.63
        7314     1.001955     2.631488 -0.001102851     19948.98
        7316     1.002422     2.662225 -0.001202555      19958.3
        7318     1.001054     2.638368  0.000470658     19962.78
        7320     1.002043     2.658496 -0.0003060296     19971.98
        7322     1.002453     2.635253  -0.00404945     19978.48
        7324     1.002703     2.659777 -0.003637671     19987.22
        7326     1.001646     2.605972  0.003301067     19994.02
        7328     1.001559     2.629395 -0.008640677     20000.63
        7330     1.001512     2.661662  0.001607764     20005.52
        7332     1.000677     2.590651 -0.005213883     20008.31
        7334     1.000948     2.618834 -0.008854957     20015.13
        7336     1.000917     2.587684  0.002104693      20021.7
        7338     1.000318     2.590822 -0.001893685     20031.43
        7340     1.000736     2.607489  0.003013931     20035.77
        7342    0.9999481     2.603685    0.0055669     20037.99
        7344     1.000261     2.611795  0.003741682      20043.2
        7346     1.000285     2.635357  0.006276555     20049.96
        7348     0.999303     2.637422    0.0081161     20057.98
        7350    0.9995652     2.653897  0.007068797     20063.79
        7352     1.000304     2.676724  0.006706582     20072.57
        7354     1.000332     2.691908  0.005523581     20075.83
        7356     1.000011     2.691075  0.004941959     20081.29
        7358     1.000591     2.698086  0.002683698     20089.35
        7360     1.000133      2.71626  0.002259897     20095.69
        7362     1.000548     2.713377  0.006683741     20100.12
        7364      1.00038     2.709154 -0.001777528     20108.53
        7366     1.001029     2.751556 -0.001303841     20115.52
        7368     1.001047     2.702039 -0.003110475        20123
        7370     1.001113     2.702947  -0.01445578     20129.77
        7372     1.000115      2.68427 -0.007317766     20129.91
        7374     1.000175      2.63591  -0.01249609     20136.48
        7376     1.000319     2.643497  -0.01544671     20140.08
        7378     1.000847     2.602978  -0.01189628     20146.65
        7380    0.9993977     2.560697  -0.01830686     20154.16
        7382    0.9998719     2.540739  -0.01366495        20163
        7384    0.9999316     2.497042 -0.008711349     20168.93
        7386     0.998959     2.493658  -0.00348301     20172.19
        7388    0.9994185     2.491006 0.0004796969     20179.74
        7390    0.9985069     2.512875 -0.001045755     20180.66
        7392     1.000488      2.50088  0.003593335     20191.39
        7394    0.9989437     2.485292 0.0005039414     20200.68
        7396     0.998788     2.519752 -0.0003724551     20204.15
        7398    0.9983305     2.516907  0.003094516     20211.39
        7400     0.998454       2.4979 -0.003587025      20217.2
        7402    0.9985966     2.510048 -0.0009356088     20224.07
        7404    0.9983167     2.491056  0.001556438     20228.02
        7406    0.9973828     2.509422 -0.002621844     20230.99
        7408    0.9981051     2.510352  0.000503256     20239.38
        7410    0.9981832     2.489074 -0.003319785     20245.26
        7412    0.9977062     2.495082 -0.003374475      20251.4
        7414    0.9970772     2.482864  0.001944049     20257.71
        7416    0.9973005     2.483356 -0.001788613     20263.93
        7418    0.9967944     2.504626 -0.001160485     20267.07
        7420    0.9968912     2.480773 -0.001306215     20274.25
        7422    0.9963396      2.47358 -0.005638669     20277.03
        7424    0.9957324     2.472906 -0.003794081     20284.83
        7426    0.9960715     2.459517 -0.003148963     20291.66
        7428    0.9959837     2.450421 -0.003086019     20295.39
        7430    0.9960143     2.448388 -0.002338108     20304.49
        7432    0.9963473     2.448218 -0.0005674734     20306.86
        7434    0.9961466     2.440812 -0.0006032846     20315.07
        7436     0.996453     2.445881  0.000568893     20323.63
        7438    0.9964482     2.443562  0.003766094     20325.21
        7440    0.9964393     2.452769 -2.930489e-07     20333.62
        7442    0.9959196     2.470941  0.004101519     20336.49
        7444     0.995286     2.445879  0.003411416     20347.43
        7446    0.9963302     2.476374 0.0002853463     20352.39
        7448    0.9952335     2.480061  0.003251263     20351.61
        7450    0.9957091     2.473223 -0.001638529     20356.98
        7452    0.9953836     2.471889 -0.001200657      20366.6
        7454    0.9960487     2.463266 -0.0007839935      20371.8
        7456    0.9956447     2.470455 8.787272e-05     20381.84
        7458    0.9961235     2.466951 0.0001018599     20384.04
        7460     0.995894     2.472592 -0.0002367921      20389.9
        7462    0.9953771     2.464081 -0.0004037818      20393.8
        7464    0.9956503     2.468561 -0.003589289     20399.18
        7466    0.9955913     2.463721 -0.004760277     20407.83
        7468    0.9955976     2.443877 -0.005918102     20413.21
        7470    0.9956868     2.425998 -0.007589193     20419.09
        7472    0.9953746     2.421216 -0.005982613     20419.11
        7474    0.9952711     2.403008 -0.004492397     20422.74
        7476    0.9953155     2.396016  -0.00487231     20434.06
        7478    0.9948822     2.390059 -0.002659236     20434.14
        7480    0.9955338     2.382238 -0.003770341     20442.74
        7482    0.9952535     2.381734 -0.005099129      20447.9
        7484      0.99437     2.365854 -0.002736072     20451.76
        7486     0.994745     2.349266 -0.004450298     20451.98
        7488     0.994548     2.360349 -0.004734853     20459.44
        7490    0.9942473     2.346131 -0.002814886     20461.31
        7492    0.9946837     2.327975 -0.005413653      20470.6
        7494    0.9946415     2.326747 -0.003231605     20476.21
        7496    0.9949929      2.31704  0.001030465      20479.6
        7498    0.9947819     2.320278 -0.003301663     20484.15
        7500    0.9942477     2.336219 -2.964946e-05      20490.9
        7502    0.9948419     2.300334  0.001625128     20501.81
        7504    0.9951281     2.316803 -0.002584096     20504.11
        7506    0.9945004      2.33328  0.002423582     20507.28
        7508    0.9943303     2.315546 -0.0004087052     20512.56
        7510    0.9945748     2.319722 -0.003564187     20517.24
        7512    0.9948781     2.313533  -0.00211053      20519.4
        7514    0.9950461     2.304766 -0.001653741     20524.01
        7516    0.9946579     2.298662 -0.0008551309     20527.27
        7518    0.9953506     2.306493 -0.001592872     20514.91
        7520    0.9951109     2.306692 -0.000868229     20505.19
        7522    0.9946679     2.292023 -0.001172865     20499.12
        7524    0.9954042     2.291716 -0.0003571238     20458.22
        7526     0.996762      2.29711 -0.0003500092     20037.11
        7528    0.9941206     2.303835 -0.0006786413     20352.21
        7530    0.9954846     2.289223 -0.0001987929     20096.94
        7532    0.9938816     2.286287 -0.001870424     20431.55
        7534    0.9946632     2.295519 -0.001203454     20560.93
        7536    0.9947031     2.288872 -0.0002017104     20549.91
        7538    0.9949139     2.279595 -0.003182032     20551.98
        7540    0.9951543     2.284673 -0.002610707     20580.52
        7542    0.9950232     2.270063  -0.00137555      20595.3
        7544    0.9949046     2.267986 -0.003444927     20602.44
        7546    0.9950759     2.268591 -0.0008184053     20605.75
        7548    0.9952294     2.257114 -0.001814325     20613.68
        7550    0.9949157     2.263516 -0.001195938     20613.24
        7552    0.9946568     2.253471  9.25773e-05     20621.47
        7554    0.9946858     2.259023 -0.0009864874     20627.32
        7556    0.9955299     2.257854 0.0009216245      20630.6
        7558    0.9954322     2.255624  0.000330117     20634.46
        7560    0.9951286     2.260844 -0.0005804452     20640.23
        7562    0.9949738     2.261664 -0.001981174     20646.64
        7564     0.994188     2.253211 -0.0006234325     20650.62
        7566    0.9954148     2.239774 -0.0009382422     20654.68
        7568    0.9950152     2.255857 -1.741183e-05     20659.41
        7570    0.9956289     2.254158 -0.0001473567     20664.79
        7572    0.9950335     2.253071 -0.003938508     20668.72
        7574    0.9956666     2.238596 -0.004424338     20677.58
        7576    0.9951776     2.224349 -0.004235559     20681.48
        7578    0.9951434     2.218764 -0.004863953     20680.17
        7580    0.9953622     2.219187 -0.003553674     20688.11
        7582    0.9956043     2.199684 -0.001689259     20691.32
        7584    0.9953139     2.195919 -0.002913344     20692.85
        7586    0.9960935      2.20525 -0.0002019212     20698.56
        7588     0.995737      2.19588 -0.001513291     20696.65
        7590    0.9958684     2.198069 -0.003224399     20701.35
        7592    0.9961637     2.183813  -0.00284089      20706.6
        7594    0.9957696     2.179454 -0.004013751     20707.89
        7596    0.9957568     2.173153 -0.0002974117     20711.47
        7598    0.9960678     2.165959 -0.001590121      20714.1
        7600    0.9959742     2.181434 -0.002631448     20717.61
        7602    0.9966682     2.166733  0.000706698     20727.48
        7604     0.996587     2.152101 -0.002856874     20730.13
        7606    0.9963243     2.171612 -0.002189215      20733.4
        7608    0.9964692     2.158579 -0.001277695     20738.05
        7610    0.9962532      2.14922 -0.002636108     20737.56
        7612    0.9955752      2.14188 -0.001142975     20742.52
        7614    0.9957428     2.150523 -0.001932505     20745.61
        7616    0.9963478     2.149435 -0.001758986     20750.25
        7618    0.9966892      2.13376 -0.0008361449     20755.88
        7620    0.9969534     2.127808 -0.001080766      20759.8
        7622    0.9967382     2.143834 -0.0009579123      20761.4
        7624    0.9960497     2.140789 -0.0009192993     20767.12
        7626    0.9967258     2.126096 -0.002640066     20772.05
        7628    0.9966111     2.120454 -0.002430164     20773.68
        7630    0.9962691     2.122714 -0.002299198     20776.86
        7632    0.9969662     2.121348 -0.0005100727      20785.5
        7634    0.9970366     2.107703 -0.001762686     20784.81
        7636    0.9966318     2.116373  -0.00245024     20790.81
        7638    0.9966686     2.108612 -0.0005785343     20793.99
        7640    0.9964105     2.101746 -0.003243853     20800.76
        7642    0.9963777     2.103075 -0.002522456     20808.19
        7644    0.9968072     2.090422 -0.002878319     20807.89
        7646    0.9969525     2.088432 -0.002249121     20810.78
        7648    0.9973881     2.078719 -0.001093643     20816.86
        7650    0.9972864     2.085082 -0.0008525649     20816.44
        7652    0.9968937     2.081673 -0.000186927     20820.52
        7654    0.9968329     2.081612 -0.001950804     20824.67
        7656    0.9970974     2.077224 -0.001681589     20830.69
        7658    0.9975642     2.069475 -0.001941499     20837.14
        7660    0.9979443      2.06822   -0.0022942     20839.86
        7662    0.9977344      2.06608 2.333835e-05     20844.03
        7664    0.9973381      2.05887 -0.0006704032     20849.73
        7666    0.9972438     2.069662 -0.001184552      20855.5
        7668    0.9975193     2.062857 -0.0001404593      20855.9
        7670    0.9977012     2.056604  -0.00210227     20857.57
        7672    0.9976597     2.057746 -0.001056161      20858.2
        7674    0.9971821     2.052844 -0.0001947847     20864.21
        7676    0.9975514     2.054408 -0.0002203159     20869.23
        7678    0.9976147     2.055045 -0.0002921539     20872.73
        7680    0.9981178     2.055984 -0.000631453     20880.67
        7682    0.9980702     2.050506 -0.001673662     20882.97
        7684    0.9978189     2.049356 -0.0004726743     20887.37
        7686    0.9976916     2.041656 -0.002423931     20886.76
        7688    0.9981618     2.052202 -0.002142608     20892.38
        7690    0.9980511     2.031115 -0.0001066704     20902.16
        7692    0.9985225     2.032215 -0.003360296     20903.17
        7694    0.9984524     2.040803 -0.001337047      20902.8
        7696    0.9991765      2.02532 -0.001471586     20916.69
        7698     0.998643     2.020419  -0.00358505     20915.87
        7700    0.9988164     2.020443 -0.002224243     20918.49
        7702    0.9986398     2.012122 -0.002189895     20919.82
        7704     0.998579     2.007526 -0.001041789     20924.67
        7706    0.9991929       2.0029 -0.0006907422     20927.32
        7708    0.9988925     2.012108 -0.001697179     20933.36
        7710    0.9994192     2.006596 -0.0006998549     20937.47
        7712    0.9990384     1.993949 -0.002002336     20938.41
        7714    0.9995927     1.997301 -0.002241383     20939.43
        7716    0.9992615      1.99609 -0.0001927258     20945.36
        7718    0.9998466     1.988665 -7.03337e-05      20949.2
        7720    0.9998207     1.992407 0.0002128034     20955.28
        7722    0.9992007     1.996738 6.887889e-05     20960.08
        7724     0.999418     1.997792 -0.001957114     20960.72
        7726    0.9997537     1.989216 -0.001906153     20958.75
        7728     1.000283      1.97675 -0.001847462     20968.68
        7730     1.000282     1.981489 -0.001158157     20973.21
        7732    0.9998041     1.983012  -0.00109789      20971.3
        7734     1.000232     1.979951 -0.001105925     20974.75
        7736    0.9992918     1.967967 -0.002051068     20979.07
        7738     0.999388     1.972641  -0.00218355     20980.33
        7740     1.000034     1.966604 -0.0007850056     20987.45
        7742     1.000021     1.962483 -0.002118588     20988.32
        7744     0.999969     1.961687 -0.001832099      20991.5
        7746     1.000409     1.955693 -0.0009931602     20997.79
        7748     1.000724     1.951947 -0.001613848      20998.5
        7750     1.000813     1.954537 -0.001476016     21002.63
        7752     1.000908     1.948776 -0.0003988911     21010.76
        7754     1.000572     1.943885 -0.001240659     21007.48
        7756     1.000163     1.948756 -0.001107853     21010.82
        7758      1.00025     1.944612 -0.001001012     21011.87
        7760     1.000671     1.939913 -0.002194002     21019.07
        7762     1.000277     1.935876 -0.002288514     21021.61
        7764     1.000826     1.931204 -0.002101784     21025.86
        7766     1.001008     1.926304 -0.002362518     21027.88
        7768     1.001387     1.923099 -0.002488433     21029.76
        7770     1.001181     1.916976 -0.001555474     21031.67
        7772     1.000827     1.911296 -0.002226526     21033.16
        7774     1.000991      1.91386 -0.0007453398     21034.24
        7776     1.001618     1.905287 -0.0008872226     21035.85
        7778      1.00163     1.911014 -0.001891012     21030.88
        7780     1.001031     1.904199 -0.0001175745     21020.08
        7782     1.001933     1.898732 -0.002096108     20991.53
        7784     1.002923     1.904346 -0.001467394     20825.73
        7786     1.005545     1.894245   -0.0031658     19887.14
        7788     1.001986     1.892459  -0.00196689     20087.22
        7790    0.9982496     1.873406 -0.001127133     20391.02
        7792     1.001352     1.888611 -0.002251304     21054.73
        7794      1.00145     1.885228  0.001067962     21078.69
        7796     1.001309     1.874449 -0.001012007     21086.76
        7798     1.001147     1.881949 -0.001094903     21095.69
        7800     1.002242     1.880515 -0.0007344141     21101.99
        7802     1.001752     1.876468 -0.001575708     21103.46
        7804     1.002311     1.868574 -0.001233213     21103.23
        7806     1.002245     1.869344 -0.001749196     21110.54
        7808     1.002252     1.870649 -0.0003894623     21110.79
        7810     1.002172     1.862475 -0.001533463     21118.73
        7812     1.001773     1.865458 -0.001882789     21118.58
        7814     1.002093     1.857076 -0.001115027     21120.91
        7816     1.002053     1.855587 -0.001704906     21119.41
        7818     1.002015     1.853555 -0.001617435     21125.16
        7820     1.001924     1.851819 -0.001029714     21124.44
        7822     1.002382     1.844137 -0.001622817      21128.8
        7824     1.002444     1.847349 -0.002218572      21132.8
        7826      1.00241     1.840572 -0.001733759     21131.64
        7828     1.002563      1.83407 -0.001962327      21137.4
        7830     1.001852     1.830266  -0.00133512     21136.49
        7832     1.002361     1.831651  -0.00030384     21140.48
        7834     1.002575     1.829891 -0.000750177      21144.9
        7836     1.002353     1.831639 -0.001511931     21147.34
        7838     1.002597     1.824265 -0.001699307     21150.68
        7840      1.00252     1.819555 -0.001551638     21158.93
        7842     1.003015     1.816297 -0.002030432     21161.28
        7844      1.00324     1.819226 -0.001315936     21163.81
        7846      1.00268     1.808022 -0.0007952971     21162.19
        7848     1.003105     1.809028 -0.001775625     21169.62
        7850     1.002137     1.809934 -0.001187694     21168.98
        7852     1.002477     1.805021 -0.001553005     21173.24
        7854     1.002861      1.79852 -0.001702284     21175.01
        7856     1.002738     1.796604 -0.001438674     21177.92
        7858     1.002814     1.796316  -0.00100064     21179.98
        7860     1.003012     1.793512 -0.001504401     21181.61
        7862     1.002919     1.790515 -0.001201926     21187.88
        7864     1.003443     1.784568 -0.001780953     21193.19
        7866     1.003215     1.786701 -0.001855094     21196.69
        7868     1.002942     1.779264 -0.001530588     21196.13
        7870      1.00344     1.775674 -0.002151043     21201.36
        7872     1.002995     1.772324 -0.001738782     21203.19
        7874     1.003315     1.769492 -0.001352176     21209.86
        7876     1.003559     1.765354 -0.001129757      21212.8
        7878     1.004255     1.764857 -0.001506095     21216.95
        7880     1.004037     1.763286 -0.001134358     21221.19
        7882     1.003955     1.757444 -0.002238714     21222.22
        7884     1.003715     1.756279 -0.001763436     21226.71
        7886     1.003873     1.746947 -0.002129466     21226.46
        7888     1.003774     1.749178 -0.002053335     21229.43
        7890     1.004389     1.740408 -0.001295477     21230.41
        7892     1.004082     1.739853 -0.001543979     21234.33
        7894     1.003881     1.736583 -0.0009600813     21233.39
        7896     1.004143     1.736826 -0.001568447     21239.26
        7898     1.004217     1.732727 -0.001893565     21241.89
        7900     1.003627     1.727305 -0.001780561     21241.06
        7902     1.003958     1.721435 -0.0007234252     21245.24
        7904     1.003854     1.722582 -0.001210782     21247.95
        7906     1.003853      1.72694 -0.0007442632     21252.18
        7908     1.004723     1.717619 -0.0008716802     21260.11
        7910     1.004177     1.715481 -0.002280523     21259.76
        7912     1.004379     1.715608  -0.00120144     21262.65
        7914     1.004983     1.708696 -0.001486008     21227.17
        7916     1.005206     1.708007 -0.001512614     20957.92
        7918     1.004526     1.703593 -0.0009180623     20550.91
        7920     1.003543     1.703508 -0.0008724165     20957.84
        7922     1.004595     1.701351 -0.001149525     21202.66
        7924     1.004487     1.701028 -0.001530803     21237.54
        7926     1.004192     1.694396 -0.001520383     21251.22
        7928     1.004756     1.691261 -0.001502868     21262.51
        7930     1.004755     1.689188  -0.00185718     21262.96
        7932     1.004503     1.689005 -0.001683999     21266.21
        7934     1.004782     1.679539  -0.00125694     21272.26
        7936     1.004647     1.677789 -0.001655715     21276.19
        7938     1.004758     1.679133 -0.001640802     21282.88
        7940     1.004168     1.675759 -0.001289383     21282.22
        7942     1.004557     1.666412 -0.001340858     21283.56
        7944     1.004512     1.667474 -0.001371716      21290.3
        7946     1.004669     1.668406 9.457559e-05     21288.69
        7948      1.00534     1.664785 -0.0009740696     21293.78
        7950     1.005057     1.667169 -0.001075793     21292.34
        7952     1.004683     1.659681 -0.001151643     21299.22
        7954     1.004892     1.659799 -0.002077539     21301.76
        7956     1.004694     1.655572 -0.0003838947     21305.74
        7958     1.004798     1.650549 -0.001338476     21308.06
        7960     1.005178      1.65661 -0.001137315     21307.14
        7962     1.005273     1.649091 -0.0009332445     21309.79
        7964     1.004558     1.646474   -0.0022351      21310.1
        7966     1.005297     1.643083 -0.001465545     21319.66
        7968     1.005226      1.63873 -0.001776036     21318.31
        7970     1.005049     1.637367 -0.001905903     21320.84
        7972     1.005055     1.632266 -0.001315739     21325.15
        7974     1.005103     1.627836 -0.001651986     21324.81
        7976     1.005512     1.628204 -0.001612821     21331.37
        7978     1.005253     1.624151  -0.00122819     21333.34
        7980     1.005834     1.619363 -0.001448461     21334.09
        7982     1.005494      1.61801 -0.0009292332     21335.37
        7984      1.00512     1.616616 -0.0005813537     21341.59
        7986     1.005137     1.616717 -0.001056236     21341.19
        7988      1.00475     1.614712 -0.001587621     21342.46
        7990     1.004993      1.60956 -0.001415572     21347.08
        7992     1.005229     1.603915 -0.001561065     21349.25
        7994     1.005032     1.605393 -0.001227569     21351.83
        7996     1.005757     1.602224 -0.001307549     21351.25
        7998     1.005372      1.59974 -0.001970432     21352.55
        8000     1.005571     1.593455 -0.001717482     21355.11
        8002     1.005188     1.589629 -0.001577441     21359.19
        8004      1.00527     1.588484  -0.00119648     21364.33
        8006     1.005315      1.58712 -0.001033378     21365.96
        8008     1.005249     1.583883 -0.0008352661     21366.23
        8010     1.005658     1.581362 -0.001696606      21373.4
        8012     1.005327     1.581802 -0.0009588416     21373.33
        8014     1.005609     1.573547 -0.001130698     21377.85
        8016     1.004799     1.576212 -0.001353819     21373.76
        8018     1.005137     1.572317 -0.0006643226     21376.93
        8020     1.004656     1.570971 -0.001901957     21376.33
        8022     1.004651     1.568233 -0.001752807     21380.65
        8024     1.004723     1.560996 -0.001635888     21381.59
        8026     1.004689     1.558294 -0.001310325     21385.74
        8028     1.004349     1.557884 -0.0006818042     21386.14
        8030     1.004627      1.55775  -0.00104013     21391.79
        8032     1.004267     1.555542 -0.001286381     21391.46
        8034     1.004192     1.549973 -0.001796984     21391.68
        8036     1.004031     1.547593 -0.001986411     21394.97
        8038     1.004389     1.543374 -0.0008832709      21401.3
        8040     1.003981     1.539651 -0.001218703     21401.06
        8042       1.0038     1.542907 -0.001259985     21398.94
        8044     1.003924     1.537843 -0.0007390611     21403.62
        8046     1.003761     1.533294 -0.001588412     21403.79
        8048     1.003862     1.533738 -0.001019252      21408.5
        8050     1.003896       1.5302 -0.001197616      21409.5
        8052     1.003932     1.529689 -0.001867313     21413.39
        8054     1.003837     1.523713 -0.001744423      21409.6
        8056      1.00381       1.5188  -0.00191539     21417.95
        8058     1.003183     1.516244 -0.001183941     21414.06
        8060      1.00361     1.514366 -0.001212273     21418.68
        8062     1.003254     1.514242 -0.001416093     21415.89
        8064     1.003455     1.509101 -0.0007524499     21424.71
        8066     1.003455     1.504916  -0.00127422     21421.51
        8068     1.003837     1.508347 -0.001252584     21426.99
        8070       1.0036     1.504048 -0.001208333     21428.05
        8072     1.004002     1.499081 -0.001917444     21427.08
        8074     1.003415     1.495249 -0.002021394     21424.73
        8076     1.002981     1.493007 -0.001234789     21431.39
        8078     1.003401     1.487877 -0.001588512     21428.86
        8080     1.003325     1.489202 -0.001418792     21434.67
        8082     1.003377     1.482541 -0.0004812722     21434.98
        8084     1.003651     1.481657  -0.00122678     21437.14
        8086     1.003677     1.484027 -0.001031527     21438.46
        8088     1.003303     1.479388  -0.00115337     21439.67
        8090     1.003171     1.474289 -0.001302128     21443.62
        8092     1.003154      1.47243  -0.00154686     21447.25
        8094     1.002854      1.47361 -0.001293234     21448.57
        8096     1.002725     1.467013 -0.0009368687     21445.95
        8098     1.002861     1.463943 -0.001530573     21452.39
        8100     1.002863     1.464935 -0.0006659799     21450.15
        8102     1.002605     1.461365 -0.0005557403     21451.07
        8104     1.002387     1.461685 -0.001143267     21453.96
        8106     1.002851     1.459497  -0.00151079      21457.6
        8108     1.002213     1.455789 -0.001451341     21457.22
        8110     1.002734     1.449279 -0.001592898      21458.3
        8112     1.002414     1.450075 -0.001390027     21462.57
        8114      1.00163     1.446754 -0.001250448     21460.06
        8116     1.001828     1.444668  -0.00167391     21463.94
        8118     1.001889     1.439275 -0.001240499     21468.16
        8120     1.001394     1.436683 -0.001804567      21463.1
        8122     1.001802      1.43683 -0.0008035713     21470.14
        8124     1.001432     1.430232 -0.001204507     21468.22
        8126     1.001306     1.432847 -0.001476923     21467.26
        8128     1.001215     1.427047 -0.001068379     21471.23
        8130     1.000751     1.425014 -0.001375247     21471.83
        8132     1.000397     1.421685 -0.001518063     21465.41
        8134     1.000272     1.421845 -0.001084637     21467.43
        8136     1.000855     1.414903 -0.0009534674     21475.92
        8138     1.000558     1.416337  -0.00129489        21474
        8140     1.000111     1.414057 -0.0008213396     21477.11
        8142     1.000272     1.411486 -0.001127427     21475.23
        8144     1.000032     1.408332 -0.001163168     21478.42
        8146    0.9999343     1.407318 -0.001037773     21477.39
        8148    0.9992948     1.404752 -0.001332058     21480.34
        8150    0.9993201     1.403183 -0.001232692     21479.49
        8152    0.9992061     1.397676  -0.00144481     21477.61
        8154    0.9991403     1.397456 -0.001425606     21479.97
        8156    0.9988388     1.393193 -0.0009699792     21481.22
        8158     0.998542     1.391779 -0.001073128     21480.39
        8160    0.9982029     1.389916  -0.00110314     21483.39
        8162    0.9978309     1.388871 -0.001293546     21485.05
        8164    0.9978368     1.384368 -0.001133026     21489.47
        8166    0.9976893      1.38143 -0.001224655     21488.63
        8168    0.9972746     1.380852 -0.001185478     21489.24
        8170    0.9972717     1.379074 -0.001238823     21491.91
        8172    0.9969304     1.374884  -0.00144363     21492.14
        8174    0.9969661      1.37152 -0.001506714     21499.49
        8176    0.9968644     1.369303 -0.001422491     21495.84
        8178    0.9964313      1.36702 -0.001387893     21494.99
        8180    0.9962591     1.363504 -0.001181184     21495.37
        8182    0.9959437     1.360416 -0.001068561     21500.59
        8184    0.9956707     1.359853 -0.001449214     21498.42
        8186      0.99499     1.358472 -0.000996845     21502.07
        8188    0.9948446     1.351911 -0.001413948     21501.94
        8190    0.9946824     1.352442 -0.001318982     21502.12
        8192    0.9947436     1.348542 -0.001123213      21505.4
        8194    0.9948056      1.34792 -0.001181485     21507.51
        8196     0.995099     1.342925 -0.001357824     21510.05
        8198    0.9949535      1.34299 -0.001836882     21512.61
        8200    0.9940761     1.337679 -0.001166551     21510.27
        8202     0.993984     1.333225 -0.001509027     21510.87
        8204    0.9936698     1.333593 -0.0008624854     21508.67
        8206     0.993326     1.330918 -0.0007105957     21508.29
        8208    0.9928697     1.330779 -0.0009560964     21507.61
        8210    0.9927616      1.32754 -0.000973188     21512.11
        8212    0.9926625     1.325944 -0.001335369     21509.99
        8214     0.993068     1.323132 -0.001112888     21515.09
        8216    0.9926242     1.320096 -0.001511859      21511.8
        8218    0.9922586     1.318637 -0.001128458     21511.75
        8220    0.9919493     1.313849 -0.001544878     21516.13
        8222    0.9916227     1.314104 -0.001305246     21517.19
        8224    0.9913118     1.307737 -0.001067573     21517.89
        8226    0.9913157     1.308195 -0.001652145     21516.85
        8228    0.9908747     1.305308 -0.0008711141     21517.78
        8230    0.9910148     1.300887 -0.001666359     21516.02
        8232    0.9909606     1.300768  -0.00161901     21520.73
        8234    0.9909639     1.294864 -0.001243027     21520.59
        8236    0.9907119     1.292356 -0.001400813     21523.98
        8238    0.9899987     1.290943 -0.0008062334     21519.62
        8240    0.9902579     1.289562 -0.000877791     21520.35
        8242    0.9900802     1.288414 -0.001016938     21523.84
        8244    0.9895533     1.285334  -0.00089055     21521.72
        8246    0.9893808     1.282808 -0.001415888      21522.2
        8248    0.9891453     1.282437 -0.001387109     21524.03
        8250    0.9893539     1.277087 -0.001963564     21521.86
