# This file has been produced by extranormal (v 1.0.1 - February 23, 2017)
# O. Roudenko - Synchrotron SOLEIL. Covered by GPL licence.
#Data from HDF File: /nfs/ruche-rock/rock-soleil/com-rock/2021/Projets/20210209_Hilde/InSitu/10Ni-10Fe_50BN/10Ni-10Fe_50BN_RWGS750_CO2pulses_H2cst_ratio1/10Ni-10Fe_50BN_RWGS750_CO2pulses_H2cst_ratio1_00769.nxs to 10Ni-10Fe_50BN_RWGS750_CO2pulses_H2cst_ratio1_00770.nxs
#Time at start=2021-02-10 14:42:38.997
#Time from start (seconds)=3843.81892776
#Sample temperature (C)=24.8
# Normalization -------------
# pivot spectrum: Pivot_Fe_10Ni-10Fe_50BN_RT_air_av2000_00001.txt
# E0=7112.0   Eshift=1.6553163905
# E0_pivot = 7112.0
# pre-edge params: from E0_pivot-140.0 to E0_pivot-20.0
# pre-edge range: [6972.0, 7092.0]
# post-edge params: from E0_pivot+100.0 to E0_pivot+1140.0
# post-edge range: [7212.0, 8250.0]
# I jump at E0_pivot = 1.24752720517
# shifted energy	normalized	reference	ref.derivative	I0
        6970  0.001784874     1.677565 -0.002155451     18818.09
        6972  0.001784874     1.677565 -0.002155451     18818.09
        6974  0.001598322     1.673379 -0.001791442      18823.3
        6976  0.001730132     1.670756 -0.001456417     18831.39
        6978  0.001397892     1.669444 -0.001044031     18837.59
        6980  0.001249888     1.665914  0.000150073      18846.8
        6982 0.0007406315     1.665027 -0.001324039      18853.1
        6984 0.0008604196     1.671956 -0.001140484     18862.02
        6986 0.0004652043     1.658852 -0.002205686      18867.8
        6988 0.0009372162      1.65679 -0.003292309     18875.53
        6990 0.0007827351     1.647381 -0.001893308     18887.86
        6992 0.0004211137     1.645618 -0.002069032        18896
        6994  0.000250115     1.643705  -0.00149227     18899.45
        6996 0.0001463672     1.640238 -0.002099252     18908.94
        6998 2.511455e-05     1.635443 -0.001802154     18918.88
        7000 -3.517818e-05     1.628824 -0.001597855     18924.96
        7002 0.0001705787     1.629288 -0.001120599     18934.02
        7004 6.423577e-05     1.627455 -0.001235941     18941.75
        7006 -8.745226e-05     1.626478 -0.001372893     18948.75
        7008 -0.0003184546     1.618936  -0.00186435     18959.66
        7010 -0.0002161429     1.618305 -0.002761831     18968.51
        7012 4.284325e-05      1.61254 6.016862e-05     18978.69
        7014 -0.0002057878     1.604384 -0.0009646633     18985.87
        7016 -0.0007757527     1.619417 -0.0009057984     18991.39
        7018 -0.0007667442     1.610587 -0.0003616656     18997.68
        7020 -0.001371001     1.605294 -0.003141626     19005.54
        7022 -0.001066834      1.60149  -0.00208574     19010.21
        7024 -0.001106566     1.594284 -0.001562092     19019.79
        7026 -0.001061564     1.593902 -0.002209623     19026.93
        7028 -0.0008278811     1.592797 -0.001485905     19036.66
        7030 -0.0008579273     1.583813 -0.001651812     19041.75
        7032 -0.0008870122     1.582397 -0.001993724     19053.97
        7034 -0.001286629     1.580687 -0.001075712     19059.51
        7036    -0.001304     1.576847 -0.001139551     19067.39
        7038 -0.001062801     1.575208 -0.0007563869     19075.59
        7040 -0.0006686578     1.573281 -0.0006261441     19086.78
        7042 -0.0006698794     1.574636 -0.001278624     19098.09
        7044 -0.0005847811     1.571838 -0.001487763     19108.15
        7046 -0.0009418965     1.564979  -0.00170303     19114.37
        7048 -0.0006509559     1.561379 -0.001414075     19124.91
        7050 -0.0006767357     1.561012 -0.001844755     19131.19
        7052 -0.0009454511     1.560526 -0.0004403378     19135.32
        7054 -0.0007364257      1.55022 -0.003458564     19146.47
        7056 -0.0009149833     1.557856 -0.002741778     19154.54
        7058 -0.001073686     1.533343 -0.001571528     19160.62
        7060 -0.0009858292     1.538591 -0.002566821     19165.89
        7062 -0.0005908655     1.537648 -0.0001706681     19175.07
        7064 -0.0007611481     1.537321 -0.0002045591     19183.05
        7066 -0.0003893306     1.531978 -0.001113491     19188.48
        7068 -0.0004345718     1.536955 -0.001723083     19193.96
        7070 -0.0001991643      1.52874 -0.001104512     19199.16
        7072  1.79928e-05     1.523537 -0.001814053     19213.68
        7074 -4.982281e-05     1.523142 -0.001205705     19219.63
        7076 0.0001495434     1.522443 -0.001013398     19231.31
        7078 0.0005150077     1.519095 -0.001175238      19237.7
        7080 0.0008992445      1.51543 -0.001413998     19244.09
        7082  0.001236849      1.51374 -0.002047223     19253.76
        7084  0.001349891     1.511131 -0.001549199     19261.79
        7086  0.001804574     1.502717 -0.001991074     19266.33
        7088  0.002358994     1.503036 -0.001156495     19271.73
        7090   0.00249817     1.497811 -0.0009109826     19281.13
        7092  0.003099697     1.501879 -0.0009287448     19291.02
        7094  0.003484507     1.495429 -0.0004223564     19299.76
        7096  0.004381879     1.495606 -0.0008207267     19305.86
        7098  0.004691498     1.494432 -0.0002529608     19310.69
        7100  0.005871699     1.495313 -0.0004287843     19319.06
      7100.2   0.00600386     1.495097 -0.0004534925     19320.07
      7100.4  0.006136022     1.494882 -0.0004782007     19321.08
      7100.6  0.006268184     1.494666 -0.000502909     19322.09
      7100.8  0.006400346      1.49445 -0.0005276172     19323.11
        7101  0.006532508     1.494235 -0.0005523255     19324.12
      7101.2   0.00666467     1.494019 -0.0005770337     19325.13
      7101.4  0.006796832     1.493804 -0.000601742     19326.14
      7101.6  0.006928994     1.493588 -0.0006264502     19327.15
      7101.8  0.007051545     1.493515 -0.001288195     19326.66
        7102  0.007180716     1.491973  0.002792246     19326.96
      7102.2  0.007402038     1.491601  0.003183277     19330.47
      7102.4  0.007494142     1.495592  0.004561577     19331.48
      7102.6  0.007499082     1.496062  0.003316015     19329.81
      7102.8  0.007615936     1.495622 -0.005196516     19328.08
        7103  0.007665232     1.494254 -0.007119406     19327.06
      7103.2  0.007722315     1.491435  -0.00460654     19327.22
      7103.4  0.007975095     1.490366 0.0003036492     19330.15
      7103.6  0.008120103     1.491937  0.004431651     19330.71
      7103.8  0.008292959     1.494497  0.001208819     19331.48
        7104  0.008482246     1.494981 -0.007006494     19332.38
      7104.2  0.008989603     1.491333  -0.01216439      19334.3
      7104.4  0.009414324     1.486332 -0.009479699     19336.74
      7104.6  0.009531677     1.484766 -0.002172384      19337.6
      7104.8  0.009742469     1.487397  0.004882003     19338.08
        7105   0.01025293     1.489595  0.006819636      19340.3
      7105.2   0.01053142     1.490237    0.0045812     19339.78
      7105.4    0.0107166     1.490221 -0.000598826     19339.18
      7105.6   0.01098149     1.491062 -0.003189727     19341.68
      7105.8   0.01105597     1.489116 -0.008388077     19343.43
        7106   0.01117094     1.487686  -0.01504449      19341.4
      7106.2   0.01131954     1.483511  -0.01565994     19340.33
      7106.4   0.01154407     1.479026  -0.01748565     19343.99
      7106.6   0.01200012     1.476588 -0.004226993     19347.13
      7106.8   0.01242044     1.473697   0.01726162     19347.83
        7107   0.01269276     1.480129   0.03238747     19347.44
      7107.2   0.01306098     1.492835    0.0418322     19346.46
      7107.4   0.01352629     1.502498   0.03481115      19347.3
      7107.6   0.01397727     1.507163   0.01743802     19348.74
      7107.8   0.01451755     1.507978  0.005949872     19350.55
        7108   0.01532488     1.506786  0.007018717     19353.09
      7108.2   0.01613968     1.507258   0.01578923     19354.58
      7108.4   0.01681999     1.512778   0.02435965     19354.47
      7108.6    0.0174702      1.52061   0.02359341     19353.51
      7108.8   0.01793966     1.526274   0.01363045     19351.87
        7109   0.01848991     1.526133  0.006106053     19350.55
      7109.2   0.01929767     1.523682  0.004423603     19350.89
      7109.4   0.02008892     1.525494  0.009337457     19351.44
      7109.6   0.02114776     1.529812   0.01752083     19352.02
      7109.8   0.02252894     1.533603   0.02223553     19352.32
        7110   0.02381268     1.537699   0.02493822     19352.92
      7110.2   0.02527342     1.543283   0.03072125     19353.29
      7110.4   0.02718068     1.549763   0.04039202     19351.45
      7110.6   0.02951382      1.55818   0.05561781     19351.17
      7110.8   0.03231461     1.570012   0.07245057     19348.95
        7111   0.03593811     1.587777   0.08879085     19346.21
      7111.2   0.04092234     1.607723    0.1067257     19345.01
      7111.4   0.04661807     1.629213    0.1237092     19344.03
      7111.6   0.05362643     1.655393    0.1428857     19343.17
      7111.8   0.06164122     1.686745    0.1642673     19342.63
        7112   0.07044444     1.722032    0.1719291     19341.73
      7112.2   0.07953128     1.760627    0.1659425      19341.3
      7112.4   0.08877594     1.792936    0.1536244     19339.49
      7112.6   0.09790496     1.819498    0.1357713     19337.99
      7112.8    0.1065732     1.844932     0.117469     19337.73
        7113    0.1143046     1.869244    0.1063666     19335.45
      7113.2    0.1213888     1.886911    0.1006711     19332.49
      7113.4    0.1278803     1.904592   0.09717567     19330.39
      7113.6    0.1338981     1.925469   0.08767679      19330.4
      7113.8    0.1394305     1.946984   0.08212212     19332.47
        7114     0.144786     1.957053   0.07236282     19333.34
      7114.2    0.1496416     1.970289   0.06329722     19334.12
      7114.4    0.1539815     1.983359   0.06727964     19335.63
      7114.6     0.157889     1.997622   0.06154972      19336.4
      7114.8    0.1610875     2.010877   0.05762917     19336.28
        7115    0.1636044     2.019529   0.05265726     19335.68
      7115.2    0.1657281     2.029462   0.04509407     19336.38
      7115.4    0.1676319     2.039748   0.04764163     19337.21
      7115.6    0.1699824     2.046952   0.04254678     19338.93
      7115.8    0.1726952     2.057643     0.028425     19341.21
        7116    0.1757493       2.0635   0.02246685      19342.4
      7116.2    0.1793083     2.062488   0.01533578     19342.34
      7116.4     0.183837     2.064925   0.01453675     19342.43
      7116.6    0.1894644     2.069911   0.02921914     19342.05
      7116.8    0.1960788     2.075129   0.04103781     19341.69
        7117    0.2036111     2.085863   0.04283886     19341.43
      7117.2    0.2119658     2.097756   0.04641339     19342.95
      7117.4    0.2209505     2.104182   0.04212346     19342.82
      7117.6    0.2308299      2.11226   0.04520983     19339.61
      7117.8    0.2421706     2.119562    0.0634491      19339.3
        7118    0.2548229     2.133923   0.07768483     19338.93
      7118.2    0.2686854     2.154942   0.09229909     19338.17
      7118.4    0.2841539     2.174407   0.09825236     19338.41
      7118.6    0.3016282     2.193401   0.09990732      19339.1
      7118.8    0.3205688     2.212525    0.1009578     19339.39
        7119    0.3403312     2.234867    0.1001767      19338.7
      7119.2    0.3618282     2.255174      0.10707     19338.71
      7119.4    0.3851988     2.273542    0.1120176     19337.53
      7119.6    0.4091509     2.298181    0.1102481     19336.35
      7119.8    0.4334104     2.324481    0.1155073     19337.42
        7120    0.4582091     2.343372    0.1235444     19339.41
      7120.2    0.4827721     2.365948    0.1298462     19339.35
      7120.4     0.505949     2.397017    0.1399756     19338.35
      7120.6    0.5278352     2.428358    0.1366022     19337.37
      7120.8    0.5482868     2.455353    0.1091547     19338.11
        7121    0.5664992      2.47523    0.1078459      19338.6
      7121.2    0.5831418     2.484341      0.10302     19337.66
      7121.4    0.5990594     2.514635   0.09628373     19339.21
      7121.6    0.6137912     2.537769    0.1031052     19337.19
      7121.8    0.6278298     2.552257   0.08028318     19336.36
        7122     0.641756     2.566825   0.06347192     19337.38
      7122.2    0.6564683     2.578862   0.07976503     19338.22
      7122.4    0.6717659     2.588546   0.08321197        19337
      7122.6    0.6879317     2.616069   0.09357136      19336.4
      7122.8    0.7048301     2.633394    0.1157206     19334.75
        7123    0.7222819     2.653719    0.1137716      19333.9
      7123.2    0.7404695     2.681123    0.1027454     19333.96
      7123.4    0.7585735     2.707086   0.07804066     19333.33
      7123.6    0.7767245     2.715591   0.05163767      19332.4
      7123.8     0.795279     2.716151   0.01853931     19333.57
        7124    0.8135691     2.722433   0.03015556     19333.38
      7124.2    0.8309862     2.721918   0.05076385     19330.98
      7124.4    0.8482044     2.739715   0.04577433     19333.11
      7124.6    0.8652244     2.756762   0.07288897     19333.08
      7124.8    0.8812266     2.759052   0.08694524     19333.02
        7125     0.896315     2.780229   0.06767513     19333.47
      7125.2    0.9105206     2.809271   0.05360198     19333.22
      7125.4    0.9241953     2.810902   0.05080484     19332.48
      7125.6    0.9372424     2.801934   0.03913274     19330.37
      7125.8     0.949694     2.820873   0.06269948     19330.68
        7126     0.961584     2.840578   0.08070571     19330.12
      7126.2    0.9730369     2.861062   0.05138332     19328.49
      7126.4    0.9845763     2.866498    0.0624867     19328.54
      7126.6    0.9967454     2.861979   0.05681794     19326.86
      7126.8     1.009324     2.890567   0.03680448     19325.74
        7127     1.021604     2.906516   0.07453169      19325.7
      7127.2     1.034017     2.895942   0.05290868     19325.26
      7127.4     1.047189     2.921605    0.0109712     19323.77
      7127.6     1.061138     2.932894   0.06684339     19321.05
      7127.8     1.075309     2.915293   0.05117949     19320.53
        7128     1.089218     2.949417  0.003214345     19320.29
      7128.2     1.103428     2.962548   0.04239357      19319.6
      7128.4     1.117833     2.935465  -0.00325492     19319.78
      7128.6      1.13223     2.949208  -0.03366254      19318.1
      7128.8     1.146743     2.946813   0.04514109     19317.83
        7129     1.160125     2.935618   0.08615898     19318.62
      7129.2      1.17173     2.971578    0.0888517     19317.64
      7129.4     1.182291     3.018135    0.1136822     19318.48
      7129.6     1.191327     3.017894    0.1298484      19316.3
      7129.8     1.199009     3.026564   0.09138094     19315.47
        7130     1.205138     3.075457    0.1377941      19313.7
      7130.2     1.209842      3.09124    0.1640105     19313.06
      7130.4     1.213175     3.128129   0.08831264     19312.64
      7130.6     1.215407     3.157772   0.05233834     19312.47
      7130.8     1.216453     3.146107 -0.004404693     19312.86
        7131     1.216449     3.133111  -0.07088534     19309.68
      7131.2     1.216378     3.124606  -0.05163041     19306.46
      7131.4     1.216654     3.101064  -0.04216756     19304.55
      7131.6     1.216388     3.104803   -0.0511627     19306.06
      7131.8     1.215961     3.099377  -0.02965914     19307.19
        7132     1.215967     3.083675 -0.009946608     19307.89
      7132.2     1.215956     3.077337  -0.01877149      19307.4
      7132.4     1.215319     3.096845   0.01014574     19306.33
      7132.6     1.214481      3.08436 -0.002426707     19305.89
      7132.8     1.212919     3.091792  -0.07755308     19306.44
        7133     1.210372     3.075395  -0.06989367     19306.27
      7133.2     1.206707     3.034803  -0.07063041     19304.51
      7133.4     1.201738     3.028445   -0.1019615     19304.94
      7133.6     1.196432     3.035288  -0.09181225     19304.47
      7133.8     1.190841     2.993826  -0.09942513     19304.83
        7134     1.184824     2.961353  -0.06169949     19307.25
      7134.2     1.178369     2.948905  -0.01514872     19307.88
      7134.4     1.171635     2.985928  -0.03981941     19307.93
      7134.6     1.164063     2.981707  -0.03188601     19309.51
      7134.8     1.156071     2.929498  -0.05440095      19311.4
        7135     1.148359     2.923396  -0.02930808     19311.83
      7135.2     1.141112     2.942407   0.03029287     19312.68
      7135.4     1.134353     2.958261   0.02783406     19315.46
      7135.6     1.127614     2.953732  -0.01322039     19318.29
      7135.8     1.120876     2.945663  -0.05083422     19319.87
        7136     1.114102     2.931831  -0.03179595     19319.19
      7136.2     1.108006     2.917593  -0.03163695     19318.05
      7136.4     1.102454     2.928295  -0.01823154     19316.81
      7136.6     1.096666     2.920353  -0.01517681      19313.8
      7136.8     1.091913     2.917246  -0.03069653     19310.64
        7137     1.087024     2.905452  -0.04162452     19302.38
      7137.2     1.081888     2.903738  -0.04078821     19285.56
      7137.4     1.077663     2.887054 -0.007028472     19262.05
      7137.6     1.074061     2.884615  -0.01318805     19229.04
      7137.8     1.070846     2.899829 0.0001085649     19189.68
        7138        1.068     2.893188  0.001138459     19150.11
      7138.2     1.064432     2.887141    0.0134076     19117.11
      7138.4     1.060315     2.885526  0.003139826     19094.26
      7138.6     1.056838     2.910555 -0.0009112854     19086.12
      7138.8     1.053776     2.895699    0.0107631     19090.45
        7139     1.051104     2.886412 -0.001618785     19105.99
      7139.2     1.049317     2.894137   0.05032033     19130.45
      7139.4     1.047402      2.90926   0.08792162     19159.93
      7139.6     1.045724     2.935956    0.1031096     19189.31
      7139.8     1.044247     2.956749   0.09893829     19216.88
        7140     1.043617     2.976624   0.05442154     19245.46
      7140.2     1.043292     2.988411   0.02666546     19270.74
      7140.4     1.042805     2.979493 -0.004759684     19287.97
      7140.6     1.042309     2.978081   0.02073058     19299.33
      7140.8     1.041352     2.972816   0.02315789     19307.22
        7141     1.040082     3.004995  -0.01987049     19311.74
      7141.2     1.039206     2.998019  -0.02179151     19314.14
      7141.4     1.038775     2.962185  -0.04596749     19311.05
      7141.6      1.03826     2.955383  -0.05334564     19302.08
      7141.8     1.037926     2.968221  -0.02914192     19287.12
        7142      1.03697     2.955343   0.01609968        19260
      7142.2     1.035795     2.938871   0.02796809     19222.66
      7142.4     1.034834     2.968263    0.0212095     19180.99
      7142.6     1.033784     2.990596   0.03094647     19139.46
      7142.8     1.033033      2.97231   -0.0114546     19103.92
        7143     1.032224     2.963629   -0.0499061     19080.88
      7143.2     1.031159     2.959099   0.01104864     19075.88
      7143.4     1.030204     2.950671   0.05728327     19087.95
      7143.6     1.029499     2.981149   0.04058462     19112.71
      7143.8     1.028661     3.009455   0.01997544     19147.86
        7144     1.028105     2.991567  -0.02390864      19190.2
      7144.2     1.027692     2.966651  -0.03737964     19230.01
      7144.4     1.026374     2.962022  -0.03276069     19263.01
      7144.6     1.024924     2.979551  -0.03823176     19290.17
      7144.8     1.023881     2.965358  -0.04297091     19310.82
        7145     1.022801     2.936066   -0.0348029     19320.59
      7145.2     1.021461     2.927646   0.02266823     19325.62
      7145.4     1.020003     2.951709   0.05347645     19330.21
      7145.6     1.018432     2.983493    0.1265064     19335.58
      7145.8     1.016464     2.978847    0.1052522     19338.68
        7146     1.014828     3.028851   0.03961399     19341.52
      7146.2     1.013101     3.035911   0.03631513     19344.02
      7146.4     1.010703     3.015184  -0.01997982     19343.75
      7146.6     1.008789     3.007899  -0.01947351     19346.96
      7146.8     1.006955     3.012867  -0.01297601     19353.45
        7147     1.004704     3.020332  0.007508817     19355.96
      7147.2     1.002208     3.004803   0.01612385     19358.19
      7147.4    0.9996639     3.013906  0.008105407     19358.02
      7147.6    0.9972223     3.025766  0.008181834      19360.8
      7147.8    0.9947224     3.026816 -0.005045745     19362.17
        7148    0.9919852     3.011349  -0.01703653     19363.66
      7148.2    0.9888437      3.00987  -0.03810405     19366.19
      7148.4    0.9858073     3.012137    0.0117315        19367
      7148.6    0.9824861     2.996333   0.07058648     19367.56
      7148.8    0.9788779     3.020734   0.03946531     19370.17
        7149     0.975373     3.066339   0.05381464     19372.73
      7149.2    0.9721456     3.043709   0.07017042     19374.59
      7149.4    0.9689679     3.039385   0.02329577      19375.2
      7149.6    0.9656244      3.07687   0.06338865     19374.15
      7149.8    0.9624969     3.084975   0.06158774     19375.58
        7150    0.9597223      3.09442 -0.005276292     19377.01
      7150.2    0.9571373     3.088655  -0.01869168     19377.06
      7150.4       0.9544     3.072649  -0.01962105     19378.81
      7150.6    0.9518559     3.070022 -0.008737568     19380.35
      7150.8    0.9495222     3.078723   0.01830203     19382.29
        7151    0.9470044     3.081665   0.03271317     19381.37
      7151.2    0.9448699     3.087291   0.02159969     19381.66
      7151.4     0.942866     3.096193   0.04477872     19381.75
      7151.6    0.9412829     3.096003   0.02718962     19383.74
      7151.8    0.9396199     3.117488  0.009609677     19386.89
        7152    0.9381429     3.109043   0.01737107     19387.22
      7152.2    0.9361431      3.10388   -0.0200214     19388.53
      7152.4     0.934333       3.1099  -0.01025348     19391.33
      7152.6     0.933353     3.101471  0.002838699     19394.18
      7152.8    0.9322868      3.10084  -0.03519407     19395.33
        7153    0.9316378     3.106151  -0.02744856     19397.75
      7153.2     0.931734     3.081744  -0.05730936      19400.3
      7153.4    0.9318909     3.079512   -0.0718125     19399.32
      7153.6    0.9313997     3.054992  -0.03437084     19398.09
      7153.8    0.9308376     3.048701   -0.0623816     19398.63
        7154    0.9308074     3.054248  -0.04276569     19401.49
      7154.2     0.931121     3.029607   0.02098477     19400.01
      7154.4    0.9313668      3.02078   0.01835251     19400.43
      7154.6      0.93199     3.065489   0.02489644      19402.3
      7154.8    0.9328549      3.06893   0.06731644     19401.57
        7155    0.9338917     3.049524   0.03827881     19402.73
      7155.2    0.9346758     3.074633   0.01022523     19404.71
      7155.4     0.934947     3.096112   0.01522673     19404.68
      7155.6    0.9354153      3.07711 -0.002785917     19405.37
      7155.8    0.9365107     3.061705  -0.01695512     19406.59
        7156    0.9378578     3.072404   0.01591381     19406.53
      7156.2    0.9389457     3.082548   0.04336235     19408.18
      7156.4    0.9399093     3.089841   0.04069618     19410.62
      7156.6    0.9412961     3.096395   0.03942343     19412.88
      7156.8    0.9427346     3.104961   0.01379701     19415.04
        7157    0.9435408     3.114087  -0.01388581     19414.07
      7157.2    0.9443853     3.100879  -0.06465414     19414.55
      7157.4    0.9456295     3.085287  -0.08288669     19413.44
      7157.6    0.9472057     3.053238   -0.0408749     19415.57
      7157.8    0.9483892     3.047778  0.008190363      19415.7
        7158    0.9493335     3.068179  0.009687861     19415.81
      7158.2    0.9502965     3.091839 -0.002096042     19417.24
      7158.4    0.9514831     3.060988  -0.01055977     19419.59
      7158.6     0.952592     3.046101  -0.04666748     19419.43
      7158.8    0.9537371     3.059731  -0.03315964     19421.81
        7159    0.9544862     3.054505  -0.01038501     19421.85
      7159.2    0.9552422     3.034461  -0.04659282     19422.92
      7159.4    0.9562209     3.037793  -0.05796942      19424.7
      7159.6    0.9573626     3.022457  -0.04351072     19424.59
      7159.8    0.9585553     3.008129  -0.02422155     19421.99
        7160    0.9591299     2.999652   0.03348618     19423.53
      7160.2     0.960172     3.018415   0.07444384      19425.4
      7160.4    0.9611561     3.049245   0.09620178     19423.73
      7160.6    0.9620395     3.067684   0.06533228     19424.85
      7160.8    0.9629062     3.076613   0.01787045     19427.18
        7161    0.9636171     3.070681   0.01012539     19428.74
      7161.2    0.9642101     3.063542  0.007566959     19430.29
      7161.4    0.9648044     3.075785  -0.00485093     19431.61
      7161.6    0.9653508     3.082667  -0.03850752     19431.23
      7161.8    0.9660237     3.066801  -0.06247755     19430.87
        7162    0.9666524     3.032736  -0.02552203     19430.74
      7162.2    0.9670304     3.025803 -0.005905546     19431.16
      7162.4     0.967418     3.062249  0.003823287     19432.46
      7162.6    0.9677817     3.062076   0.02778959     19432.32
      7162.8    0.9684924     3.035794  -0.01377629     19433.88
        7163    0.9692017     3.048034  -0.06696935      19435.2
      7163.2     0.969476     3.051228  -0.01280907     19434.99
      7163.4    0.9697433     3.008501   0.01299475      19433.5
      7163.6    0.9698018     3.025547  -0.01718855      19434.1
      7163.8    0.9702549      3.05843   0.01871683     19437.14
        7164    0.9708598     3.037477  -0.02322336     19438.27
      7164.2    0.9717016     3.023474  -0.05944178     19438.58
      7164.4    0.9725699     3.006969   0.02134298      19439.7
      7164.6    0.9732845     3.010877   0.04049542     19438.42
      7164.8     0.973639     3.054552   0.04880874     19438.38
        7165    0.9741268      3.05587   0.02579794     19438.96
      7165.2    0.9742471     3.046016  -0.01466688     19439.04
      7165.4    0.9750829     3.031515    0.0160703     19438.53
      7165.6    0.9761766     3.042818   0.03713554     19439.72
      7165.8    0.9766004     3.068727    0.0527985     19440.64
        7166    0.9768893     3.075724   0.03952535     19439.03
      7166.2    0.9776896     3.073754   0.01010059      19438.1
      7166.4    0.9785774     3.074439   0.01990713     19439.31
      7166.6    0.9789034     3.076807    0.0254281     19438.61
      7166.8    0.9791026      3.09165 -0.003321868     19436.04
        7167    0.9800094     3.094096  0.003123067     19435.65
      7167.2    0.9812249     3.071781   0.02989241     19436.82
      7167.4    0.9822468     3.079306    0.0610795     19437.76
      7167.6    0.9833265     3.115564    0.1061172     19437.78
      7167.8    0.9841538      3.14296    0.1445695     19436.23
        7168    0.9847142     3.156675     0.211649     19436.24
      7168.2    0.9852924     3.194961    0.2480614     19437.35
      7168.4    0.9857935     3.284883    0.2223229     19437.87
      7168.6    0.9864431     3.341409    0.0678186     19440.43
      7168.8      0.98705     3.334533   -0.2618258     19441.02
        7169    0.9877483     3.249216    -0.539205     19439.69
      7169.2    0.9881847     3.075422   -0.5408491     19438.91
      7169.4    0.9887288     2.910045   -0.4780996     19440.42
      7169.6     0.989674     2.901854   -0.3296542     19441.35
      7169.8    0.9903792     2.866736  -0.08408735     19444.64
        7170    0.9905499     2.811699  -0.01418518     19446.47
      7170.2    0.9910708     2.842775   0.06800045     19447.35
      7170.4    0.9921844     2.890506   0.07606357     19447.82
      7170.6    0.9932404     2.921137 -0.009691492     19448.77
      7170.8    0.9941207      2.87255  -0.06789403     19447.92
        7171    0.9948706     2.835022    -0.087449     19448.08
      7171.2    0.9957463     2.836191 -0.004988156      19447.7
      7171.4     0.996697     2.851177   0.06505179      19449.7
      7171.6     0.997975     2.868559   0.08612945     19452.58
      7171.8    0.9987034     2.887063   0.06325313     19451.44
        7172    0.9993839     2.905094     0.015296     19452.82
      7172.2    0.9999625      2.90178 -0.007234917     19455.09
      7172.4     1.000498     2.880796  0.003780864     19456.73
      7172.6     1.001076     2.881275   0.02732911     19458.13
      7172.8     1.001919     2.908119    0.0472059     19457.72
        7173     1.002605     2.923643   0.03519103      19457.2
      7173.2     1.003004     2.918561 -0.009449807     19456.63
      7173.4     1.003498     2.909428  -0.02287929      19456.2
      7173.6     1.003632     2.900559   0.01127409     19457.29
      7173.8     1.003953      2.90534   0.04858173     19460.52
        7174     1.004543      2.92758   0.06998535     19463.17
      7174.2     1.004734     2.948294   0.04579568     19463.27
      7174.4     1.004869     2.956547  0.009375354     19465.16
      7174.6     1.005075     2.941976  -0.01696862     19463.71
      7174.8     1.005671      2.93508  -0.02608411     19463.55
        7175     1.006166     2.934719  -0.01344584      19463.9
      7175.2     1.006672      2.93568  -0.01923131     19463.22
      7175.4     1.007263      2.93122  -0.03382292     19464.79
      7175.6      1.00757     2.919695  -0.03731124     19464.41
      7175.8     1.007803      2.90766  -0.05202632     19463.38
        7176     1.008296     2.905831  -0.04278772     19466.18
      7176.2     1.008213     2.889599  -0.03356578     19465.91
      7176.4     1.007767     2.885465   -0.0515492     19465.66
      7176.6     1.007615     2.880808  -0.03491876     19466.34
      7176.8     1.007395     2.864592  -0.01650018     19466.94
        7177     1.007355     2.861664  0.007556703      19467.1
      7177.2     1.007574     2.872265   0.04799241     19467.92
      7177.4     1.007835     2.886853   0.01531343     19469.05
      7177.6     1.008113     2.902986  -0.05025917     19470.04
      7177.8     1.008446     2.873914  -0.08374732     19471.24
        7178     1.008713     2.832057  -0.06482349      19473.2
      7178.2     1.008428     2.819855 -0.008262361     19473.29
      7178.4     1.007755     2.851127   0.03797263     19470.87
      7178.6      1.00731     2.867304     0.108055     19471.02
      7178.8     1.007101     2.862436   0.06540949     19474.12
        7179     1.006932     2.906299  -0.01192288     19476.86
      7179.2     1.007084     2.903454   -0.0256522      19478.9
      7179.4      1.00757     2.857766  -0.09809933     19479.18
      7179.6     1.007979     2.841914   -0.1076974     19479.56
      7179.8     1.008485      2.82782  -0.04666043     19481.88
        7180     1.008261     2.817296  -0.02608952     19482.88
      7180.2     1.008284     2.820438   0.02410427     19484.77
      7180.4     1.008194     2.821042   0.02734118     19486.64
      7180.6     1.008129     2.847103  -0.01442007     19484.41
      7180.8     1.008543     2.839169  0.002529876     19486.06
        7181      1.00882     2.808902    0.0266808     19489.51
      7181.2     1.008797     2.823066   0.06421901     19488.04
      7181.4     1.008967     2.868448    0.0673995     19485.65
      7181.6     1.009576     2.890545  -0.01154972     19485.28
      7181.8     1.009807     2.862821  -0.06656539     19485.52
        7182     1.009806     2.813826   -0.0793332     19484.74
      7182.2     1.009627     2.815196  -0.04221574     19483.42
      7182.4     1.009459     2.827078   0.01402979     19485.13
      7182.6     1.009477     2.829049   0.02172355     19487.99
      7182.8     1.009719      2.82505    0.0260626     19489.65
        7183     1.010412     2.832574   0.02674711     19491.67
      7183.2     1.011014     2.847928    0.0180733     19493.67
      7183.4     1.011175     2.850447  -0.01172482     19494.68
      7183.6     1.011099     2.839509  -0.02422595     19494.79
      7183.8     1.011109     2.823195 -0.006780763     19495.68
        7184     1.011349     2.828547   0.01560796     19498.69
      7184.2     1.011448     2.845022   0.06142023     19500.77
      7184.4     1.011512     2.851995   0.07838314     19500.03
      7184.6     1.011678     2.872331   0.05709424     19498.92
      7184.8     1.012146     2.891254   0.02244553     19499.55
        7185     1.012726     2.890697   0.02643848     19500.89
      7185.2      1.01281     2.869952   0.02856225     19501.62
      7185.4     1.012838     2.893482   0.03740862     19503.33
      7185.6      1.01258     2.914104   0.06721175     19503.23
      7185.8     1.012687     2.920624   0.07442061     19503.49
        7186      1.01275     2.923721   0.04995352     19504.11
      7186.2     1.013013     2.953018   0.05005999     19504.49
      7186.4     1.013652     2.954066   0.06469406     19505.44
      7186.6     1.014318     2.960672    0.0220931     19507.01
      7186.8     1.014373     2.975476   0.03495584     19507.84
        7187      1.01415     2.970693   0.02840712     19507.48
      7187.2     1.014093     2.982031  0.002276893        19509
      7187.4     1.013901     2.983398   -0.0116912     19509.13
      7187.6     1.013632     2.977298  -0.03673306      19508.4
      7187.8     1.013484      2.96134  -0.04567297      19509.9
        7188     1.013604     2.952645  -0.04670465     19511.75
      7188.2     1.014146     2.946859  -0.02445354     19513.33
      7188.4     1.014316     2.939934 -0.008494584     19513.95
      7188.6      1.01407     2.941777   0.01483968     19515.03
      7188.8     1.013942     2.945849   0.03661651     19517.44
        7189     1.013779     2.958731   0.02640804     19518.43
      7189.2     1.013516     2.969227  -0.01671657     19517.93
      7189.4     1.012914     2.962903  -0.04371211     19517.19
      7189.6     1.012847     2.932476   -0.0559672     19519.17
      7189.8      1.01305     2.923762  -0.03862342     19520.26
        7190     1.012694     2.924453  -0.01162175     19519.85
      7190.2      1.01273     2.932004  -0.01683873     19519.27
      7190.4     1.012791     2.923178  -0.03714331     19518.37
      7190.6     1.012526     2.910291  -0.01317745     19517.88
      7190.8     1.012499     2.894739   0.02087686     19519.39
        7191     1.012758     2.921462   0.04947665     19522.52
      7191.2     1.012918      2.93988   0.04511084     19524.81
      7191.4     1.013425     2.949872   0.03837385     19529.45
      7191.6     1.013513     2.930828   0.05952578     19530.73
      7191.8     1.013281     2.952162   0.07198608     19527.69
        7192     1.013144       2.9875    0.1343885     19526.03
      7192.2     1.012717     3.007461    0.1041692     19526.66
      7192.4      1.01215     3.038338   0.03777494     19525.88
      7192.6     1.012244     3.035497    0.0162274     19526.51
      7192.8     1.012539      3.01772  -0.02572973     19528.08
        7193     1.012654     3.020443  -0.04086519     19528.76
      7193.2     1.012901     3.017754  -0.03835004      19530.7
      7193.4     1.012977     3.002805  -0.04039264     19532.08
      7193.6     1.013043      2.98704  -0.01273508     19532.98
      7193.8     1.013422     2.988129    0.0189708     19533.85
        7194     1.013596     3.007566    0.0278459     19533.51
      7194.2     1.013433     3.017981   0.01147301     19535.27
      7194.4     1.012911     3.009317   -0.0147048     19535.79
      7194.6     1.012382     2.997307  -0.00527975      19534.9
      7194.8     1.012642     2.995803  -0.01015318     19536.02
        7195     1.012907     3.013758  -0.03424449     19537.26
      7195.2     1.013318     3.001195  -0.03979931      19539.5
      7195.4      1.01372     2.969911  -0.03776656     19538.14
      7195.6     1.013885     2.963963   0.01886836     19539.13
      7195.8     1.014021     2.983544   0.03443155     19539.37
        7196     1.014275     3.016289   0.02169371     19541.19
      7196.2     1.013881     2.997457  -0.02468692     19540.41
      7196.4     1.013708     2.981318  -0.06284183     19542.37
      7196.6     1.013912     2.963795 -0.008625856      19544.9
      7196.8     1.014188     2.966016  -0.01617789     19545.31
        7197     1.014825     2.990556  -0.03996047     19545.53
      7197.2     1.015496     2.968376  -0.02844454     19546.67
      7197.4     1.015978     2.931826  -0.02666367     19547.81
      7197.6     1.015994      2.94326  0.004129108     19548.55
      7197.8     1.015833     2.969225   0.04149585     19547.61
        7198     1.016057     2.971679   0.02163113     19547.45
      7198.2     1.016151     2.965023 -0.004608852     19549.81
      7198.4     1.015924     2.960565 -0.003373678     19551.03
      7198.6       1.0158     2.965538  -0.01543335     19551.72
      7198.8     1.015924      2.96898 -0.008180642     19550.77
        7199     1.016172     2.952676  -0.03185305     19549.68
      7199.2     1.016332     2.954021  -0.06644781     19552.02
      7199.4     1.016578     2.940055  -0.04209211      19551.5
      7199.6      1.01665     2.915822  -0.01481768     19553.71
      7199.8     1.016689     2.919003  -0.02033823     19557.01
        7200     1.016832     2.942166  -0.01743486     19558.75
      7200.2     1.016975     2.923785  -0.03582563     19561.36
      7200.4     1.017495     2.901874  -0.06129228     19562.63
      7200.6     1.017846     2.890342  -0.03143156        19564
      7200.8     1.018043     2.893133 -0.005513403     19562.89
        7201     1.018002      2.89864  -0.01827941     19561.54
      7201.2     1.017675     2.897463  -0.03377379     19561.91
      7201.4     1.017722     2.875719  -0.02638648     19562.45
      7201.6     1.017875     2.866114  -0.02142984     19563.98
      7201.8     1.017758      2.87753  0.004501414     19566.53
        7202     1.017709     2.880319   0.03460764     19566.41
      7202.2     1.017923      2.87932   0.05791878     19567.23
      7202.4     1.018147       2.8938   0.05956301     19569.48
      7202.6     1.018259     2.923865   0.02600846     19570.25
      7202.8      1.01831      2.92797 -0.002146315     19571.66
        7203     1.018095     2.900127  -0.05275732     19572.31
      7203.2     1.017643     2.892083  -0.06784732     19573.16
      7203.4     1.017242      2.88166  -0.02897393     19573.49
      7203.6     1.017252     2.873692  -0.04317213     19573.91
      7203.8     1.017659     2.876948  -0.05793087     19576.34
        7204      1.01782     2.857545   -0.0703651     19576.81
      7204.2      1.01848     2.835315  -0.05628755     19577.69
      7204.4     1.018745       2.8174  -0.03683806     19579.57
      7204.6     1.018564     2.831917  -0.05216028     19577.47
      7204.8     1.018618     2.828074  -0.04602197     19577.16
        7205     1.018927     2.793587  -0.05124178     19578.37
      7205.2     1.019319     2.780582  -0.04361562     19578.86
      7205.4     1.019322     2.790924  -0.02683676     19577.91
      7205.6     1.019482     2.793182  -0.02934889     19579.73
      7205.8     1.019674     2.772117  -0.01161319        19581
        7206     1.019743     2.757103   0.01200355     19582.46
      7206.2       1.0201     2.781633   0.05187499     19584.25
      7206.4     1.020176     2.802785   0.09641526     19586.19
      7206.6     1.019944     2.813617   0.06222637      19589.1
      7206.8     1.019654     2.834235   0.01337701      19588.9
        7207     1.019358     2.831415  0.004445761     19586.62
      7207.2     1.019582     2.813486  -0.00804149      19587.2
      7207.4      1.01986     2.817174  -0.01773504     19588.31
      7207.6     1.020007     2.827802  0.008168791     19588.83
      7207.8     1.020364     2.817227  0.009654109     19591.61
        7208     1.020398     2.820021   0.01023924     19593.29
      7208.2     1.020062     2.824897  0.009804919     19593.21
      7208.4     1.019222     2.835994   -0.0166809     19593.18
      7208.6     1.018784      2.82507   -0.0472109     19591.72
      7208.8     1.018539     2.806677  -0.03465073     19595.66
        7209     1.018563     2.787128  -0.01774569     19597.52
      7209.2     1.018653     2.808273   -0.0218537     19598.43
      7209.4     1.018709     2.810874 -0.0001110776     19599.06
      7209.6      1.01903     2.789194  -0.03163928     19598.19
      7209.8     1.019292      2.78704  -0.05525732     19598.16
        7210     1.019606     2.782962  -0.00939822     19598.99
      7210.2     1.019469     2.766668   0.01804652     19597.86
      7210.4     1.019297     2.781675   0.03619914     19597.64
      7210.6     1.019197     2.801477    0.0851464     19598.99
      7210.8     1.018845     2.811921    0.0728156     19599.86
        7211     1.018528     2.834785   0.02603316     19601.52
      7211.2     1.018198     2.839928   0.01539178     19602.21
      7211.4      1.01771     2.822303   0.02686624     19601.16
      7211.6     1.017246     2.824234   0.04615502      19602.3
      7211.8     1.017055     2.856278   0.06727384     19603.03
        7212     1.017139     2.876852   0.06758248     19601.75
      7212.2     1.017241     2.876122   0.05162829     19603.76
      7212.4     1.016779       2.8783   0.03580602     19605.05
      7212.6     1.016225     2.897581   0.03640164     19604.54
      7212.8     1.016151     2.905496   0.06343193     19603.76
        7213     1.015784     2.905244    0.0224811     19605.97
      7213.2     1.014996     2.929046  -0.00841849     19608.44
      7213.4     1.014343     2.915566 -0.008563898     19610.72
      7213.6     1.014147     2.898762  -0.02141335     19613.73
      7213.8      1.01424     2.898393   0.01003664     19614.07
        7214     1.014192     2.911915   0.02592516     19613.67
      7214.2     1.014332     2.923595   0.03543737     19614.23
      7214.4     1.014572     2.919502    0.0514467     19614.56
      7214.6     1.014484     2.926743    0.0671646     19613.76
      7214.8     1.014168     2.953073   0.08101991     19614.39
        7215     1.013635     2.977327   0.05175756     19616.65
      7215.2     1.013154     2.984318  0.007044009     19618.26
      7215.4     1.012784     2.968149   0.01273448      19618.4
      7215.6     1.012476     2.958708   0.05128654     19618.46
      7215.8     1.012431     2.987514   0.07474768     19619.45
        7216     1.012312     3.025347   0.05461147     19618.95
      7216.2     1.012462     3.027947  0.007347654     19619.15
      7216.4      1.01227     3.002397  -0.02856451     19619.93
      7216.6     1.011501     2.993392  -0.00906642     19620.64
      7216.8     1.010585     3.002495    0.0301525     19620.84
        7217     1.010229     3.020694   0.07096879     19620.33
      7217.2     1.009905     3.026519   0.08311534     19619.56
      7217.4     1.010221     3.050167    0.1001069     19619.06
      7217.6     1.010354     3.068988   0.09880033     19620.02
      7217.8     1.010236     3.100779   0.04206225     19623.85
        7218      1.01005     3.105559 0.0005209047     19627.37
      7218.2     1.009794     3.083817  -0.01698263     19627.24
      7218.4     1.009627     3.069404 -0.005673825     19628.13
      7218.6      1.00917     3.087193   0.02483621     19628.94
      7218.8     1.008643      3.10102   0.05504894     19628.31
        7219     1.008752     3.103686   0.03258708     19630.12
      7219.2     1.009124     3.113444 0.0004155324     19631.28
      7219.4     1.009198     3.113263  -0.01816625     19630.11
      7219.6     1.009132     3.101353  -0.02747747     19630.49
      7219.8     1.008781     3.089153  0.001346649     19631.03
        7220     1.008108     3.091462   0.06768651     19630.95
      7220.2     1.007859      3.11434   0.08718563     19631.87
      7220.4     1.008152     3.155502   0.04099692     19633.86
      7220.6     1.008331     3.158902  -0.02798312     19634.98
      7220.8     1.007874     3.124259  -0.06555823     19635.61
        7221     1.007658     3.091954  -0.07945098     19637.74
      7221.2     1.007551     3.103055  -0.02520327      19638.2
      7221.4     1.007182     3.095341   0.05438296      19638.5
      7221.6     1.006725     3.104096   0.04816205     19637.87
      7221.8     1.006127      3.13546   0.03512384     19639.35
        7222     1.005774     3.141585   0.01435617     19641.05
      7222.2     1.005599      3.12344  -0.03369081     19640.65
      7222.4     1.005198     3.115581  -0.04276087     19639.23
      7222.6     1.005307     3.108507 -0.007616866     19640.84
      7222.8     1.005176     3.107376  0.004406029     19641.53
        7223     1.004662     3.117347    0.0274584     19641.96
      7223.2     1.004601     3.119106   0.04652861     19644.97
      7223.4     1.004497     3.130474  0.008120277     19646.66
      7223.6     1.004314     3.144599  -0.01572178      19648.3
      7223.8     1.004293     3.123843  -0.02074662     19651.16
        7224     1.004225     3.106529  -0.05025426     19651.74
      7224.2      1.00396     3.113877  -0.05506639     19649.47
      7224.4     1.003321     3.104396  -0.03744824     19648.99
      7224.6     1.003061      3.07979  -0.03393338     19651.01
      7224.8     1.003119      3.07657  -0.02165672      19651.5
        7225     1.003277      3.08673   -0.0262634     19651.39
      7225.2     1.003156      3.08707  -0.06353074      19653.5
      7225.4     1.003202     3.058779   -0.1002515     19656.14
      7225.6     1.002839     3.025746   -0.0928549     19656.67
      7225.8     1.002683     3.006529  -0.06195692     19655.72
        7226     1.002421     3.012786  -0.03920271     19658.09
      7226.2     1.001814     3.009213  -0.01254329     19659.42
      7226.4     1.001312     2.994383  -0.03425531     19659.15
      7226.6     1.001016     2.996494  -0.05094931     19658.66
      7226.8     1.000886     2.985382  -0.01443988     19658.74
        7227     1.000844     2.968454   -0.0149333     19659.02
      7227.2     1.000581     2.982832  -0.02945216      19658.6
      7227.4     1.000183     2.984547 -0.0008303431     19657.84
      7227.6     1.000033      2.96182  0.003922548     19657.94
      7227.8    0.9999152      2.96779 -0.002224543     19660.11
        7228    0.9996728      2.98597   0.01423108     19661.21
      7228.2    0.9995803     2.982768   0.03370883     19664.05
      7228.4    0.9993896     2.973205 -0.005851556     19666.83
      7228.6    0.9989921     2.994757  -0.03593765     19667.13
      7228.8    0.9985169     2.981288  -0.05059262     19665.62
        7229    0.9984643     2.954018   -0.1009953     19665.56
      7229.2    0.9983403     2.932731   -0.1030718     19667.25
      7229.4    0.9978145      2.91396  -0.07416969     19667.61
      7229.6    0.9974007     2.898831  -0.05271843     19667.43
      7229.8     0.996729     2.894682  -0.03244322     19668.05
        7230    0.9965543     2.890556  -0.01559107     19670.29
      7230.2    0.9962324     2.888006  -0.03270624     19670.73
      7230.4    0.9957207     2.886358  -0.04732451      19669.5
      7230.6    0.9958088     2.868517   -0.0507506     19670.39
      7230.8    0.9958357     2.852697  -0.05707153     19671.46
        7231    0.9954224     2.847405  -0.05582511     19671.37
      7231.2    0.9950865     2.840701  -0.06730082      19673.7
      7231.4    0.9950094     2.823857  -0.05111865     19676.12
      7231.6    0.9949891     2.798856  -0.04028251     19675.78
      7231.8    0.9946286     2.806511  -0.04423906     19676.82
        7232    0.9940792     2.808475  -0.01205668     19677.75
      7232.2    0.9939446     2.788466   0.01976351      19678.9
      7232.4    0.9941421     2.789211   0.02442849     19678.37
      7232.6    0.9944096     2.822321   0.02242018     19679.97
      7232.8    0.9946455     2.828018   0.01807302     19682.26
        7233    0.9944555     2.806402  -0.02143171     19680.75
      7233.2    0.9941151     2.803669  -0.02387666     19681.89
      7233.4    0.9936906     2.805176 -0.006140215     19681.32
      7233.6    0.9934674     2.808916 -0.008705383     19680.17
      7233.8    0.9933148      2.80149   0.01087542     19679.68
        7234     0.992641     2.796705   0.03507946     19679.51
      7234.2    0.9921096     2.813876   0.05581045     19680.14
      7234.4      0.99201      2.83698   0.03432386     19680.61
      7234.6    0.9917838     2.846138  -0.03701446     19681.45
      7234.8    0.9919368     2.824164  -0.08783523     19682.58
        7235    0.9922658     2.784265   -0.1023222     19682.78
      7235.2    0.9921416     2.766712   -0.0978278     19684.58
      7235.4    0.9923425      2.76428  -0.08038166     19687.66
      7235.6    0.9922101     2.745902  -0.07722966     19688.66
      7235.8    0.9915126     2.719959  -0.09453386     19690.45
        7236    0.9909617     2.704928  -0.08409851     19688.63
      7236.2    0.9908503     2.688653  -0.05613205     19689.11
      7236.4    0.9910163     2.678623  -0.02662158     19688.52
      7236.6    0.9909818     2.675054 -0.009481495      19691.3
      7236.8    0.9912213     2.683631 -0.001144041     19692.55
        7237     0.991206     2.681068  0.003599835     19692.87
      7237.2    0.9911046     2.677708  0.000912769      19693.3
      7237.4    0.9909608     2.677934  0.009165898     19692.16
      7237.6    0.9908288     2.684361  0.006780285     19692.22
      7237.8    0.9907957     2.688401  -0.01407722     19694.36
        7238    0.9906141     2.683132  -0.04233498     19695.14
      7238.2    0.9904318     2.666672  -0.06604965     19694.08
      7238.4    0.9905218     2.650493  -0.08068151     19693.49
      7238.6    0.9907297     2.635561   -0.0675055      19693.8
      7238.8    0.9908358     2.618587  -0.07300667     19694.89
        7239    0.9908719     2.612667  -0.07783333     19696.56
      7239.2    0.9910622     2.592088  -0.04633451     19697.85
      7239.4    0.9911826     2.573294   0.01640869     19699.32
      7239.6    0.9912113     2.581519    0.1180347     19699.84
      7239.8    0.9916802     2.625794    0.2219267      19701.2
        7240    0.9917849     2.686515    0.2814149      19700.3
      7240.2    0.9920906     2.750836    0.2600936     19699.96
      7240.4    0.9923256     2.806651    0.1808701     19699.87
      7240.6    0.9923261     2.833869   0.08626018     19700.76
      7240.8    0.9923665     2.831211  -0.00193755     19701.46
        7241    0.9926856     2.819844  -0.05452721     19702.05
      7241.2    0.9927266     2.805101  -0.04109744     19703.02
      7241.4    0.9925422     2.790247  -0.01811887     19704.87
      7241.6    0.9922941     2.798333  0.009567963     19705.88
      7241.8     0.992134     2.805349   0.07749323     19705.44
        7242    0.9924413     2.812755   0.09847818      19705.9
      7242.2    0.9928709     2.852242   0.07580338     19706.36
      7242.4    0.9930748     2.877116   0.04165026     19706.03
      7242.6    0.9933471     2.865991  -0.03551589     19706.26
      7242.8     0.993803     2.846076  -0.08715698     19707.03
        7243    0.9940708     2.823829  -0.06880193     19709.44
      7243.2    0.9938719      2.80739  -0.03109007     19708.33
      7243.4    0.9940171      2.81095  -0.04436405     19709.89
      7243.6    0.9941365     2.821203  -0.04882675     19709.75
      7243.8    0.9942429     2.788338  -0.06241913     19711.14
        7244    0.9945289     2.768329  -0.06506258     19709.87
      7244.2    0.9948187     2.761015   -0.0254073     19709.16
      7244.4    0.9947998     2.769153  -0.01261486     19712.84
      7244.6    0.9945821     2.768012 -0.003023059      19716.5
      7244.8      0.99442     2.758237  -0.01994504     19716.28
        7245    0.9945177     2.758596  -0.01455893     19716.81
      7245.2    0.9947372     2.753197   0.01460418     19718.35
      7245.4    0.9951388     2.756365 -0.0008038925     19719.32
      7245.6    0.9956267      2.76992  0.006035101     19719.42
      7245.8     0.995986     2.757953   0.03178912     19718.19
        7246    0.9965349     2.758025 -0.005513784     19718.99
      7246.2    0.9969771     2.781796  0.006443649     19720.75
      7246.4    0.9969904     2.765509   0.03145661      19722.5
      7246.6     0.997007     2.763108   0.02582655     19724.08
      7246.8    0.9973003     2.783191   0.05707956      19723.7
        7247     0.997494     2.802458   0.05244188     19722.65
      7247.2    0.9974951     2.811173   0.01439266     19722.88
      7247.4     0.997703     2.805061 -0.003937805     19725.36
      7247.6    0.9977841     2.794705  0.004444163     19723.74
      7247.8    0.9980601     2.799307   0.01613432     19724.61
        7248    0.9983275     2.814728    0.0112421     19725.18
      7248.2    0.9985306     2.817969   0.01379626     19726.23
      7248.4    0.9987528     2.803699   0.01481082     19729.16
      7248.6    0.9988669     2.810344  0.004022138        19730
      7248.8    0.9989792     2.826577   0.01245957     19729.46
        7249     0.999339     2.821187 -0.001511111     19729.43
      7249.2    0.9997519     2.813666  -0.02697273     19730.68
      7249.4    0.9998623     2.809136   -0.0233909     19730.98
      7249.6    0.9998916     2.804999  -0.02585969     19729.49
      7249.8     1.000121     2.802474  -0.02965458     19732.51
        7250     1.000457     2.792978  -0.02998611     19734.82
        7252     1.002442     2.803294 -0.002410299     19739.32
        7254     1.003529     2.797114 -0.008804895     19745.89
        7256     1.006099     2.783081  -0.01242428     19754.03
        7258     1.009034     2.741809   -0.0111249     19756.43
        7260     1.011592     2.703899  0.004129816     19766.84
        7262      1.01428     2.708115  0.002798862     19776.35
        7264     1.016123     2.816119  0.009751113     19782.72
        7266     1.017292       2.7642   0.01242128     19789.79
        7268      1.01794     2.781908 0.0003391487     19794.86
        7270      1.01847     2.807485  0.006102343     19801.21
        7272     1.018522     2.818832   0.01087288      19810.9
        7274     1.018283     2.813018  0.004898073     19817.77
        7276      1.01841     2.868891  0.005562344      19823.8
        7278     1.017549     2.846669  0.005460214      19831.3
        7280     1.016761     2.863331 0.0005778141     19836.21
        7282     1.014797       2.8567  0.009158935     19843.45
        7284     1.013924     2.873514  0.004129998     19851.82
        7286     1.012603     2.919941  0.009188694     19855.55
        7288     1.011561     2.896371  0.001083292     19866.53
        7290     1.010374      2.93021 -0.007801945      19871.6
        7292     1.007968      2.88218  -0.01231217     19878.23
        7294     1.006598     2.857525  -0.01847187     19887.02
        7296     1.005683     2.797874  -0.01733632     19892.82
        7298     1.005022     2.782435  -0.01840496     19896.03
        7300     1.004851      2.74349  -0.01417335     19906.28
        7302     1.004063     2.710286  -0.01364817     19912.17
        7304     1.003525     2.684487  -0.01017695     19917.69
        7306     1.002933     2.673249 -0.008558606     19921.99
        7308     1.003051     2.662074 -0.002504509     19926.58
        7310     1.003404     2.641817 -0.001876897     19936.12
        7312     1.002822     2.664451 -0.000150711     19940.47
        7314     1.002356     2.658234  0.004837715      19945.2
        7316     1.002059     2.660868  0.001689063     19955.51
        7318     1.001729     2.680518 -0.006387538     19962.35
        7320      1.00183     2.677963 -0.006373366     19966.56
        7322     1.000869     2.607134  -0.01042721     19971.24
        7324     1.000819     2.609882 -0.008718756     19978.47
        7326     1.000599     2.597101  0.001310724     19987.74
        7328     1.000461     2.608213 -0.0004306158     19993.42
        7330     1.000357      2.61762  0.002495825     19997.09
        7332     1.000594     2.606437 -0.004591519     20002.61
        7334    0.9999148     2.617067 -0.005034413      20008.6
        7336    0.9995508     2.571481 -0.001580259     20016.56
        7338    0.9989631     2.577344 -0.002035471     20022.65
        7340    0.9999669     2.593795  0.007779623     20031.05
        7342     1.000322     2.600784   0.01116651     20038.52
        7344    0.9995364     2.633718  0.004235644      20041.3
        7346    0.9999988     2.666676  0.005001809     20045.06
        7348    0.9992636      2.62768  0.005704658     20050.62
        7350    0.9992361     2.640798   0.00293767     20059.22
        7352    0.9994649     2.679355  0.007901017     20067.83
        7354    0.9996331     2.690178  0.008909831     20073.45
        7356    0.9995815     2.690888  0.005238856     20077.26
        7358    0.9989462     2.712077  0.002456345     20080.32
        7360     0.998843     2.721266  0.002596954     20088.56
        7362    0.9998679     2.709829  0.001654033      20096.4
        7364     1.000696     2.711663 -0.001742788     20101.93
        7366     1.000389     2.725309 -0.0005654187     20106.67
        7368    0.9992065     2.707324 -0.003897092      20110.3
        7370     1.000108     2.705305 -0.007247044     20119.06
        7372     1.000325     2.680487  -0.01085962     20129.67
        7374     1.000429     2.667333   -0.0143306     20131.58
        7376     0.999452     2.620447  -0.01295181     20133.96
        7378    0.9997809      2.59066  -0.01839392     20139.37
        7380    0.9999014     2.576872  -0.01292439     20149.22
        7382     0.999309     2.520181  -0.01112126     20158.87
        7384    0.9992619     2.517052  -0.01070279     20160.83
        7386    0.9991402      2.50169 -0.002729577     20168.86
        7388    0.9989616      2.49125 -0.001458881     20174.33
        7390    0.9989259     2.498345  0.001976984     20178.27
        7392    0.9982917     2.505381  0.001175523     20183.73
        7394    0.9979005     2.517506  0.002468561     20190.75
        7396    0.9982474     2.500654 -0.0007899566     20198.75
        7398    0.9980228     2.518093 -0.002729079     20204.18
        7400    0.9981263     2.499061  0.002448963     20210.58
        7402    0.9979108     2.495674 -0.003531123     20214.36
        7404    0.9972962     2.520246 -0.007378399     20223.45
        7406    0.9972123     2.489844 -0.009938648     20224.62
        7408    0.9968482     2.440034 -0.002425424     20232.58
        7410     0.997116     2.416164  0.005148884     20241.99
        7412    0.9979288     2.500842   0.00768776     20245.24
        7414    0.9976428     2.531035   0.01075169     20252.45
        7416    0.9966186     2.501536 -0.003259594     20257.55
        7418    0.9965024     2.502178 -0.005159057     20260.05
        7420    0.9964643     2.474766 -0.001591898     20265.83
        7422    0.9959271     2.489763 -0.004678537     20267.92
        7424    0.9959807     2.488801 -0.002768809     20278.04
        7426    0.9959326      2.46475 -0.005255513     20283.36
        7428    0.9965561     2.452615 -0.006937774     20291.17
        7430    0.9966966     2.447719 -0.005349487     20296.33
        7432    0.9967476     2.433299 -0.001530104     20301.97
        7434    0.9960187     2.421954 -0.0003403422     20306.96
        7436    0.9960069     2.440374  0.001842609     20313.46
        7438    0.9953609     2.444996  0.004234017     20317.88
        7440    0.9954054     2.448039  0.003858054        20323
        7442    0.9959103     2.455826  0.002103218     20331.34
        7444    0.9955174     2.471239  0.002257672     20335.05
        7446    0.9954028     2.461822  0.005025781     20338.45
        7448    0.9951793     2.466101  0.002352327     20343.57
        7450    0.9949808     2.496032  0.001169376     20349.83
        7452    0.9956348     2.490057 0.0009277867     20357.84
        7454    0.9953235     2.471177 -0.001895711     20363.53
        7456    0.9958276     2.473523 -0.003400271     20368.52
        7458     0.995848     2.480866 -0.001909595     20373.83
        7460    0.9956012     2.462855 -0.002336435     20378.03
        7462    0.9953251       2.4559 -0.004275289     20382.68
        7464    0.9948168     2.454832 -0.002346099     20387.18
        7466    0.9953307     2.446664 -0.003026781      20395.8
        7468    0.9956779     2.444086 -0.004853636     20401.77
        7470    0.9950044     2.431686 -0.004502962     20404.14
        7472    0.9952064     2.416003 -0.004597955     20408.34
        7474    0.9953635      2.41064 -0.004373261     20417.32
        7476    0.9950812     2.407303 -0.002836423     20423.22
        7478    0.9948894       2.3967 -0.003711733     20424.31
        7480    0.9947022     2.393311 -0.004370106     20431.75
        7482    0.9949536     2.380946 -0.003876538      20435.5
        7484     0.994893     2.372342 -0.005640827     20441.24
        7486    0.9949902     2.365687 -0.006672294      20446.3
        7488    0.9954042     2.348185  -0.00460636     20451.29
        7490    0.9954077     2.327568 -0.004414623     20457.04
        7492      0.99524     2.335491 -0.002256423     20462.09
        7494    0.9952899      2.33037 -0.000872266     20467.05
        7496    0.9950361     2.330133 -0.001771498     20475.41
        7498    0.9953093      2.32059 -0.0001225106     20479.78
        7500    0.9948636     2.321319  0.001970285     20482.55
        7502    0.9953785      2.32939  0.005782798     20491.56
        7504    0.9956657     2.345895  -0.00304262     20493.42
        7506    0.9951387     2.366852 -0.004077372     20499.18
        7508    0.9941326     2.296978 -0.006152948     20504.76
        7510    0.9941022     2.296771 -0.007361506     20507.66
        7512    0.9943742     2.296672 0.0001579601     20512.43
        7514    0.9944482      2.30796 -0.0007003245     20515.93
        7516    0.9940076     2.298242 8.021924e-05     20515.14
        7518    0.9936356     2.291169 -0.001819872     20505.65
        7520    0.9937019     2.297314 -0.001222355     20494.38
        7522    0.9936201     2.293401 -0.0006019344     20490.29
        7524    0.9941411     2.288463 -0.0009315177     20416.42
        7526    0.9958757     2.286353 7.361748e-06     20130.04
        7528    0.9927086     2.289861  0.001796856     20282.41
        7530    0.9942232      2.29346   0.00340316      20188.2
        7532    0.9930548     2.302838 -0.000902282     20369.31
        7534    0.9939366     2.313579  -0.00172705     20548.39
        7536     0.993515     2.282643 -0.002450531     20537.05
        7538    0.9937259     2.279644 -0.004370863     20543.68
        7540     0.993755     2.283234  -0.00242871     20565.55
        7542    0.9939844     2.278612 -0.001488567     20587.94
        7544    0.9939547     2.263214 -0.002162089     20593.33
        7546    0.9933727     2.267735  -0.00340553     20598.02
        7548    0.9936869     2.265937 -0.0008106163      20599.7
        7550    0.9933808     2.251367 0.0006197303     20604.82
        7552    0.9940329     2.256729 -0.0004313617     20607.69
        7554    0.9943061     2.272693 0.0003852685     20614.93
        7556    0.9942517     2.262486 0.0004461699     20620.53
        7558    0.9944251      2.25445 -0.001409604     20623.61
        7560    0.9944038     2.260298 0.0002526622     20626.23
        7562     0.994648     2.261416 7.638788e-05     20634.24
        7564    0.9946311     2.264507 -0.0009786493     20641.89
        7566    0.9949184     2.255061 -0.001620685     20646.04
        7568     0.995269     2.252469 -0.003535365     20646.07
        7570    0.9958215     2.248451 -0.004122965     20652.96
        7572    0.9955478     2.236224 -0.003541156     20656.59
        7574     0.995327     2.222077 -0.004612745      20661.4
        7576    0.9959089      2.22414 -0.003670834     20667.49
        7578    0.9958154     2.211549 -0.003185615     20673.08
        7580    0.9959396     2.206858  -0.00448592     20677.88
        7582    0.9960555     2.196592 -0.001908771     20678.36
        7584     0.996097     2.188252 -0.002422632     20681.93
        7586    0.9964203     2.196279  -0.00152968     20685.73
        7588    0.9962242     2.187477 -0.000573303     20688.18
        7590    0.9958835     2.184355 -0.002730286     20690.82
        7592    0.9969508     2.183666 -0.001623362     20697.48
        7594    0.9969049     2.174436 -0.0005380435     20698.59
        7596    0.9968013      2.17449 -0.001679743     20700.75
        7598    0.9959024      2.18005  -0.00197787     20703.14
        7600    0.9972066     2.170228 -0.000776264     20709.54
        7602    0.9969895     2.158613 -0.003290828     20713.94
        7604    0.9971619      2.16828 -0.003881091     20717.17
        7606     0.996591     2.153724  -0.00410107     20722.84
        7608    0.9971281     2.139179 -0.0003938131      20728.3
        7610    0.9969327     2.125805  0.002218065     20731.94
        7612    0.9964214     2.165129  0.002017068     20732.52
        7614    0.9959548     2.171468  0.001454776     20733.25
        7616    0.9960382     2.155316 -0.003711593     20738.18
        7618    0.9963947     2.137443  -0.00295363     20740.22
        7620    0.9963111     2.135436 -0.001761665     20747.17
        7622    0.9965025     2.147839 -0.0004777841     20754.88
        7624    0.9964126     2.141222 0.0001831067     20756.66
        7626    0.9963968     2.133621 -0.003085193     20760.44
        7628    0.9957745     2.136901 -0.001813323     20763.89
        7630    0.9958612     2.123158  -0.00106301     20766.03
        7632    0.9963892     2.126716 -0.003553532     20771.01
        7634    0.9964267     2.125117 -0.002635033     20778.57
        7636    0.9965983     2.108473 -0.004540713     20782.73
        7638    0.9963716     2.102077  -0.00438541     20784.23
        7640    0.9961333      2.09039 -0.001575106      20787.8
        7642    0.9958542     2.090033 -0.002413568     20791.18
        7644    0.9960521     2.095872 -0.001736965     20797.18
        7646    0.9967507     2.082769 -0.0009923701     20798.36
        7648    0.9973187     2.076494 -0.002126583     20805.22
        7650    0.9966796     2.082095 -0.0008651855     20809.63
        7652    0.9965643     2.078859 -0.0007607184      20815.7
        7654    0.9965902     2.075847 -0.001475802     20819.88
        7656    0.9967347     2.070409 -0.0002032592     20820.16
        7658    0.9965262     2.070288 -0.0005761633     20822.25
        7660    0.9971266     2.077233 -0.0009572114     20826.74
        7662    0.9972645     2.071238 -0.000519791     20831.88
        7664    0.9973277     2.062751 -0.001021926     20837.48
        7666    0.9977559      2.06613 -0.002644206     20842.01
        7668     0.997868     2.069058 -0.001257404     20843.09
        7670     0.998121     2.050084 -0.0009894586     20847.37
        7672    0.9974285     2.052692 -0.001662535      20848.1
        7674    0.9978935     2.058214  0.001088868     20853.52
        7676    0.9988988     2.055758 -0.0003975101     20859.15
        7678    0.9980795     2.058795 -0.001090053     20863.03
        7680    0.9989837     2.049512 -0.0003034597      20870.5
        7682     0.998684     2.049494 -0.001741033     20870.26
        7684    0.9990002      2.05333 -0.001172387     20878.83
        7686    0.9991755     2.044867 -0.002294208      20880.6
        7688    0.9990433     2.040132 -0.002784987     20885.38
        7690    0.9988537      2.03114 -0.002254245     20885.01
        7692    0.9987436      2.03105  -0.00237088     20888.42
        7694    0.9989192     2.026833 -0.001261089     20893.74
        7696    0.9991057     2.021165 -0.001452816     20899.13
        7698    0.9987446     2.021051   -0.0017606     20900.32
        7700    0.9990708     2.019428 -0.001816211     20904.38
        7702     0.998631     2.012748 -0.002018354     20905.96
        7704    0.9989899     2.006636 -0.001932063     20907.58
        7706    0.9997182     2.004904 -0.001560825     20917.19
        7708    0.9995748     2.003971  -0.00124026     20919.03
        7710    0.9992721     2.000262 -0.001001428     20921.61
        7712    0.9992537     1.996714 -0.0007460087     20928.75
        7714    0.9995368     1.996893 -0.0008626405     20935.47
        7716    0.9993188     1.998003  0.001321904     20937.04
        7718    0.9995023      1.99336  0.002749551     20939.64
        7720    0.9992225     2.007289 -0.0006018892     20941.09
        7722    0.9991234     2.018889 -0.003138672     20944.54
        7724    0.9992012     1.993188 -0.004248152     20947.51
        7726    0.9989149     1.968251 -0.005117709     20950.87
        7728    0.9987026     1.973304 -0.001751696     20951.82
        7730    0.9990673     1.977948  0.001192924     20958.79
        7732    0.9990115     1.979174 0.0002770163     20960.48
        7734    0.9989384     1.977794  -0.00124796     20964.13
        7736    0.9990863      1.97552 -0.001656212     20965.13
        7738     0.999186     1.967964 -0.002436565      20970.4
        7740    0.9991607     1.965925 -0.002477452     20974.83
        7742     0.999419     1.958302 -0.001503142     20976.55
        7744    0.9994491       1.9557 -0.001839668     20979.11
        7746    0.9997504     1.955939 -0.0007165958     20987.31
        7748    0.9991521     1.951207 -0.0002296927     20984.98
        7750    0.9995765     1.952569 0.0002642001     20993.64
        7752    0.9996274     1.953863 -3.378593e-05     20994.46
        7754    0.9999142     1.958053 -0.001046908      20996.8
        7756    0.9997765     1.950937 -0.002019006     21001.46
        7758     1.000123     1.944194 -0.002671275     21005.36
        7760     1.000601     1.937711 -0.001646856      21007.8
        7762     1.000711     1.936682 -0.001380694     21009.21
        7764     1.000892     1.937762 -0.001692152     21012.22
        7766     1.000964     1.933148 -0.002195696     21015.21
        7768     1.000899     1.924173 -0.002529849     21013.84
        7770      1.00087     1.919117 -0.001528119     21016.67
        7772     1.001004     1.917523 -0.001194449     21019.81
        7774     1.000648     1.920923  -0.00144645     21021.49
        7776     1.001023     1.914618 -0.002538819     21021.27
        7778       1.0009     1.907545 -0.002325062     21015.75
        7780     1.001226     1.897213 -0.001707626     21007.63
        7782     1.002104     1.902323 -0.0007777999     20979.27
        7784     1.002925     1.900957 -0.001098728     20758.72
        7786     1.005207     1.901323 -0.003134938      20043.6
        7788    0.9997748     1.888423 -0.002266138     20086.48
        7790    0.9985868     1.877243  -0.00249587     20258.77
        7792     1.001366     1.882828  -0.00151895      21035.4
        7794     1.001711     1.881356 0.0002306435     21068.88
        7796     1.001956     1.876271 -0.001123408     21074.34
        7798     1.001838     1.879089 -0.000968805     21081.71
        7800     1.002296      1.87384 -0.001180279     21085.92
        7802     1.002669     1.873605 -0.001504767     21091.81
        7804     1.002479     1.866829 -0.0008134713     21094.03
        7806     1.002431      1.86705 -0.002016167     21094.53
        7808     1.002332     1.867333 -0.0008072404     21098.58
        7810     1.002362     1.857476   -0.0013422     21101.27
        7812     1.002508     1.860371 -0.001821431     21103.14
        7814      1.00247     1.856313 -0.0008043878     21108.62
        7816     1.002928     1.852761 -0.001845704     21106.87
        7818     1.002844     1.851041 -0.001305318        21110
        7820     1.002722     1.845606 -0.000657007     21108.02
        7822     1.002785      1.84587 -0.001148997     21115.24
        7824     1.002452     1.847505 -0.001087776     21115.38
        7826     1.003291     1.841849 -0.001117358     21119.44
        7828     1.003322     1.836903 -0.002419518     21126.77
        7830     1.003195     1.836931 -0.002034937      21125.7
        7832     1.003799     1.828149 -0.001549993     21125.54
        7834     1.003776      1.82557 -0.002337866     21131.26
        7836     1.003796     1.824503 -0.002293237     21138.57
        7838     1.004578     1.818229 -0.003072379     21141.19
        7840     1.003762     1.809803 -0.0006710457     21140.56
        7842     1.003793      1.80099 0.0006698793     21148.52
        7844     1.003763     1.819135  0.001623507     21149.58
        7846     1.004008     1.823588 0.0008737215     21148.96
        7848     1.003724     1.822791 -0.002250707     21152.33
        7850     1.003885      1.80798 -0.002852937     21154.63
        7852     1.004004     1.801129 -0.002887473     21158.32
        7854      1.00424     1.800764 -0.001097212     21159.51
        7856     1.003639     1.799691 -0.001407378     21164.13
        7858     1.004232     1.799203 -0.001355173     21167.87
        7860     1.004156      1.78987 -0.001313757     21168.63
        7862     1.004495     1.789923  -0.00154111     21172.61
        7864     1.004181     1.789181 -0.001093152     21173.44
        7866     1.004138     1.786874 -0.001612726     21179.19
        7868     1.004707     1.781125 -0.001798002     21185.31
        7870     1.004182     1.777021 -0.002183191     21185.01
        7872     1.004361     1.774797 -0.002704005     21186.44
        7874      1.00419     1.769408 -0.001664112     21194.54
        7876     1.004021     1.759493 -0.001636646     21197.27
        7878     1.004424     1.763708 -0.001163217     21199.93
        7880     1.004168     1.761704 -0.0002813681      21199.7
        7882     1.003854     1.760102 -0.001642069     21203.14
        7884     1.004218     1.757242 -0.001693932      21208.1
        7886     1.003859     1.750571 -0.001981349     21209.19
        7888      1.00441     1.748153  -0.00182253     21209.93
        7890     1.004205     1.744252 -0.001305989     21215.62
        7892     1.004051     1.742662 -0.001416596     21220.63
        7894      1.00397     1.740124 -0.001462982     21219.19
        7896     1.003646      1.73682 -0.001904393     21220.77
        7898     1.004175     1.732548 -0.002022388     21227.16
        7900     1.003971     1.727427 -0.001858296     21230.57
        7902     1.003854     1.723944 -0.001779885     21227.88
        7904     1.003918     1.721954 -0.001496988      21234.9
        7906     1.004009     1.718309 -0.0007419171     21234.93
        7908     1.004285     1.715451 -0.0007325828     21242.19
        7910     1.004064     1.718009 -0.0008634346     21247.31
        7912      1.00382     1.716093 -0.0009572621     21243.84
        7914     1.004258     1.711401 -0.001897418     21199.61
        7916     1.005367     1.707793 -0.002086517     20932.54
        7918     1.005052      1.70283 -0.001543126     20596.15
        7920     1.004018     1.699401 -0.001381604     20946.64
        7922      1.00399     1.699056 -0.0006428779     21178.32
        7924     1.004161      1.69674 -0.001168979     21222.96
        7926     1.004626     1.697687 -0.001472336     21238.05
        7928     1.004732     1.690049 -0.001628482     21245.94
        7930     1.004771     1.687278 -0.001994794     21251.62
        7932      1.00478     1.683712 -0.001466453     21251.85
        7934     1.004943     1.681728 -0.001236768     21259.09
        7936     1.005132     1.678317 -0.001245414     21261.51
        7938     1.005125     1.677383 -0.001227862     21262.66
        7940     1.005181     1.673749 -0.001235468     21266.51
        7942     1.005524     1.671905  -0.00110375     21270.16
        7944     1.005906     1.668434 -0.001067958     21275.11
        7946     1.005904     1.668553 -0.001438897     21276.47
        7948     1.005872     1.665205 -0.001662841     21279.61
        7950     1.005687     1.660394 -0.001463041     21277.62
        7952     1.005683     1.655131 -0.001201769     21280.39
        7954     1.005816     1.656849 -0.0009900712     21283.32
        7956      1.00605     1.655591 -0.0001851992     21287.49
        7958     1.005999     1.652474 -0.0007646603     21291.87
        7960     1.005743     1.653649 -0.001078012     21295.78
        7962     1.005565     1.650732 -2.987354e-05     21294.14
        7964     1.005237     1.646967 -0.002392508     21294.42
        7966     1.005391     1.652235 -0.003296807     21299.74
        7968     1.005403     1.634509 -0.002774011     21299.95
        7970     1.005357     1.624357 -0.002780823     21302.63
        7972     1.005686     1.624775 -0.0007438799     21308.72
        7974     1.005512     1.629988 0.0002604418     21310.85
        7976     1.005439     1.628558 -0.0004616202     21310.06
        7978     1.005137     1.626441  -0.00133538     21313.81
        7980     1.004882     1.621082 -0.001699176        21317
        7982     1.004884     1.619305 -0.001960208     21317.92
        7984     1.004954     1.614965 -0.001133956     21323.58
        7986     1.004913     1.610759 -0.001418535     21324.61
        7988     1.005011      1.61201 -0.001181515     21326.53
        7990     1.005033     1.607957 -0.0008547262     21327.44
        7992      1.00454     1.605513 -0.001473236     21329.65
        7994     1.004344     1.603921 -0.0007437545     21334.02
        7996     1.004441     1.600224 -0.0003663981     21333.95
        7998     1.004512     1.602007 -0.000679067     21333.22
        8000      1.00478     1.602581 -0.0008430565     21339.77
        8002     1.004317     1.598489 -0.001584477     21338.68
        8004      1.00479      1.59348  -0.00229426     21348.36
        8006     1.004518     1.589331 -0.002081184     21349.04
        8008     1.004264     1.584227 -0.001692294     21349.79
        8010     1.004512     1.581839 -0.001377379     21353.38
        8012     1.004021     1.579942 -0.001478253     21355.84
        8014     1.004441     1.578312 -0.001344713     21356.25
        8016       1.0043     1.572401 -0.001373493     21357.95
        8018     1.004163     1.571082 -0.001506447      21361.5
        8020     1.004658     1.568954 -0.001172517     21364.67
        8022     1.004026      1.56626 -0.001631868     21361.73
        8024     1.003957     1.563021 -0.001275133      21363.7
        8026     1.004083     1.558027 -0.001385388     21368.75
        8028     1.004394     1.558753 -0.001697945     21372.69
        8030     1.004412     1.555177 -0.001180671     21369.87
        8032     1.004231     1.549438 -0.001194283     21372.06
        8034     1.004591     1.548581 -0.0007034398     21377.39
        8036     1.004806     1.549198 -0.0007677396     21381.47
        8038     1.004925      1.54955 -0.001579966     21383.24
        8040     1.005221     1.543296 -0.001637812     21385.36
        8042     1.005117     1.535942 -0.001742977     21387.77
        8044      1.00504     1.536096 -0.001797015     21390.03
        8046     1.004641     1.535606 -0.0007454907     21388.79
        8048     1.004867      1.52892 -0.001324664     21394.49
        8050     1.004734     1.529978 -0.002020333     21394.15
        8052     1.004846     1.525498 -0.001119504     21394.31
        8054      1.00492     1.519443 -0.001496453     21394.85
        8056     1.005271     1.519964 -0.001385375      21400.4
        8058     1.005437     1.518006 -0.0009295003     21400.31
        8060     1.005313     1.514415 -0.001668497     21404.21
        8062     1.004922     1.512007 -0.001456485     21402.86
        8064     1.004896     1.506616 -0.001631832     21403.21
        8066     1.004807     1.506354 -0.001396402      21404.8
        8068     1.004663     1.501361 -0.001005334     21407.66
        8070     1.004862     1.500836  -0.00146685     21409.95
        8072     1.004676     1.498573 -0.001470815     21408.33
        8074     1.004625     1.494619 -0.001379221     21411.19
        8076     1.004247     1.489594 -0.001223983     21414.27
        8078     1.004146     1.489802 -0.001256289     21414.48
        8080     1.004225     1.488781 -0.0009358979     21414.65
        8082     1.004303     1.484569 -0.0009865561     21422.48
        8084     1.004092     1.482107  -0.00142148        21425
        8086     1.003754      1.48191  -0.00117732     21425.11
        8088     1.003821     1.477409 -0.001659457     21425.74
        8090     1.003108     1.475151 -0.002180253     21426.71
        8092     1.003118     1.468831 -0.001639069     21428.21
        8094     1.002683     1.464468 -0.000925847     21430.27
        8096     1.002434     1.464297 9.765234e-05     21432.17
        8098     1.002528     1.467744 0.0001644431      21434.5
        8100     1.002711     1.469613 -0.0007878966     21437.56
        8102     1.002289     1.465783 -0.001391504     21438.33
        8104     1.002007     1.457993  -0.00197705     21438.62
        8106     1.001912     1.456612 -0.002241702     21440.37
        8108     1.001673     1.453796 -0.0009849847      21441.4
        8110     1.001613      1.44785 -0.0009620535     21443.92
        8112     1.001814     1.450114 -0.0009836458     21445.02
        8114     1.001398     1.448915 -0.0007014679     21444.71
        8116     1.001179     1.445927 -0.001561763     21444.34
        8118     1.001282     1.442238 -0.001438301     21450.42
        8120     1.000843     1.437619  -0.00139351     21448.48
        8122      1.00033     1.437409 -0.001238325      21447.3
        8124     1.000666     1.434779 -0.001074815     21454.12
        8126      1.00029     1.432331 -0.001335054     21449.93
        8128     1.000423     1.429021  -0.00177918     21449.92
        8130     1.000053     1.426728 -0.001470579     21452.32
        8132    0.9997681     1.420546 -0.001534999     21451.67
        8134    0.9993084     1.420567  -0.00161208     21454.53
        8136    0.9993411     1.416741 -0.001173319     21457.62
        8138    0.9994814     1.413832 -0.001142167        21462
        8140    0.9996993     1.411159 -0.001178427     21461.17
        8142    0.9990503     1.411429 -0.0009082868     21459.12
        8144    0.9992405     1.407314 -0.0009204553     21462.22
        8146    0.9988205     1.406566 -0.001072225     21463.28
        8148     0.998961     1.403795 -0.001033015     21466.25
        8150     0.998632     1.402852 -0.001625825     21469.24
        8152    0.9984282     1.399049 -0.001349122      21465.4
        8154     0.998088     1.393559 -0.001647554     21465.84
        8156    0.9983043     1.393002 -0.001339093     21469.03
        8158    0.9979693     1.389671 -0.0007797775     21468.73
        8160    0.9983056     1.388337 -0.001380518     21471.81
        8162    0.9983223     1.387321 -0.001117625     21475.64
        8164    0.9979307     1.381958 -0.001279861     21474.22
        8166    0.9980074      1.38073 -0.001263029     21477.31
        8168    0.9976703     1.378098 -0.0007727292     21475.88
        8170    0.9971197     1.377216 -0.001231178     21477.01
        8172    0.9971663     1.375776 -0.001165316     21479.08
        8174    0.9969166     1.370881 -0.001467043     21480.48
        8176    0.9969745     1.368775 -0.001418221     21481.01
        8178     0.996454      1.36548 -0.001123325     21479.87
        8180    0.9962599     1.364431   -0.0011923      21481.5
        8182    0.9960967     1.361894 -0.001169341     21478.36
        8184    0.9958198     1.359237 -0.001294542      21480.5
        8186    0.9956908     1.356125 -0.001280813      21486.2
        8188    0.9951815     1.354074 -0.001418286     21485.04
        8190    0.9951475     1.351648 -0.001523721     21488.12
        8192    0.9949125     1.347891 -0.001223682     21490.79
        8194    0.9948781     1.343936 -0.001369872     21488.75
        8196    0.9946174     1.344285 -0.001261818     21488.89
        8198    0.9945149     1.340689 -0.001135528      21490.5
        8200    0.9942463     1.337796 -0.001086692     21488.47
        8202    0.9936412     1.334851 -0.001200675     21491.97
        8204    0.9934283     1.335591 -0.001193816     21491.38
        8206    0.9933613     1.331083 -0.001059539     21494.22
        8208     0.993202     1.328245 -0.001275223     21492.78
        8210    0.9928889     1.326375 -0.001171221     21493.83
        8212    0.9925612      1.32539  -0.00107914     21492.08
        8214    0.9925522     1.321714 -0.001301146     21496.03
        8216    0.9920097     1.319612 -0.001525775     21492.37
        8218    0.9920019     1.315966 -0.0009834306     21495.16
        8220    0.9915371     1.313183 -0.000872695     21496.47
        8222    0.9914117     1.313846 -0.0005036164     21499.65
        8224    0.9913045     1.312631 -0.0006947332     21502.83
        8226     0.991047     1.311937 -0.001604353     21503.01
        8228     0.990786     1.307625 -0.001794208     21499.82
        8230    0.9902944     1.301011 -0.002240465     21501.73
        8232    0.9900489     1.298277 -0.001949977     21502.43
        8234    0.9899738     1.294013 -0.001244532     21504.09
        8236    0.9897821     1.292026 -0.001212015     21505.25
        8238    0.9894635     1.291055 -0.0005908589     21505.54
        8240    0.9897886     1.288581 -0.0008973774     21510.98
        8242    0.9891543     1.289286 -0.001113482     21505.48
        8244    0.9890975     1.284847 -0.001101442     21505.94
        8246    0.9886352     1.282147  -0.00153954     21504.64
        8248     0.988788     1.279769 -0.001466454      21510.8
        8250    0.9884524      1.27697 -0.001652637     21507.96
