# This file has been produced by extranormal (v 1.0.1 - February 23, 2017)
# O. Roudenko - Synchrotron SOLEIL. Covered by GPL licence.
#Data from HDF File: /nfs/ruche-rock/rock-soleil/com-rock/2021/Projets/20210209_Hilde/InSitu/10Ni-10Fe_50BN/10Ni-10Fe_50BN_RWGS750_CO2pulses_H2cst_ratio1/10Ni-10Fe_50BN_RWGS750_CO2pulses_H2cst_ratio1_00058.nxs to 10Ni-10Fe_50BN_RWGS750_CO2pulses_H2cst_ratio1_00059.nxs
#Time at start=2021-02-10 14:42:38.997
#Time from start (seconds)=287.53200621
#Sample temperature (C)=24.8
# Normalization -------------
# pivot spectrum: Pivot_Fe_10Ni-10Fe_50BN_RT_air_av2000_00001.txt
# E0=7112.0   Eshift=1.9582138087
# E0_pivot = 7112.0
# pre-edge params: from E0_pivot-140.0 to E0_pivot-20.0
# pre-edge range: [6972.0, 7092.0]
# post-edge params: from E0_pivot+100.0 to E0_pivot+1140.0
# post-edge range: [7212.0, 8250.0]
# I jump at E0_pivot = 1.24211300589
# shifted energy	normalized	reference	ref.derivative	I0
        6970  0.001874224     1.676963 -0.002508959     18807.44
        6972  0.001874224     1.676963 -0.002508959     18807.44
        6974   0.00161962     1.671995 -0.001302246     18814.62
        6976  0.001347478     1.671732 -0.0005190817     18822.26
        6978  0.001211524     1.669109 -0.001832633     18829.87
        6980  0.001196871      1.67281 -0.001412778     18835.55
        6982 0.0006600497     1.657334 -0.001995396     18847.35
        6984  0.001360187      1.66043 -0.001781629     18854.08
        6986 0.0008360782     1.653146 8.439636e-05     18860.33
        6988  0.000658585     1.658557 -0.0009079324      18866.9
        6990 0.0005576373      1.65801 -0.001112183     18875.18
        6992 0.0003943503     1.653167 -0.003048149     18883.57
        6994 -0.0001517127     1.644249 -0.002590591     18889.78
        6996 0.0003785947     1.634172 -0.003196934     18901.71
        6998 3.511565e-05     1.637285 -0.002320613     18906.05
        7000 0.0005068905     1.627591 -0.001462795     18918.08
        7002 5.245861e-05     1.625684  -0.00136422     18927.54
        7004 -0.0001098594     1.622469 -0.0002544034      18938.3
        7006 -0.0004085697     1.626371 -0.001351721      18945.2
        7008 0.0001304383     1.625556 -0.0008280433     18954.33
        7010 -0.000365848      1.61487 -0.001421797     18959.03
        7012 -0.000497073     1.615845 -0.002092149     18968.23
        7014 -0.0004564267     1.614997 -0.0005532161        18979
        7016 -0.0001530015     1.608819 -0.002253379     18986.88
        7018 -0.0004672232     1.610444 -0.001828344     18992.32
        7020 -0.000860341     1.597818 -0.0008640183     18998.45
        7022 -0.0004249364      1.60037 -0.002154369     19006.55
        7024 -0.001854142     1.601907 -0.001426154     19015.45
        7026 -0.0004923212     1.593209 -0.001757784     19026.81
        7028 -0.0009118403     1.586409  -0.00138364     19034.16
        7030 -0.0007904216     1.586308 -0.0004639372      19046.2
        7032 -0.0005179688     1.590838 -7.733916e-05     19048.77
        7034 -0.000783815     1.589498 -0.0002247593     19059.37
        7036 -0.0007422557      1.58579 -0.001666175     19068.99
        7038 -0.001133762      1.58451 -0.001896668     19075.03
        7040 -0.001342653     1.577508 -0.002015434      19082.2
        7042 -0.000831201     1.574324 -0.002820554     19095.69
        7044 -0.001313281     1.569667 -0.001852943     19101.86
        7046 -0.001437684     1.561945 -0.002742565     19110.49
        7048 -0.001255639     1.562685 -0.002059615     19116.26
        7050 -0.0009636764     1.552384 -0.001410244     19126.77
        7052 -0.001309242      1.55319 -0.001604111     19132.21
        7054 -0.0005819914     1.550663 -0.001133959     19142.32
        7056 -0.0006337123     1.549852 -0.001326425     19152.01
        7058 -0.0008396525     1.543312 -0.0009195135      19155.8
        7060 -0.0007820761     1.542578  -0.00172365     19165.87
        7062 -0.0007687719     1.543307 -0.0008040492     19170.55
        7064 -0.0003334509     1.536063 -0.001593158     19175.96
        7066 -0.0003633867      1.53688 -0.000957858     19185.03
        7068 -0.0002096097     1.529833 -0.000965077     19194.93
        7070 -9.440653e-05     1.535644 -0.001664596     19203.86
        7072 9.116151e-05     1.528342 -0.0009200308     19211.29
        7074 -1.908749e-06     1.523563  -0.00242727     19219.32
        7076 0.0006093497     1.522473 -0.001870148     19227.03
        7078 0.0009062424     1.516226 -0.0008930235     19237.71
        7080  0.001662354     1.513381 -0.001176062     19245.65
        7082  0.001578106     1.516419 -0.001525645     19251.45
        7084 0.0009417299     1.513064 -0.001096657      19257.8
        7086  0.001419723     1.504021 -0.002775853     19264.66
        7088  0.001500566     1.504608 -0.001567298     19274.01
        7090  0.001867236     1.494212 -0.0009724826     19279.23
        7092  0.002709356     1.500526 -0.000821411     19285.95
        7094  0.003911792     1.496241 0.0001026941     19294.38
        7096   0.00376854     1.498036 -0.000958417     19301.88
        7098  0.004655375     1.495034 -0.0001789325     19309.68
        7100  0.006157774     1.492859 -0.0007312066      19318.8
      7100.2  0.006278077     1.493064 -0.000658286     19319.38
      7100.4  0.006398381     1.493269 -0.0005853655     19319.96
      7100.6  0.006518684     1.493474 -0.0005124449     19320.54
      7100.8  0.006638988     1.493679 -0.0004395243     19321.12
        7101  0.006759291     1.493884 -0.0003666038      19321.7
      7101.2  0.006879594     1.494089 -0.0002936832     19322.28
      7101.4  0.006999898     1.494294 -0.0002207627     19322.87
      7101.6  0.007120201     1.494499 -0.0001478421     19323.45
      7101.8  0.007240505     1.494705 -7.492156e-05     19324.03
        7102  0.007299993     1.494575 0.0002691834     19324.51
      7102.2  0.007281746     1.493792  0.001052235     19325.17
      7102.4  0.007725404     1.495283 3.203285e-06     19327.35
      7102.6  0.007772703     1.496014 0.0003801417      19327.2
      7102.8  0.007931798     1.494578 0.0001456309     19326.39
        7103  0.007923717     1.494096 -0.0002850243     19326.55
      7103.2  0.007913814     1.495399  0.003255554     19325.49
      7103.4  0.007937758     1.495785  0.003564286     19327.43
      7103.6  0.008320575     1.497182 -0.0005236492     19326.03
      7103.8  0.009047542     1.496947 -0.004144698     19326.47
        7104  0.009440823     1.494981 -0.003136887     19329.87
      7104.2  0.009663013      1.49247 -0.002013075      19331.5
      7104.4  0.009866496     1.494673 0.0007013758      19335.1
      7104.6   0.01005584     1.495337    0.0034625     19336.69
      7104.8   0.01011997     1.495542 -0.002161337     19335.99
        7105   0.01009027      1.49524 -0.002237821     19334.42
      7105.2   0.01039208     1.492944 -0.0001281414     19334.98
      7105.4   0.01070491     1.493547  0.001253856     19337.53
      7105.6   0.01137458     1.495439  0.003978436        19339
      7105.8    0.0120568     1.496243  0.004805294     19340.05
        7106    0.0124807     1.496126  0.002902168     19341.84
      7106.2   0.01266227     1.497391  0.001593884     19342.31
      7106.4   0.01277829     1.497761  0.001072695     19344.32
      7106.6   0.01297107     1.497518 -0.001549036     19344.26
      7106.8   0.01357382     1.496985  0.001470036     19345.84
        7107   0.01400583     1.496152   0.00299472     19348.24
      7107.2   0.01450296     1.498937 0.0004542328     19349.56
      7107.4    0.0150833     1.499914  0.002485339     19350.07
      7107.6   0.01556015     1.497348  0.002078158     19350.11
      7107.8   0.01600849      1.49814  0.004834126     19351.38
        7108   0.01671358     1.500599  0.008201945     19352.47
      7108.2   0.01768481     1.503781  0.007433776     19352.18
      7108.4   0.01865311      1.50391  0.008350034     19353.32
      7108.6   0.01959409     1.504087  0.007088587     19355.95
      7108.8   0.02035368     1.507279  0.009964455     19356.61
        7109   0.02106124     1.509452   0.01532825     19354.35
      7109.2   0.02214518     1.511881   0.01703319     19353.89
      7109.4   0.02338333      1.51635   0.02256499     19353.61
      7109.6   0.02485806     1.520906   0.02721654     19352.79
      7109.8   0.02676522     1.527504   0.02606146     19353.01
        7110   0.02880827     1.533654   0.03119094     19352.65
      7110.2   0.03114865     1.537199   0.03932443     19352.63
      7110.4   0.03392268     1.545859   0.04965692     19351.49
      7110.6   0.03750037     1.558963   0.06492752     19352.14
      7110.8   0.04228248      1.57338   0.07900277     19353.36
        7111   0.04802939     1.589141   0.09187731     19351.25
      7111.2   0.05502478     1.609061    0.1094064     19348.76
      7111.4   0.06361628     1.632465    0.1249866     19348.14
      7111.6   0.07378731     1.660905    0.1400078     19347.78
      7111.8   0.08539547      1.68913    0.1520632      19348.3
        7112   0.09803427     1.721067    0.1549098      19346.7
      7112.2    0.1115961     1.754116     0.154336     19343.92
      7112.4    0.1254464     1.784833     0.147462     19341.02
      7112.6    0.1392661     1.812599    0.1363803     19339.89
      7112.8    0.1522603     1.839037    0.1298284     19338.64
        7113    0.1640883      1.86322    0.1211038     19337.47
      7113.2    0.1748944     1.888696    0.1076876     19335.77
      7113.4    0.1853089     1.909482   0.09540048     19335.81
      7113.6      0.19527     1.925187   0.09233726     19337.49
      7113.8    0.2043208      1.93954   0.08565617     19336.64
        7114    0.2129478     1.962565   0.08170698     19336.36
      7114.2    0.2213915     1.978007    0.0758924      19337.3
      7114.4    0.2292881     1.990553   0.06439518     19335.57
      7114.6    0.2362621     2.000254   0.05347047     19335.85
      7114.8    0.2418659     2.014082    0.0400286     19336.52
        7115    0.2469704     2.020783   0.04171349     19335.64
      7115.2    0.2515755     2.022575   0.02926612     19337.43
      7115.4    0.2554222     2.033625    0.0256793     19337.06
      7115.6    0.2588181     2.037494   0.02859848     19336.71
      7115.8    0.2621682     2.041327   0.01991604     19336.59
        7116    0.2656305     2.045454   0.02439054     19335.95
      7116.2    0.2696233     2.049558    0.0282908     19337.04
      7116.4     0.273905     2.057007    0.0285462     19338.16
      7116.6    0.2783425     2.063959   0.03097035     19338.16
      7116.8    0.2829799     2.068291   0.03606428     19337.04
        7117    0.2882515     2.074334   0.03862816     19336.63
      7117.2    0.2945276     2.085858   0.05045868     19336.33
      7117.4    0.3018259     2.094862    0.0640461     19337.14
      7117.6    0.3094501     2.108658   0.06987488     19337.15
      7117.8    0.3178445     2.125571   0.08173236     19336.78
        7118    0.3275564     2.141758   0.08541032     19337.31
      7118.2    0.3381974     2.160248   0.08088308     19338.14
      7118.4    0.3496139     2.176986   0.07730039     19339.71
      7118.6    0.3619823     2.190278    0.0701682     19340.25
      7118.8    0.3756007     2.203599   0.06846283      19340.4
        7119    0.3906456     2.216382   0.08364423     19340.28
      7119.2    0.4061537     2.231757    0.1005355     19341.06
      7119.4    0.4217478     2.257193    0.1118238     19340.55
      7119.6    0.4383655     2.284027    0.1147882     19337.67
      7119.8     0.455795     2.305841    0.1111225     19337.58
        7120    0.4732526     2.323587    0.1257007     19337.96
      7120.2     0.490609     2.346091    0.1413936     19336.98
      7120.4    0.5080844     2.384587    0.1593412     19337.41
      7120.6    0.5251454     2.418956     0.164686     19338.84
      7120.8    0.5409842      2.45106     0.139801      19338.2
        7121    0.5561033      2.47784    0.1367698     19336.81
      7121.2    0.5706236     2.496428    0.1281041     19336.33
      7121.4     0.584511     2.528372      0.11727     19337.78
      7121.6    0.5977645     2.553543    0.1336885     19338.35
      7121.8    0.6109822     2.571656    0.1180554      19340.8
        7122     0.624031     2.603379   0.08997869     19340.56
      7122.2     0.637772     2.622816   0.09716416     19341.27
      7122.4    0.6518766     2.625526   0.08096238     19339.39
      7122.6    0.6663027     2.649387   0.08508429      19336.8
      7122.8    0.6811509     2.668149   0.08365486     19335.61
        7123    0.6960285     2.690884   0.07634258     19334.28
      7123.2     0.711573      2.69245   0.06539788     19332.72
      7123.4    0.7274339     2.710461   0.02998911      19332.4
      7123.6    0.7429761     2.720467   0.03088809     19333.38
      7123.8    0.7587607     2.714875   0.02319773     19333.68
        7124    0.7746011     2.717161   0.03939419     19336.41
      7124.2    0.7901779     2.729019   0.08773148     19335.53
      7124.4    0.8054491     2.751983    0.1039047     19333.59
      7124.6    0.8200945      2.78506   0.09284205     19330.69
      7124.8    0.8341118     2.800285   0.07792696      19329.7
        7125    0.8481201     2.803293   0.05586471     19329.33
      7125.2    0.8613071     2.814324    0.0698177     19328.99
      7125.4    0.8741887     2.829752   0.07666441     19328.69
      7125.6    0.8864498     2.856139      0.10705     19328.31
      7125.8    0.8981728     2.864625    0.1148048     19327.71
        7126    0.9095941     2.899964    0.0699588     19327.23
      7126.2    0.9211168     2.921596   0.03938687     19327.57
      7126.4    0.9322742     2.912106  -0.02987694     19327.23
      7126.6    0.9433759     2.896134  -0.04559324     19326.07
      7126.8    0.9543263     2.876063  -0.03059186     19326.79
        7127    0.9648785     2.885121  -0.04450917     19326.19
      7127.2     0.974575     2.887632  -0.02406317     19322.93
      7127.4    0.9842238     2.860527 -0.004254728     19320.67
      7127.6    0.9941272     2.856812  0.007315492     19319.44
      7127.8     1.004144     2.881717   0.04686726     19318.15
        7128     1.014902     2.893485   0.09095004     19317.86
      7128.2      1.02522     2.898021   0.09754075     19317.33
      7128.4     1.034691     2.929572    0.1084655     19318.01
      7128.6      1.04442      2.95975    0.1561392     19318.56
      7128.8     1.054108     2.980257    0.1494141     19316.47
        7129     1.063343     3.022932    0.1240708     19316.62
      7129.2     1.072027     3.049103    0.1483332     19317.82
      7129.4     1.079887     3.059007    0.1126018     19319.34
      7129.6      1.08739     3.098924   0.05715104      19319.8
      7129.8     1.094595     3.113013   0.08031394     19317.96
        7130     1.101178     3.094824   0.07996442     19316.93
      7130.2     1.107286     3.123258   0.08246599     19317.19
      7130.4     1.112211     3.162895   0.04077015     19314.26
      7130.6     1.116174     3.178986  -0.04848429     19313.64
      7130.8      1.12019      3.12744  -0.08801489     19312.43
        7131     1.123935      3.08447   -0.1334504     19312.78
      7131.2     1.127421     3.092483  -0.09059236     19309.52
      7131.4     1.130598     3.072226   0.01165255     19308.31
      7131.6     1.134078     3.054966  -0.04511658      19306.8
      7131.8     1.137323     3.093792  -0.03670824     19304.37
        7132     1.140407      3.05639 -0.0001684454     19305.02
      7132.2     1.143624     3.042859  -0.05802492     19303.38
      7132.4     1.146386     3.054832  -0.04542811     19304.84
      7132.6     1.148199     3.047373  -0.01176555     19305.85
      7132.8     1.149473     3.020047  -0.02838128     19304.69
        7133     1.149801     3.033447  -0.05455246     19304.79
      7133.2     1.150024     3.032127  -0.04525397     19304.77
      7133.4     1.148933     3.003731  -0.06296652     19307.01
      7133.6     1.147047     2.983844   0.01907074     19307.42
      7133.8      1.14423     2.983074   0.04471871     19306.61
        7134      1.14115     3.047383  0.005627683     19306.05
      7134.2      1.13767     3.039506  -0.03047765     19306.05
      7134.4     1.133896     2.988346   -0.1112428     19309.14
      7134.6      1.12944     2.958691  -0.09594132     19310.06
      7134.8     1.124967     2.958389  -0.05271826     19310.91
        7135      1.12018     2.962752   -0.0584068      19311.6
      7135.2     1.114481     2.946172   -0.1040985     19311.83
      7135.4     1.109026     2.911966   -0.1181189     19313.47
      7135.6     1.104199      2.87511  -0.04569118     19314.54
      7135.8     1.099588     2.868257   0.03975163     19314.79
        7136     1.095176     2.909619   0.09999081     19315.93
      7136.2     1.090634     2.943767    0.1154317     19316.34
      7136.4     1.086155     2.955103   0.03136597     19315.95
      7136.6     1.082324     2.960603  -0.03801965      19316.5
      7136.8     1.078326     2.934712  -0.06652683     19313.42
        7137     1.073958     2.913352  -0.07969856      19305.1
      7137.2     1.070402     2.901881  -0.05232765     19290.72
      7137.4     1.067215     2.896844   0.03119337     19264.97
      7137.6     1.063901      2.89285   0.07926656     19229.19
      7137.8     1.060906     2.938306   0.04412021     19188.01
        7138     1.057894     2.965295   0.03818659     19146.86
      7138.2     1.054811      2.93214  -0.01556619     19112.28
      7138.4     1.051229     2.923399  -0.04687007     19089.37
      7138.6     1.048415     2.925853  -0.03858692     19081.52
      7138.8     1.045678     2.927799  -0.04082525     19088.87
        7139     1.043027      2.90127  -0.05463122     19107.95
      7139.2     1.041016     2.890739  -0.05136444     19131.97
      7139.4     1.039045     2.882148 -0.001448475     19162.96
      7139.6     1.037424     2.886707   0.01549948     19192.16
      7139.8     1.035683     2.900112    0.1013894     19221.19
        7140     1.033848     2.903138    0.1415734     19245.42
      7140.2     1.032546      2.96326     0.117181     19266.15
      7140.4     1.031712     2.999966   0.09016651     19286.67
      7140.6     1.031126     2.993856   0.07786583     19302.05
      7140.8     1.030645     2.975271   0.04932267     19311.04
        7141     1.029548     3.025553   0.06763666     19313.39
      7141.2     1.028412     3.039424    0.0503166     19313.78
      7141.4     1.027504     3.047966  -0.05722491     19310.27
      7141.6     1.026523     3.015525   -0.1090763     19299.76
      7141.8     1.024924     2.979773   -0.1331647     19281.22
        7142     1.023453     2.952163  -0.09976485     19254.78
      7142.2      1.02229     2.941434  -0.09687599     19219.07
      7142.4     1.021448     2.935713  -0.08017735     19177.87
      7142.6     1.020767     2.902272  -0.04378734        19137
      7142.8     1.019748     2.888021   0.02492617     19102.55
        7143     1.018451     2.906404    0.1188903     19081.14
      7143.2     1.017528     2.955654    0.1176863      19077.1
      7143.4     1.017152     2.997384   0.05576995     19088.36
      7143.6     1.016908      2.98217   0.02399392     19112.97
      7143.8     1.016289      2.95102   0.05686963     19148.14
        7144     1.015481     2.974849   0.08450758     19187.66
      7144.2     1.014985      3.04288    0.1468938     19229.08
      7144.4     1.014404     3.049776    0.1334512     19265.83
      7144.6     1.013923     3.068535  -0.01028315     19293.17
      7144.8     1.013202      3.08161  -0.05924121     19308.31
        7145     1.012636     3.034653     -0.16261     19318.28
      7145.2      1.01196     3.002383   -0.2272268     19326.28
      7145.4     1.011629     2.938447   -0.1148833     19332.02
      7145.6     1.011819     2.899828  -0.04274813     19338.37
      7145.8     1.011606     2.942747   0.02594074     19343.11
        7146     1.010895     2.968185   0.05767509     19345.15
      7146.2      1.00941       2.9592  -0.01811795     19346.05
      7146.4     1.008152     2.945969  -0.03320068     19348.48
      7146.6     1.006865     2.928252  0.002986337      19348.4
      7146.8     1.005973     2.941624   0.09233261     19349.24
        7147     1.004958     2.961589    0.1511891     19351.92
      7147.2     1.004215     3.019835    0.1540278     19354.63
      7147.4     1.002711     3.049204    0.1391958     19357.37
      7147.6     1.000495     3.064846   0.05929743      19358.1
      7147.8    0.9987234     3.072945   0.04587542     19358.83
        7148    0.9967565     3.067273   0.05449325     19359.98
      7148.2    0.9945542     3.085904  0.001933509      19361.5
      7148.4    0.9928951     3.108441  -0.06184795      19365.9
      7148.6    0.9914697     3.074492   -0.1202444     19369.14
      7148.8     0.989673     3.017794  -0.07141827     19372.06
        7149    0.9878661     2.989708   0.02530497     19373.55
      7149.2    0.9857869     3.051306   0.08859369     19374.94
      7149.4    0.9835059     3.094736    0.1390743     19376.64
      7149.6     0.981225     3.088669   0.08149356     19377.32
      7149.8    0.9791271     3.100968     0.026468     19376.84
        7150    0.9776162     3.116501   0.01931236     19378.24
      7150.2    0.9761966     3.115911   0.01248881     19381.78
      7150.4    0.9745586     3.104119  -0.04915991     19383.82
      7150.6     0.972868     3.110959    -0.104513     19385.22
      7150.8    0.9713691     3.077173  -0.08211468      19386.9
        7151    0.9699651       3.0323  -0.09172347     19387.34
      7151.2    0.9684645     3.038427  -0.01625282     19386.28
      7151.4    0.9676308      3.03758   0.05361082      19387.8
      7151.6    0.9668242     3.064171   0.08103465     19388.47
      7151.8    0.9660645     3.075189     0.126356      19388.7
        7152    0.9650378     3.103255   0.06814979     19388.25
      7152.2    0.9644754     3.138665   0.05150555      19389.9
      7152.4    0.9639917     3.118691  0.008881733     19392.73
      7152.6    0.9635507     3.116393  -0.07946006      19391.9
      7152.8    0.9631029      3.11036  -0.06016032      19393.5
        7153    0.9626724     3.075097  -0.05909719     19393.44
      7153.2    0.9630177     3.070563  -0.02076803     19394.48
      7153.4    0.9633632     3.069116  0.005822216     19395.65
      7153.6    0.9635213     3.093746  0.001511933     19398.17
      7153.8    0.9642151     3.079755   0.01060137      19401.6
        7154     0.964733     3.071772   0.01160442     19401.25
      7154.2    0.9651095     3.077597  0.009263083     19400.12
      7154.4    0.9659196      3.10303 -0.009744381     19402.68
      7154.6    0.9664821     3.087165  0.002503106     19403.38
      7154.8    0.9674089     3.063977 -0.009976648     19405.62
        7155     0.968102     3.079599   0.01417332     19406.76
      7155.2    0.9690196     3.095048   0.04744063      19407.5
      7155.4    0.9702279     3.098504   0.02920592     19406.99
      7155.6    0.9714595     3.101929 0.0009974942     19406.49
      7155.8    0.9726831     3.102964 -0.009091392     19406.91
        7156    0.9739847     3.095846  -0.02614363     19406.02
      7156.2    0.9751342     3.091231  -0.02552491     19405.16
      7156.4    0.9762888     3.081014  -0.01424924     19407.02
      7156.6    0.9773275     3.082544  -0.02253208     19410.11
      7156.8    0.9782154     3.084447  -0.02566715     19412.13
        7157    0.9794396     3.073205  -0.07505143     19414.27
      7157.2    0.9803362      3.06048   -0.0773043     19415.89
      7157.4    0.9807626     3.022503  -0.05847802     19414.64
      7157.6    0.9814964     3.022603  -0.02277459     19413.22
      7157.8    0.9833162     3.026422   0.05498392     19415.17
        7158    0.9848954     3.042261   0.05582225     19416.36
      7158.2    0.9860514      3.06649   0.02133919     19417.12
      7158.4     0.986685     3.067261   0.03552331     19419.15
      7158.6     0.987115     3.043494   0.01582957     19418.82
      7158.8    0.9875756     3.070679    0.0201311     19420.25
        7159    0.9878308     3.079154   0.04154965     19422.38
      7159.2    0.9878289     3.083366 0.0005734068     19421.09
      7159.4    0.9883392     3.076734  -0.03180986     19420.47
      7159.6    0.9887611     3.071138  -0.01885108     19418.83
      7159.8    0.9894442     3.053706  0.001778025     19420.69
        7160     0.989904     3.068285  -0.04463689     19421.27
      7160.2    0.9901924     3.078156  -0.02882309      19423.5
      7160.4     0.990781     3.035429  -0.04016078     19425.19
      7160.6     0.991643     3.030647  -0.04775553     19426.04
      7160.8    0.9919343     3.036157 -0.009372271      19426.6
        7161    0.9919818     3.039952   -0.0277675     19427.14
      7161.2    0.9914469     3.027931  -0.02725408      19428.8
      7161.4    0.9911372     3.008433  -0.02999288      19429.1
      7161.6    0.9911617     3.014353  -0.02817742     19428.77
      7161.8    0.9912202     3.015957   0.04540382     19430.57
        7162    0.9910065     3.005389   0.06774531     19431.42
      7162.2     0.990508     3.044756   0.03672101     19430.22
      7162.4    0.9901978      3.06855   0.05540451     19429.64
      7162.6    0.9896652     3.045334    0.0068922     19429.74
      7162.8    0.9891323     3.049713 -0.009730953     19430.76
        7163    0.9890809      3.05027   0.03064259     19431.72
      7163.2    0.9885998     3.060765  -0.01188743     19429.75
      7163.4    0.9881026     3.069848 -0.006867531     19429.89
      7163.6    0.9881875     3.040203  -0.00695407     19432.71
      7163.8    0.9878301     3.044776  -0.01637105     19430.46
        7164    0.9874583     3.055202   0.01553906     19429.48
      7164.2    0.9868343     3.056751  0.009201053     19429.55
      7164.4    0.9861803     3.052634  -0.04648137     19431.08
      7164.6    0.9854458     3.052137  -0.08969761     19431.92
      7164.8    0.9846774     3.018016  -0.07014688     19433.46
        7165    0.9847581     2.984993   -0.1031151     19435.92
      7165.2    0.9850259     2.996516  -0.06229196     19438.53
      7165.4    0.9847318     2.969645  -0.03952453     19439.08
      7165.6    0.9842724     2.968183  -0.02365072     19438.06
      7165.8    0.9841133     2.953374  0.002778889     19438.42
        7166    0.9840276     2.977596   0.03000643     19438.46
      7166.2    0.9837381     2.971868   0.05680504     19438.48
      7166.4    0.9831156     2.992188   0.01147055     19438.66
      7166.6    0.9827974     2.998818    0.0476041     19438.35
      7166.8    0.9827396     2.986772   0.04817918     19440.16
        7167    0.9827761     3.009951   0.07110426     19440.62
      7167.2     0.982575     3.030731    0.0976193     19440.39
      7167.4    0.9824758     3.055701   0.06544285     19443.14
      7167.6    0.9822792     3.064868   0.04252729      19443.3
      7167.8    0.9821463     3.062305  0.008704183     19443.17
        7168    0.9822234     3.064753 0.0008895102     19445.06
      7168.2    0.9822321     3.062664   -0.0174397     19442.75
      7168.4    0.9823788     3.065579  -0.04207517     19440.77
      7168.6    0.9824804     3.048354  -0.03422429     19441.94
      7168.8    0.9827295     3.031093  -0.06258132     19441.46
        7169    0.9834946     3.035285  -0.06703437     19442.49
      7169.2    0.9840185     3.015514    -0.050917     19444.05
      7169.4    0.9840735     2.994726  -0.07670661     19444.23
      7169.6    0.9840892     2.990359  -0.07094205     19444.99
      7169.8    0.9842228      2.97392  -0.04663981     19443.53
        7170    0.9847556     2.958761  -0.06234416     19445.16
      7170.2    0.9851101     2.957414  -0.05886492     19445.91
      7170.4     0.985212     2.940484 -0.007932697     19445.95
      7170.6    0.9854545     2.926828  0.002577235     19446.75
      7170.8    0.9859483     2.952414  0.007162547     19449.37
        7171    0.9867455     2.959476   0.03387008     19451.35
      7171.2    0.9869131     2.946214   0.05207199     19452.93
      7171.4    0.9876088     2.953924   0.07672952     19453.16
      7171.6     0.987973     2.994072    0.1054262     19452.67
      7171.8     0.988629      3.02086   0.09192304     19454.17
        7172    0.9893509     3.030555   0.04773999     19454.66
      7172.2    0.9896365     3.027462 0.0003285512     19453.45
      7172.4    0.9902191     3.032264 -0.001196902     19454.86
      7172.6    0.9908853     3.021123  -0.01050981     19456.05
      7172.8    0.9914566     3.029598  -0.06604874      19455.4
        7173     0.991549     3.019054    -0.058841     19455.97
      7173.2    0.9918717     2.979425  -0.06667563     19457.47
      7173.4    0.9926116      2.97405  -0.06943844     19458.97
      7173.6    0.9929551     2.976257  -0.04603691     19460.42
      7173.8    0.9929805     2.963504  -0.06168767     19461.02
        7174    0.9933197     2.942595  -0.06613874     19462.48
      7174.2    0.9938408       2.9247  -0.05907741     19464.69
      7174.4    0.9943159     2.923346  -0.03917556     19463.13
      7174.6    0.9949868     2.916242  -0.03831637     19460.35
      7174.8    0.9950999     2.911255  -0.02577034     19460.91
        7175    0.9948102     2.894047    0.0134093     19461.13
      7175.2    0.9947917      2.90273  -0.01667056     19461.13
      7175.4    0.9954885     2.926969   0.02538298     19463.04
      7175.6    0.9956426     2.897919   0.02745001     19466.73
      7175.8    0.9957831     2.914353  0.009139911     19465.55
        7176     0.996148      2.92469   0.04431378     19466.55
      7176.2    0.9964836     2.934281   0.04026215     19470.03
      7176.4     0.996753      2.93337   0.01959705     19470.77
      7176.6    0.9973166     2.946563   0.01242176     19472.32
      7176.8    0.9971565     2.940367  -0.01038001     19471.65
        7177    0.9971956     2.944218  -0.03446571     19472.59
      7177.2    0.9971012     2.925066  -0.04093844     19471.35
      7177.4    0.9968768      2.91899  -0.08534603     19471.56
      7177.6    0.9968105     2.907617  -0.09094235     19473.15
      7177.8    0.9965932     2.875942  -0.05627108     19473.11
        7178    0.9962482     2.852312  -0.02711303     19472.68
      7178.2    0.9960255     2.873973  0.005014094     19473.71
      7178.4    0.9958499     2.885926   0.01804782     19475.03
      7178.6    0.9957403     2.879953  -0.02618455     19477.13
      7178.8    0.9956998      2.86675  -0.05786356     19478.43
        7179    0.9953344     2.853026  -0.05327438     19477.98
      7179.2    0.9949336     2.839635  -0.01021199     19477.67
      7179.4    0.9947395     2.837333 2.197629e-05     19477.98
      7179.6     0.994845      2.85858   0.03428834     19480.48
      7179.8    0.9953568     2.853043   0.05578229     19481.48
        7180     0.995349     2.867066  0.006566914     19479.63
      7180.2      0.99506     2.881959   0.03199854     19481.87
      7180.4    0.9947123     2.863834   0.01021405     19481.84
      7180.6    0.9947092     2.878642   -0.0025197     19480.34
      7180.8    0.9947449     2.875237   0.02934004      19483.6
        7181    0.9950116     2.879943 -0.002718336     19482.91
      7181.2    0.9951342     2.887306   0.02841062     19480.93
      7181.4    0.9952445     2.876467   0.02590558     19483.37
      7181.6    0.9955534     2.897966  0.005793114     19485.19
      7181.8    0.9953184     2.900668  0.002428445     19486.04
        7182    0.9948583      2.89194  -0.06486661     19487.96
      7182.2    0.9954806      2.87841  -0.05328029     19489.82
      7182.4    0.9960066     2.846073 -0.004005651     19489.89
      7182.6    0.9966704     2.858044  -0.01846741      19490.5
      7182.8    0.9966622     2.888736   0.00818676     19493.75
        7183    0.9968651     2.863636 -0.003833676     19493.15
      7183.2    0.9972141     2.852622  -0.02969587     19492.82
      7183.4     0.996954     2.854977   0.01206129     19493.47
      7183.6    0.9968842     2.864979   0.01346635     19493.97
      7183.8    0.9974384     2.873285  0.007567442     19494.95
        7184     0.997991     2.863395  0.002430105     19496.79
      7184.2    0.9984772     2.861031  0.009504115     19499.05
      7184.4    0.9988528     2.866923   0.03153396      19499.4
      7184.6    0.9992633     2.880888    0.0226011      19499.5
      7184.8    0.9997403     2.888622   0.01577428     19500.65
        7185    0.9996457     2.879112  0.008209784     19501.99
      7185.2    0.9996458     2.879543 -0.007368323     19503.51
      7185.4    0.9995619     2.887456  -0.01199327     19503.38
      7185.6    0.9994708     2.882728 -0.0004823402     19501.83
      7185.8    0.9994805     2.869517    0.0162822     19502.41
        7186     0.999782     2.879157   0.03454122     19503.82
      7186.2    0.9998644     2.900482   0.02466191     19503.23
      7186.4     1.000511      2.91036   0.01579731     19506.82
      7186.6     1.000733     2.889246  -0.01486011     19508.33
      7186.8      1.00115     2.891795 -0.009144909     19509.69
        7187     1.001407     2.888594   0.02772542     19509.45
      7187.2     1.001641     2.903045     0.039146     19508.92
      7187.4     1.002287     2.911427    0.0343422     19508.33
      7187.6     1.002428     2.923111   0.01442164     19508.33
      7187.8     1.002443     2.916068   0.02156061      19509.4
        7188     1.002366     2.914582   0.03165939     19510.93
      7188.2     1.002481     2.928675   0.05696833     19513.22
      7188.4     1.002576     2.948439    0.0591654      19514.5
      7188.6     1.003017     2.961642   0.01568238     19515.93
      7188.8     1.003523     2.961914  -0.01308148     19518.71
        7189     1.003879     2.941221  -0.01090821     19519.22
      7189.2     1.004398     2.937974  -0.02933114     19517.21
      7189.4     1.004364     2.952916 -0.002281536     19517.64
      7189.6     1.004288     2.938449   0.01499085     19518.91
      7189.8     1.004714     2.939396  -0.01037834     19518.79
        7190     1.004843     2.949966 -0.001071416     19520.49
      7190.2     1.005014     2.944613  -0.01120638     19520.65
      7190.4     1.005582     2.937592  -0.01624479     19522.13
      7190.6     1.006016     2.930431  -0.02607525     19523.87
      7190.8     1.005777     2.936971  0.006196191     19523.98
        7191     1.006116     2.923753   0.05175497     19524.71
      7191.2     1.006749     2.942549   0.03985425     19525.61
      7191.4     1.007238     2.971835    0.0592456      19524.8
      7191.6     1.007687     2.968854    0.0435599     19526.03
      7191.8     1.007933     2.971149   0.02124196     19526.83
        7192     1.007762     2.977397   0.04174782     19525.76
      7192.2     1.007362     2.988828   0.02868729     19526.87
      7192.4     1.006967     3.002252   0.03834629     19527.71
      7192.6     1.007159     2.994099   0.01626592     19528.36
      7192.8     1.008043     3.008074 -0.005090085     19528.59
        7193     1.008675     3.001841   0.03367681     19530.43
      7193.2     1.009113      2.99818   0.01474182     19532.48
      7193.4     1.009142     3.021041  -0.01394723     19533.53
      7193.6     1.008915     3.019868  -0.02887949     19535.03
      7193.8     1.009471     2.990683  -0.03903348      19537.8
        7194     1.010112     2.975077  -0.02910806     19538.06
      7194.2     1.010084     2.989814  -0.01578654     19538.14
      7194.4     1.010371     2.996581   -0.0282924     19541.42
      7194.6     1.010981     2.978054  -0.07404939     19541.43
      7194.8     1.011069     2.952443  -0.07238919     19542.19
        7195     1.010907     2.930574  -0.03773144     19543.03
      7195.2     1.010916      2.93867   0.04477209      19542.2
      7195.4     1.011332     2.947869   0.09773819     19542.85
      7195.6     1.011908      2.98826   0.04964551      19545.4
      7195.8     1.012609     3.008765   0.02154229     19546.03
        7196     1.013153     2.978386   0.02966646     19547.18
      7196.2      1.01397     2.965103   0.04559573     19548.95
      7196.4     1.014278     3.011994    0.1135743     19550.25
      7196.6     1.014687     3.045242   0.08677994     19550.43
      7196.8     1.014848     3.069246  -0.03266457     19550.49
        7197     1.015376     3.034527  -0.06180162     19552.46
      7197.2     1.015809     2.985862  -0.04989009     19552.33
      7197.4     1.015992       2.9958  -0.01435987     19551.72
      7197.6     1.016665     3.029333  0.008447345     19553.54
      7197.8     1.017217     3.023039  -0.03719966     19555.22
        7198      1.01732      2.99262  -0.08737115     19555.22
      7198.2     1.017515     2.966041  -0.08155401     19555.54
      7198.4     1.017857     2.959437  -0.05831908     19556.06
      7198.6     1.018257     2.957796  -0.02203113     19554.79
      7198.8     1.019056     2.945965  -0.02445004     19555.36
        7199     1.019725     2.948416  -0.04579774     19558.27
      7199.2     1.019846     2.939877  -0.01384451     19558.36
      7199.4     1.020234     2.921157    0.0116645     19559.08
      7199.6     1.020461     2.934889   0.03030912     19560.35
      7199.8     1.021185     2.957747   0.03762873     19559.59
        7200     1.021536     2.964124  -0.02954488     19559.74
      7200.2     1.021632      2.95126  -0.02718942     19560.49
      7200.4     1.021686     2.911253  -0.00992219     19561.41
      7200.6     1.022465     2.935996  -0.01649528     19564.14
      7200.8     1.022951     2.956186 -0.0005327929     19569.78
        7201     1.022794     2.938064  -0.01284373     19569.85
      7201.2     1.023068     2.910827  -0.02105731     19570.41
      7201.4     1.023436     2.925721  -0.06695848     19572.64
      7201.6     1.023704      2.93934  -0.06838799      19572.9
      7201.8     1.024069     2.884497  -0.07233127     19572.07
        7202     1.024229     2.856116  -0.08858157      19572.2
      7202.2     1.024464     2.867856  -0.04066167     19573.16
      7202.4     1.024719     2.868475  -0.01791003     19574.13
      7202.6     1.024427     2.851968  -0.01900784     19572.98
      7202.8     1.024527     2.841788  -0.01317614     19572.28
        7203     1.024729     2.852649  -0.01385403     19573.71
      7203.2     1.024516     2.857934  -0.01185356     19573.61
      7203.4     1.024935     2.840885 -0.006422679     19573.76
      7203.6     1.025465     2.832306  0.009525566     19575.77
      7203.8     1.025803     2.847511   0.04000235     19577.33
        7204     1.026181     2.865555   0.04313829     19580.11
      7204.2     1.026513     2.872887  0.004639998     19582.02
      7204.4     1.026445     2.866816  -0.05252446     19581.85
      7204.6     1.026954     2.851223  -0.09291857     19582.37
      7204.8     1.026811     2.823535  -0.09957731     19584.16
        7205     1.026725     2.798552  -0.05619475      19582.6
      7205.2     1.026552     2.787154 -0.005877116     19580.87
      7205.4     1.026885     2.806267   0.01030421     19581.54
      7205.6     1.027245     2.818833   0.03680003     19584.09
      7205.8     1.027458     2.806795    0.0195758     19584.59
        7206     1.027908     2.816594   0.01550498     19585.17
      7206.2     1.028407     2.821928   0.02786222     19588.42
      7206.4     1.028326     2.831237   0.01781602      19589.6
      7206.6     1.028079     2.829085   0.03366235     19588.86
      7206.8     1.027986     2.830847   0.03651885     19587.15
        7207     1.027505     2.848858   0.01670207     19587.97
      7207.2     1.027004     2.860452  0.005732006     19589.91
      7207.4     1.027225     2.842447 -7.348429e-05     19589.79
      7207.6     1.027633     2.835433  -0.03887232      19590.3
      7207.8     1.027999     2.848799  -0.03940265     19592.23
        7208     1.028408     2.829354  -0.09296007     19595.15
      7208.2     1.028355     2.810925   -0.1231918     19595.56
      7208.4     1.028417     2.761065  -0.07076764     19595.24
      7208.6     1.028446     2.750246  -0.05511319     19598.49
      7208.8     1.028371      2.77274 -0.002461194     19600.95
        7209     1.028619     2.766834   0.01270087     19601.67
      7209.2     1.028769     2.759096  -0.02242435     19601.38
      7209.4     1.028497     2.760406   0.01887164     19600.65
      7209.6     1.028114     2.754801   0.04470436     19600.27
      7209.8     1.027942     2.781931   0.07007623     19602.81
        7210     1.027839     2.794859    0.1003388      19604.5
      7210.2     1.028154     2.816467   0.06350467     19604.28
      7210.4     1.028122     2.835072   0.04308184     19604.63
      7210.6     1.027925     2.832735 -0.006142738      19604.3
      7210.8     1.027862     2.829325 -0.008308584     19604.17
        7211     1.027619     2.811553   0.04497208     19605.61
      7211.2     1.027258     2.828425   0.06369876     19606.48
      7211.4     1.027234     2.868713   0.07131291     19606.94
      7211.6     1.027083     2.880284   0.02031631     19606.07
      7211.8     1.026488     2.868604  -0.02645865     19603.91
        7212     1.025705     2.844678  -0.01351553      19604.8
      7212.2     1.024905     2.847546   0.01799706     19606.65
      7212.4     1.024587     2.869471    0.0386212     19606.91
      7212.6     1.024137     2.883001   0.04209201     19608.81
      7212.8     1.023866     2.875575   0.03925359     19610.82
        7213      1.02396     2.881219   0.06258323     19612.28
      7213.2     1.023889     2.900874    0.1238796     19615.54
      7213.4     1.023853     2.933068    0.1389015     19615.41
      7213.6     1.023757     2.974679   0.07857697     19616.69
      7213.8     1.023428     2.992341  -0.01810233     19617.79
        7214     1.022707     2.963736  -0.06406539     19617.89
      7214.2     1.022644     2.918586  -0.05612739     19616.84
      7214.4     1.022114     2.923426 -0.0004666759     19615.94
      7214.6     1.021897     2.947439   0.07115545     19618.19
      7214.8     1.021679     2.963362    0.0419043     19617.68
        7215     1.021089      2.97551  -0.02343717     19617.92
      7215.2     1.020505      2.95695   -0.0257567     19620.08
      7215.4     1.019832     2.928689  0.005032552     19619.26
      7215.6     1.019439     2.942757   0.03148619     19620.95
      7215.8     1.019298     2.979536   0.05921392     19624.41
        7216     1.018776     2.982139   0.07778707     19623.58
      7216.2     1.018096      2.97606   0.05997956      19622.5
      7216.4     1.017877     3.004987   0.06655347     19623.63
      7216.6     1.017963      3.02752   0.06900799     19625.07
      7216.8     1.017515     3.035382   0.05001049     19622.94
        7217     1.017101     3.031267   0.05054149     19623.34
      7217.2      1.01669     3.044995   0.08461612     19625.86
      7217.4     1.016682     3.067953     0.135104     19624.42
      7217.6     1.016738     3.103074   0.09371666     19626.16
      7217.8      1.01633      3.13935   0.01349003     19626.35
        7218     1.016228     3.119968  -0.04733034     19626.76
      7218.2     1.015594     3.078745  -0.06381313     19628.28
      7218.4     1.015021      3.06521  -0.05739511        19631
      7218.6     1.014397     3.088299  -0.01201123     19630.89
      7218.8     1.013626     3.074052   0.02967201     19631.72
        7219     1.013111     3.069136  -0.01558079     19632.35
      7219.2     1.013099     3.088948  -0.01782426     19631.54
      7219.4     1.013038     3.075835  0.008142456     19631.15
      7219.6     1.012886     3.059793   0.01725761     19631.03
      7219.8     1.012419      3.07565   0.05759371     19629.69
        7220     1.012057     3.102754   0.08240465      19628.8
      7220.2     1.011814      3.12191   0.06422352     19629.56
      7220.4     1.011154     3.125717    0.0314126     19630.86
      7220.6     1.010985     3.127029   0.01346389     19633.68
      7220.8     1.010112     3.127884   0.01518905     19635.46
        7221     1.009921     3.132681  0.008948473     19636.37
      7221.2     1.009879     3.137868 -0.006811068      19636.1
      7221.4     1.009868     3.134188  -0.03281186     19638.93
      7221.6     1.009705     3.122435  -0.05587963     19642.18
      7221.8       1.0095     3.106431  -0.05006144      19642.6
        7222     1.009213     3.093164 -0.009662261     19642.81
      7222.2     1.008708     3.094139   0.02868299     19645.31
      7222.4     1.008153     3.114705   0.04961864     19646.58
      7222.6     1.007303     3.129378   0.05621921     19645.51
      7222.8     1.006948     3.132859  0.001312415     19646.14
        7223     1.006904     3.139114  -0.03483879     19646.76
      7223.2     1.006854     3.115755  -0.01838029     19646.17
      7223.4     1.006787     3.101507  -0.02642766     19646.64
      7223.6     1.006523     3.118155  -0.02404403     19646.53
      7223.8     1.006212     3.117972  -0.02671323     19646.62
        7224     1.006261      3.09652  -0.06193589      19650.6
      7224.2     1.006491     3.080136   -0.0835264     19651.98
      7224.4     1.006342     3.068606  -0.05114022     19650.77
      7224.6     1.006073     3.051151  -0.01242407     19654.46
      7224.8      1.00581     3.055608  0.003688587     19654.59
        7225     1.005319     3.070197 -0.0003898958     19656.07
      7225.2     1.005043     3.071557 -0.004706438     19655.43
      7225.4     1.004659     3.050839  -0.02899566     19655.23
      7225.6     1.004116     3.051843  -0.04517389     19657.74
      7225.8      1.00373        3.047  -0.03292947     19657.61
        7226     1.003006     3.035418  -0.02705168     19658.78
      7226.2     1.002328     3.024495   -0.0355867     19659.05
      7226.4      1.00219     3.030201  -0.04420197     19658.61
      7226.6     1.001974     3.018531  -0.03244963     19656.69
      7226.8     1.001935     3.000056   -0.0405901     19655.85
        7227     1.001897     2.998536  -0.03781973     19656.81
      7227.2     1.001906     2.997729  -0.01971527     19657.22
      7227.4     1.001599     2.988275   -0.0132248     19658.82
      7227.6     1.000944     2.984284  -0.02583699     19661.43
      7227.8     1.000028     2.987956  -0.03359816      19662.6
        7228    0.9991823      2.97706  -0.03795213     19663.71
      7228.2    0.9989835     2.961397  -0.06189851     19665.45
      7228.4    0.9986392     2.953922  -0.03701037     19666.52
      7228.6    0.9985148     2.938437  -0.03531951     19666.27
      7228.8    0.9979207     2.947451  -0.03182464     19665.96
        7229    0.9971943     2.933141  -0.01752845     19665.71
      7229.2    0.9967595     2.928463  -0.02416215     19663.65
      7229.4    0.9965857     2.924414 -0.002781898     19665.33
      7229.6    0.9965212     2.928122  -0.03335914     19666.82
      7229.8    0.9964887     2.930915  -0.02303895     19667.82
        7230    0.9963562     2.901775  -0.03395928     19669.25
      7230.2    0.9958581     2.905983  -0.03912997     19669.39
      7230.4    0.9953749     2.900954 -0.002323392     19669.18
      7230.6     0.995057     2.899611   -0.0181368     19670.56
      7230.8    0.9947476     2.899917  -0.03716057     19670.01
        7231    0.9942845     2.891474  -0.06670488     19669.16
      7231.2    0.9941989     2.871226  -0.06218546     19670.87
      7231.4    0.9942675     2.846248  -0.02946641     19674.52
      7231.6    0.9939405     2.850168   -0.0268907     19675.21
      7231.8    0.9936266       2.8679  -0.02163492     19674.34
        7232    0.9933152     2.849713 0.0008310175     19676.96
      7232.2    0.9927951      2.82894  -0.01628602     19677.22
      7232.4    0.9921954     2.850833  0.002265205     19677.47
      7232.6    0.9918107     2.854872  0.006253875      19677.8
      7232.8    0.9916457     2.851525  -0.03371101     19678.33
        7233     0.991497     2.833943  -0.06335394     19681.38
      7233.2    0.9913034     2.823864  -0.06855819     19683.13
      7233.4    0.9908052     2.804188   -0.0491551     19683.88
      7233.6    0.9906021     2.796679   -0.0447671     19683.58
      7233.8    0.9902177     2.794619 -0.002152807     19684.46
        7234    0.9899402     2.788051  -0.00500632     19683.87
      7234.2    0.9894659     2.802466  -0.01343375     19685.13
      7234.4    0.9891026     2.792674  -0.01445296     19684.18
      7234.6    0.9889473     2.783872  -0.03410464     19685.68
      7234.8    0.9890516     2.776488  -0.02137182     19687.83
        7235    0.9891626     2.775183  -0.03778063     19684.82
      7235.2    0.9890461     2.775576  -0.04082912     19683.86
      7235.4    0.9888248     2.753647  -0.04166297      19684.8
      7235.6    0.9884143     2.743825  -0.03742019     19684.13
      7235.8    0.9880848     2.741852  0.002772531      19685.7
        7236    0.9880582      2.74564  0.007013334     19687.61
      7236.2    0.9880922     2.755865   0.02311912     19690.65
      7236.4    0.9880015     2.749436  0.006355107     19690.74
      7236.6     0.988024     2.760347  -0.00621975     19691.52
      7236.8    0.9879462     2.750724 -0.003214076     19692.17
        7237    0.9876672     2.750889  -0.03555137     19690.86
      7237.2    0.9877208     2.746864  -0.01832887     19690.56
      7237.4    0.9887389     2.731906 0.0004196973     19694.02
      7237.6    0.9883858     2.736061   0.02126211     19694.91
      7237.8    0.9883064     2.751225    0.0359633      19695.7
        7238    0.9884061     2.763874   0.02565012      19696.9
      7238.2    0.9882669     2.760677  -0.01496779     19697.52
      7238.4     0.988298     2.756581   -0.0522873     19698.41
      7238.6    0.9883898     2.739251  -0.02542099     19699.67
      7238.8    0.9884273     2.722044 -0.001259579     19699.06
        7239    0.9885839      2.74034  0.003908256     19698.82
      7239.2    0.9887318     2.755574   0.01250293     19701.62
      7239.4    0.9885047     2.742377  -0.01262832     19702.11
      7239.6    0.9883389     2.732047  -0.03626073     19700.86
      7239.8    0.9884073     2.730238  -0.03529224     19702.51
        7240    0.9881874     2.726565  -0.02607618     19702.77
      7240.2    0.9883021     2.714144  -0.02350313     19702.81
      7240.4    0.9884928     2.711186  0.006595004     19703.97
      7240.6    0.9885894     2.711435   0.02307471     19702.77
      7240.8    0.9889482     2.731841   0.03039899     19703.73
        7241    0.9892374     2.732603   0.01698635     19705.13
      7241.2    0.9894487     2.735505  -0.03273692      19706.4
      7241.4    0.9897348     2.725024  -0.01121165     19707.31
      7241.6     0.990077     2.705652 -0.001139361     19707.89
      7241.8    0.9899196     2.723634   0.01027233     19707.88
        7242    0.9899383     2.734593     0.039076     19707.83
      7242.2    0.9901783     2.733242   0.02682396     19707.08
      7242.4    0.9905573     2.736912   0.02434195     19707.72
      7242.6     0.990796     2.745093   0.01187773     19710.93
      7242.8    0.9906125     2.754067   0.01313247      19711.6
        7243    0.9907806     2.742744 0.0007671655     19710.14
      7243.2    0.9908972     2.747418  -0.02579836     19710.16
      7243.4    0.9910057     2.745707  -0.00774423        19710
      7243.6    0.9911663     2.733428 -0.008613433      19711.2
      7243.8    0.9913114     2.736549  0.009833951     19710.24
        7244     0.990955     2.740528   0.01737998     19711.62
      7244.2    0.9914225     2.753574   0.01641128     19714.74
      7244.4    0.9914903     2.747332   0.01502398     19714.86
      7244.6    0.9917901     2.749678   0.01984141     19714.12
      7244.8    0.9919871     2.752547   0.02587501     19716.89
        7245     0.992492     2.769447   0.03323382     19719.92
      7245.2    0.9923128     2.768032    0.0530523     19719.35
      7245.4    0.9922635     2.776265   0.02769151     19719.01
      7245.6    0.9922522     2.794989   0.03013363     19722.02
      7245.8    0.9924237       2.7916   0.02254947     19724.78
        7246    0.9926419     2.792139  -0.02477788     19725.11
      7246.2      0.99241     2.794304  -0.03041787     19725.55
      7246.4    0.9926982     2.775166  -0.01890489      19725.7
      7246.6    0.9931345     2.767266  -0.01954547     19725.35
      7246.8    0.9933831     2.777015  0.001224119     19725.95
        7247    0.9935863     2.778668    0.0138414     19724.19
      7247.2    0.9938923     2.776146   0.00527199     19724.04
      7247.4     0.994092     2.778339 0.0006657813     19723.15
      7247.6    0.9938736     2.781233  0.009736206     19723.96
      7247.8    0.9938866     2.779201 -0.001182373     19724.66
        7248    0.9938116     2.783935   0.01184289     19727.02
      7248.2    0.9941132     2.777393     0.011265     19727.32
      7248.4    0.9947935     2.790707   0.01065888     19731.36
      7248.6    0.9949057     2.788213  0.004153832     19733.61
      7248.8    0.9951562     2.792462  -0.03125997     19732.99
        7249    0.9953662     2.780716 -0.006345583     19731.97
      7249.2    0.9955394     2.765699 0.0009073981     19732.14
      7249.4    0.9961521     2.783136   0.01062262     19735.27
      7249.6    0.9963621     2.793188    0.0199765     19737.66
      7249.8    0.9962408     2.789215  -0.01650922     19737.59
        7250    0.9966086      2.78168  -0.01178141     19737.97
        7252    0.9983146     2.784789  -0.01317391     19740.39
        7254     1.001448     2.755888 -0.005155336     19751.95
        7256     1.004347     2.762237 -0.006334628     19759.08
        7258     1.007586     2.765232  0.004076824     19764.38
        7260     1.011109     2.734112 0.0009547015     19773.19
        7262     1.013454     2.788502 -0.000369008     19781.65
        7264     1.016185     2.769874  0.006340025     19785.52
        7266     1.018864      2.76228  0.001471801     19793.81
        7268     1.020218     2.784832  0.006061433     19795.94
        7270     1.021152     2.800277  0.007979909     19805.88
        7272     1.022109     2.818366  0.001269193      19817.2
        7274     1.021933     2.826119   0.00832177      19820.2
        7276     1.022644     2.794986     0.005378     19832.78
        7278     1.021082     2.866851  0.007579629     19837.21
        7280     1.020048      2.86139  0.009723869     19840.96
        7282     1.018347     2.886756  0.002176187     19847.54
        7284      1.01702     2.872777 0.0006960407     19857.86
        7286     1.014385      2.88426  0.001730346     19862.91
        7288       1.0116     2.866958 -0.001241985     19869.48
        7290      1.01007     2.900599 -0.004242428     19874.36
        7292     1.007577     2.862841 -0.006346383     19885.98
        7294     1.006409     2.850321  -0.01368312     19886.75
        7296     1.005555     2.816187   -0.0150529     19898.66
        7298     1.003461     2.791134  -0.01821227     19903.31
        7300     1.003759     2.742418  -0.01583216     19910.68
        7302     1.002435     2.704623   -0.0115903     19912.77
        7304     1.002215      2.68953  -0.01166899     19923.86
        7306     1.002134     2.698411 -0.006453553     19928.81
        7308     1.002353     2.649066 -0.004982955     19936.35
        7310     1.001938     2.652994 -0.007078257     19940.04
        7312     1.001937     2.649666 -0.001737106      19947.5
        7314     1.001649     2.641785 -0.002324333      19956.6
        7316     1.000267     2.635169 -0.004832449     19961.03
        7318     1.000703       2.6344 -0.001965018     19965.77
        7320     1.000343     2.611006 -0.0004294935     19972.31
        7322     1.000532     2.626065 -0.002577198     19978.15
        7324     1.001014     2.631733  0.003852447     19988.67
        7326     1.000988     2.613782 0.0008336135     19991.93
        7328      1.00085     2.641826 -0.002921105     20001.78
        7330     1.001369     2.632734 -0.002358533     20007.81
        7332     1.000521     2.608364 -0.004260419      20007.9
        7334      1.00156     2.594914   -0.0031878     20016.43
        7336     1.000964     2.607743 -0.0001256081     20024.39
        7338     1.002273     2.607232 0.0001617104      20033.7
        7340     1.002236     2.607359 -0.0002425428     20037.38
        7342     1.001393     2.596208  0.001183164     20043.13
        7344     1.001868     2.605802  0.005313756     20046.77
        7346     1.003041     2.616697  0.007736506     20056.98
        7348     1.002454     2.649869   0.00696095     20059.44
        7350     1.002607       2.6581  0.006323645     20067.34
        7352     1.002902      2.66149  0.004600309     20070.67
        7354     1.003073     2.667286  0.006234978     20081.07
        7356     1.003256     2.686672  0.006060154     20087.07
        7358     1.003428     2.707979   0.01011963     20094.75
        7360     1.003194     2.709971  0.001319247      20104.2
        7362     1.002976     2.748243  0.001046567     20107.32
        7364     1.002906     2.697226 -0.0006712011     20115.58
        7366     1.002677     2.716352  -0.00352963     20119.48
        7368     1.001953     2.704601 -0.001738426     20128.49
        7370     1.002476     2.720006 -0.006213149     20130.96
        7372     1.001364     2.683318 -0.006586302     20139.99
        7374     1.000704     2.666647  -0.01478883     20144.08
        7376     1.000537     2.651911  -0.01724282     20144.89
        7378     1.000199     2.601695  -0.01758481     20155.76
        7380    0.9997975     2.545376  -0.01543843     20157.95
        7382    0.9993441     2.525968  -0.01395004     20162.34
        7384    0.9998439     2.528404 -0.005474038     20173.07
        7386    0.9998795     2.490095 -0.003159147     20176.64
        7388    0.9989579     2.501583 -0.004904643     20180.32
        7390    0.9988778     2.500695  0.001275586     20188.84
        7392    0.9986251     2.489166 0.0009703524      20195.1
        7394    0.9983917       2.5003  0.001315967        20200
        7396    0.9985701     2.509346  0.002769376     20206.35
        7398    0.9987672     2.511223  0.001354391     20216.08
        7400     0.998163     2.511321 -0.0004928698     20219.45
        7402    0.9971328     2.511135 -2.156295e-05     20219.71
        7404    0.9968119     2.505403 -0.003471961     20228.36
        7406    0.9973035      2.51105 -0.002600411      20238.8
        7408    0.9979938     2.483546 -0.001211528     20242.71
        7410    0.9973899     2.490332 -0.004542266     20245.57
        7412     0.997041     2.495711  0.001971771     20255.97
        7414     0.996951     2.474712 -0.001816278     20258.39
        7416    0.9971251      2.49932  -0.00284576     20266.76
        7418    0.9961377     2.475801  0.002020834     20274.17
        7420    0.9965296     2.472945 -0.005018277     20278.14
        7422    0.9970349     2.490879 -0.0007729955      20286.4
        7424    0.9977798     2.459174 -0.003137232     20288.86
        7426    0.9971373     2.469618 -0.005184572     20292.12
        7428    0.9967533     2.447847 -0.001752433     20300.53
        7430    0.9967671     2.449402 -0.003798458     20307.32
        7432    0.9960701     2.445154 0.0001706111     20313.16
        7434    0.9958423      2.43923  0.001158668     20318.22
        7436    0.9965172     2.449212 -0.001035891     20324.34
        7438    0.9968856     2.458672  0.003322101     20332.54
        7440     0.996846     2.436867  0.001581002     20336.59
        7442     0.996739     2.465807 0.0009172287     20339.04
        7444    0.9967771      2.46186  0.005153142     20348.38
        7446    0.9960217     2.466009 0.0001642316     20355.01
        7448    0.9966909     2.478092 0.0007733076     20359.85
        7450    0.9960056     2.467121  0.001166557     20367.43
        7452    0.9963145     2.468046  0.001761293     20366.02
        7454    0.9960618     2.475342 1.394891e-05     20376.11
        7456    0.9959761     2.492183 -0.0004103818     20378.78
        7458    0.9962739     2.467232 -0.002481744     20390.73
        7460    0.9955913     2.464763 -0.005220323     20389.76
        7462    0.9958279     2.455488 -0.003210633      20396.7
        7464    0.9963209      2.45042 -0.002491769     20407.22
        7466    0.9962692     2.441547 -0.003240396     20411.32
        7468    0.9959737     2.444829 -0.001354866     20416.46
        7470    0.9959666     2.429565 -0.003823226     20419.41
        7472    0.9956829     2.439581 -0.007111875     20425.43
        7474    0.9954383     2.410961  -0.00244707     20431.08
        7476       0.9962     2.387934 -0.007458695     20439.08
        7478    0.9951656     2.409988 -0.002318059      20442.7
        7480    0.9951332     2.379911 -0.001592917     20450.36
        7482    0.9956061     2.392417 -0.007369609     20453.28
        7484    0.9952503     2.375191 -0.003914916     20458.75
        7486    0.9949327     2.351031 -0.005432594     20465.15
        7488    0.9946406     2.348592 -0.005664837     20465.51
        7490    0.9948806     2.348956 -0.002710064     20471.54
        7492    0.9955165     2.329872 -0.003338908     20477.85
        7494     0.994816     2.329351 -0.003834439     20487.03
        7496    0.9950521     2.321881 -0.002188921     20492.71
        7498    0.9945313      2.31828 -0.0001553533     20495.84
        7500    0.9948225     2.312361 -0.0008149291     20498.84
        7502    0.9946438     2.328108 -7.815936e-05     20501.24
        7504    0.9946352     2.315361  0.001464789     20508.87
        7506    0.9945186     2.317655 -0.001301383     20513.22
        7508    0.9947638     2.324079 0.0002088243     20517.24
        7510    0.9949034     2.317697 -0.001101868     20522.09
        7512    0.9946425     2.317032 -0.002636519     20525.11
        7514     0.994358      2.30884 -0.001302077      20530.4
        7516    0.9946045     2.302987 -0.001583643      20534.5
        7518     0.994406      2.30728 -0.002862965     20512.94
        7520    0.9948545     2.304363 -0.001740688     20508.11
        7522     0.994329     2.285937 -0.001888832     20500.82
        7524    0.9946076     2.289061 -0.0006048418     20475.16
        7526    0.9965182      2.29217 0.0006059097     20007.95
        7528    0.9936555     2.299524  0.001222225     20381.18
        7530     0.995046     2.290784 -0.0001903475     20057.54
        7532    0.9940819     2.298839 -0.0009579782     20448.16
        7534     0.994941     2.290647 -0.0006775045     20559.29
        7536    0.9950666      2.29186 -0.002414752     20557.33
        7538    0.9953677     2.285364 -0.002720756     20560.47
        7540    0.9949682     2.279521 -0.002495094     20580.66
        7542     0.994922     2.268881  -0.00239909     20595.68
        7544    0.9948022       2.2719 -0.001716826     20605.89
        7546    0.9947994     2.266171 -0.001151617     20608.87
        7548    0.9949381     2.265787 -0.0005885202     20615.12
        7550    0.9952759     2.259668 -0.001677476     20617.74
        7552    0.9954429     2.267191 -0.001353398     20626.75
        7554    0.9949258     2.252751  0.001362329     20628.62
        7556      0.99481     2.254959 -0.001302536     20634.19
        7558    0.9950632     2.270567    0.0034059     20641.98
        7560    0.9949243     2.256771 0.0008137377     20649.38
        7562    0.9947749     2.279998 -0.003289008     20647.16
        7564    0.9952471     2.261469 -0.001047929     20658.59
        7566    0.9945784     2.244254 -0.004408034     20660.58
        7568    0.9952281     2.248388 -0.005767447     20665.57
        7570    0.9952422     2.244734 -0.002507164     20670.19
        7572     0.994292      2.21533 -0.002387029     20670.84
        7574    0.9951908     2.224197   -0.0035258     20677.57
        7576    0.9949555     2.229291 -0.0006743019     20682.53
        7578     0.994823     2.216528 -0.001748289     20688.28
        7580    0.9946084     2.209935 -0.004070064     20688.31
        7582    0.9950849     2.210211 -0.002796646      20693.3
        7584    0.9951581     2.196731 -0.002916408     20695.55
        7586    0.9946393     2.194155 -0.002820139     20700.15
        7588    0.9951553     2.186604 -0.002323262     20704.91
        7590    0.9950893      2.18765 -0.0004944398     20713.52
        7592     0.994989     2.178145 -0.0009189217     20714.37
        7594    0.9950835     2.190199  -0.00196083     20713.66
        7596    0.9954949     2.179253 0.0004094659      20719.8
        7598    0.9955188     2.171963 -0.002933203     20723.61
        7600    0.9950315     2.181421 -0.0006882857     20728.78
        7602    0.9949783     2.166733 -0.0002550384     20733.43
        7604    0.9952632     2.173746 -0.002288681     20738.34
        7606    0.9954191     2.169923 -0.001474037     20736.33
        7608    0.9952735     2.163111 -0.002913704     20740.61
        7610    0.9954573     2.154941 -0.002101222     20746.74
        7612    0.9954051     2.150437 -0.003983557     20750.49
        7614    0.9953388     2.153113 -0.001711111     20756.52
        7616    0.9955817     2.131243  -0.00227064     20758.65
        7618    0.9953592     2.141252 -0.003499766      20761.9
        7620    0.9957312     2.132272 -0.0008230809     20763.89
        7622    0.9961378     2.125115 -0.001606279     20771.76
        7624    0.9965218     2.124658 -0.0008196598     20774.82
        7626    0.9961665     2.128402 0.0004490977     20778.01
        7628    0.9960234     2.125714 -3.261202e-05     20779.48
        7630    0.9964431     2.128708 -0.001538305     20785.09
        7632    0.9963811     2.124397 -0.003200948     20790.99
        7634    0.9958675     2.116096  -0.00285792     20791.79
        7636    0.9963374     2.100107 -0.002526565        20796
        7638    0.9964362     2.105844 -0.001980048     20797.51
        7640    0.9969693     2.104185 -0.0008185521     20806.57
        7642    0.9967624     2.100255 -0.002167759     20809.13
        7644    0.9963506     2.093558 -0.002623164     20812.66
        7646    0.9957548     2.088502 -0.002487107     20819.45
        7648    0.9964533     2.083199 -0.001677363     20822.12
        7650    0.9962444     2.080358  -0.00155281     20821.89
        7652    0.9968425     2.080139 -0.001567759     20827.45
        7654    0.9958782      2.07608 -0.001469447     20827.43
        7656    0.9971547     2.070657 -0.002207136     20834.78
        7658    0.9972613     2.068603 0.0004190275     20840.94
        7660    0.9975268     2.062482 4.557265e-06     20846.41
        7662    0.9975274     2.079432 -0.001701372     20850.78
        7664    0.9981128     2.070694 -0.0008184584     20854.24
        7666    0.9975413     2.054992 -0.002144481     20858.64
        7668     0.997438     2.055935 -0.001601342     20862.03
        7670     0.997301     2.062276 0.0009356528     20866.53
        7672     0.997538     2.057883 8.375149e-05     20870.15
        7674    0.9976566     2.062477 -0.001130678     20871.57
        7676    0.9983015     2.056605 -0.001536853      20878.2
        7678    0.9984564     2.053231 -0.001138101     20882.03
        7680     0.998068     2.045588 -0.0001123172     20889.41
        7682    0.9983763     2.053372 -0.0006958169     20890.17
        7684    0.9984281     2.055706 -0.0001925057     20892.37
        7686     0.998363     2.047664 -0.002179309     20899.53
        7688     0.997797     2.044048 -0.002475898     20901.04
        7690    0.9984157     2.035938 -0.002188309     20904.85
        7692    0.9985487     2.035899 -0.003087231     20907.32
        7694    0.9985238     2.030158  -0.00184559     20913.22
        7696    0.9992826      2.01935 -0.001975498     20916.86
        7698     0.999351     2.021173 -0.002109589     20923.45
        7700    0.9981261     2.020095 -0.001643613     20922.32
        7702    0.9986339     2.013281 -0.0009275284      20928.6
        7704    0.9990688     2.006201 -0.001569971     20932.24
        7706     0.998623     2.013753 -0.002630264     20935.48
        7708    0.9985936     2.007535 -0.001296005     20936.97
        7710    0.9995223     1.992239 -0.0005721284     20945.17
        7712     0.999612     1.995833 -0.002269186     20945.86
        7714    0.9988468     2.009176 0.0004533102     20950.07
        7716    0.9994918     1.989382 -1.874717e-05     20953.69
        7718    0.9991758     1.995865  -0.00265901     20959.37
        7720    0.9988378     1.995683 -0.0004853426      20958.1
        7722    0.9984248     1.987904 -0.0008174086     20963.08
        7724    0.9987935     1.985499 -0.0006450362        20969
        7726    0.9992694     1.989326 -0.0005836637     20973.88
        7728     0.999869     1.990523 -0.0004990946      20976.9
        7730    0.9997034     1.983234 -0.001773676     20976.55
        7732    0.9999744     1.981506 -0.002131261     20984.49
        7734    0.9997644     1.975137 -0.001033762     20983.05
        7736    0.9997313     1.973473 -0.001350197     20988.37
        7738     1.000103     1.974964 -0.0009153527     20991.81
        7740    0.9998258     1.970705 -0.001679216     20995.07
        7742    0.9997583     1.967814  -0.00195697     20996.02
        7744    0.9996979     1.960039 -0.002122454      20998.7
        7746     1.000235     1.959309 -0.001935982     21006.88
        7748     1.000342     1.953725  -0.00143104     21005.57
        7750     1.000538     1.952326 -0.001438981     21014.82
        7752     1.000459     1.948591 -0.0008805635     21009.84
        7754     1.000786     1.947797 -0.001762295     21018.92
        7756     1.000713     1.946681 -0.0006155151     21019.57
        7758      1.00047     1.938228 -0.001396158     21026.18
        7760     1.001113     1.943667 -0.002512461     21025.12
        7762     1.001242     1.936627 -0.001286737     21029.58
        7764     1.001862     1.926581 -0.002640674     21036.25
        7766     1.001368     1.927934 -0.001690464     21032.27
        7768     1.001453     1.922541 -0.001051131     21037.86
        7770     1.001226     1.923104 -0.001562882      21035.4
        7772     1.001768     1.918172 -0.0008310159     21039.41
        7774     1.002213     1.915431 -0.002319993     21042.84
        7776     1.001292     1.915893 -0.001613724     21037.26
        7778     1.001717     1.904544 -0.001856427     21036.04
        7780      1.00148     1.905262 -0.001669886     21032.07
        7782     1.002047     1.900579 -0.001291478     21008.51
        7784     1.003952     1.902534 -0.001034491     20858.18
        7786     1.005606     1.894212 -0.003599914      19833.5
        7788     1.003332     1.896986 -0.002759786     20057.72
        7790    0.9992787      1.87178 -0.001703191     20444.11
        7792     1.002158     1.880456 -0.0009886411     21056.62
        7794      1.00251     1.880586 -0.0002908513     21087.37
        7796     1.002231     1.889077 -0.0002748401     21094.44
        7798     1.002159     1.869453 -0.001331214      21103.2
        7800     1.002541     1.878257 -0.001968429     21106.07
        7802     1.002911     1.869937 -0.0005346652     21108.56
        7804     1.002803      1.87333 -0.001398689     21112.03
        7806     1.002592     1.865176 -8.227631e-05     21116.28
        7808      1.00283     1.867068   -0.0011987     21119.06
        7810      1.00186     1.869279 -0.001032186     21120.32
        7812      1.00243      1.86374 -0.001268005     21119.06
        7814     1.002626     1.856918  -0.00168581     21123.12
        7816     1.002456     1.856924 -0.001493266     21127.18
        7818      1.00247     1.855792 -0.0008763195     21127.02
        7820     1.002805     1.851794  -0.00156709     21131.96
        7822     1.003179     1.849908 -0.002482692     21137.23
        7824     1.002556     1.844387 -0.001693139     21139.77
        7826     1.002551     1.835931 -0.001307685     21141.25
        7828     1.002905     1.838249 -0.001832126     21146.05
        7830     1.002915     1.839446 -0.001398885      21148.2
        7832     1.002632      1.82973 -0.002049454     21147.96
        7834     1.002698     1.824739 -0.001963863     21150.09
        7836     1.003237     1.821853 -0.0005978397     21158.25
        7838     1.003095     1.823735 -0.001461899     21160.12
        7840     1.003084     1.824947 -0.0009270292     21165.17
        7842     1.002923     1.813044 -0.001267035     21166.79
        7844     1.002922     1.814437 -0.002294696     21171.09
        7846     1.003529     1.813599 -0.0006908297     21174.19
        7848     1.003411      1.80659 -0.001432708     21180.87
        7850     1.003412     1.807518  -0.00161007     21178.41
        7852     1.003672     1.802975 -0.0009474216     21181.84
        7854     1.003321     1.800719 -0.001909061     21182.35
        7856     1.003436      1.79901 -0.001717938     21187.16
        7858     1.003085     1.792245 -0.001505172     21187.79
        7860     1.003474     1.789232 -0.001265481     21196.23
        7862     1.003829     1.788677 -0.001746106     21195.42
        7864     1.002898     1.788886 -0.001026579     21195.48
        7866     1.003883     1.778276 -0.001649854     21205.41
        7868     1.003897     1.781019 -0.002339803     21200.33
        7870     1.003498     1.775478 -0.0008992727     21203.77
        7872     1.003622     1.770168 -0.001483662     21208.83
        7874     1.004069     1.771082 -0.001441392     21217.39
        7876     1.003441      1.76915 -0.000872239     21216.55
        7878     1.004141     1.763947 -0.0008844439     21223.92
        7880      1.00417      1.76319 -0.001157678      21225.2
        7882     1.004144     1.764007 -0.001094223     21230.89
        7884     1.004509     1.759888 -0.002082497     21233.14
        7886     1.004357     1.755193 -0.002678398     21234.82
        7888     1.003561      1.74653  -0.00230368     21231.43
        7890     1.004427     1.742579 -0.001720481     21235.19
        7892     1.004626     1.741459 -0.001222095     21241.51
        7894      1.00458      1.74143 -0.001751411     21245.61
        7896     1.004231     1.736753 -0.002035659     21247.73
        7898     1.004133     1.728568 -0.001256716     21248.63
        7900     1.004435     1.725174 -0.001463143     21250.27
        7902     1.004779     1.731376 -0.0007137062     21252.27
        7904     1.004541     1.725048 -0.000891334     21257.31
        7906     1.004515     1.722858 -0.002592976     21262.17
        7908     1.004139     1.718043 -0.0009878228     21259.19
        7910     1.004699     1.710632  -0.00104637     21267.35
        7912     1.004962     1.717146 -0.000834687     21269.36
        7914     1.005486     1.714487 -0.001568386     21239.46
        7916     1.005787     1.711365 -0.001868405     20965.36
        7918     1.004592     1.698085 -0.002107482     20542.22
        7920     1.005078     1.702198 -0.002266616     20974.19
        7922     1.005213     1.697628   0.00011675     21217.16
        7924     1.005614     1.693232 -0.001135833     21250.35
        7926     1.005495     1.699019 -0.0005349736     21261.87
        7928      1.00471     1.693112 -0.0008331948     21265.91
        7930     1.005209     1.693348 -0.002053816     21272.43
        7932     1.005172     1.686567 -0.001104188      21275.3
        7934     1.005007     1.682588  -0.00143345     21278.21
        7936     1.005232     1.684278 -0.001778843      21283.7
        7938     1.005091      1.68188 -0.001337168     21283.35
        7940     1.005734     1.672336 -0.001213799     21293.18
        7942     1.005878     1.671891 -0.001787497     21293.75
        7944     1.005404     1.674568 -0.0006864072     21298.35
        7946     1.005329      1.66758 -0.001158759     21298.51
        7948     1.005344     1.666845 -0.001813636     21303.48
        7950     1.004858     1.662621 -0.001141366     21299.91
        7952     1.004921     1.660059 -0.001591616        21306
        7954     1.005312     1.658449 -0.0008319631     21310.07
        7956     1.005643     1.654112 -0.001212643     21309.45
        7958     1.005768     1.655965 -0.001287374     21313.57
        7960     1.005779     1.650358 -0.001051727     21318.34
        7962     1.005334      1.64815 -0.001528893     21316.54
        7964     1.005132     1.645698 -0.001592098     21320.95
        7966     1.005058     1.643734 -0.001331393     21324.51
        7968     1.005473     1.637621 -0.001174598     21326.99
        7970     1.005481     1.637499  -0.00169093     21329.51
        7972     1.005112     1.636301 -0.0008356959     21331.62
        7974     1.005648     1.630207 -0.001670372     21336.52
        7976     1.005547     1.630935 -0.001610264     21337.77
        7978     1.005255     1.624136 -0.0007269864      21339.6
        7980     1.005302     1.623419 -0.001769202     21342.64
        7982     1.004767     1.624391 -0.0008391606     21347.27
        7984     1.004742     1.616782 -0.001035238     21346.13
        7986     1.004866     1.617423 -0.001122619     21353.11
        7988     1.004735     1.615137 -0.001632188     21349.42
        7990     1.004667      1.61541 -0.001293952     21354.65
        7992     1.004667     1.603724 -0.001586881     21354.96
        7994     1.005068     1.607071 -0.001863653     21359.97
        7996     1.004639     1.602442 -0.001225844     21362.03
        7998      1.00507     1.600501 -0.001468067     21366.76
        8000     1.005173     1.593917 -0.0006962067     21362.42
        8002     1.004693     1.595327 -0.001683453     21366.61
        8004      1.00468     1.596873 -0.001046205     21372.62
        8006     1.004737     1.587033 -0.001295495     21370.93
        8008     1.004678     1.585548 -0.001934079     21374.49
        8010     1.004526     1.584963 -0.001193095     21373.39
        8012     1.004614       1.5814 -0.001382642     21380.29
        8014     1.004415     1.577488 -0.002007127     21380.45
        8016     1.004747     1.574487 -0.001095325     21384.79
        8018     1.004498     1.568906 -0.001318768     21383.38
        8020     1.004516     1.572637 -0.001601508     21388.29
        8022     1.004334     1.566938 -0.0007700175      21394.7
        8024     1.005221     1.561675 -0.001290988      21396.2
        8026      1.00413     1.562746 -0.001243178     21389.17
        8028     1.004618      1.56231 -0.001110447      21399.4
        8030     1.004623     1.556993 -0.001067686     21399.49
        8032     1.004668     1.552791 -0.001460161     21397.31
        8034     1.004693     1.554204 -0.002362915     21399.07
        8036     1.004016     1.550628 -0.001590933      21402.4
        8038     1.004273     1.538089 -0.001819651     21403.45
        8040     1.004076     1.540063 -0.001439902     21404.25
        8042      1.00445     1.539647  9.37158e-05     21406.23
        8044     1.004376     1.539109 -0.001336581     21410.69
        8046     1.004303     1.538839 -0.001412895     21409.03
        8048     1.004228     1.529371 -0.001976003     21411.35
        8050     1.004415     1.528344 -0.002078074     21415.99
        8052     1.004098     1.523301 -0.001877241     21417.81
        8054     1.003914     1.522215 -0.001797475     21417.83
        8056     1.003926     1.514353 -0.001109093      21422.7
        8058     1.004133     1.513964 -0.001214838     21425.87
        8060     1.003858     1.514428 -0.0002133302     21429.36
        8062     1.004209     1.512496 -0.0008206893     21430.16
        8064     1.003897     1.512646 -0.001480938     21427.86
        8066     1.003644     1.507398 -0.001157917     21429.64
        8068     1.003403     1.502581  -0.00187134     21427.92
        8070     1.003709     1.503232 -0.001778785     21434.55
        8072     1.003599     1.497676 -0.001545581     21433.89
        8074     1.003339     1.493168 -0.001561595     21431.21
        8076      1.00341     1.490216 -0.001020624     21440.84
        8078       1.0034      1.49074 -0.0004147636     21441.19
        8080     1.003578     1.489511 -0.0008101065     21440.43
        8082     1.003535      1.48985 -0.0008374045     21442.69
        8084     1.002994     1.483735 -0.001471006     21442.84
        8086     1.003154     1.484041 -0.001719472      21446.4
        8088     1.003078     1.477742 -0.001443627     21444.94
        8090     1.002684     1.476094   -0.0016667     21451.64
        8092     1.002798     1.472186 -0.000982756     21448.62
        8094     1.002423     1.470707 -0.001221605     21454.77
        8096     1.002369      1.46988 -0.0006579354     21452.21
        8098     1.002454     1.466321 -0.0008133739     21453.42
        8100     1.002207     1.466923 -0.001705933     21456.59
        8102       1.0019       1.4642 -0.0009391056     21459.96
        8104     1.001762     1.456233 -0.001436515     21458.73
        8106     1.001503     1.458809 -0.001976147     21461.37
        8108     1.001596     1.455431 -0.001295065     21463.92
        8110     1.000876     1.448391 -0.001363016     21464.05
        8112       1.0009     1.445872 -0.001127204     21463.55
        8114     1.001178     1.447904 -0.0004944989     21470.87
        8116     1.000701     1.446413  -0.00070612     21470.71
        8118     1.001049     1.444435 -0.001258243     21469.64
        8120     1.001009     1.440224 -0.001484888     21477.08
        8122     1.000331     1.437839  -0.00213724     21475.57
        8124     1.000497     1.434534 -0.001583485     21477.88
        8126     1.000369     1.427337 -0.001774843     21480.32
        8128     1.000109     1.427556 -0.001362827     21479.29
        8130    0.9999792      1.42364 -0.001051656     21479.61
        8132     1.000109     1.423631 -0.000970837     21478.66
        8134      1.00016     1.418924 -0.001118491     21481.05
        8136    0.9996992     1.419789 -0.001253795     21482.96
        8138    0.9992576     1.414692 -0.0009149968     21484.33
        8140    0.9990078     1.413601 -0.001447098     21485.19
        8142    0.9989586     1.411604  -0.00103356     21486.25
        8144    0.9988364     1.408212  -0.00170436     21486.36
        8146     0.998896     1.406423 -0.001600073     21488.67
        8148     0.999014     1.399966 -0.001212005     21486.31
        8150    0.9987852     1.398803 -0.001316117     21492.22
        8152    0.9982076     1.398516 -0.0006428835     21492.14
        8154    0.9979802     1.395894 -0.001080846     21493.84
        8156    0.9976753     1.394823 -0.001152856      21495.2
        8158    0.9976592     1.390156 -0.000839417     21493.12
        8160    0.9978031     1.389293 -0.001100412     21495.95
        8162    0.9978562     1.389179 -0.0003905551     21497.99
        8164     0.997486      1.38602 -0.001483226     21496.63
        8166    0.9971626     1.387032 -0.001168737     21500.17
        8168    0.9967649     1.377427 -0.0009743477     21502.02
        8170    0.9967896     1.379829 -0.001844689     21504.32
        8172    0.9961712     1.378225 -0.001219681     21503.32
        8174    0.9965091     1.372274 -0.001950747      21508.9
        8176    0.9963469      1.36767 -0.001587147     21502.46
        8178    0.9961829     1.364223 -0.001461427     21502.77
        8180    0.9960777     1.365528 -0.001328839     21507.26
        8182    0.9957541     1.360583  -0.00050703     21503.82
        8184    0.9956867     1.357039  -0.00119802     21507.71
        8186    0.9956077     1.360167 -0.0009103217     21511.45
        8188    0.9951822     1.355944 -0.0008204981     21511.98
        8190    0.9951838       1.3533 -0.001453235     21512.45
        8192    0.9946209     1.350475 -0.001729236     21511.44
        8194    0.9942458     1.348541 -0.001277939     21511.34
        8196    0.9943814      1.34211 -0.001279945     21515.87
        8198    0.9941633     1.343077 -0.001619964      21509.1
        8200    0.9940593     1.340236 -0.0009126642     21512.98
        8202    0.9943176     1.335581 -0.001399666      21515.1
        8204    0.9935598     1.334808 -0.0009791305     21514.27
        8206     0.993337     1.331879 -0.0009224559     21516.86
        8208    0.9933014     1.332403 -0.001431835     21516.44
        8210    0.9934565     1.328202  -0.00110996     21519.47
        8212     0.993115     1.323354 -0.001592588      21518.2
        8214    0.9931003        1.323 -0.001228489     21520.89
        8216    0.9926119     1.319662 -0.001125501     21519.06
        8218    0.9930212     1.318374 -0.001201545     21523.38
        8220    0.9926102      1.31435 -0.001349836      21524.8
        8222    0.9923338     1.313387 -0.001418238      21523.4
        8224    0.9923238     1.308863 -0.001350676     21526.81
        8226    0.9919005     1.307028 -0.001253715     21525.88
        8228    0.9915492     1.303544 -0.001228099     21520.99
        8230    0.9913786     1.303358 -0.001519986     21523.91
        8232    0.9915086     1.299039 -0.0009362793     21527.71
        8234    0.9915532     1.294868 -0.001406619     21528.77
        8236    0.9908613     1.296054 -0.0009403782     21528.84
        8238    0.9909202     1.292105 -0.0008684408     21526.64
        8240    0.9912017     1.291515 -0.001488175     21532.44
        8242    0.9910858     1.287921 -0.001021456     21530.46
        8244    0.9909346     1.284149 -0.001029392     21533.13
        8246     0.990214     1.283933 -0.001227468     21532.72
        8248    0.9897305      1.28328 -0.0009575529     21530.88
        8250    0.9895367     1.278101 -0.001673469     21528.37
