# This file has been produced by extranormal (v 1.0.1 - February 23, 2017)
# O. Roudenko - Synchrotron SOLEIL. Covered by GPL licence.
#Data from HDF File: /nfs/ruche-rock/rock-soleil/com-rock/2021/Projets/20210209_Hilde/InSitu/10Ni-10Fe_50BN/10Ni-10Fe_50BN_RWGS750_CO2pulses_H2cst_ratio1/10Ni-10Fe_50BN_RWGS750_CO2pulses_H2cst_ratio1_00688.nxs to 10Ni-10Fe_50BN_RWGS750_CO2pulses_H2cst_ratio1_00689.nxs
#Time at start=2021-02-10 14:42:38.997
#Time from start (seconds)=3438.67226221
#Sample temperature (C)=24.8
# Normalization -------------
# pivot spectrum: Pivot_Fe_10Ni-10Fe_50BN_RT_air_av2000_00001.txt
# E0=7112.0   Eshift=1.68383582432
# E0_pivot = 7112.0
# pre-edge params: from E0_pivot-140.0 to E0_pivot-20.0
# pre-edge range: [6972.0, 7092.0]
# post-edge params: from E0_pivot+100.0 to E0_pivot+1140.0
# post-edge range: [7212.0, 8250.0]
# I jump at E0_pivot = 1.24574926459
# shifted energy	normalized	reference	ref.derivative	I0
        6970  0.001550684     1.670624  0.001896479      18814.4
        6972  0.001550684     1.670624  0.001896479      18814.4
        6974  0.001808262     1.674274   0.00129142     18824.43
        6976  0.001336186     1.676052 -0.0001450716     18827.77
        6978  0.001179547     1.675177 -0.001545269      18838.7
        6980 0.0009446099     1.669464 -0.002092822      18850.2
        6982  0.001086577     1.661912 -0.002260248     18857.82
        6984 0.0008782343      1.65931 -0.001755387     18863.23
        6986  0.000989278     1.657095 -0.002046786     18869.79
        6988 0.0009077183     1.655421 -0.001805987     18880.84
        6990 0.0003918177     1.645538 -0.001072002     18886.35
        6992 0.0006004859     1.644862  -0.00137786     18893.47
        6994 0.0002262789     1.648519 -0.0005777811     18901.01
        6996 0.0001636186     1.644398 -0.001421926     18911.52
        6998 3.552275e-05     1.640915 -0.002284767     18920.44
        7000 -0.0005025793     1.633486 -0.001714102      18923.7
        7002 -0.0002336579      1.63024 -0.002204179     18936.12
        7004 -0.0002971438     1.630685 -0.001360409     18944.98
        7006 -0.0003700571     1.623282 -0.001181982     18951.57
        7008 -0.0004106843     1.622603 -0.001866452      18959.7
        7010 -0.0003083403     1.620785 -0.001279778     18969.17
        7012 -0.0005484502     1.615753 -0.001743597      18975.6
        7014 -0.0001719688     1.613044 -0.001692105     18986.93
        7016 -0.0005030056     1.608654 -0.001920307     18992.13
        7018 -0.0009816763     1.607248 -0.0007095118     18996.69
        7020 -0.0005295294     1.600391 -0.000460405     19007.01
        7022 -0.000320142     1.607368 -0.002194303     19015.07
        7024 -0.000369646     1.604971 -0.001180368     19022.85
        7026 -0.0006614181     1.589693 -0.003359846     19034.12
        7028 -0.001029823     1.590948 -0.002399026     19039.81
        7030 -0.001239149     1.580489 -0.001340786     19048.73
        7032 -0.0007883969     1.585779 -0.001372357     19057.96
        7034 -0.001056956     1.578967 -0.0005295631     19064.33
        7036 -0.0008318002     1.579969 -0.001745484     19071.38
        7038 -0.0009181518     1.576252  -0.00109283     19080.41
        7040 -0.001220561     1.571815 -0.001891353     19086.69
        7042 -0.001187183     1.570224  -0.00136231     19094.12
        7044 -0.001114948     1.564838 -0.0008540229     19105.07
        7046 -0.0006291167     1.565354 -0.001226427     19114.03
        7048 -0.001047956     1.564983 -0.001171467     19120.01
        7050 -0.0005169732     1.560413 -0.001928464     19127.53
        7052 -0.001169747     1.555467 -0.002118284     19136.61
        7054 -0.0006448545     1.549926 -0.002074834     19142.85
        7056 -0.0007097269     1.548036 -0.002324752     19152.63
        7058 -0.0007313929     1.543814  -0.00144296     19160.49
        7060 -0.0003322332     1.536869 -0.001188091     19165.97
        7062 -0.0004392263     1.538383 -0.001404842     19173.66
        7064 -0.0003279852     1.538532 -0.001702191     19184.88
        7066 -2.224624e-05     1.532576 -0.001095458     19191.45
        7068 -0.0003237847     1.523251 -0.001835102     19197.43
        7070 -0.0002944752     1.529619 -0.0001290076     19203.47
        7072 0.0004341553     1.523851 -0.0006327067     19217.64
        7074 -4.462418e-05     1.531544 -0.001599579     19224.32
        7076 0.0003100902     1.518189 -0.0009753304     19227.95
        7078 0.0007477295     1.516822 -0.002567809     19238.24
        7080 0.0006933058     1.516048 -0.001182512     19246.52
        7082 0.0007561655     1.511001 -0.001202578     19252.01
        7084  0.001646436     1.508729 -0.001457724     19263.86
        7086  0.001747791     1.507202 -0.0008746987     19267.33
        7088  0.001600742     1.504386 -0.001046261     19273.02
        7090  0.001987927     1.504003  -0.00108379     19281.59
        7092   0.00259475     1.500359 -0.0007390067     19288.76
        7094    0.0034832     1.498531 -0.001389269     19298.18
        7096  0.004110671     1.498474 -0.0008944042     19305.26
        7098   0.00510046     1.492889 -0.0009205937     19315.46
        7100  0.005852085     1.493204 -0.001225894     19322.41
      7100.2  0.005946292      1.49304  -0.00106244      19322.3
      7100.4  0.006040498     1.492876 -0.000898986     19322.19
      7100.6  0.006134704     1.492712 -0.000735532     19322.08
      7100.8   0.00622891     1.492548 -0.000572078     19321.96
        7101  0.006323116     1.492384 -0.000408624     19321.85
      7101.2  0.006417322      1.49222  -0.00024517     19321.74
      7101.4  0.006511528     1.492056 -8.171596e-05     19321.62
      7101.6  0.006605734     1.491892 8.173804e-05     19321.51
      7101.8  0.006677514     1.490962 0.0004267204      19322.5
        7102  0.006993588     1.492142  0.003903871     19324.08
      7102.2  0.007261635       1.4944  0.007663794     19325.08
      7102.4  0.007386567     1.496106  0.007212772     19326.44
      7102.6  0.007665687     1.497093   0.00546079     19328.68
      7102.8  0.007888435     1.497913  0.001544096     19330.49
        7103  0.008009344     1.498769 -0.003533148     19330.65
      7103.2  0.008312444     1.497342 -0.008013657     19329.78
      7103.4  0.008599391     1.494267 -0.008922813     19330.93
      7103.6  0.008740023     1.491502 -0.004499083     19332.61
      7103.8  0.008725595     1.491631 8.188874e-06     19335.32
        7104  0.008812039     1.493742  0.004112231      19337.1
      7104.2  0.009220073     1.494273  0.004032861     19337.53
      7104.4  0.009752379     1.494792 0.0003614407     19338.16
      7104.6  0.009963783     1.494857 -0.001091998     19337.69
      7104.8   0.01006877     1.494031 -0.002868172     19338.57
        7105   0.01010482       1.4934 -0.004020541     19340.54
      7105.2   0.01030893     1.492497 -0.0001603712     19341.79
      7105.4     0.010586     1.491641  0.003931412     19341.27
      7105.6   0.01064852     1.493903  0.004411014     19340.33
      7105.8   0.01080429     1.496545  0.004893886      19339.7
        7106   0.01103046     1.496026  0.003084198     19340.37
      7106.2   0.01128131     1.495556 0.0002758091     19342.42
      7106.4   0.01169828     1.496371  0.003148049     19343.81
      7106.6   0.01214734     1.496765  0.007135796     19344.11
      7106.8   0.01255684     1.498544  0.007001194     19344.18
        7107   0.01292377     1.501264  0.005310975     19343.94
      7107.2   0.01320716     1.501971  0.003636669     19345.57
      7107.4   0.01351273     1.501014  0.002657656     19346.32
      7107.6   0.01399047     1.501454  0.004224489     19346.76
      7107.8   0.01446762      1.50339  0.005996555     19349.51
        7108   0.01493511     1.505351  0.006913601     19351.28
      7108.2   0.01547245     1.505811  0.007108637     19351.94
      7108.4    0.0159936     1.506984  0.005629865     19352.77
      7108.6   0.01668608     1.509077  0.005914611     19352.41
      7108.8   0.01741715     1.509855  0.005686762     19350.67
        7109   0.01802711     1.510543  0.007704773      19349.5
      7109.2   0.01881663     1.511534    0.0141365     19350.42
      7109.4   0.01972318     1.515241   0.02002002     19351.53
      7109.6   0.02068767     1.521164   0.02524651      19352.3
      7109.8   0.02191851     1.526559   0.02832957      19353.9
        7110   0.02332738     1.531731   0.03109367     19352.61
      7110.2   0.02499819     1.537905   0.03663787     19350.52
      7110.4   0.02712871     1.546039   0.04776816      19350.3
      7110.6    0.0296173     1.555869   0.06236605     19349.27
      7110.8   0.03280807     1.569946   0.07893734     19350.04
        7111   0.03692255     1.587798   0.09719466     19351.18
      7111.2    0.0418592     1.609189    0.1130074     19349.88
      7111.4   0.04780817     1.633625    0.1269818     19348.46
      7111.6   0.05495002     1.660351    0.1392646      19346.8
      7111.8   0.06307989     1.689383    0.1506391     19344.61
        7112   0.07184774     1.720601    0.1563798      19342.8
      7112.2   0.08104207     1.754136    0.1549185      19340.4
      7112.4    0.0904492     1.785455    0.1492945      19340.5
      7112.6   0.09960571     1.813318    0.1367245     19341.02
      7112.8    0.1081388     1.840036    0.1255263     19339.94
        7113    0.1157564     1.863516     0.117372     19338.56
      7113.2    0.1227137     1.885876    0.1118808     19335.98
      7113.4     0.129221     1.907216    0.1063151     19333.19
      7113.6    0.1352414     1.929541   0.09505537     19331.48
      7113.8    0.1411703     1.948568    0.0852502     19329.92
        7114    0.1467724     1.961921    0.0731407     19329.05
      7114.2    0.1515609     1.975416   0.06245868     19330.08
      7114.4    0.1558354     1.988053   0.05950878     19330.25
      7114.6    0.1595853     1.998535   0.05099544     19330.23
      7114.8    0.1626996     2.009528   0.04387905     19332.85
        7115    0.1652792     2.016212   0.04344147      19335.3
      7115.2    0.1676596     2.023157   0.03966255     19336.53
      7115.4    0.1700712     2.033288   0.03753567     19337.03
      7115.6     0.172485     2.041258   0.03582691     19337.29
      7115.8    0.1750178     2.046241     0.031354     19336.83
        7116    0.1778387     2.051818   0.03029828     19336.04
      7116.2    0.1815304     2.058371   0.03634469     19335.86
      7116.4    0.1864485     2.065496   0.03378772     19337.08
      7116.6    0.1919963     2.075316   0.02695909     19338.01
      7116.8    0.1983786     2.078848   0.02799213     19339.55
        7117    0.2059256     2.079939   0.03482015      19342.2
      7117.2    0.2142268      2.08789   0.04577296     19343.17
      7117.4    0.2233359     2.103172   0.05599685     19342.97
      7117.6    0.2334495     2.115467   0.06019765     19342.99
      7117.8    0.2447208     2.124736   0.05955347     19342.94
        7118    0.2573184     2.136048    0.0669266     19342.74
      7118.2    0.2713514     2.150815   0.07933302     19343.22
      7118.4     0.287085     2.169008   0.09190368     19344.31
      7118.6    0.3044236     2.188203   0.09730705      19343.9
      7118.8    0.3230531     2.209571   0.09872649     19343.13
        7119    0.3431278     2.228661    0.1051891     19342.93
      7119.2     0.364942     2.247989    0.1091014     19342.48
      7119.4    0.3881081     2.272354    0.1111886     19342.16
      7119.6    0.4117731     2.296852    0.1160411     19340.22
      7119.8    0.4356626     2.317612    0.1281638      19338.8
        7120     0.460042     2.340822    0.1466745     19338.69
      7120.2    0.4845381     2.374885    0.1593037     19338.53
      7120.4    0.5077637     2.414192    0.1608168     19339.67
      7120.6    0.5291766     2.445055    0.1561872     19339.49
      7120.8    0.5490178     2.469475    0.1338529      19338.7
        7121    0.5671351     2.499835    0.1193051     19337.43
      7121.2    0.5838106     2.521274    0.1364516     19335.72
      7121.4    0.5995111     2.540499    0.1525948     19333.92
      7121.6    0.6143572     2.578637    0.1666996     19333.26
      7121.8    0.6289213     2.621911    0.1564052     19334.84
        7122    0.6437353     2.654634    0.1088498     19336.54
      7122.2    0.6588048     2.665623   0.03668538     19335.33
      7122.4    0.6740245     2.665717  -0.01062685     19335.86
      7122.6    0.6893524     2.651259   0.01638043     19336.17
      7122.8    0.7058314     2.646132   0.05352152     19335.04
        7123    0.7236524     2.678727    0.1017836     19334.82
      7123.2    0.7417449     2.708534    0.1450439     19337.03
      7123.4    0.7593716     2.732686    0.1087615     19339.31
      7123.6    0.7769716     2.762168    0.0667335     19339.36
      7123.8    0.7949456     2.765737   0.03333619     19338.77
        7124    0.8130356     2.761921 -0.008628562     19335.78
      7124.2    0.8307178     2.759355  0.002962484     19331.41
      7124.4    0.8480437     2.755265   0.04119073     19331.57
      7124.6    0.8646405     2.768107   0.08985755     19330.61
      7124.8    0.8811495     2.794873     0.115488     19329.53
        7125    0.8970951     2.831241   0.07243745      19330.9
      7125.2    0.9117122     2.847655   0.05770373     19332.62
      7125.4    0.9246519     2.826056    0.0609723     19331.69
      7125.6    0.9367074     2.841036    0.0673806     19329.51
      7125.8    0.9489784     2.880019    0.1113721     19327.08
        7126    0.9614284      2.90156   0.06392761     19325.32
      7126.2    0.9735589     2.915154  -0.05191209     19326.01
      7126.4    0.9853907     2.892178   -0.1049865     19326.37
      7126.6    0.9969901     2.838489   -0.0841098     19324.96
      7126.8     1.008452      2.81757  -0.04481712     19323.95
        7127     1.020169     2.847866  -0.02777783     19323.05
      7127.2     1.032768     2.856325  -0.01852021     19320.96
      7127.4     1.046356     2.816267  -0.01163535     19321.58
      7127.6     1.060317     2.802754   0.04081151     19323.89
      7127.8     1.074745     2.838558    0.1559885     19323.47
        7128     1.089309     2.888974    0.2631842     19322.28
      7128.2     1.103649     2.941057    0.2253454     19321.89
      7128.4     1.118304     3.013302  0.007584451     19322.54
      7128.6     1.132584     3.018834  -0.09628009     19321.81
      7128.8     1.145899     2.895041  -0.09952909     19319.49
        7129     1.158663     2.864033  -0.06585086     19317.54
      7129.2     1.170427     2.933678    0.1040353      19317.6
      7129.4     1.180613     2.966154     0.140016     19318.33
      7129.6     1.189524      2.97827   0.01760445     19317.24
      7129.8     1.197007     2.976046  -0.02316998      19316.6
        7130     1.203077     2.947762  -0.01813558     19316.26
      7130.2     1.207902     2.947618   0.03900896     19316.05
      7130.4      1.21095     2.963761    0.1238885     19315.31
      7130.6     1.212641     3.007253    0.1486807     19314.89
      7130.8     1.213845     3.046873    0.1153014     19314.43
        7131     1.215046     3.066562   0.03775666     19313.45
      7131.2     1.215962     3.056002  -0.01366897     19311.92
      7131.4     1.216461     3.037459 -0.005341754     19310.41
      7131.6     1.216587     3.035938   0.01823362     19308.59
      7131.8     1.216323     3.062289   0.03073381     19307.16
        7132     1.216067     3.070589   0.06164732     19308.26
      7132.2     1.215479     3.062046   0.04928603     19309.08
      7132.4     1.214728     3.085255   0.05272137      19308.7
      7132.6     1.213292     3.101718   0.04044994     19307.17
      7132.8     1.210916     3.112766  -0.03296553     19305.63
        7133     1.207287     3.094406  -0.08378144     19304.48
      7133.2     1.203235     3.058883   -0.1481008     19303.15
      7133.4     1.199326     3.034692    -0.163583     19304.13
      7133.6     1.194812     2.994286   -0.1335582     19304.65
      7133.8     1.189631     2.963539   -0.1123412     19304.43
        7134     1.183769     2.952036  -0.07664026     19305.65
      7134.2     1.176756      2.94482  -0.04977646     19306.59
      7134.4     1.169283     2.932973  -0.05375581     19308.63
      7134.6     1.162015     2.923718  -0.06522051     19310.92
      7134.8     1.154773     2.909032  -0.05672199      19311.9
        7135      1.14745     2.892643  -0.02569397     19313.94
      7135.2     1.140495     2.887596 -0.006008811     19316.21
      7135.4     1.133833     2.903163  -0.02091425     19317.19
      7135.6     1.126677     2.904225  -0.01718443     19317.12
      7135.8     1.119721     2.875912  -0.04033639     19316.38
        7136     1.113726     2.873848  -0.04652105     19316.42
      7136.2     1.107972     2.870894  0.002284213      19317.5
      7136.4     1.102262     2.867008   0.03689687     19318.48
      7136.6     1.096717     2.877739   0.06885064      19318.1
      7136.8     1.091227     2.903366   0.03929401      19313.6
        7137     1.086389     2.925974  0.007114698     19302.35
      7137.2     1.081994     2.898443  -0.02663121     19284.33
      7137.4     1.078062     2.883431  -0.06129264     19258.48
      7137.6     1.074467     2.882061  -0.02465272     19223.41
      7137.8     1.070849      2.87694 -0.0008243858     19184.67
        7138     1.067107     2.878721 -0.001564513     19146.78
      7138.2     1.063453     2.882771   0.02191893     19115.68
      7138.4     1.060155     2.880809   0.05025704     19093.51
      7138.6     1.056674     2.894475   0.05780313     19084.18
      7138.8     1.053786     2.918926   0.05687318     19091.93
        7139     1.051621     2.929014   0.05280045     19107.51
      7139.2     1.049397     2.926308   0.03675746     19131.33
      7139.4     1.047354     2.936716   0.02697033     19161.31
      7139.6      1.04561     2.948332   0.06591795      19190.4
      7139.8     1.044504      2.95059    0.1040462     19217.65
        7140     1.043447     2.979042     0.115892     19243.68
      7140.2     1.042557     3.019953     0.110862     19267.64
      7140.4     1.042298     3.041046   0.03202327     19286.97
      7140.6     1.041405      3.03928  -0.06978276     19299.07
      7140.8     1.040693     3.004661  -0.09940102     19306.61
        7141     1.040367     2.964126  -0.09038641     19310.52
      7141.2     1.039451     2.961525  -0.08606472     19310.49
      7141.4      1.03859     2.966971  -0.02598336     19305.16
      7141.6     1.037989     2.935809   0.02869272     19292.66
      7141.8     1.037589      2.94334   0.02127746        19274
        7142     1.037009     2.984479   0.05184525     19247.76
      7142.2     1.036174     2.983993   0.02554492     19214.35
      7142.4     1.035285     2.977285  -0.04842871     19177.34
      7142.6     1.034129     2.963776  -0.02912393     19138.21
      7142.8     1.033193     2.945736  0.004311487     19104.85
        7143     1.032358     2.960693   0.04372162     19085.55
      7143.2     1.031209     2.980734   0.09448785      19080.4
      7143.4     1.030255     2.998753   0.08988015     19091.47
      7143.6     1.029332     3.021327   0.05988438     19116.79
      7143.8     1.028324     3.032598   0.02595022      19151.5
        7144     1.027674     3.028642  0.007361438     19193.69
      7144.2       1.0269     3.019513  0.000500818     19233.35
      7144.4     1.025891     3.027216  -0.01753876     19265.43
      7144.6     1.024456     3.032998  -0.02146076     19291.66
      7144.8     1.023304     3.014611   -0.0112275     19308.83
        7145      1.02225     3.002345  -0.02184627     19319.18
      7145.2     1.021047     3.018234 -0.007424306     19325.36
      7145.4     1.019903     3.015521 -0.006295196      19331.8
      7145.6     1.018637     3.008671  -0.07428342     19337.94
      7145.8     1.017562     2.997308  -0.09523365     19340.82
        7146     1.015993     2.958807  -0.07472153     19342.38
      7146.2     1.014019     2.939334  -0.04237947     19345.55
      7146.4     1.011861     2.948894   0.03424457     19348.98
      7146.6     1.009826     2.963405   0.06094065      19350.8
      7146.8     1.007718     2.986203  0.007580107     19352.47
        7147     1.005489     2.988087  0.004562074     19355.11
      7147.2     1.003063     2.954958  0.006201262     19358.25
      7147.4    0.9998692     2.967055 -0.007958944     19359.16
      7147.6    0.9966581     2.991164   0.02891612     19359.69
      7147.8    0.9935406      2.98172   0.03949542     19361.19
        7148    0.9902327     2.978091   0.04014231     19361.44
      7148.2    0.9871724     2.998651   0.07462236     19362.31
      7148.4    0.9840572     3.023278    0.1087019     19364.09
      7148.6    0.9808442     3.041417    0.1046398     19365.93
      7148.8    0.9780734     3.065053   0.06029488     19369.32
        7149    0.9754551     3.082363   0.02389154     19372.36
      7149.2     0.972464     3.071514   0.01122081     19373.88
      7149.4    0.9691687     3.060531  0.003006681     19375.25
      7149.6    0.9657517     3.074029  0.003380296     19376.03
      7149.8    0.9625617     3.084768  -0.01240159     19376.49
        7150    0.9598061     3.074218  -0.04981943      19378.1
      7150.2    0.9572436     3.050609  -0.05915907     19380.82
      7150.4     0.954748     3.034174  -0.03308361     19383.51
      7150.6    0.9522701     3.037441  0.002616413     19385.01
      7150.8    0.9501547     3.047751   0.02721245     19385.64
        7151    0.9481817     3.052703   0.01912424     19387.55
      7151.2    0.9457395     3.055944   0.02398094     19388.44
      7151.4    0.9430469      3.05274   0.02472657     19388.21
      7151.6    0.9409299     3.066936   0.02646841     19387.76
      7151.8    0.9392448     3.072484   0.05201933      19386.4
        7152    0.9377883     3.077118   0.02095047     19386.22
      7152.2    0.9366283     3.094356  -0.02298752     19388.34
      7152.4    0.9354517     3.083696  -0.01306411     19389.97
      7152.6    0.9344625     3.054094  -0.02641587     19391.66
      7152.8     0.933329     3.066667  -0.01283715     19394.27
        7153    0.9318853     3.073223   0.04640247     19394.69
      7153.2    0.9312744     3.073426   0.05345134     19394.63
      7153.4    0.9313887     3.091216 -0.003748319     19396.05
      7153.6    0.9316882     3.109428  -0.04056518     19396.22
      7153.8    0.9319548     3.070224  -0.04628101     19395.45
        7154    0.9322823     3.040974  -0.04581266     19395.72
      7154.2    0.9325035     3.054191   0.02078529     19396.39
      7154.4    0.9327781     3.072778   0.06975366     19398.31
      7154.6    0.9333367     3.086853   0.03577743     19401.48
      7154.8    0.9341129     3.096777 -0.002093413     19405.54
        7155    0.9349806     3.082813   0.02081114     19408.46
      7155.2    0.9360712     3.071103   0.04322878      19409.1
      7155.4     0.937318     3.103501    0.0497111     19408.75
      7155.6    0.9382703      3.13136   0.04609198     19407.47
      7155.8    0.9389869     3.122582  -0.02678909     19406.01
        7156    0.9396532     3.107977  -0.07757741      19406.5
      7156.2    0.9405324      3.08207  -0.04713565     19408.57
      7156.4    0.9416847     3.069298  -0.05375328      19410.2
      7156.6    0.9426395     3.084873  -0.03804101     19411.56
      7156.8    0.9436469     3.064974 -0.008447767     19413.26
        7157    0.9450216     3.051637  -0.02251328     19414.52
      7157.2    0.9463487      3.06254  -0.01458467     19413.66
      7157.4    0.9473198     3.066863  0.005645484     19412.81
      7157.6    0.9482502     3.053307 -0.004953503     19412.48
      7157.8    0.9491912     3.056154  -0.01398365     19412.24
        7158    0.9502877     3.058577   0.02770387     19414.74
      7158.2    0.9512788     3.055676   0.01510748     19418.25
      7158.4    0.9523864      3.07547  0.002274445     19419.37
      7158.6    0.9536303      3.06824   0.02850486     19419.99
      7158.8    0.9547317     3.060397   -0.0143862     19421.13
        7159    0.9558121      3.07848  -0.03485237     19422.42
      7159.2    0.9566657     3.063961  -0.03261659        19422
      7159.4    0.9575461     3.040358  -0.02788622     19422.22
      7159.6    0.9585003     3.034303 -0.004734632     19422.88
      7159.8    0.9593462     3.056171 -0.005810436     19421.95
        7160     0.960477     3.060173   0.01187525     19421.32
      7160.2    0.9617572     3.035709  -0.01139406     19421.28
      7160.4    0.9627269     3.043804  -0.03992043     19421.87
      7160.6    0.9634309     3.047055 0.0009824864     19423.38
      7160.8    0.9636384     3.028237   0.01151219      19425.2
        7161    0.9637915     3.036495 -0.0002229385      19426.6
      7161.2    0.9645583     3.053013   0.03268069     19426.05
      7161.4     0.965508     3.046877   0.02380309      19425.6
      7161.6    0.9663036     3.054381  -0.02363417      19427.8
      7161.8    0.9669983     3.055538  -0.01700547     19430.91
        7162    0.9675184     3.034106  -0.04116106     19432.64
      7162.2    0.9678973     3.033273  -0.06482423     19433.91
      7162.4     0.968026     3.021452   -0.0223387     19434.74
      7162.6    0.9680239     3.003679 -0.001840281     19434.55
      7162.8    0.9685237     3.016235   0.01791122     19435.34
        7163    0.9693427       3.0318   0.01884029     19434.77
      7163.2    0.9701465     3.035781  0.006747067     19434.74
      7163.4    0.9711798     3.018751 -0.008312699     19435.49
      7163.6    0.9718502     3.021633   -0.0380553     19434.93
      7163.8    0.9722911      3.02515  -0.03566839     19434.55
        7164    0.9726279     3.005337  -0.05036338     19436.49
      7164.2    0.9726309     2.990216   -0.0522925     19438.83
      7164.4    0.9724934     2.981342   0.02080627      19438.8
      7164.6    0.9728875     2.983316   0.06675307     19439.65
      7164.8    0.9731811     3.021982   0.07950833     19439.07
        7165    0.9734778     3.043619   0.06789447     19438.58
      7165.2    0.9741381     3.044949  -0.02385186     19439.95
      7165.4    0.9750373     3.037632  -0.05851342     19441.28
      7165.6    0.9761376     3.002901  -0.02894644     19440.55
      7165.8    0.9767836     2.996808 -0.002989919     19440.79
        7166    0.9771586     3.021792   0.05029949     19442.62
      7166.2    0.9780063      3.03524   0.05317244     19442.72
      7166.4    0.9790314      3.04314  0.007703443     19443.81
      7166.6    0.9799393     3.039346  -0.01884006     19446.25
      7166.8    0.9806665     3.027954  -0.04287262     19446.27
        7167    0.9814091     3.020168  -0.06557341     19445.23
      7167.2    0.9820862     3.008842   -0.0544759     19444.68
      7167.4    0.9826401     2.986887  -0.03489015     19443.98
      7167.6    0.9831658     2.984374  -0.05620976     19443.55
      7167.8    0.9836435     2.992256  -0.05362335     19444.35
        7168    0.9843362     2.963874   -0.0333544     19445.05
      7168.2    0.9853969     2.943988  -0.02605256     19443.53
      7168.4    0.9865633      2.95769   0.01951602     19442.47
      7168.6    0.9872449     2.971414   0.04092535     19442.86
      7168.8    0.9877044     2.979487   0.01159324     19442.78
        7169    0.9881418     2.976729  0.001944261     19443.08
      7169.2    0.9888385     2.966965 -0.009489778     19444.98
      7169.4    0.9897991     2.972969  -0.02136865     19446.94
      7169.6    0.9908601     2.971895   0.01724559     19448.42
      7169.8    0.9915191     2.959634    0.0230499      19447.8
        7170    0.9920545     2.980761   0.04784542     19447.23
      7170.2    0.9926643     2.991409   0.06801151     19447.84
      7170.4    0.9931699     3.010172   0.01305585     19448.69
      7170.6    0.9939745     3.014043  0.007475913     19450.07
      7170.8    0.9948615     2.991206  -0.01297887     19450.79
        7171    0.9960309      2.99739 -0.005189396     19451.68
      7171.2    0.9970855     2.999789   0.03384805      19453.4
      7171.4     0.997965     3.009891   0.01467085      19454.7
      7171.6    0.9991955     3.018284 -0.009020335     19457.21
      7171.8     1.000443     3.009126  -0.04303804     19459.92
        7172     1.001158     2.992572  -0.07381828     19458.99
      7172.2     1.001729     2.975461  -0.06562047     19457.73
      7172.4     1.002088      2.95923  -0.03597999     19457.92
      7172.6     1.002291      2.95663  -0.01266888     19458.75
      7172.8     1.002487     2.963788   0.01306739      19459.9
        7173     1.002536     2.965326   0.00396395     19459.89
      7173.2     1.002846     2.969684  -0.03155794     19459.87
      7173.4      1.00326     2.959801  -0.03554541     19460.21
      7173.6      1.00355     2.938542  -0.02040858     19460.86
      7173.8     1.004029      2.93689   0.01986791     19461.24
        7174     1.004711     2.953357   0.05321306      19461.2
      7174.2     1.005431     2.975696   0.04739131     19463.03
      7174.4     1.005958     2.981112 0.0006432199     19462.91
      7174.6     1.006538     2.974803  -0.03536796     19463.47
      7174.8     1.007149     2.953871  -0.04132059        19466
        7175     1.007726     2.947401  -0.02849383      19467.8
      7175.2     1.008168     2.948056  -0.01920328     19468.73
      7175.4      1.00837     2.952008  -0.04049709     19469.11
      7175.6     1.008438     2.938509  -0.04995968     19470.25
      7175.8     1.008298     2.915004  -0.08470243     19471.23
        7176     1.008168     2.908088  -0.05563548     19471.85
      7176.2     1.008228     2.884246 -0.004978334     19472.83
      7176.4     1.008778        2.894 -0.007256971     19473.39
      7176.6     1.009213     2.911021   0.01269959     19472.99
      7176.8     1.009478     2.902283 -0.007823491     19473.32
        7177     1.009851     2.894405  -0.04147769     19474.36
      7177.2     1.009749     2.887742  -0.02655276     19473.86
      7177.4     1.009193     2.877839 -0.005470193     19473.01
      7177.6     1.008652      2.88104 -0.002958807     19472.86
      7177.8     1.008193     2.890029  0.008532374     19473.72
        7178     1.008132     2.885374  0.005175047     19475.27
      7178.2     1.008217     2.884665  -0.01257195     19476.91
      7178.4     1.008271      2.88518 -0.002928038     19478.68
      7178.6     1.008457     2.879972 -0.007895314     19479.37
      7178.8     1.008488     2.883032  -0.02131835     19479.52
        7179     1.008573     2.878348 -0.007757291     19480.77
      7179.2     1.008571     2.868126 -0.008051184     19482.84
      7179.4     1.008529     2.873766   -0.0145657     19484.49
      7179.6     1.008869     2.876591 -0.001719632     19485.05
      7179.8     1.009092     2.866696  -0.02317529     19485.05
        7180     1.009039      2.86675  -0.05134939     19484.42
      7180.2       1.0089     2.855225  -0.02373284      19483.3
      7180.4     1.008911     2.835512  -0.01667648     19483.75
      7180.6     1.008979      2.84771  0.002921262     19484.17
      7180.8     1.009267     2.853409   0.03062479     19485.01
        7181     1.009413     2.857562  0.009488938     19484.89
      7181.2     1.009201     2.860011   0.01363452     19484.57
      7181.4     1.009201     2.855301   0.01438972     19486.72
      7181.6     1.009358     2.864316   0.00284501     19488.05
      7181.8     1.009789     2.869074   0.01681483     19489.99
        7182     1.010103     2.862287   0.01813358     19491.61
      7182.2     1.010219     2.868753  0.007037437     19492.45
      7182.4     1.010056     2.878823   -0.0075643     19492.21
      7182.6     1.009912     2.874704  -0.03606649     19491.63
      7182.8     1.010081     2.856236  -0.03056843      19492.2
        7183     1.010188     2.839899 6.951573e-05     19491.75
      7183.2     1.010586     2.854369  0.007746337     19493.11
      7183.4     1.011225      2.87476 -0.003140096     19494.83
      7183.6     1.011599     2.862433  -0.02633087     19494.32
      7183.8      1.01166     2.837387   -0.0287431     19495.78
        7184     1.011409     2.833304 -0.005255923     19496.82
      7184.2     1.011358     2.851765   0.01279314     19496.66
      7184.4     1.011443     2.858228  0.004260039      19498.4
      7184.6     1.011376     2.847622  -0.04324712     19499.99
      7184.8     1.011859     2.836712  -0.07419529     19501.32
        7185     1.012654     2.817168  -0.08244254     19504.77
      7185.2      1.01313     2.798872  -0.08338046     19507.39
      7185.4     1.013466     2.781668  -0.04697466     19506.86
      7185.6     1.013585     2.770008   0.01787742     19507.05
      7185.8     1.013835     2.779588   0.08415335     19506.16
        7186      1.01387     2.813174    0.1201369     19506.51
      7186.2     1.013811      2.84899    0.0841762     19507.61
      7186.4     1.013816     2.866117   0.04699367     19508.95
      7186.6     1.013686     2.846929   0.03777313     19511.44
      7186.8     1.013638     2.850769   0.05266783     19513.32
        7187     1.013887     2.879209    0.1057954     19514.18
      7187.2     1.013832     2.908251   0.06973887     19514.18
      7187.4     1.013726     2.931565   0.01702161     19514.46
      7187.6     1.013803      2.90656   0.03679588     19515.06
      7187.8     1.014203     2.892826   0.04000955     19516.06
        7188     1.014621     2.937688   0.04453359     19517.52
      7188.2     1.014699     2.963573   0.04581819     19518.42
      7188.4     1.014531     2.942187 3.734696e-05     19518.47
      7188.6     1.014457     2.929481  -0.02526306     19519.13
      7188.8     1.014711     2.937718   0.01408009     19520.45
        7189     1.014525     2.943362   0.01987084     19520.89
      7189.2     1.014089     2.953451   -0.0268766     19521.09
      7189.4     1.013934     2.945377  -0.02882234     19521.44
      7189.6     1.013863     2.916217  -0.00689142     19522.77
      7189.8     1.013777     2.920304 -0.002663522     19523.98
        7190     1.013895     2.947938   0.01519344     19524.67
      7190.2      1.01393     2.943247  -0.01440014     19526.31
      7190.4     1.013753     2.928371  -0.04993409     19526.08
      7190.6     1.013667     2.908784  0.003140598     19525.57
      7190.8     1.013685     2.907991  0.001586289     19527.49
        7191     1.013745     2.945759    -0.023827     19529.01
      7191.2     1.013919      2.92964  -0.03623448     19529.47
      7191.4     1.013937     2.889723  0.001320492     19528.53
      7191.6     1.013713     2.879003    0.1271977     19530.46
      7191.8     1.013871     2.946816    0.1998611     19532.26
        7192     1.014043     3.031399    0.2113635      19530.6
      7192.2     1.013991     3.049612    0.1405053     19532.34
      7192.4     1.013809     3.048094   0.01484466     19536.28
      7192.6     1.013667      3.05922  -0.04820953     19536.77
      7192.8     1.013311     3.043274  -0.04876664     19535.83
        7193     1.013233     3.011044  -0.07037732     19535.56
      7193.2     1.013777      3.00908  -0.09605053     19535.74
      7193.4     1.013982     3.002918   -0.1022029     19535.78
      7193.6     1.014032     2.966434  -0.08854735     19536.74
      7193.8     1.014266     2.929282   0.02309328     19539.19
        7194     1.014621     2.938243    0.1334146     19540.12
      7194.2     1.015017     3.021393    0.1548568     19540.53
      7194.4     1.015004     3.073166    0.1061661     19541.13
      7194.6     1.014845     3.053167   0.01847605     19542.84
      7194.8     1.014681     3.023175  -0.03856518     19543.89
        7195     1.014777     3.036173  -0.02230334     19543.96
      7195.2     1.014988     3.042313   0.03569197      19547.3
      7195.4      1.01532     3.035324   0.03991316     19549.67
      7195.6     1.015613     3.051729    0.0146071     19548.24
      7195.8     1.015891     3.068104 0.0007005665     19549.17
        7196      1.01583     3.053999 -0.006937656     19550.02
      7196.2     1.015679     3.035885  -0.02511763     19550.98
      7196.4     1.015737     3.046179  -0.02616567     19552.77
      7196.6     1.015711      3.04801  -0.02368949     19552.81
      7196.8     1.015646     3.033067  -0.07040692      19551.6
        7197     1.015686     3.016933  -0.09328179     19552.07
      7197.2     1.015712     2.989853  -0.06147088     19554.11
      7197.4     1.015764     2.973384  -0.02256566     19554.46
      7197.6     1.015984      2.98389   0.01346937     19554.11
      7197.8     1.016424     2.998881   0.01775923     19554.79
        7198     1.016921     3.000629  -0.02119871     19554.98
      7198.2     1.017123     2.987592  -0.05804821      19555.1
      7198.4     1.016864     2.966931  -0.05582574     19556.22
      7198.6       1.0164     2.952442  -0.02730235     19557.64
      7198.8     1.016382     2.955968  -0.00577315     19558.13
        7199     1.016778      2.96575  -0.02313032     19556.59
      7199.2     1.017208     2.962312  -0.05721103     19557.16
      7199.4     1.017641     2.933938  -0.05042326     19559.53
      7199.6     1.017824     2.910199  -0.01159991     19560.63
      7199.8     1.017882     2.925411   0.01620611     19561.01
        7200     1.018044     2.953032   0.02617045     19562.21
      7200.2     1.018092     2.946903  0.006626715     19564.81
      7200.4     1.018083     2.931136   -0.0302406     19565.52
      7200.6     1.017787     2.930713  -0.02129044      19563.8
      7200.8     1.017666      2.92884 -0.006797829     19562.14
        7201     1.017827     2.929871 -0.007774838     19562.01
      7201.2      1.01825     2.925698 -0.009980672     19564.96
      7201.4     1.018824     2.924493  -0.03477949     19568.01
      7201.6     1.019202     2.920855  -0.04358761     19569.71
      7201.8      1.01906     2.902047  -0.03411003     19569.88
        7202     1.018642     2.890827  -0.02633275     19569.06
      7202.2     1.018553     2.897205 -0.009604754     19570.06
      7202.4     1.018674     2.899789 -0.001946188      19571.9
      7202.6     1.018675     2.894363  -0.02813981     19572.22
      7202.8     1.018759      2.88927  -0.04619703     19573.58
        7203     1.019098     2.874693   -0.0507215     19576.16
      7203.2     1.019408     2.862832  -0.06790416     19575.88
      7203.4     1.019666     2.853786  -0.06289805     19576.71
      7203.6     1.019548     2.834947  -0.03760254     19578.72
      7203.8     1.019143     2.824374  -0.01037601     19580.92
        7204     1.019303      2.83275   0.01596002     19582.69
      7204.2     1.019466     2.845485   0.03277758     19581.43
      7204.4     1.019521     2.847715   0.02799903     19579.86
      7204.6     1.019387     2.850596  0.009544354     19579.88
      7204.8     1.019305     2.855149  -0.01282647     19580.22
        7205     1.019448     2.853121   -0.0229443     19580.87
      7205.2     1.019159     2.837454  -0.01282725     19580.22
      7205.4     1.018801     2.832241   -0.0133777     19579.89
      7205.6     1.018966     2.844887  -0.01539825     19582.21
      7205.8     1.019248     2.842418  -0.03534774     19584.14
        7206     1.019385     2.825135  -0.07781877     19584.24
      7206.2     1.019605     2.803963  -0.09708884     19585.26
      7206.4     1.020136     2.782632  -0.09036756     19587.51
      7206.6     1.020611     2.764747  -0.07804022     19587.76
      7206.8     1.020772     2.752841  -0.07113532     19587.17
        7207     1.020619     2.741531  -0.04842195     19587.66
      7207.2     1.020129     2.725724  -0.02325763     19588.13
      7207.4     1.019787      2.72601 -0.006261494      19590.1
      7207.6     1.019548     2.734235   0.02431792     19592.06
      7207.8     1.019478     2.736521   0.03591904     19593.39
        7208     1.019548     2.745178    0.0449906     19595.46
      7208.2     1.019654     2.754745   0.05729507     19596.25
      7208.4     1.019881     2.770228   0.05641276     19596.19
      7208.6     1.019683     2.782358   0.08158028     19596.32
      7208.8     1.019275     2.790308   0.08120045     19595.22
        7209     1.019189     2.820009   0.04110278     19596.68
      7209.2     1.019406     2.835188   0.01452479      19598.4
      7209.4      1.01922      2.81524  -0.01399216     19597.51
      7209.6     1.018828     2.801928  -0.02381929     19596.87
      7209.8     1.018727     2.808816 -0.008422651     19596.82
        7210       1.0186     2.816133 0.0002691878     19596.75
      7210.2     1.018408     2.808502 -0.008501696     19597.28
      7210.4     1.018383     2.802143  -0.01641952     19599.36
      7210.6     1.018574     2.802014 -0.0008892731      19601.5
      7210.8       1.0185     2.802997  0.007592793      19602.2
        7211     1.017893      2.80779  0.008074114     19602.58
      7211.2     1.017401     2.808218  0.004327668     19603.55
      7211.4     1.017085     2.808473  -0.01576743     19604.45
      7211.6     1.016659     2.806459 -0.004262143     19604.43
      7211.8     1.016745     2.795176   0.03207703     19605.29
        7212     1.017164     2.804808   0.02456611     19607.05
      7212.2     1.017277     2.834135   0.05574796     19607.29
      7212.4      1.01754     2.826112   0.07379304     19608.93
      7212.6     1.017553     2.839775   0.04614298     19610.89
      7212.8      1.01733     2.863842   0.07658722     19611.36
        7213     1.016864      2.87105   0.07067289     19612.02
      7213.2     1.016172     2.887382   0.06244006      19611.8
      7213.4     1.015393     2.896313   0.08481421     19613.16
      7213.6     1.014901     2.913794   0.08919361     19614.89
      7213.8     1.014507     2.938901    0.1176138     19612.69
        7214     1.014196     2.958737    0.1267904     19611.97
      7214.2     1.014128     2.990404   0.09345407     19614.49
      7214.4     1.014039     3.015227   0.07658055     19615.09
      7214.6     1.013747     3.013664   0.04873034     19614.95
      7214.8     1.013421     3.020001    -0.016347     19616.28
        7215     1.013417     3.029388  -0.05875845      19617.5
      7215.2     1.013643     3.002149  -0.06848565     19618.76
      7215.4     1.013728     2.966657  -0.06026993      19620.1
      7215.6     1.013551     2.965213  -0.02992805     19621.01
      7215.8     1.013147     2.981172 -0.001802794     19621.36
        7216     1.012789     2.978207   0.01849128     19619.88
      7216.2     1.012611     2.965215    0.0357873     19619.65
      7216.4     1.012247     2.980006    0.0718592     19621.02
      7216.6     1.011844     3.009802    0.0921335     19621.63
      7216.8     1.011338     3.035694    0.0856741     19622.62
        7217     1.010703     3.038922    0.0623549     19625.88
      7217.2     1.010574     3.048545   0.05428389      19627.4
      7217.4     1.010264     3.059686    0.0885933     19626.98
      7217.6      1.00996     3.079121   0.07710965     19627.87
      7217.8     1.010027     3.109797   0.06636312     19627.85
        7218     1.010205     3.110233   0.06019503      19628.7
      7218.2     1.010075     3.112777   0.02590635     19630.47
      7218.4     1.009896     3.127277   0.04951714     19630.85
      7218.6     1.009412     3.130522   0.06891984     19631.54
      7218.8     1.008703     3.149846   0.02652344     19632.24
        7219     1.008546     3.167912 -0.006130386     19632.33
      7219.2     1.008641     3.148496  -0.05585114     19633.29
      7219.4     1.008501     3.125617   -0.1123806     19633.78
      7219.6      1.00829     3.105165  -0.09054902     19634.37
      7219.8     1.008117     3.078008  -0.05540367     19636.44
        7220     1.007587     3.076057  -0.02644811     19635.71
      7220.2     1.007074     3.081294  -0.02535316     19633.56
      7220.4     1.007014     3.084007  -0.04695413     19633.43
      7220.6      1.00702     3.057725  -0.03089965      19634.2
      7220.8     1.007321     3.038493   0.00691048     19635.64
        7221     1.007632     3.056575   0.06398356     19637.98
      7221.2     1.007461     3.089535    0.1094391     19639.99
      7221.4     1.006995     3.108912   0.09355383     19640.71
      7221.6     1.006712     3.126045   0.04384231     19639.64
      7221.8     1.006482     3.131418   0.02046012     19638.01
        7222     1.006122     3.124609   0.02455944     19638.06
      7222.2     1.005862      3.12528    0.0363778     19640.18
      7222.4     1.005772     3.145692    0.0267554     19642.78
      7222.6     1.005611      3.16052   0.01351406     19644.92
      7222.8     1.005334     3.146014   -0.0195585     19646.76
        7223     1.005415     3.136092  -0.05400246        19648
      7223.2      1.00568     3.130045  -0.02287444     19648.02
      7223.4     1.005492     3.117318  -0.01619064     19647.42
      7223.6     1.004766     3.127714  -0.06512307        19647
      7223.8     1.003954     3.123139  -0.08235257     19646.67
        7224     1.003872     3.077947  -0.08906566     19647.39
      7224.2     1.004086     3.051436  -0.05724269     19649.04
      7224.4     1.004072     3.056461  -0.01376378     19650.43
      7224.6     1.003727     3.077345 -0.009249223     19653.17
      7224.8     1.003143     3.066936  -0.01565528     19654.83
        7225     1.002957     3.044037  -0.05967971     19655.45
      7225.2     1.003056     3.043937  -0.06467816     19657.64
      7225.4     1.002971     3.029601  -0.03679538     19657.76
      7225.6     1.002924     3.015193  -0.05347685     19657.35
      7225.8     1.002584       3.0146  -0.04539102     19657.32
        7226     1.001922     3.001156  -0.03421649     19657.55
      7226.2     1.001589     2.993288  -0.01507343      19657.6
      7226.4     1.001583      2.98782    0.0387338     19657.88
      7226.6     1.001441     3.002542   0.04064805     19658.95
      7226.8     1.001202     3.032143   0.03137986     19658.69
        7227     1.000786     3.025807   0.02020271     19657.28
      7227.2      1.00019     3.012924  -0.03375225     19657.03
      7227.4    0.9998197     3.018704  -0.06616773     19657.91
      7227.6    0.9997351     3.005141  -0.05969139     19658.72
      7227.8    0.9998432     2.972873  -0.05828131     19659.99
        7228    0.9994635     2.965171  -0.04696959     19660.97
      7228.2    0.9987293     2.972079 -0.008347491     19661.38
      7228.4    0.9985332     2.967565  0.002792919     19663.14
      7228.6    0.9985306     2.966195  -0.04391416     19663.34
      7228.8    0.9981861     2.967405  -0.08804631     19662.28
        7229    0.9977949     2.936947  -0.08065998     19663.59
      7229.2    0.9974645     2.897128  -0.07952687      19666.1
      7229.4    0.9970432     2.901667  -0.05667821     19667.15
      7229.6    0.9969273     2.903784  -0.02348414     19668.15
      7229.8    0.9970949     2.891605  -0.05651912     19668.81
        7230     0.997217     2.878341  -0.06913079      19669.4
      7230.2    0.9970152     2.856451  -0.04358698      19668.9
      7230.4    0.9964347     2.848479  -0.02164454     19666.86
      7230.6    0.9959281     2.856735  0.004599075     19667.29
      7230.8    0.9955372     2.861025   0.01458784     19669.55
        7231     0.995186     2.860131 -0.002031678     19671.29
      7231.2    0.9949785      2.86015  -0.01568088      19672.9
      7231.4    0.9947113      2.85511 -0.007516116     19673.34
      7231.6    0.9945752     2.848481 -0.007599552     19674.18
      7231.8    0.9944132     2.854118 -0.001840495     19675.82
        7232    0.9938914      2.85407 -0.0008903223     19675.71
      7232.2    0.9936499     2.853637  -0.01334403     19675.71
      7232.4    0.9934255     2.847768  -0.01768706     19675.35
      7232.6    0.9930787     2.843443  -0.01914359     19674.72
      7232.8    0.9929188      2.83992  -0.01004478     19675.38
        7233    0.9928122     2.838323  -0.01670233     19677.31
      7233.2     0.992686     2.839733  -0.03938539     19678.66
      7233.4    0.9925966     2.830081  -0.05037924      19679.1
      7233.6    0.9925708     2.808412  -0.05581683     19679.79
      7233.8     0.992328     2.798019  -0.05750136     19681.69
        7234    0.9921163     2.795079  -0.04385125     19683.23
      7234.2    0.9919839      2.78408  -0.05192495     19682.92
      7234.4    0.9919333     2.773331  -0.07024852     19682.28
      7234.6    0.9919707     2.756479  -0.05383786     19683.76
      7234.8    0.9919271      2.73888  -0.03619158      19686.2
        7235    0.9920045     2.741009  -0.02004165      19686.6
      7235.2    0.9918883     2.744378  0.005420038     19686.26
      7235.4    0.9914903     2.740446  0.007822096     19685.94
      7235.6    0.9911505     2.743216   0.01170167     19685.55
      7235.8    0.9910848     2.747267    0.0256704     19686.82
        7236    0.9910023     2.753739   0.01883897     19688.87
      7236.2    0.9909717     2.760982   0.02035841     19689.74
      7236.4    0.9909836     2.758288   0.00166487     19689.17
      7236.6    0.9913557     2.763554  -0.02505572     19691.03
      7236.8    0.9916797     2.755071  -0.02667197     19691.89
        7237    0.9914211     2.740938  -0.01738801     19689.98
      7237.2    0.9911139      2.73695  -0.00340445     19691.08
      7237.4     0.990911     2.749643   0.00108916     19692.04
      7237.6    0.9905883     2.752347   0.01003382     19691.82
      7237.8    0.9905362     2.741809  0.004348987      19693.7
        7238    0.9905288     2.744977  0.005695601     19694.29
      7238.2    0.9904088     2.753122   0.01525099     19692.87
      7238.4    0.9906205     2.756904 -0.002699267        19693
      7238.6    0.9909273      2.75401  -0.03497362     19694.51
      7238.8    0.9910389     2.742818  -0.05788655     19696.28
        7239    0.9907661     2.725144  -0.05440739     19697.73
      7239.2    0.9903713     2.710595   -0.0359951     19698.38
      7239.4    0.9904454     2.710484 -0.001124111     19699.02
      7239.6    0.9907337     2.714021   0.02024849     19698.81
      7239.8    0.9912559     2.724244   0.03438767     19699.58
        7240    0.9915775     2.726793   0.03962587      19700.3
      7240.2     0.991558     2.737994   0.02352018     19700.07
      7240.4    0.9915892     2.745722   0.02288263     19700.37
      7240.6    0.9917901      2.74306  -0.01297594     19702.02
      7240.8    0.9921105     2.745099  -0.03194866     19702.97
        7241    0.9925471     2.727613  -0.02593276     19702.82
      7241.2    0.9928481     2.720163  -0.02593816     19704.09
      7241.4    0.9929045     2.722314   0.00641346     19705.25
      7241.6    0.9931444     2.724349  0.009886826      19707.1
      7241.8    0.9933539     2.732744  0.004815071      19709.6
        7242     0.993095     2.728073   0.01324492      19708.7
      7242.2     0.992907     2.726166   0.01221696      19707.3
      7242.4    0.9931072     2.734945  0.005645857     19708.44
      7242.6    0.9933055     2.742518 -0.004504316     19709.99
      7242.8    0.9933706     2.732589   0.01449068     19711.39
        7243    0.9934458     2.722563   0.03063689     19711.36
      7243.2    0.9938431     2.746537   0.03471462     19710.55
      7243.4     0.994437     2.767027   0.04391552     19711.14
      7243.6    0.9945491     2.760361   0.02885618     19711.81
      7243.8    0.9944444     2.757695   0.01313897     19713.62
        7244    0.9947767     2.769622   0.01959674     19714.61
      7244.2    0.9949625     2.777538  0.009791784     19714.51
      7244.4    0.9951058     2.776038   -0.0210667     19714.77
      7244.6     0.995315     2.765529  -0.02759088     19715.22
      7244.8    0.9954724     2.752769 -0.009000914     19715.21
        7245     0.996025     2.755466 -0.001182095     19715.03
      7245.2    0.9965459     2.768838  0.009139942     19716.25
      7245.4    0.9967488     2.764583   0.02451145     19718.61
      7245.6    0.9968742     2.760081  0.003404244     19719.79
      7245.8    0.9966952     2.775075 -0.002662157      19719.7
        7246    0.9965012     2.771561   0.01445608     19720.16
      7246.2    0.9967157     2.762453 -0.0001611656     19720.66
      7246.4    0.9973895     2.771646  0.005419246     19721.82
      7246.6    0.9979625     2.774946    0.0187293     19724.33
      7246.8    0.9981814     2.775897  0.006460896     19725.36
        7247    0.9982954     2.777437  0.007785024     19725.91
      7247.2    0.9983745     2.776815  0.003182002     19725.86
      7247.4     0.998624     2.781174  -0.01289027     19726.84
      7247.6    0.9985382     2.778442 -0.005084693     19728.32
      7247.8    0.9983052     2.767124   0.01208218     19727.13
        7248    0.9983664     2.772747    0.0111917     19727.18
      7248.2    0.9985913      2.79084  0.004373838     19726.99
      7248.4    0.9984992     2.787396  0.007237079     19725.88
      7248.6    0.9985204     2.770624  0.006868479     19728.51
      7248.8    0.9991977     2.778536  0.002075777     19732.65
        7249     0.999864     2.796334   0.01001516     19734.71
      7249.2     1.000224     2.789056  0.005773727     19735.59
      7249.4     1.000323     2.778636  -0.01024107     19735.28
      7249.6     1.000095     2.783155   0.01262578      19733.9
      7249.8    0.9999178     2.788141   0.03109402     19733.21
        7250    0.9998455     2.799157  0.009792097     19732.13
        7252      1.00298     2.761273  0.001419463     19740.42
        7254     1.004738     2.751414 -0.002200512     19746.92
        7256     1.007631     2.776238 -0.001314785     19756.68
        7258     1.009669     2.757212  0.001100817     19760.71
        7260     1.012837     2.750755  0.001657364     19771.62
        7262     1.014549      2.76022  0.005128936     19778.79
        7264      1.01619     2.789497 0.0004786509     19784.87
        7266     1.017483     2.798243 -0.001911164     19791.03
        7268     1.018384     2.754584  0.002568893     19798.51
        7270     1.018777     2.744931 -2.483938e-05     19805.44
        7272     1.018734     2.810048  0.009684105     19811.96
        7274     1.018497     2.798045   0.01111278     19816.73
        7276     1.018278     2.832057  0.005304065     19827.36
        7278     1.017625     2.833833  0.009709051     19829.89
        7280      1.01652     2.852481  0.007548117     19838.87
        7282     1.015206     2.875717   0.01209315     19846.64
        7284     1.013688     2.892442   0.01037534      19850.7
        7286     1.011645     2.930578  0.005236522     19858.35
        7288     1.010576     2.935484 -0.001252621     19864.11
        7290     1.009115     2.917609  -0.01032991     19870.97
        7292     1.007089     2.882421  -0.01624613        19880
        7294     1.005819     2.847939  -0.01715211     19886.38
        7296     1.004791     2.805515  -0.01640425     19896.89
        7298     1.005004     2.780392  -0.01915165     19902.15
        7300     1.003815     2.751187  -0.01618121     19905.75
        7302     1.003659     2.694726  -0.01327315     19914.42
        7304     1.002481     2.676065  -0.01048024      19917.2
        7306     1.002735     2.674207 -0.006458308     19926.34
        7308     1.002909     2.667345 -0.002493077     19934.77
        7310     1.003277     2.643059 -0.001326762     19933.74
        7312     1.002778      2.65612  -0.00354426     19942.51
        7314     1.003017     2.663593 -0.001751318     19952.19
        7316     1.002719     2.638991 -0.002466002     19959.75
        7318     1.001932     2.629049 -0.004736202      19965.2
        7320     1.002052     2.636392 -0.001583044     19972.18
        7322     1.002096     2.625703  0.001757979     19980.75
        7324     1.001949     2.626326 -0.002251268     19985.99
        7326     1.001701     2.643113  0.001859171     19992.28
        7328     1.001266     2.618382 -0.001954835     19995.26
        7330      1.00081     2.640577  -0.00684791     19998.34
        7332      1.00114     2.610688 -0.003347148      20007.1
        7334     1.000718     2.588329 -0.004834593     20013.34
        7336     1.000521     2.591605 -0.004642281     20019.13
        7338     1.000195       2.6019  0.001842952     20027.06
        7340    0.9997286     2.573549  0.003680116     20030.07
        7342     1.000057     2.603073  0.001709943     20036.69
        7344    0.9999639     2.621046  0.007631697     20042.62
        7346     1.000649      2.61558  0.002458823     20047.61
        7348     1.000397     2.634603  0.006182002     20053.19
        7350     1.000116     2.622744  0.004158685     20062.44
        7352     0.999624     2.670502    0.0113137     20067.33
        7354     1.000155     2.648849   0.01347014     20075.48
        7356     1.000006     2.725112  0.006501729     20077.45
        7358    0.9998027     2.730505  0.009838474     20086.69
        7360     1.000276     2.722516  0.001556822     20096.47
        7362     1.000487     2.727557  0.002509911     20098.31
        7364     1.000002     2.737567 -0.003553152     20105.56
        7366     1.000167     2.750584 -0.001644672     20108.48
        7368     1.000064     2.694091 -0.008230875     20118.77
        7370       1.0002     2.714399  -0.01340265     20124.54
        7372    0.9996956      2.67172 -0.009009128     20131.98
        7374    0.9997912     2.643363  -0.01448354     20134.55
        7376    0.9999547     2.622017  -0.01463015     20138.57
        7378    0.9992509     2.598531   -0.0149254     20145.86
        7380    0.9988617     2.554679  -0.01333641     20151.52
        7382    0.9986193      2.52396  -0.01293359     20156.17
        7384    0.9988636     2.515326 -0.005933603      20164.5
        7386    0.9986263     2.495062 -0.004146891     20164.53
        7388    0.9987976      2.50721 -0.004375217     20175.57
        7390    0.9976905     2.490785 0.0008871854     20182.52
        7392    0.9981163     2.480324 0.0005598683     20187.29
        7394     0.998398      2.50216 0.0003253545     20193.48
        7396    0.9981424     2.511689  0.002144583     20198.55
        7398    0.9983405     2.493387 0.0008321108     20204.85
        7400    0.9979439     2.497481 -0.003356674     20211.73
        7402    0.9985115     2.508817  0.001365304     20219.44
        7404    0.9984339     2.484836 0.0007538093     20222.91
        7406    0.9972151      2.50431 -0.001895811     20228.49
        7408    0.9967083     2.503512  0.001748496     20234.74
        7410    0.9967985      2.49365 -0.0001032232     20240.24
        7412     0.997273     2.498824 -0.001747127     20250.46
        7414    0.9970455     2.503484 0.0002751446      20253.2
        7416    0.9965523     2.489535 -0.001120191     20258.77
        7418    0.9964289     2.495851 -0.002497152        20261
        7420     0.996891     2.489862 -0.003881781     20270.54
        7422     0.996224     2.483507 -0.002620924     20275.84
        7424    0.9958871      2.45848 -0.003836786     20281.24
        7426    0.9958148     2.474884 -0.003091138     20284.25
        7428    0.9960701     2.459168   0.00115561     20289.59
        7430    0.9958619     2.458778 -0.003345015     20294.73
        7432    0.9956959     2.467725 -0.000117989     20304.92
        7434    0.9956276     2.448124 -0.001826514     20311.09
        7436    0.9953149     2.458224  -0.00094095     20312.17
        7438    0.9949438     2.444166   0.00444536     20317.17
        7440      0.99526     2.460198  0.001214716     20327.44
        7442    0.9956529     2.483687 5.809025e-05     20329.55
        7444    0.9952774     2.467942  0.002239845     20338.41
        7446    0.9947473      2.44463 0.0001914623     20342.93
        7448    0.9950729     2.478116 -0.0003479506     20348.04
        7450    0.9949108     2.485218  0.002145549     20352.31
        7452    0.9948663     2.465158 4.616022e-05     20358.26
        7454    0.9949572     2.461795 -0.0001700576     20365.35
        7456    0.9948721     2.478486 0.0002073899     20371.39
        7458    0.9945646     2.483858 -0.0005772098     20371.36
        7460    0.9948985     2.466817 -0.002925262     20378.93
        7462    0.9944784     2.457177  -0.00392012     20384.01
        7464    0.9940876     2.455084 -0.002141608     20391.03
        7466    0.9950223     2.452497 -0.002841383     20395.28
        7468    0.9948858     2.449684 -0.004117189     20400.82
        7470    0.9943696     2.434446 -0.005908577     20404.11
        7472    0.9946576     2.422146  -0.00572943        20413
        7474    0.9947126     2.405228 -0.004117814     20417.42
        7476    0.9945242     2.403849 -0.004401342     20423.91
        7478    0.9943869     2.401503 -0.004792362     20432.05
        7480     0.994244     2.386935 -0.005857875     20433.56
        7482    0.9946757      2.36689 -0.005493323     20439.67
        7484    0.9947254     2.356986 -0.004059723     20442.97
        7486    0.9946457     2.357557  -0.00306298     20446.46
        7488     0.994573     2.354457 -0.002578971     20452.93
        7490     0.995035     2.342386 -0.003386604     20459.92
        7492    0.9948106     2.336354 -0.003667482     20463.76
        7494    0.9951037     2.330464 -0.002127252     20467.25
        7496    0.9945151     2.325118 -0.003255726     20474.52
        7498     0.994433     2.325368 -0.002538881     20477.27
        7500    0.9952388     2.310308 -0.001620886        20482
        7502    0.9951227     2.310153  -0.00273647     20492.41
        7504    0.9944595     2.312151 -0.0001943849     20496.27
        7506    0.9942532     2.303476 -0.0001395822     20495.95
        7508     0.994117     2.308753 -0.000416199     20502.54
        7510    0.9948402     2.309036 0.0009310605     20508.81
        7512    0.9941999     2.308821 0.0004250102     20513.49
        7514    0.9948542     2.310924 -0.0005957508     20516.22
        7516    0.9944322     2.312153 -0.0006941731      20518.3
        7518    0.9944062      2.30427 -0.001070872     20503.82
        7520     0.994468     2.303268 -0.001714332     20494.99
        7522    0.9944202     2.302357 -0.001132009     20490.13
        7524    0.9951803     2.298439 -0.001903512     20421.99
        7526    0.9970698     2.295214 -0.001205104     20121.81
        7528    0.9937577     2.288039 -0.0006894054     20288.24
        7530    0.9951887     2.292717 -0.002644388     20178.35
        7532    0.9939835     2.292923 -0.0009955469     20373.18
        7534    0.9949473     2.274059 -0.0002681938     20557.03
        7536    0.9947388     2.280075 -9.766412e-05      20542.3
        7538     0.994544     2.290571 -0.0007118111     20544.75
        7540    0.9946969     2.292142 -0.0008985154     20565.48
        7542    0.9942336     2.268365 -0.0006430375     20587.65
        7544    0.9944056     2.272887 -0.002876279     20592.87
        7546    0.9943851     2.285427 -0.002029971     20594.55
        7548    0.9946437     2.269132 -0.001199805     20601.66
        7550    0.9943906     2.252125 -0.002804919     20604.71
        7552    0.9946907     2.263289 -0.002466209     20608.91
        7554    0.9944343     2.262987  0.002393826     20612.13
        7556    0.9944009     2.249402  0.000148132     20619.11
        7558    0.9952196     2.271275 -0.001751013     20626.29
        7560    0.9948072     2.264474   0.00170429     20629.79
        7562    0.9956582     2.248979 -0.002975593     20632.91
        7564    0.9948395     2.263036 -0.003260883     20641.79
        7566    0.9946565     2.247471 -0.0006254113      20647.7
        7568    0.9952723     2.238387 -0.003490008     20653.03
        7570    0.9951559     2.243976 -0.002656552     20654.28
        7572    0.9952606     2.235116 -0.001541107     20661.46
        7574    0.9949305     2.226218 -0.002722534     20663.01
        7576    0.9950904     2.226058 -0.002482356     20664.85
        7578    0.9947953     2.222196 -0.002575661     20670.07
        7580    0.9949424     2.215257 -0.002908129     20674.62
        7582    0.9953901     2.205613 -0.003338625     20676.89
        7584    0.9954783     2.202793 -0.004199695      20679.4
        7586     0.995435     2.195487 -0.003512048     20685.59
        7588    0.9958624      2.18166 -0.001304601        20690
        7590    0.9957163     2.177517 -0.001213985     20695.23
        7592    0.9958064     2.192356 -0.0007223546     20697.56
        7594    0.9961826     2.185775 0.0004113194     20700.65
        7596    0.9957038     2.175881 -0.001691024     20701.38
        7598    0.9962076     2.180807 -0.002376985     20705.25
        7600    0.9965766     2.178828 -0.000813239     20708.38
        7602      0.99682     2.166759 -0.0009612665     20715.01
        7604     0.996744     2.169375 -0.002181222     20719.31
        7606     0.995964     2.173117 -0.001418846     20718.28
        7608    0.9955294     2.161378 -0.002312151     20724.24
        7610    0.9956615     2.155408 -0.003322435     20728.48
        7612    0.9960141     2.150878 -0.002654625     20732.08
        7614    0.9962253     2.146538 -0.002727199     20735.47
        7616    0.9962556     2.140141 -0.001137202     20736.33
        7618    0.9965171     2.133591 -0.001010231     20744.37
        7620    0.9960592      2.14178 -0.001109488     20747.12
        7622    0.9961877     2.138456 -0.000432367     20754.71
        7624    0.9960508     2.131265  -0.00212025     20754.02
        7626     0.996424     2.130132 -0.001790777     20756.68
        7628    0.9962037     2.124818 -0.001353092     20765.05
        7630      0.99645      2.12413 -0.001826592     20766.77
        7632     0.996638      2.12044 -0.001344904     20766.62
        7634    0.9965197     2.115519 -0.002312539     20772.42
        7636    0.9969536     2.114059 -0.001819861     20779.79
        7638    0.9964908     2.105629  -0.00232499     20782.74
        7640    0.9959943     2.105881 -0.003070541     20789.52
        7642    0.9963117     2.096919 -0.002735687     20789.35
        7644     0.996639     2.089495 -0.001561002     20797.21
        7646    0.9972165     2.083744 -0.001816253     20799.48
        7648    0.9971085     2.093393 -0.002284415     20802.59
        7650    0.9968246     2.082389  -0.00176601     20808.82
        7652    0.9970361     2.071219 -0.003412059     20813.11
        7654    0.9967854     2.069616 -0.001796611     20814.81
        7656     0.996802     2.066097 -0.000970008     20821.07
        7658    0.9976091     2.068016 -0.001055726      20825.9
        7660    0.9973948     2.063459 -0.0006479837        20828
        7662    0.9974633      2.06117 -0.0005955874     20831.86
        7664    0.9975556     2.060913 -0.0004359462     20836.43
        7666    0.9981444     2.063251 -6.501689e-06     20842.23
        7668    0.9979393     2.059972 -0.0002778036     20846.24
        7670    0.9976488     2.061118 -0.0004022707     20846.88
        7672    0.9976356     2.058691 -0.0004609708     20856.18
        7674    0.9976877     2.060033 -0.0007093596     20856.27
        7676    0.9978884     2.056284 -0.0007463853     20858.52
        7678    0.9982559     2.055443 -0.001482035     20867.21
        7680    0.9981366     2.052719 -0.001822617     20869.82
        7682    0.9978298     2.048177 -0.001683475     20870.57
        7684    0.9976832     2.041703 -0.001044193     20876.47
        7686    0.9980386     2.041975 -0.001738723     20881.24
        7688    0.9984546     2.044366 -0.001185819     20885.79
        7690    0.9984077     2.034267 -0.002241076     20886.46
        7692    0.9984122     2.032217 -0.002701862     20889.77
        7694    0.9984815     2.024047 -0.002028816     20891.19
        7696    0.9985618     2.022751 -0.001455044     20896.71
        7698    0.9985285     2.018037 -0.0007691279     20903.15
        7700    0.9988174     2.020576 -0.001640448     20903.76
        7702    0.9990648     2.017894 -0.001213942      20910.7
        7704    0.9992691     2.009627 -0.002236951     20913.37
        7706    0.9991951     2.008325 -0.003159636     20918.64
        7708    0.9996222     2.002681 -0.0009027381      20922.1
        7710    0.9994121     1.992616 -0.001210072     20925.35
        7712    0.9990808     2.002406 -0.001767157     20929.22
        7714     0.999075     1.998645 -0.000228262     20932.16
        7716    0.9987961     1.988543 -0.001190655     20932.97
        7718    0.9996464      1.99079 -0.001312832     20937.88
        7720      1.00011      1.99288 -0.0008045673     20945.52
        7722    0.9995693     1.988142 -0.001066215      20944.9
        7724    0.9995772     1.982107 -0.0009846494      20946.7
        7726      1.00014     1.982261 -4.995437e-05     20952.66
        7728     1.000058     1.985003 -0.0004371696     20957.12
        7730    0.9999801     1.987742 -0.0006659286     20957.57
        7732     1.000118     1.978609 -0.001272114      20964.1
        7734    0.9997158     1.976933 -0.002100985     20966.95
        7736     1.000723     1.974826 -0.002104533     20968.19
        7738     1.000157     1.970934 -0.001811846     20970.68
        7740     1.000072     1.961773 -0.001766572     20972.35
        7742     1.000511     1.962438 -0.001879025     20976.33
        7744     1.000658     1.960694 -0.001343204     20979.44
        7746      1.00083     1.955902 -0.002053351     20987.34
        7748     1.000814     1.951028 -0.0005972027     20987.26
        7750     1.000865     1.946012  -0.00152514     20991.06
        7752     1.000922     1.955916 -0.001024075     20995.96
        7754      1.00077     1.943701 -0.000480908     20998.44
        7756     1.001238     1.942835  -0.00332375     21002.22
        7758     1.001318     1.942164 -0.0003726853      20998.7
        7760      1.00151     1.929326 -0.000812236     21010.27
        7762     1.000594      1.94072 -0.0007380572     21007.53
        7764      1.00137     1.936337 -0.0001789542     21008.23
        7766     1.000998      1.93626 -0.002381223      21011.6
        7768     1.001248     1.927894 -0.001840181     21015.89
        7770     1.001106      1.92167 -0.002643829     21016.83
        7772     1.001105     1.921616 -0.002222076     21016.21
        7774     1.001132     1.915109 -0.002077325     21020.12
        7776      1.00134     1.910118 -0.002318372      21017.1
        7778     1.001485     1.905051 -0.001849109     21014.77
        7780     1.001213     1.903069 -0.001018944     21001.33
        7782      1.00146     1.900316 -0.0008548687      20976.4
        7784     1.002789     1.901966 -0.001680501      20765.1
        7786     1.005021     1.898212 -0.002867795     20032.35
        7788    0.9999644     1.889625 -0.002725428     20083.06
        7790    0.9988728     1.877374 -0.002016482     20243.71
        7792     1.001475     1.880163 -0.001563355     21029.12
        7794      1.00143      1.88208 -1.669147e-05     21064.49
        7796     1.001437     1.877118 -0.0007078264     21074.25
        7798     1.001893      1.87724 -0.001358095     21083.11
        7800     1.001734       1.8745 -0.001186089     21084.11
        7802      1.00174     1.871216 -0.001180287     21089.02
        7804     1.001992     1.867629 -0.001503738     21091.46
        7806     1.002225     1.867798 -0.0007052114     21095.94
        7808      1.00231      1.86247 -0.000683694     21096.92
        7810     1.002372     1.865574 -0.001337783     21102.17
        7812     1.002351      1.86216 -0.001048959     21102.69
        7814     1.002273     1.857096  -0.00187571     21104.46
        7816     1.002137     1.854079 -0.002160997     21108.14
        7818      1.00279     1.850568 -0.001463809      21108.5
        7820     1.002852     1.844872 -0.001141392     21109.99
        7822     1.002609     1.845385 -0.001424229     21113.42
        7824     1.002967     1.844947 -0.0008433327     21117.81
        7826     1.003405     1.839174 -0.001613457     21121.92
        7828     1.002992     1.838125 -0.002102194     21122.67
        7830     1.003339     1.832478 -0.001871605     21123.61
        7832      1.00333      1.82813 -0.001507068     21126.79
        7834     1.003861     1.824202 -0.001084512     21135.93
        7836     1.004036     1.826068 -0.001066515     21137.05
        7838     1.004037     1.823802 -0.0009373412     21142.13
        7840     1.003619     1.819598 -0.001685601     21142.94
        7842     1.003887     1.816703 -0.001149114     21144.92
        7844     1.003662     1.812584 -0.0007891242     21146.97
        7846     1.003099     1.814609 -0.001019381     21147.07
        7848     1.003907     1.813285 -0.001450826      21154.5
        7850     1.004165     1.808548 -0.001680197     21156.61
        7852     1.004065     1.800977 -0.002227928     21158.09
        7854     1.003882     1.801167 -0.002240548     21161.74
        7856     1.004149     1.795461 -0.001470153     21164.42
        7858     1.003961     1.790623 -0.001566436     21163.86
        7860     1.003976     1.789216 -0.0008971604     21166.28
        7862     1.003969     1.788636 -0.0008109146     21172.34
        7864     1.004092     1.788284 -0.001476772      21177.4
        7866     1.004263     1.784136 -0.001520747     21180.46
        7868     1.004064     1.777402 -0.001604873     21181.44
        7870     1.004201      1.77647 -0.001485299     21184.65
        7872     1.003962     1.775445 -0.0009743525      21188.4
        7874      1.00377     1.772254 -0.001460823      21189.5
        7876     1.003905     1.769607 -0.001853313     21191.11
        7878     1.004127     1.764783 -0.001755052     21193.55
        7880     1.004089     1.760619 -0.001511598     21199.98
        7882     1.003649     1.758213 -0.001902662     21199.92
        7884     1.003611     1.757514 -0.001740721     21204.31
        7886     1.003555     1.749562 -0.002109854     21204.83
        7888     1.002916     1.746693 -0.002286911     21207.35
        7890     1.003225     1.741334 -0.001778617     21212.98
        7892     1.003553     1.739219 -0.001470834     21216.17
        7894     1.003427     1.735333 -0.001776863     21218.57
        7896     1.003522     1.734926 -0.001820858     21218.42
        7898     1.003781      1.72712 -0.001183926     21224.23
        7900     1.003904     1.724652  -0.00197328     21228.73
        7902     1.003737     1.725862  -0.00138765     21229.78
        7904     1.003921      1.71914 -0.0007613631     21234.06
        7906     1.003683     1.716018 -0.0008293273     21236.52
        7908     1.003754     1.718561 -0.000632471     21238.54
        7910     1.003873     1.719227 -0.0007247934     21244.79
        7912     1.004314      1.71408 -0.0008931348     21245.53
        7914     1.004531      1.71022 -0.002018949     21198.54
        7916     1.005051     1.711416 -0.001517171     20930.15
        7918     1.004677     1.703075 -0.001493432     20590.78
        7920     1.003459     1.701943 -0.002086617     20945.24
        7922     1.004233     1.698273  -0.00146041     21181.36
        7924     1.004004     1.694723  -0.00131172     21220.22
        7926     1.004486     1.691392 -0.001526804     21235.05
        7928     1.004575     1.691449 -0.001251998     21242.65
        7930     1.004617     1.686058 -0.0006845798     21249.45
        7932     1.004958     1.684707 -0.001249458     21252.12
        7934     1.005079     1.685915 -0.001276722     21256.84
        7936      1.00519     1.681453 -0.0009589106     21264.27
        7938     1.005178     1.675844 -0.001079528     21262.37
        7940     1.004949     1.677036  -0.00119644     21268.96
        7942      1.00494     1.677279 -0.001388209     21272.43
        7944     1.005547     1.671882 -0.001491202     21274.43
        7946     1.005896     1.664739 -0.001531732     21279.81
        7948     1.005169     1.665106 -0.001217371     21281.26
        7950     1.005351     1.665025 -0.001049253     21284.26
        7952     1.005529     1.662143 -0.001724035     21288.18
        7954     1.005795     1.656345 -0.001456822     21293.75
        7956     1.005372     1.651314 -0.001082929     21290.18
        7958     1.005661     1.653371 -0.0006885375     21291.86
        7960     1.005717     1.653479 -0.0009905192     21294.63
        7962     1.005375     1.650836 -0.001322211     21298.97
        7964     1.005229      1.64339 -0.001390695     21298.07
        7966     1.005697     1.642793  -0.00218518     21301.43
        7968     1.005761     1.642354 -0.001457184     21300.67
        7970     1.005682     1.633355 -0.001475342     21303.21
        7972     1.005965     1.631732 -0.001387519     21307.34
        7974     1.006002      1.63099 -0.000972431     21311.74
        7976     1.005518     1.631254 -0.001012948     21312.51
        7978     1.005853     1.625575 -0.001460753     21317.59
        7980     1.005817     1.623629 -0.001217219      21317.3
        7982     1.005589     1.619304 -0.001487235      21317.8
        7984     1.005376     1.621516 -0.001710405     21320.08
        7986     1.005773     1.613678 -0.001574525     21319.85
        7988     1.005816     1.609945 -0.001869842     21323.99
        7990     1.006094     1.606708 -0.001418391     21330.31
        7992     1.005763     1.606557 -0.001415349     21332.42
        7994     1.005601      1.60233 -0.001380478     21334.86
        7996     1.005671     1.598622 -0.001559952      21335.3
        7998      1.00529     1.595664 -0.001338769     21334.51
        8000     1.005579     1.594078 -0.001492653     21338.14
        8002     1.005366      1.59162 -0.0006906358     21344.61
        8004     1.005741     1.586681 -0.001678125     21347.93
        8006     1.005633     1.590139 -0.001184924     21346.65
        8008     1.005534     1.580653 -0.0006246925     21352.05
        8010     1.005134     1.582141 -0.001376876      21349.6
        8012     1.005423     1.581684 -0.0002900965     21356.01
        8014     1.004978     1.579124 -0.001230214     21355.04
        8016     1.005054     1.578332 -0.001465968     21357.04
        8018     1.005478     1.572299 -0.001410673     21361.43
        8020     1.005012     1.569956 -0.001841803     21361.77
        8022     1.004834     1.567839 -0.001005131     21365.77
        8024     1.004952     1.563597 -0.001530938     21365.24
        8026     1.004822     1.564258 -0.001461792     21367.85
        8028     1.004674     1.557708 -0.0009871266     21372.69
        8030     1.004464     1.556144 -0.001907208     21370.62
        8032     1.004696       1.5557 -0.001393087      21371.7
        8034     1.004689        1.549 -0.001524251     21373.39
        8036     1.004857     1.546564 -0.001482301     21379.59
        8038     1.004833      1.54395 -0.0009846685     21376.69
        8040     1.004577     1.543842 -0.001016959     21384.02
        8042     1.004412     1.541123 -0.0009966772     21383.17
        8044     1.003858     1.538428 -0.001718266     21383.91
        8046     1.004102     1.535977 -0.001561676     21384.89
        8048     1.004292     1.530096 -0.001422737     21385.94
        8050     1.004114      1.52863 -0.001958363     21386.44
        8052     1.004446     1.527046 -0.001587244     21394.09
        8054     1.004661      1.52031 -0.001284332     21395.86
        8056     1.004459     1.517398 -0.001317721     21399.82
        8058       1.0042     1.518355 -0.001141095      21400.5
        8060     1.003657     1.516504 -0.001101638     21399.47
        8062     1.003625     1.511181 -0.001281021     21401.55
        8064     1.003905     1.508585 -0.001529889     21405.28
        8066     1.004114     1.508107  -0.00138759     21407.23
        8068     1.003814     1.504265 -0.001198294     21410.66
        8070     1.003907     1.500081 -0.001490859     21411.52
        8072     1.003818     1.498998 -0.001154089     21409.91
        8074     1.003496      1.49618 -0.001236654     21416.31
        8076     1.003407     1.495033 -0.001653115     21413.92
        8078     1.003486     1.490187 -0.001644193     21416.48
        8080     1.003186     1.485774  -0.00131958     21417.32
        8082     1.002836     1.483026 -0.0008925814      21418.6
        8084     1.002835     1.484476 -0.0007631378     21413.72
        8086     1.002962     1.483047 -0.001036228      21419.3
        8088     1.003229     1.479668 -0.001472313     21420.56
        8090     1.002637     1.474737 -0.001378903     21423.24
        8092     1.003108     1.472697 -0.001774919     21424.11
        8094     1.002839     1.472016 -0.001263084     21429.61
        8096     1.002884     1.465469   -0.0010572     21431.15
        8098     1.002524     1.464632 -0.001394263     21431.02
        8100     1.002401      1.46424 -0.001375702     21427.38
        8102     1.002488     1.460861 -0.001195988     21431.32
        8104     1.001818     1.454463  -0.00130349      21432.7
        8106      1.00152     1.455064 -0.001701088      21433.4
        8108     1.001287     1.453812 -0.0008284911     21437.38
        8110     1.001037     1.447253 -0.001184144      21439.5
        8112      1.00167     1.447836 -0.001310943     21442.59
        8114     1.001083     1.445591 -0.0008714876     21441.75
        8116     1.001127     1.443324 -0.001318604     21446.11
        8118     1.001083     1.440281 -0.001117493     21448.46
        8120     1.000796     1.437287 -0.0009351986     21449.28
        8122     1.000637     1.436651 -0.0008168519     21445.33
        8124     1.000565     1.435843 -0.001043437     21449.28
        8126     1.000338     1.433746 -0.001682012     21451.84
        8128     1.000279     1.428939 -0.001612068     21453.49
        8130     1.000384     1.423195 -0.001492274     21453.46
        8132     1.000403     1.422946 -0.001227562        21453
        8134     1.000011     1.421808 -0.0007595454     21456.44
        8136    0.9996999     1.419119 -0.0005351879     21454.17
        8138    0.9995726     1.417119 -0.001149717     21454.66
        8140    0.9989877     1.418665  -0.00126693     21459.52
        8142    0.9989388      1.41261 -0.001820444     21458.68
        8144    0.9989376     1.408983  -0.00221092     21456.58
        8146    0.9987309     1.402555 -0.001663869     21460.44
        8148     0.998713     1.400977 -0.001328664     21463.18
        8150    0.9984919     1.399299 -0.0008990814     21463.52
        8152    0.9985893     1.398354 -0.000848377     21465.79
        8154    0.9982037     1.395362 -0.001039421     21466.91
        8156    0.9977243      1.39419 -0.001346073     21464.26
        8158    0.9977199     1.390984 -0.001244436     21465.13
        8160    0.9976796     1.387585 -0.0009830473      21466.9
        8162    0.9980646     1.385407 -0.001239597     21470.17
        8164    0.9976094     1.386326 -0.001396502     21465.96
        8166    0.9974687     1.381067 -0.001088418     21467.72
        8168    0.9971841     1.376413 -0.001414921      21471.5
        8170    0.9966565     1.376699 -0.001019597     21471.76
        8172    0.9963599     1.375007 -0.001083362     21474.52
        8174    0.9961035      1.37291 -0.0009390971     21472.93
        8176    0.9959819     1.367746 -0.001190072     21473.23
        8178    0.9961935     1.369187 -0.001453745     21479.35
        8180    0.9960926     1.365486  -0.00101096     21476.45
        8182    0.9956826      1.36128 -0.001707754     21476.31
        8184    0.9956411     1.359659 -0.001615665     21479.31
        8186     0.995548     1.355525 -0.001140624     21481.55
        8188    0.9952825     1.352561 -0.001263262     21484.89
        8190    0.9946337     1.352155 -0.0008617097     21485.39
        8192    0.9945713     1.349553  -0.00109797     21485.98
        8194    0.9944925     1.348631 -0.001351319     21490.45
        8196    0.9946897     1.343777 -0.001599399     21490.82
        8198    0.9944763     1.341345 -0.001593654     21489.66
        8200    0.9942114     1.336758 -0.001088523     21490.78
        8202    0.9944828     1.335882 -0.001154269     21490.92
        8204    0.9940843     1.335069 -0.0008274711     21493.96
        8206    0.9934365     1.332111   -0.0012637     21490.77
        8208    0.9934077     1.330138 -0.001458818     21492.31
        8210    0.9930842     1.325772 -0.001053983     21491.65
        8212    0.9928849     1.323398 -0.001100907     21491.34
        8214    0.9927594     1.323679 -0.001104819     21490.16
        8216    0.9926723      1.32133 -0.001315637     21492.36
        8218    0.9925172     1.316934 -0.001433654     21491.25
        8220     0.992441     1.312873 -0.001498358     21494.78
        8222    0.9922419     1.312209 -0.001617102     21496.73
        8224    0.9919379     1.309344 -0.001241922     21500.87
        8226    0.9913116     1.303997 -0.001304115     21500.81
        8228    0.9914934     1.302938 -0.001074924     21500.05
        8230    0.9910791     1.301777 -0.0008064961      21500.3
        8232    0.9905776     1.300744 -0.001407903      21496.1
        8234    0.9907507     1.297545 -0.001319906      21503.1
        8236    0.9900982     1.291675 -0.001560441     21501.72
        8238    0.9901481     1.291217 -0.001394863     21501.39
        8240     0.990047     1.288261 -0.0005285487     21501.78
        8242    0.9896377     1.286386 -0.001112082     21503.79
        8244    0.9895536     1.287446 -0.0007354895     21501.24
        8246    0.9892875     1.282321 -0.0009036471     21503.74
        8248    0.9888517     1.282377 -0.001860154     21503.86
        8250     0.988744     1.279157 -0.002324355     21507.19
