# This file has been produced by extranormal (v 1.0.1 - February 23, 2017)
# O. Roudenko - Synchrotron SOLEIL. Covered by GPL licence.
#Data from HDF File: /nfs/ruche-rock/rock-soleil/com-rock/2021/Projets/20210209_Hilde/InSitu/10Ni-10Fe_50BN/10Ni-10Fe_50BN_RWGS750_CO2pulses_H2cst_ratio1/10Ni-10Fe_50BN_RWGS750_CO2pulses_H2cst_ratio1_00977.nxs to 10Ni-10Fe_50BN_RWGS750_CO2pulses_H2cst_ratio1_00978.nxs
#Time at start=2021-02-10 14:42:38.997
#Time from start (seconds)=4884.19596987
#Sample temperature (C)=24.7
# Normalization -------------
# pivot spectrum: Pivot_Fe_10Ni-10Fe_50BN_RT_air_av2000_00001.txt
# E0=7112.0   Eshift=1.58124752699
# E0_pivot = 7112.0
# pre-edge params: from E0_pivot-140.0 to E0_pivot-20.0
# pre-edge range: [6972.0, 7092.0]
# post-edge params: from E0_pivot+100.0 to E0_pivot+1140.0
# post-edge range: [7212.0, 8250.0]
# I jump at E0_pivot = 1.24739791918
# shifted energy	normalized	reference	ref.derivative	I0
        6970   0.00139167     1.674602  0.001138152     18816.39
        6972   0.00139167     1.674602  0.001138152     18816.39
        6974  0.001225779     1.675718 -0.0009754425     18826.93
        6976  0.001511432     1.669546 -0.0008573703     18830.93
        6978  0.001252524     1.668946 -0.001324812     18839.51
        6980   0.00105727     1.667743 -0.001064345     18849.88
        6982 0.0007943319     1.665119 -0.002778416     18857.88
        6984  0.001383661     1.661032 -0.002223233     18866.42
        6986  0.001089465     1.646718 -0.001734094     18873.08
        6988 0.0007675648     1.649957 -0.001402237     18879.87
        6990 0.0004382017     1.651246 -0.0002473603     18886.89
        6992 0.0003232323     1.649814 -0.001051573     18896.96
        6994  0.000170613      1.64474 -0.002209472     18902.04
        6996 2.010524e-05     1.641545 -0.002336923     18911.77
        6998 0.0003225517     1.633571 -0.001346475     18920.28
        7000 -4.798226e-05     1.631118 -0.001722415     18925.42
        7002 0.0002159188     1.633968 -0.001000075     18936.18
        7004  0.000112242     1.627765 -0.001618595     18946.54
        7006 -6.032896e-05      1.62557 -0.002093479     18954.55
        7008 -8.958384e-05     1.618169 -0.002124135     18966.04
        7010 -0.0003104167      1.61722 -0.003064199     18971.16
        7012 -0.0006307848     1.610772 -0.002661387     18978.31
        7014 -0.0006938062     1.601056 -0.002633371      18985.8
        7016 -0.0006231418     1.596878 -0.001111671     18991.08
        7018 -0.0009315762     1.596153 0.0002280806     18996.87
        7020 -0.001278557     1.601879 -0.0006577563     19007.01
        7022 -0.0007672012     1.602881 -0.000665061     19013.94
        7024 -0.000736268     1.591616 -0.001612728     19022.67
        7026 -0.0006928647     1.590832 -0.002024408     19031.67
        7028 -0.0006235215     1.588977 -0.0007624147     19038.12
        7030 -0.0006995562     1.586686 -0.001286903      19046.3
        7032 -0.001013474     1.585517 -0.001555631     19055.54
        7034 -0.0009621366     1.580537 -0.001165432     19062.95
        7036 -0.000749162     1.576532 -0.001466612      19070.8
        7038 -0.0006903738     1.577362 -0.001333794     19076.73
        7040 -0.001128916     1.573784 -0.0008399188     19086.13
        7042 -0.001272334     1.569867 -0.001676923     19094.59
        7044 -0.001136103     1.569813 -0.001930443     19105.62
        7046 -0.000738783     1.563947 -0.001605973      19114.7
        7048 -0.0005672079     1.558341 -0.001538183     19122.12
        7050 -0.0009885142     1.557019 -0.001732904      19129.4
        7052  -0.00111508     1.557507 -0.0008840399     19136.99
        7054 -0.0009149969     1.550084 -0.0003907003     19144.17
        7056 -0.0008411995     1.551268 -0.001560629     19156.23
        7058 -0.0007511343     1.553894 -0.001873195     19163.48
        7060 -0.0007519098     1.545022 -0.002678336     19173.07
        7062 -0.0007885368     1.535098 -0.002760699     19173.72
        7064 -0.0008052532     1.529842 -0.002175705     19181.93
        7066 -0.0002446151     1.531808 -0.001041254     19190.51
        7068 -0.0001004238     1.527617 -0.0001467088     19196.64
        7070  0.000225401     1.526768  -0.00123753     19204.14
        7072 3.856077e-05     1.528668 -0.0007690842     19213.38
        7074 0.0002892924     1.521908 -0.0009203251     19219.42
        7076 0.0008538404     1.521464 -0.001745023     19227.71
        7078 0.0002835058     1.519406 -0.000906318      19236.3
        7080 0.0005037214     1.514708 -0.001680734     19244.36
        7082   0.00117856     1.514657 -0.001787846     19255.56
        7084  0.001211848     1.508018 -0.001074202     19261.79
        7086  0.001641338     1.505103 -0.001866553     19265.44
        7088   0.00197937     1.506114 -0.001115473      19273.9
        7090  0.002374439     1.499725 -0.001129862     19280.22
        7092  0.002843978     1.499094 -0.001390725     19287.43
        7094  0.003068142     1.496064 -0.0004248609     19295.97
        7096   0.00414511     1.494988 -0.0008592486     19305.55
        7098  0.005398242     1.496326 -0.001206135      19314.9
        7100  0.005818695      1.49222 -0.001247514     19320.41
      7100.2   0.00592617     1.491523 -0.001297655     19321.33
      7100.4  0.006033645     1.490826 -0.001347797     19322.25
      7100.6   0.00614112     1.490129 -0.001397939     19323.17
      7100.8  0.006248595     1.489431  -0.00144808     19324.09
        7101   0.00635607     1.488734 -0.001498222     19325.01
      7101.2  0.006463545     1.488037 -0.001548364     19325.93
      7101.4   0.00657102      1.48734 -0.001598505     19326.85
      7101.6  0.006673693     1.486769 -0.001597085     19327.93
      7101.8  0.006762984     1.487593 -0.0003872778     19330.36
        7102  0.007147921     1.489879  0.006467966     19330.53
      7102.2  0.007292173      1.49085  0.001768663     19329.65
      7102.4  0.007326947     1.491944 -0.0008252416     19331.08
      7102.6  0.007491054     1.489007 -0.002458466      19329.7
      7102.8  0.007590327     1.489218 -0.001947975     19328.36
        7103  0.007688934     1.488883  0.004189945      19328.6
      7103.2  0.008061873     1.490385  0.004752531     19330.25
      7103.4  0.008207344     1.492359  0.005736122     19332.07
      7103.6  0.008509131      1.49302 0.0002104063     19336.87
      7103.8   0.00854098     1.493472 -0.0008402592      19337.5
        7104  0.008814353     1.490554 -0.0006365953     19336.09
      7104.2  0.009231806     1.491687 -0.001560929     19336.24
      7104.4  0.009449231     1.492511 -0.001352668     19337.08
      7104.6  0.009760078     1.492223 -0.001226265     19341.71
      7104.8   0.01000102     1.489472 -0.001575324     19342.51
        7105   0.01006709     1.490706 -0.001030308     19342.16
      7105.2    0.0103885     1.491251  0.003009252     19344.79
      7105.4   0.01075396     1.491399  0.001059472     19346.74
      7105.6   0.01099006     1.491879  0.000886516     19347.97
      7105.8   0.01112435     1.491554 0.0002279173     19348.74
        7106   0.01147095      1.49196  0.000129538     19349.15
      7106.2    0.0114331     1.491582  0.007578248     19347.39
      7106.4   0.01172686     1.491983  0.008697739     19348.14
      7106.6    0.0123593     1.497616  0.005888101     19348.16
      7106.8   0.01293126     1.498918  0.002662556     19346.64
        7107   0.01308739     1.496292 -0.004349749     19347.48
      7107.2   0.01328694     1.494113 -0.006734589     19349.12
      7107.4   0.01332442     1.494137 0.0006427585     19349.72
      7107.6   0.01329048     1.493531   0.01256973     19350.92
      7107.8   0.01380268     1.496806   0.01719463     19352.44
        7108   0.01452856     1.504169   0.01876339     19352.21
      7108.2   0.01539994     1.507892   0.01294445        19352
      7108.4   0.01637891     1.508541  0.000690575     19352.81
      7108.6   0.01711813     1.507162 -0.001358192     19353.81
      7108.8   0.01758674     1.504721  0.001662502     19353.14
        7109   0.01829545     1.506806   0.00338886      19352.6
      7109.2   0.01931031     1.509871   0.01056068     19352.12
      7109.4   0.02022152     1.509873   0.01849357     19354.37
      7109.6   0.02130049      1.51317   0.03131425     19356.89
      7109.8   0.02260075     1.521601   0.04458038     19355.29
        7110   0.02401509     1.534923   0.04754876      19356.8
      7110.2    0.0255488     1.545537   0.05135058     19356.36
      7110.4   0.02729999     1.551209   0.04728266     19354.45
      7110.6   0.02981309     1.562681   0.05110909     19353.53
      7110.8   0.03311786     1.572749   0.07273743      19353.7
        7111   0.03707757     1.586424   0.08842378     19353.74
      7111.2    0.0418744     1.609398     0.106165     19353.19
      7111.4   0.04778548      1.63342    0.1303446     19353.78
      7111.6   0.05491569     1.657681    0.1458698     19351.33
      7111.8   0.06284017       1.6907    0.1600579     19349.29
        7112   0.07182147     1.726094    0.1685142     19347.81
      7112.2   0.08155405     1.761466    0.1667705     19347.54
      7112.4   0.09093101     1.792492    0.1524442     19343.69
      7112.6    0.1000012     1.824117    0.1352233     19340.34
      7112.8    0.1085016      1.84805    0.1184658     19340.12
        7113    0.1162584     1.869645    0.1056104     19341.39
      7113.2    0.1233872     1.887265   0.09015618     19340.19
      7113.4    0.1300837     1.908605    0.0770009     19339.25
      7113.6    0.1358757     1.920175   0.07922663     19337.47
      7113.8    0.1414965     1.931246   0.07876466     19334.67
        7114    0.1468196     1.950646   0.09013266     19335.78
      7114.2    0.1517709     1.971617   0.08534508     19334.95
      7114.4    0.1561121     1.992281    0.0747005     19336.36
      7114.6    0.1594557     1.999522    0.0615358     19336.94
      7114.8    0.1621238     2.010407   0.04731156     19338.33
        7115     0.164375     2.020845   0.04905613     19337.21
      7115.2    0.1663703      2.03013   0.03879938      19337.6
      7115.4    0.1684585     2.038767   0.02791925     19337.66
      7115.6    0.1708868     2.041446   0.03051235     19337.08
      7115.8    0.1733386     2.043181   0.03025292     19336.55
        7116    0.1763638      2.05454   0.02845478     19338.27
      7116.2    0.1805616     2.062969   0.03423611     19341.07
      7116.4    0.1852745      2.06421   0.03788697     19341.52
      7116.6    0.1905899      2.07057    0.0406825     19342.71
      7116.8    0.1968585     2.084849   0.04970408     19341.38
        7117    0.2040094     2.095515   0.05241061     19339.99
      7117.2    0.2123872     2.103973   0.04624118     19338.79
      7117.4    0.2218168     2.112498   0.04682477      19337.8
      7117.6    0.2322889     2.121842   0.05425285     19339.11
      7117.8    0.2441074     2.132975   0.06620559     19342.63
        7118    0.2568882     2.147375   0.07493631     19343.57
      7118.2    0.2709643     2.165462   0.08208988     19341.45
      7118.4    0.2868779     2.181791   0.08565472     19341.64
      7118.6    0.3043416     2.198647   0.08603209     19341.58
      7118.8    0.3227623     2.215899   0.09713574      19337.4
        7119    0.3425796     2.234288    0.1019065     19339.31
      7119.2    0.3646667       2.2595    0.1016728     19343.28
      7119.4    0.3879922     2.280172     0.118299     19339.71
      7119.6     0.411696     2.297237    0.1279793     19336.89
      7119.8    0.4364763     2.328927    0.1257556     19337.22
        7120    0.4621271     2.361884    0.1350812     19339.78
      7120.2    0.4869649     2.380776    0.1343596     19340.83
      7120.4     0.509968     2.405302    0.1294604     19340.06
      7120.6    0.5315213     2.436415    0.1278997     19337.61
      7120.8    0.5510993     2.465452     0.116703     19335.82
        7121     0.568895     2.483096    0.1150651     19336.61
      7121.2    0.5852394     2.498665    0.1051363     19339.61
      7121.4    0.6011606     2.528467    0.1141101     19340.83
      7121.6    0.6163443     2.549561    0.1357987     19338.83
      7121.8    0.6304817     2.574384    0.1280851     19339.91
        7122    0.6451681     2.607304    0.1110913      19338.3
      7122.2    0.6599154     2.630935     0.113811     19339.14
      7122.4    0.6744039     2.638434   0.08812607     19337.25
      7122.6    0.6901724     2.665433   0.07595622     19336.78
      7122.8    0.7068659     2.677805   0.08941645     19336.42
        7123    0.7244819       2.6917    0.0537411     19335.64
      7123.2    0.7418842     2.709967   0.05495107     19334.39
      7123.4    0.7592244     2.708426   0.04958739     19335.75
      7123.6    0.7774881     2.721765   0.05714788      19337.6
      7123.8    0.7970502      2.73137   0.05452725     19339.93
        7124    0.8150194     2.755685   0.06451554     19337.67
      7124.2    0.8329646     2.752048   0.07485475     19335.02
      7124.4    0.8502241     2.773378   0.07769989      19332.6
      7124.6    0.8663821     2.791254   0.08976515     19331.99
      7124.8    0.8823003     2.817845   0.07714568     19330.74
        7125    0.8969798      2.82386   0.07808424     19331.47
      7125.2    0.9110649     2.835094   0.02065775     19330.66
      7125.4    0.9240177     2.853721  0.005271976     19331.16
      7125.6    0.9364812     2.834371   -0.0154084     19330.98
      7125.8    0.9488513     2.828077 0.0007857411     19329.24
        7126    0.9614862     2.822768   0.05722007     19329.88
      7126.2    0.9731488      2.85435   0.06547157     19328.06
      7126.4    0.9846252     2.880148   0.07635622     19326.58
      7126.6    0.9973015     2.880455   0.08283392     19326.93
      7126.8     1.009795     2.883853   0.07190949     19324.19
        7127     1.021225     2.920617   0.05785276     19321.95
      7127.2     1.033274     2.937675    0.0429214     19321.24
      7127.4      1.04691     2.926737  -0.01358083     19321.11
      7127.6      1.06129      2.91819  -0.01076868     19321.67
      7127.8     1.075322     2.909752  -0.01569977     19322.18
        7128     1.089191      2.92906 9.355206e-05     19322.48
      7128.2     1.103379     2.914177   0.05690945     19321.33
      7128.4     1.118008     2.918265   0.04434013     19319.37
      7128.6     1.132754      2.95528    0.1001778     19318.58
      7128.8     1.146334     2.964532    0.0597675     19319.59
        7129     1.159654     2.994319    0.0264415     19319.13
      7129.2     1.171572     2.966079   0.01480542     19318.76
      7129.4     1.182067     2.976433   0.01227142     19318.15
      7129.6     1.191471     2.976377    0.1437567     19315.73
      7129.8      1.19854     3.004136     0.126637     19314.23
        7130     1.204313     3.081084   0.08242491     19314.58
      7130.2     1.209181     3.077743   0.08312454     19315.25
      7130.4     1.212679     3.042317   0.04536396     19315.86
      7130.6     1.214428     3.070636   0.02976241     19313.92
      7130.8     1.216006     3.117375    0.0386326     19311.22
        7131     1.216764     3.101553  0.009397899     19311.02
      7131.2     1.216157     3.073223  -0.02183737     19309.26
      7131.4      1.21636     3.078154  -0.02787421     19307.38
      7131.6     1.216269     3.099905  -0.01839644     19307.74
      7131.8      1.21639     3.079253  -0.03050808     19306.07
        7132     1.216357     3.058505 -0.006723352     19305.16
      7132.2     1.216296     3.053748 -0.008918897     19305.33
      7132.4     1.215459     3.094527 -0.009694851     19303.68
      7132.6     1.214201     3.072118  -0.01591646     19303.15
      7132.8     1.212528      3.05075   -0.0803665     19304.01
        7133     1.209567     3.041015  -0.08927802     19303.61
      7133.2     1.206308     3.030233  -0.01443211     19303.64
      7133.4      1.20217     3.000696  0.003885356     19304.92
      7133.6     1.196723     3.039204   -0.0494678     19307.24
      7133.8     1.190963     3.044123  -0.01184419     19309.27
        7134     1.184927     2.990659  -0.08733444     19310.14
      7134.2      1.17774      2.99122   -0.1337726     19311.31
      7134.4     1.171011     2.969336  -0.06785277     19311.34
      7134.6     1.164248     2.937105  -0.09023594     19311.68
      7134.8     1.156617     2.936377   -0.0623376     19312.32
        7135     1.148626     2.919032  0.002314537     19313.22
      7135.2     1.141149     2.919466 -0.000547993     19314.05
      7135.4     1.133984     2.938957  0.009264054     19314.27
      7135.6     1.126874     2.935938 -0.001745558     19314.13
      7135.8     1.120257     2.926443  -0.01529235      19314.6
        7136     1.113978      2.91807 -0.003488298     19317.13
      7136.2      1.10805     2.926723  -0.01682249     19318.81
      7136.4     1.102129     2.933148  -0.03718053     19318.13
      7136.6     1.096633     2.912985  -0.09530722     19315.71
      7136.8      1.09134     2.888325  -0.08609406     19310.34
        7137     1.086057     2.850477  -0.02905965     19300.36
      7137.2     1.081694     2.864273 -0.008423297     19285.77
      7137.4     1.077653     2.889737   0.05235175     19263.45
      7137.6     1.074146     2.881587  -0.02233951     19231.56
      7137.8     1.070529     2.892358  -0.02129105     19189.48
        7138     1.066859     2.846401    0.0447139     19147.24
      7138.2      1.06351     2.872704   0.03931264      19110.9
      7138.4     1.060489     2.917358    0.1369337      19087.4
      7138.6     1.057586     2.923808    0.0847199     19079.75
      7138.8     1.054573     2.955948   0.04682056     19086.06
        7139     1.051652      2.94048   0.05095869     19103.59
      7139.2     1.049482     2.954814 -0.008596968     19126.77
      7139.4     1.047784     2.964575   0.05164554     19156.54
      7139.6     1.046098      2.94907   0.07495545     19188.99
      7139.8     1.045022     2.981797  0.004756308      19218.4
        7140      1.04395     3.014779    0.0143959     19247.11
      7140.2     1.043055      2.96838  -0.06293081      19270.6
      7140.4     1.042864     2.960587  -0.08365828     19288.77
      7140.6     1.042159     2.931452 -0.003046859     19302.86
      7140.8     1.041153     2.947852  -0.01033841     19311.53
        7141     1.040716     2.965943   0.04651329     19315.36
      7141.2     1.040125     2.952316  0.004575966     19314.84
      7141.4      1.03964     2.968663  0.006093585     19311.41
      7141.6     1.038312     2.951513   0.03223545     19302.25
      7141.8     1.036969     2.970818  -0.01719493     19283.34
        7142     1.036229     2.978105  0.008339594     19255.64
      7142.2      1.03563     2.954907   0.01599666     19219.86
      7142.4      1.03523     2.958185   0.02359347     19176.52
      7142.6      1.03471     2.983615   0.04715603     19135.42
      7142.8     1.033674      2.99698   0.02672057     19102.46
        7143     1.032382     2.992632  -0.04658383     19078.29
      7143.2     1.031661     2.979561  -0.04862724     19072.08
      7143.4     1.030907     2.946348 -0.002999048      19084.8
      7143.6     1.029676     2.958078 -0.003830754     19110.98
      7143.8     1.028568     2.990232 -0.008433113     19149.38
        7144     1.027573     2.976496   -0.0177232     19190.89
      7144.2      1.02712     2.939602  -0.03803164     19230.21
      7144.4     1.025975     2.943899   0.03196995     19265.13
      7144.6     1.025241     2.959807   0.03162145     19290.58
      7144.8     1.024803     3.002072  -0.02024233     19309.82
        7145     1.024026     2.964899 -0.003450188     19321.87
      7145.2     1.022294     2.927705  -0.06522004     19326.55
      7145.4      1.02065     2.957047  -0.02524787     19332.39
      7145.6     1.019146     2.949896   0.05292833     19338.23
      7145.8     1.017706       2.9447 -0.001058812     19340.29
        7146     1.016066     2.970048 -0.0007125135     19343.77
      7146.2     1.014695       2.9562 -0.007837939     19347.59
      7146.4     1.012824     2.949326  -0.03959527     19348.58
      7146.6     1.010843      2.93843  0.006427922     19349.55
      7146.8     1.008106     2.938372   0.05504679     19352.33
        7147     1.005719     2.961342   0.08277556      19355.8
      7147.2      1.00288     2.993364   0.07871108     19358.16
      7147.4     1.000676     3.004651   0.03932493     19362.41
      7147.6    0.9980792     3.001341   0.02737237     19363.31
      7147.8    0.9950843     2.992802   0.02274956     19365.02
        7148    0.9917503     3.015262   0.05249563     19365.28
      7148.2     0.988637      3.02285   0.06369874     19366.75
      7148.4    0.9854901     3.043337   0.04015009     19368.13
      7148.6    0.9825604     3.043761   0.03203069     19366.58
      7148.8    0.9795159     3.047382  0.001125385     19367.68
        7149    0.9759206     3.048475  0.006465489      19368.8
      7149.2    0.9725958     3.044237 -0.003758877     19370.22
      7149.4    0.9694075     3.048934  -0.01405103     19373.98
      7149.6    0.9661591     3.044375  -0.01569421     19375.38
      7149.8    0.9631275     3.037234 -0.006489701        19378
        7150    0.9600546     3.031682   0.03969802      19379.8
      7150.2    0.9572276     3.043742   0.05585546     19379.59
      7150.4     0.954766     3.076133   0.02924216     19382.66
      7150.6    0.9522847     3.081918   0.06911317     19383.07
      7150.8    0.9496518     3.055076   0.03972643     19382.09
        7151    0.9469719     3.099032  -0.01523582     19382.48
      7151.2     0.944781     3.107914   0.06749927     19388.08
      7151.4    0.9428228      3.06973   0.02258967     19388.64
      7151.6    0.9410037     3.109075  -0.01491684      19390.4
      7151.8       0.9394     3.117104   0.06510512     19390.86
        7152    0.9378321     3.095981 -0.001567354     19391.91
      7152.2    0.9365649     3.121814  -0.01844022     19393.95
      7152.4    0.9353144     3.107821 -0.006862936     19392.56
      7152.6      0.93396     3.102352  -0.06547593     19393.56
      7152.8    0.9331419      3.09049  0.005813394      19397.1
        7153    0.9325712     3.069433   0.03702808     19397.58
      7153.2    0.9321421     3.112472  -0.00269793     19398.11
      7153.4    0.9313862     3.131974   0.01800525     19399.52
      7153.6    0.9307216     3.088332  -0.04129133      19402.8
      7153.8    0.9309323     3.083837  -0.06624349     19403.51
        7154    0.9309966     3.079439  0.005474506     19401.41
      7154.2    0.9314762      3.07898  0.003712638     19401.06
      7154.4    0.9318719     3.092712  -0.02741984     19401.44
      7154.6     0.932445     3.086807  -0.03219313     19400.69
      7154.8    0.9332877     3.057503  -0.02044035     19403.19
        7155    0.9342898     3.053225   0.01458973     19404.55
      7155.2    0.9353597     3.076359   0.04760231     19405.65
      7155.4    0.9360434     3.098479   0.07516017      19406.6
      7155.6     0.936914     3.095585   0.08094532      19407.9
      7155.8    0.9378061     3.113353     0.041905     19409.39
        7156    0.9387363     3.141116   0.01858913     19409.82
      7156.2    0.9401034     3.132003  -0.01080784     19411.36
      7156.4    0.9416147     3.110456  -0.03611599     19411.88
      7156.6    0.9428676     3.104707  -0.05999058     19412.39
      7156.8    0.9436847     3.112223  -0.05396899     19413.33
        7157    0.9451123     3.084011  -0.05420842     19412.17
      7157.2    0.9466838     3.067281   -0.0650985     19412.78
      7157.4    0.9478949      3.06134  -0.04221859     19414.42
      7157.6    0.9487126     3.060144  -0.02036109     19414.53
      7157.8    0.9500571     3.050236  -0.03449586     19415.91
        7158    0.9506945     3.050992  -0.05452663     19415.12
      7158.2    0.9517593     3.033743 -0.006354304     19417.41
      7158.4    0.9524092     3.016523   0.01042941     19420.06
      7158.6    0.9533198     3.045152   0.06508891     19422.21
      7158.8    0.9544512     3.059336   0.07168615     19422.98
        7159    0.9560725     3.085815   0.01468214     19426.53
      7159.2    0.9568941     3.073872     0.015972     19423.58
      7159.4    0.9577063     3.056898   -0.0180847     19422.85
      7159.6    0.9585421     3.072113  -0.01271841     19422.96
      7159.8    0.9591742     3.071347   0.04864844     19421.84
        7160    0.9596906     3.063697   0.03924732     19420.19
      7160.2    0.9605685     3.095817   0.02268927     19421.17
      7160.4    0.9615842     3.103511  0.002999694     19423.08
      7160.6    0.9627978     3.089498  -0.02513526     19425.36
      7160.8     0.963831     3.066097  -0.01806858     19427.18
        7161    0.9647639     3.075709  -0.03567372     19427.98
      7161.2     0.965542     3.089056  -0.02623902     19430.71
      7161.4    0.9661556     3.060959  -0.02151183     19431.45
      7161.6    0.9663862     3.045105    -0.060633     19429.84
      7161.8    0.9667061     3.058499  -0.04251047      19429.7
        7162    0.9672701      3.04055 -0.008859266     19429.95
      7162.2     0.967752     3.026951  -0.04556417     19431.26
      7162.4    0.9684419     3.038018  -0.02847467     19433.01
      7162.6    0.9693253     3.022048  0.005569901     19433.25
      7162.8    0.9698618      3.01777   0.01955328     19432.43
        7163     0.969959     3.031407   0.07849376     19431.05
      7163.2    0.9702413     3.053661    0.0868902     19432.19
      7163.4    0.9698928     3.084843  0.009841267     19434.14
      7163.6    0.9702072     3.087282   -0.0425882     19435.25
      7163.8    0.9710928      3.03928  -0.07889929     19436.13
        7164    0.9715474      3.01959   -0.0141647     19435.87
      7164.2    0.9723767     3.021723   0.04250848     19438.93
      7164.4    0.9735309     3.075951   0.02694754     19437.56
      7164.6    0.9740439     3.073287 -0.009693624     19438.44
      7164.8    0.9740907     3.041148  -0.04329624     19439.48
        7165    0.9743337     3.013968  -0.06548377     19441.79
      7165.2    0.9746874     3.041314  -0.02909969     19440.02
      7165.4    0.9750837       3.0209  -0.02026959        19441
      7165.6    0.9755139     3.017868  -0.02655403     19441.73
      7165.8    0.9763531     2.997753 -0.003785997     19442.08
        7166    0.9769394      3.02007  -0.01890447      19441.9
      7166.2    0.9778542     3.017871   0.03208391     19440.32
      7166.4    0.9787316     3.002745    0.0105268     19439.41
      7166.6    0.9796133      3.02342  0.006317494     19440.32
      7166.8    0.9803145     3.028492   0.02522629     19442.26
        7167    0.9811952     3.022925  -0.01315394      19442.3
      7167.2     0.982282     3.022926  -0.03959675     19440.71
      7167.4    0.9829545     3.012897  -0.02099509      19439.5
      7167.6    0.9835636     2.996814   0.02736752     19440.65
      7167.8     0.984098     3.006129   0.06083072     19443.81
        7168    0.9848847      3.04482   0.08919804     19443.28
      7168.2    0.9859057     3.061561   0.09245142     19441.45
      7168.4    0.9864422     3.068173   0.02563931     19443.45
      7168.6    0.9870315      3.08009   0.03175687     19444.84
      7168.8     0.987591     3.065331   0.02368941     19445.88
        7169    0.9883229     3.086967  -0.08454336     19446.94
      7169.2    0.9889528     3.087124  -0.06951703     19447.14
      7169.4    0.9898044     3.012455   -0.1095808     19446.89
      7169.6    0.9903037     3.009718  -0.07764821     19448.59
      7169.8    0.9906804     2.999302   0.02752581     19451.13
        7170    0.9916294     3.025006   0.09379804     19447.43
      7170.2    0.9919629     3.034476   0.06916392     19445.61
      7170.4    0.9925139     3.084756  -0.07461735     19447.84
      7170.6    0.9935461     3.054633   -0.1206805     19446.58
      7170.8    0.9946108     2.965312   -0.1646269      19447.1
        7171    0.9957948     2.937931   -0.1182249     19448.52
      7171.2    0.9967687     2.953055   0.02432457     19451.24
      7171.4    0.9978781     2.960053   0.05026335     19452.03
      7171.6    0.9985625     2.984772   0.07802521     19454.44
      7171.8    0.9991966     2.978142    0.1346695     19454.36
        7172    0.9993183     3.015475   0.01986998     19452.58
      7172.2     1.000227     3.067789  -0.08112173     19454.14
      7172.4     1.001043     3.000668   -0.1349815     19456.62
      7172.6     1.001375     2.913245   -0.1848278     19459.33
      7172.8     1.002176     2.907489   -0.1171763      19460.6
        7173     1.002802     2.919927  -0.00929134     19459.91
      7173.2     1.003377     2.906926   0.03442583     19460.42
      7173.4     1.003722     2.905812   0.05984485     19460.85
      7173.6     1.004114      2.93503   0.09774857      19459.2
      7173.8     1.004957     2.967803    0.1103953     19459.35
        7174     1.005167     2.985125   0.04575808     19460.87
      7174.2     1.005937     2.994128  -0.06162722     19461.09
      7174.4     1.006931     2.971637   -0.1280341     19463.37
      7174.6     1.007199     2.918501   -0.1389812     19463.96
      7174.8     1.007414     2.882698  -0.09622278     19465.86
        7175     1.007536     2.882943  -0.04136917     19467.68
      7175.2     1.007749     2.894658   0.05548266     19465.82
      7175.4     1.007769     2.885406   0.05028923     19463.96
      7175.6     1.007868     2.927084 -0.003735069     19464.95
      7175.8     1.008703     2.923174   0.04792514     19466.77
        7176     1.008943      2.89167   0.01927376     19467.14
      7176.2     1.008998     2.923746   0.04118521     19467.79
      7176.4     1.009013     2.942503   0.08877979     19469.57
      7176.6     1.009254     2.956123   0.00918462     19471.71
      7176.8     1.009064     2.962694  -0.06154064     19470.74
        7177     1.009147     2.931093   -0.1011176     19471.52
      7177.2     1.008914     2.893271   -0.1155422     19471.13
      7177.4     1.008701     2.875228  -0.08786891     19473.16
      7177.6     1.008612      2.87026  -0.05428225     19475.44
      7177.8     1.008525     2.860798  -0.01537367     19476.08
        7178     1.008611     2.849845   0.02088279     19474.87
      7178.2     1.008484      2.86293   0.03090913     19475.09
      7178.4     1.007914     2.886967   0.04895607     19475.44
      7178.6     1.007765     2.885526   0.07179636     19475.36
      7178.8     1.008025      2.88901   0.03373464     19476.35
        7179     1.008189     2.920367  -0.02117274     19478.47
      7179.2     1.008301     2.913954  -0.06198369     19479.47
      7179.4     1.008187     2.868587   -0.1352488     19477.01
      7179.6     1.008425     2.839423   -0.1320373        19479
      7179.8     1.008704     2.812168  -0.06995314     19478.42
        7180     1.008949     2.808325  -0.01101566     19477.53
      7180.2      1.00893     2.812625   0.06050989     19476.79
      7180.4     1.008579      2.83061  0.006926284     19478.15
      7180.6     1.008233     2.860575  -0.03903268     19477.48
      7180.8     1.007816     2.813866  -0.04645023      19479.5
        7181     1.007582     2.781399  -0.08581047     19481.91
      7181.2     1.008127      2.79345   0.02393522     19482.71
      7181.4     1.008246     2.791927   0.07772897        19483
      7181.6     1.008713     2.833014   0.04396077     19486.98
      7181.8     1.009118     2.843582    0.0482362     19488.76
        7182     1.009536     2.828619    0.0139165     19487.63
      7182.2     1.009548     2.830516  0.005943161     19487.49
      7182.4     1.009709     2.844147   0.01676234     19488.35
      7182.6     1.009522     2.848336   0.02578807     19487.83
      7182.8     1.009264     2.842029  0.004828264     19488.59
        7183     1.009134     2.851147    -0.019051      19490.1
      7183.2     1.009488      2.84801  0.001463443      19489.8
      7183.4      1.00978     2.833096   0.02328382     19488.14
      7183.6     1.010022     2.843199   0.02337559     19490.83
      7183.8     1.010256     2.869774 -0.001152601      19493.8
        7184     1.010316      2.86671  -0.03739192     19493.74
      7184.2     1.010693     2.832174   -0.0818397     19494.97
      7184.4     1.011021     2.813286  -0.05890365      19493.9
      7184.6     1.011548     2.804302   0.02302958      19494.9
      7184.8     1.011555     2.819587   0.03059682      19496.6
        7185     1.011796     2.850597   0.00710484     19497.63
      7185.2      1.01258     2.837763   -0.0181698      19501.5
      7185.4     1.013042     2.809986  -0.02122188      19500.2
      7185.6     1.013197     2.805051   0.05053961     19502.68
      7185.8     1.013051      2.83362    0.1022205     19502.79
        7186     1.013541     2.878195    0.1240094      19502.9
      7186.2     1.013614     2.891762   0.06792526     19501.59
      7186.4     1.013631     2.904259   0.03754435     19504.29
      7186.6     1.013619      2.88796   0.06418396     19504.82
      7186.8      1.01359      2.90823   0.06016099     19507.79
        7187     1.013204     2.943109   0.01442382     19508.17
      7187.2       1.0129     2.952388 -0.009335715     19510.86
      7187.4     1.013189     2.899499  -0.05816302     19510.62
      7187.6     1.013367     2.900762  -0.08413549     19511.67
      7187.8     1.013384     2.896579 -0.005299964     19514.47
        7188     1.013318     2.885079  0.005294459     19513.95
      7188.2     1.013707     2.895259   0.02363728      19513.9
      7188.4     1.014024     2.904997   0.01714408     19514.85
      7188.6     1.013888     2.915489  -0.02620284     19516.19
      7188.8     1.014159     2.898794   -0.0246674     19518.12
        7189     1.014411     2.874297 0.0002053426     19518.55
      7189.2     1.014058     2.885263   0.03844539     19518.41
      7189.4     1.013542     2.915653   0.06401452     19517.75
      7189.6     1.013388     2.929551   0.05650709     19517.96
      7189.8     1.013521     2.925508   0.04277044     19518.87
        7190     1.013563     2.930469   0.03187496     19519.76
      7190.2     1.013701     2.949869   0.04554595     19522.55
      7190.4     1.013529     2.955051    0.1025739     19523.85
      7190.6     1.013263     2.961945   0.04957994     19525.35
      7190.8     1.012936     3.012528  0.001365298     19527.39
        7191     1.013238     2.989533  -0.01572597      19529.9
      7191.2     1.013638     2.956143  -0.07794514     19529.09
      7191.4     1.013667     2.949364  -0.05366494     19528.88
      7191.6     1.013603     2.950172  -0.01650415     19528.05
      7191.8     1.013752     2.946601   0.02010004      19530.1
        7192     1.013796      2.94294   0.04655647     19532.18
      7192.2     1.014115     2.965444   0.03399813     19533.54
      7192.4     1.013909     2.987417   0.03834618     19532.48
      7192.6     1.013944       2.9738   0.03501505     19532.57
      7192.8      1.01423     2.973617  0.009997955     19532.42
        7193     1.013953     2.993456 -0.001362804     19531.93
      7193.2     1.013632     2.995416  -0.03673432      19534.4
      7193.4     1.013801      2.97271  -0.06334965     19535.73
      7193.6      1.01399     2.944229  -0.03628116     19535.91
      7193.8     1.013777     2.942777   0.01395565     19536.96
        7194      1.01346     2.966391   0.03543472     19536.63
      7194.2     1.013087     2.983874   0.01318198        19536
      7194.4     1.013066     2.972577   0.01482712      19536.2
      7194.6     1.013549     2.953322   0.01710749     19538.85
      7194.8     1.013724     2.978252   0.05153092     19538.99
        7195     1.014548      2.99756     0.101523     19542.92
      7195.2     1.014722     3.013802   0.08518897     19541.08
      7195.4     1.014919     3.034541   0.02431442     19542.44
      7195.6     1.015185     3.046404  -0.02204777     19543.74
      7195.8     1.015182     3.017012 -0.002589759     19542.41
        7196     1.015246     2.996163  -0.01887125     19545.67
      7196.2     1.015291     3.032469   0.01195297     19547.66
      7196.4     1.015136     3.031307 -0.009097322     19548.82
      7196.6     1.015483     3.026574  -0.05299988     19551.82
      7196.8     1.015829     2.988886  -0.01523993     19551.67
        7197     1.016379     2.990069  -0.01172739     19551.02
      7197.2     1.016715     3.019115   0.03104904     19551.85
      7197.4     1.016603     3.017192  -0.01346689     19554.92
      7197.6     1.016613     3.013725  -0.08604314     19556.68
      7197.8     1.016623     2.979295  -0.06241167     19557.17
        7198     1.017032      2.95028  -0.05881612     19557.59
      7198.2     1.017499     2.967263  -0.04286739     19557.46
      7198.4     1.017355     2.966672  -0.03729863     19557.46
      7198.6     1.017297     2.945002  -0.02759611     19557.14
      7198.8     1.017219     2.920441   0.04155145     19559.55
        7199     1.017277     2.945186   0.02487944     19561.72
      7199.2     1.017265     2.999913  0.007099325     19562.31
      7199.4     1.017295     2.964905  0.006295547     19562.61
      7199.6     1.017228     2.926121  -0.05041597      19562.1
      7199.8     1.017181     2.950222   -0.0260253     19562.89
        7200     1.016945      2.95958    0.0065467     19563.52
      7200.2     1.017262     2.944085  -0.05199607     19564.47
      7200.4     1.017536     2.931358  -0.07620133     19566.02
      7200.6     1.018062     2.908625  -0.03936586     19567.98
      7200.8     1.018016     2.898619  -0.01992247     19567.41
        7201     1.017955     2.912592  0.008138098     19566.72
      7201.2     1.018289      2.91542   0.02981773     19567.04
      7201.4     1.018079     2.915136 -0.002995216     19565.45
      7201.6     1.017999     2.922473  -0.03095361     19566.88
      7201.8     1.018164     2.910196  -0.03442784     19569.17
        7202      1.01797     2.890657  -0.03826334     19569.13
      7202.2     1.017663     2.887594  -0.02709359     19568.46
      7202.4     1.018197     2.891863  -0.02508731     19570.64
      7202.6     1.018776     2.888521  -0.06004674     19573.27
      7202.8     1.018572     2.870587  -0.06908816     19573.55
        7203     1.018592     2.839556  -0.03578351     19575.71
      7203.2     1.018685     2.836592  -0.03818066     19578.29
      7203.4     1.018678     2.859894 -0.002211432     19579.42
      7203.6     1.018702     2.840043  -0.01817185     19579.72
      7203.8     1.018626     2.837787  -0.02527208     19579.06
        7204     1.018263     2.822055  -0.01011962     19578.88
      7204.2     1.018417     2.839677   -0.0169624     19578.85
      7204.4     1.018275     2.831947   0.04829537     19577.73
      7204.6     1.018732     2.824217  0.007454352     19578.64
      7204.8     1.019265     2.860691   0.03250437     19581.47
        7205     1.019543      2.84564   0.03406516     19582.46
      7205.2     1.019479     2.857951 -0.005899302     19580.97
      7205.4       1.0198     2.851469  0.005928172     19584.05
      7205.6     1.019459     2.855972  -0.02399342     19585.21
      7205.8     1.019114     2.850383  -0.03530231     19585.47
        7206     1.018635     2.838756  -0.05544643     19584.46
      7206.2     1.019157     2.823227  -0.05776699     19585.35
      7206.4     1.019873     2.811614  -0.04236817     19589.09
      7206.6     1.019854     2.804169   -0.0326933     19590.65
      7206.8     1.019863     2.804861  -0.02655231     19589.65
        7207     1.019665     2.797073  0.005336382     19587.96
      7207.2     1.019269     2.790373  -0.01028736     19587.24
      7207.4     1.019024     2.808438  -0.01976318     19587.88
      7207.6     1.018482     2.796631  -0.02055366     19589.85
      7207.8     1.018192     2.781262  -0.04740444      19593.2
        7208     1.018863      2.77393  -0.05460396     19592.46
      7208.2     1.018548     2.770515  -0.05288345     19592.79
      7208.4     1.018907     2.752948  -0.01577905      19593.9
      7208.6     1.019024     2.738955   0.02632182     19595.16
      7208.8      1.01915     2.761306    0.0310159     19598.26
        7209     1.019457     2.791572   0.06663799     19600.71
      7209.2     1.018975     2.777761    0.0272839      19599.8
      7209.4     1.018666     2.792266   -0.0233449     19601.87
      7209.6     1.018703     2.783134    0.0313585     19601.37
      7209.8     1.018835     2.772896   0.03410573     19598.15
        7210     1.018701     2.802848   0.07198377     19599.15
      7210.2     1.018483      2.81955    0.1282338     19601.79
      7210.4     1.018469     2.840721    0.0772213     19602.36
      7210.6     1.018186     2.875483   0.03678342     19603.12
      7210.8     1.017825     2.864625   0.04065518     19603.86
        7211     1.017725     2.848977  0.009458813     19603.98
      7211.2     1.017757     2.873245   0.01154011     19604.19
      7211.4     1.018101      2.88305   0.04398614     19605.34
      7211.6     1.018298     2.873857   0.01020297     19606.78
      7211.8     1.017787     2.884166  -0.02749776     19606.78
        7212     1.017239     2.881407 -0.005109324     19608.75
      7212.2     1.016727     2.861052  -0.03894107     19610.24
      7212.4     1.016301     2.869769  -0.03305406     19608.28
      7212.6     1.016965     2.853013  -0.01988898     19609.18
      7212.8     1.017149     2.854964  -0.01378032     19608.54
        7213     1.016909     2.845141   0.03927624     19608.08
      7213.2     1.016199     2.858745   0.05677637     19608.59
      7213.4     1.015873     2.884434   0.06441102     19609.26
      7213.6     1.015512     2.900385   0.07181466     19608.53
      7213.8     1.015342      2.89667   0.08733285     19608.81
        7214     1.015519     2.916197   0.09046541     19610.19
      7214.2     1.014965     2.954301    0.1159745     19612.35
      7214.4     1.014426     2.972757   0.07889899     19613.46
      7214.6     1.013963     2.989449   0.04022539      19614.8
      7214.8     1.013758     2.979316   0.06495101     19617.58
        7215     1.013728     2.986481   0.06373164     19618.93
      7215.2     1.013166     3.024718   0.08105101     19618.97
      7215.4     1.012499     3.040435   0.07685798     19620.52
      7215.6     1.012322     3.044157   0.05659193     19622.54
      7215.8     1.012048     3.047967   0.05755189     19621.54
        7216     1.011611     3.069992   0.04631034        19620
      7216.2     1.011846     3.086476   0.03294319        19622
      7216.4       1.0117     3.081205  -0.02299183      19622.8
      7216.6      1.01125     3.074322   -0.0463136      19623.3
      7216.8     1.011092     3.051598  -0.03982109     19620.97
        7217     1.010608     3.049425  -0.03549511     19625.45
      7217.2     1.010383     3.049348   0.02864757     19624.82
      7217.4     1.009979     3.045926   0.04314401     19623.58
      7217.6     1.009671     3.074516   0.04142221      19625.9
      7217.8     1.009621      3.08394   0.06419083     19628.57
        7218     1.010044     3.082486   0.01620072     19628.86
      7218.2     1.010105     3.097278  -0.02050115     19628.82
      7218.4     1.009694     3.087477  -0.01337779     19629.14
      7218.6     1.009325      3.06754  -0.03758705     19629.78
      7218.8      1.00895     3.071784  -0.01257411     19631.45
        7219     1.008806     3.067209   0.06184159     19631.47
      7219.2     1.008457     3.077418   0.08188118      19630.1
      7219.4     1.007944     3.117013   0.07354679     19629.14
      7219.6     1.007782     3.137289   0.03804003     19629.38
      7219.8     1.007694     3.126046  -0.01165728     19630.68
        7220     1.007524      3.10785  -0.03173576     19630.49
      7220.2     1.006855     3.107687   0.04525351     19631.49
      7220.4     1.006295       3.1119   0.04927892     19633.74
      7220.6     1.005876     3.162249   0.05316884     19634.64
      7220.8     1.005958     3.147273   0.02280552     19634.75
        7221     1.005967     3.150222  -0.04696535     19636.46
      7221.2     1.006098     3.130145  -0.02016161     19638.18
      7221.4     1.006242     3.124677 -0.005135224     19639.03
      7221.6     1.006446     3.131143  -0.00743899     19641.11
      7221.8     1.006025     3.146114  -0.03288014     19641.71
        7222     1.005874     3.124193  -0.03191196     19644.69
      7222.2     1.005575     3.098373  -0.06405606     19643.77
      7222.4     1.005434     3.105614  -0.05628338     19644.18
      7222.6     1.005738     3.094869    -0.033025     19646.14
      7222.8     1.005511     3.079167  -0.04520044     19646.48
        7223     1.004836     3.071953  -0.02973593     19645.08
      7223.2     1.004674     3.069454 0.0005643379     19646.23
      7223.4     1.004664      3.07108   0.03143791     19647.73
      7223.6     1.004363     3.079618  0.006319405     19647.36
      7223.8     1.004145     3.097103   -0.0271706     19648.35
        7224     1.003977     3.074509   -0.0162838     19648.14
      7224.2     1.003739     3.049344  -0.04289095     19649.54
      7224.4     1.003532     3.066591  -0.03068514      19649.1
      7224.6     1.003706      3.06279  -0.01899829      19651.4
      7224.8     1.003432     3.049961  -0.03654017     19650.15
        7225     1.003571     3.034145  -0.02157869     19650.41
      7225.2     1.003536     3.037359  0.007849404     19652.17
      7225.4     1.002968     3.045527   0.01676083     19652.32
      7225.6     1.002494      3.05624  -0.00918315     19652.73
      7225.8     1.001886     3.047554  -0.02096316     19652.92
        7226     1.001954     3.030013   -0.0190733     19653.64
      7226.2     1.001809     3.028757  -0.03420393     19655.42
      7226.4     1.001489     3.040982  -0.02769468     19656.18
      7226.6     1.001105     3.020191  -0.01439031     19656.03
      7226.8     1.000523     3.007857  -0.04704154     19659.56
        7227     1.000324     3.017244  -0.06555321     19663.94
      7227.2     1.000107     3.003349  -0.07446585     19663.99
      7227.4    0.9996151     2.967748   -0.0670099     19662.35
      7227.6    0.9995085     2.948284  -0.05956429     19661.95
      7227.8    0.9994869     2.963637  -0.05065194        19663
        7228    0.9993233     2.955697  -0.01834451     19664.07
      7228.2    0.9991054     2.927227  -0.04685168     19664.91
      7228.4    0.9988153     2.933608  -0.01487637     19666.59
      7228.6    0.9984418     2.926155   0.03109281     19663.21
      7228.8     0.997909     2.943796   0.03373763      19664.2
        7229    0.9976051     2.952101 -0.002172869     19665.56
      7229.2    0.9974491     2.960599  -0.05836719     19665.99
      7229.4    0.9973659     2.924417  -0.08950173     19667.22
      7229.6    0.9970842     2.897102  -0.04810812     19670.17
      7229.8    0.9973149     2.880499   0.01072786     19671.22
        7230    0.9970223     2.922112  -0.03885737      19670.8
      7230.2    0.9962714     2.932999  -0.05937786     19670.86
      7230.4    0.9961313     2.866016  -0.09470349     19672.68
      7230.6    0.9961372     2.832997  -0.08911173      19674.6
      7230.8    0.9956658     2.846349 -0.001560554     19673.85
        7231    0.9954231      2.86171   0.02204085     19672.79
      7231.2     0.995437     2.864768  -0.01223911     19672.63
      7231.4    0.9951003      2.85063  -0.04046487     19672.96
      7231.6    0.9947707     2.836558  -0.03235993      19674.4
      7231.8    0.9945992     2.829338  -0.03082031     19674.63
        7232    0.9944129      2.83888  -0.01444206     19675.79
      7232.2    0.9939677     2.825974  0.003789099     19676.26
      7232.4    0.9935794     2.825004 -0.007400464     19676.28
      7232.6     0.993415     2.832369  0.004091457     19675.22
      7232.8     0.992955      2.83296  -0.03187498     19673.45
        7233    0.9928384     2.829247  -0.04938718     19675.61
      7233.2    0.9932695     2.799504  -0.05619327     19676.49
      7233.4      0.99307     2.792859   -0.0595787     19677.05
      7233.6    0.9925749     2.788005  -0.02299473     19678.22
      7233.8    0.9922697     2.781584  -0.03756581     19679.67
        7234    0.9918739     2.781109  -0.03783087     19678.72
      7234.2    0.9918714     2.762807  -0.01700891     19680.57
      7234.4    0.9918131      2.75774  -0.02959631     19680.79
      7234.6    0.9915079     2.767977  -0.02516861     19679.38
      7234.8    0.9913544     2.757432 -0.008134812      19680.9
        7235    0.9913732     2.742672  -0.01199306     19681.92
      7235.2    0.9913963     2.751232  -0.02492463     19682.44
      7235.4    0.9913102     2.758382  0.001022804     19683.11
      7235.6    0.9915886     2.737492  -0.01209861     19685.94
      7235.8    0.9912842      2.74349  -0.04365048     19688.06
        7236    0.9909728     2.741554 -0.007421884     19688.28
      7236.2    0.9910516     2.723462  -0.01045279     19690.45
      7236.4     0.991251     2.731554  -0.01689053     19690.03
      7236.6    0.9913373     2.735128   0.01825934     19689.65
      7236.8    0.9912931     2.728041 -0.005489279      19692.9
        7237    0.9913401     2.738069   -0.0214463      19692.4
      7237.2    0.9912186     2.727163  -0.02427508      19689.8
      7237.4    0.9910544     2.717971  -0.02737982     19689.88
      7237.6    0.9910156     2.708621 -0.004877295     19689.97
      7237.8    0.9911709     2.716165  -0.01658288     19689.85
        7238     0.990891     2.723261  0.005239998     19691.85
      7238.2    0.9906452     2.704705   0.02064921     19694.65
      7238.4    0.9911145     2.712813 -0.009672744     19696.91
      7238.6     0.991432     2.732685 -0.002737679     19697.34
      7238.8    0.9911742     2.715523  -0.01511961     19697.07
        7239    0.9909444     2.702514  -0.03496224     19697.58
      7239.2    0.9907278     2.700717   -0.0309005     19695.78
      7239.4    0.9903014     2.704715  -0.02464105     19696.28
      7239.6    0.9904242     2.690803  -0.02813804     19699.55
      7239.8    0.9907689     2.682802  -0.02288309     19701.41
        7240    0.9909789     2.678207    0.0133893      19702.6
      7240.2    0.9913266     2.686409    0.0465875     19702.46
      7240.4    0.9915478     2.701514    0.0526264     19703.81
      7240.6     0.991817     2.720072   0.01685954     19704.84
      7240.8    0.9921365     2.720308  0.002956484     19705.34
        7241     0.992378     2.699896  -0.02908511      19704.2
      7241.2    0.9926366     2.703879  -0.03785175     19704.79
      7241.4    0.9925679     2.696803   0.02280682     19706.52
      7241.6    0.9929044     2.690027    0.0465955     19708.71
      7241.8    0.9934175     2.718142   0.05274122     19711.12
        7242    0.9935318     2.741156   0.07751449     19711.25
      7242.2    0.9936397     2.738996   0.04440336     19710.21
      7242.4    0.9938492     2.752038  -0.03857675     19710.76
      7242.6    0.9938647     2.753664   -0.0343768     19709.99
      7242.8    0.9936153     2.710294  -0.05634647     19707.41
        7243    0.9939363     2.711495   -0.1017127     19708.61
      7243.2    0.9939636     2.706961  -0.03434783      19710.8
      7243.4    0.9945512     2.672294   0.01883864     19714.51
      7243.6    0.9948048     2.682816   0.05521718     19713.73
      7243.8    0.9950968     2.726566    0.1160922     19713.59
        7244    0.9956347     2.751135    0.1232563     19714.45
      7244.2    0.9958042     2.765168   0.07462135     19713.87
      7244.4    0.9958738     2.781421   0.03280492     19714.37
      7244.6    0.9958774     2.786263   0.02627177     19717.07
      7244.8    0.9957246     2.777379   0.02627235      19720.1
        7245    0.9954439     2.786185 -0.003002935     19722.74
      7245.2    0.9955546     2.802439  -0.01981828     19722.21
      7245.4    0.9956609     2.783861  0.003933577     19720.79
      7245.6    0.9956244     2.761524   0.01985094     19722.42
      7245.8    0.9959563     2.789332   0.02887015     19722.99
        7246    0.9964566      2.81832    0.0604772     19721.31
      7246.2    0.9969554     2.806957   0.01891116     19721.29
      7246.4    0.9970866     2.809906  -0.01257312      19721.3
      7246.6    0.9971091     2.804461 -0.008248062     19722.18
      7246.8    0.9971681     2.808261  -0.03652781     19725.87
        7247    0.9973719     2.800358    -0.022799     19726.36
      7247.2    0.9974563     2.780684  -0.04486547     19725.88
      7247.4    0.9971918     2.786222   -0.0341039     19725.64
      7247.6    0.9977598     2.772369  -0.03599209     19725.35
      7247.8    0.9976745     2.773075  -0.06526762     19725.43
        7248    0.9979047      2.75189  -0.05549014     19724.78
      7248.2     0.998471     2.734008  -0.06634143     19727.79
      7248.4    0.9987906     2.727977  -0.02583667     19730.68
      7248.6    0.9993197     2.720002   0.03075994     19733.01
      7248.8    0.9997663     2.731221   0.07864193     19733.32
        7249     1.000181     2.758616    0.1125848     19732.91
      7249.2     1.000294      2.79089   0.09090893     19733.95
      7249.4     1.000053      2.81007   0.06938991     19734.24
      7249.6     1.000308     2.803948   0.02947893     19734.39
      7249.8     1.000382     2.814128 -0.006355503     19734.22
        7250     1.001024     2.814473  -0.01398976     19737.68
        7252     1.002689     2.777951 -0.0006433513     19742.68
        7254     1.005099     2.771275 -0.009451266     19747.17
        7256     1.007511     2.786751 -0.001939259     19758.65
        7258     1.010059     2.736302 -0.004211914     19761.87
        7260     1.012512     2.762437 -0.003276416      19766.9
        7262     1.015399     2.737579   0.00681385      19775.9
        7264     1.016522     2.760539  0.002557813        19784
        7266     1.017503     2.790812  0.006946685     19790.22
        7268     1.019056       2.7829  0.007130501     19796.89
        7270     1.018845     2.793153  0.001246288     19804.47
        7272     1.018939     2.817583  0.005813835     19816.46
        7274     1.018766     2.800783  0.006456735      19817.7
        7276     1.018745      2.82941  0.002864195     19827.08
        7278     1.017651     2.844807  0.009765883     19830.87
        7280     1.016616     2.840497  0.004174326     19838.38
        7282     1.014413      2.87891  0.006027427      19845.8
        7284     1.013325     2.862805  0.007745695     19850.76
        7286     1.011823     2.893026 0.0008462545      19857.6
        7288     1.011143     2.902462 0.0002999602     19865.77
        7290     1.009589      2.88568 -0.003780047     19876.48
        7292     1.007935     2.865205  -0.01025675     19879.76
        7294     1.006473     2.862786  -0.01094194     19889.07
        7296     1.005588     2.820408  -0.01151197     19894.44
        7298      1.00464     2.798144  -0.01931192     19900.34
        7300     1.003855     2.773109   -0.0172487     19905.49
        7302     1.003919      2.70829   -0.0140578     19913.46
        7304     1.003432     2.682419   -0.0145837     19917.23
        7306     1.003293     2.685682 -0.005668548     19923.72
        7308     1.002617     2.656439 -0.0004055965     19928.49
        7310     1.002537     2.662942  -0.00267355     19937.12
        7312     1.002538     2.679174 -0.002435194      19942.5
        7314     1.002563     2.664294 -0.003298069     19948.56
        7316     1.002354     2.636958 -0.004408554     19957.71
        7318     1.002629     2.636558 0.0001033268     19963.48
        7320     1.002183     2.643906   0.00385326     19966.73
        7322     1.002059      2.66512  -0.00399764     19976.18
        7324     1.002414     2.667784 -0.003863143     19982.43
        7326     1.002265     2.604576 -0.002184909     19989.95
        7328     1.000943     2.613001 -0.004028626     19994.19
        7330     1.000975     2.647641  0.001319122     19997.34
        7332     1.000508     2.635555 -0.006017026     20001.33
        7334     1.000298     2.615129  -0.01093903     20010.92
        7336     1.000402     2.564864 -0.009691634     20018.96
        7338     1.000558     2.560129 -0.004318986     20025.04
        7340     1.000415     2.558022  0.003687211     20031.09
        7342     1.000358     2.580578  0.007278683     20036.09
        7344     1.000145     2.594362   0.01168863     20042.41
        7346     1.000798     2.618358  0.009793405     20047.95
        7348     1.000549     2.651531  0.009177653     20055.49
        7350     1.000295     2.658925   0.01062762     20064.32
        7352     1.000495     2.667783  0.005426493     20068.33
        7354      1.00009     2.703379  0.003396583     20074.85
        7356     1.000255     2.694943  0.007316779     20079.37
        7358    0.9997465     2.686097  0.002447919     20084.16
        7360    0.9998654     2.726317  0.001021989     20091.03
        7362      1.00012     2.722962  0.005426467     20100.43
        7364    0.9998404     2.703119 -0.0006352011     20104.03
        7366     1.000264     2.729509 -0.001942029      20109.9
        7368     1.000205     2.721236 -0.001143858     20115.22
        7370    0.9999746     2.707426 -0.009291276     20123.94
        7372    0.9996108     2.693968  -0.01207214     20125.43
        7374    0.9995649     2.655179  -0.01293154     20131.41
        7376    0.9996581     2.624659  -0.01529697     20136.09
        7378     0.999245     2.603974  -0.01467985      20143.4
        7380    0.9989539     2.571592  -0.01264989     20150.43
        7382    0.9990602      2.53774  -0.01415664      20157.9
        7384    0.9988339      2.52346   -0.0118403     20164.69
        7386    0.9983453     2.490721 -0.004925647      20169.8
        7388    0.9989299      2.47687  -0.00298554     20173.36
        7390    0.9986246     2.498335 -0.0006934704     20178.27
        7392    0.9988301     2.499575  0.002853441     20187.11
        7394     0.998442     2.485173  0.001085965     20195.89
        7396     0.998765     2.499697 -0.0004244449      20199.7
        7398    0.9976697     2.507023  0.001737675     20205.09
        7400    0.9980785      2.49618 -2.194385e-05     20212.55
        7402        0.998     2.499074 -0.001025091     20217.53
        7404    0.9973988     2.499522 -0.003027216     20222.09
        7406    0.9975181     2.498822  -0.00263763     20232.23
        7408    0.9975968     2.471962 -0.0007496604     20235.67
        7410    0.9967627     2.477973 -0.002227174     20240.28
        7412    0.9966124     2.493524 -0.0007501951     20243.74
        7414    0.9965575     2.481005  -0.00185961      20253.7
        7416     0.996655      2.46596 -0.002029271     20255.28
        7418     0.996709     2.463096 1.055733e-05     20263.42
        7420    0.9964357      2.47729  0.001663672     20268.95
        7422    0.9967004     2.481089  0.003033923     20274.05
        7424    0.9966392      2.47927 -0.0005895304     20277.96
        7426    0.9966713     2.487368 -0.002135849      20283.1
        7428    0.9960758     2.472574 -0.003813251     20290.16
        7430     0.996079     2.464002 -0.004608824     20298.89
        7432    0.9961622     2.448764 -0.001911486     20306.09
        7434    0.9953874     2.450497 -0.0008032775     20309.99
        7436      0.99502     2.457282  0.001418731      20317.4
        7438    0.9950872     2.457576 -0.0002130146     20321.83
        7440    0.9948401     2.460114   0.00203668     20326.54
        7442    0.9951597     2.448793 0.0005591279     20329.75
        7444    0.9947339     2.473575  0.001439801     20334.48
        7446    0.9947383     2.462049  0.004432746     20342.18
        7448    0.9947405     2.471632 0.0009647195     20344.86
        7450    0.9956136     2.484255 0.0009867215     20354.14
        7452    0.9949669     2.481293  0.001064051     20359.08
        7454    0.9954172     2.469943 -0.001053954     20360.57
        7456    0.9959153     2.480145 -0.000758995     20372.61
        7458    0.9953667     2.475823 -0.0003719636     20375.87
        7460    0.9948298     2.475221 -0.003815747     20380.43
        7462    0.9947045     2.466967 -0.003142121     20385.38
        7464    0.9944948     2.449619 -0.005127217     20393.06
        7466    0.9944869     2.450687  -0.00454101     20395.75
        7468    0.9947924     2.434203 -0.003296971     20400.53
        7470    0.9950954     2.430639 -0.004648783     20406.37
        7472    0.9951084     2.423243  -0.00373055     20411.35
        7474    0.9943517     2.413496 -0.004645232     20418.61
        7476    0.9947774     2.404359 -0.004469659     20426.27
        7478     0.994826     2.393477 -0.003987499      20429.4
        7480    0.9951511     2.387485 -0.002445002     20437.98
        7482    0.9946038     2.381596 -0.004011956     20443.39
        7484    0.9945793     2.384799 -0.006113507      20445.7
        7486    0.9945284     2.361381 -0.004229964     20450.15
        7488     0.994847     2.338577 -0.006167325     20452.14
        7490    0.9943512     2.347757 -0.003870053     20459.79
        7492    0.9944937      2.33546 -0.002080036     20466.96
        7494    0.9943765     2.330421 -0.002792073     20470.69
        7496     0.994456     2.321937  -0.00258814     20475.48
        7498    0.9945332      2.32542 -0.001205495     20480.66
        7500    0.9948389     2.314755 0.0008134644     20485.17
        7502    0.9945022     2.320777 -0.0001344787     20492.52
        7504    0.9945673     2.328445 0.0007688474     20500.68
        7506    0.9947123     2.324344 -0.001112088     20502.83
        7508     0.994393     2.320906  -0.00189653     20507.31
        7510    0.9942009      2.31188 -0.002137511     20510.22
        7512     0.994327     2.313273  -0.00308742     20514.18
        7514    0.9945781     2.307244 -0.0007041165     20518.12
        7516    0.9941048     2.296207 -0.002148023     20521.85
        7518    0.9943781     2.306247 -0.001121867     20509.85
        7520    0.9936515     2.296088 -0.001600864     20493.09
        7522    0.9942437     2.298269 -0.003969427      20495.7
        7524    0.9946136       2.2834 -0.002332335     20414.47
        7526    0.9959149     2.274492 -0.002041307     20158.21
        7528    0.9923968      2.27743 -0.0001688414     20268.24
        7530    0.9943712     2.281939  0.002526549     20211.81
        7532    0.9932305     2.282049 0.0005383815     20360.85
        7534    0.9941648     2.294704  -0.00176739     20553.38
        7536    0.9945763     2.281737 -0.0003125354     20545.07
        7538    0.9947436       2.2678 -0.001686504     20550.84
        7540     0.994449     2.279549 -0.002136295     20570.49
        7542    0.9944966     2.281212 -8.691122e-05     20588.79
        7544    0.9947671     2.264646 -0.001141358     20592.84
        7546    0.9945588     2.267104 -0.001649478     20599.43
        7548    0.9946463     2.270418 0.0001271311     20607.71
        7550     0.994221     2.268017 -0.000806452     20609.72
        7552    0.9943045     2.265663 -0.001570562     20609.78
        7554    0.9940927     2.260653 -0.001367507     20615.97
        7556    0.9941691     2.257853 -0.001339809     20621.94
        7558     0.994182     2.257077 -0.0006056013     20626.87
        7560    0.9942959     2.254945 0.0007375294     20630.44
        7562    0.9945886     2.255808 0.0009085783     20638.09
        7564    0.9950102     2.263754 -0.0006945008     20644.99
        7566    0.9949741     2.264345 -0.0003465812     20650.64
        7568    0.9950363     2.249389  -0.00206017     20653.71
        7570    0.9949835     2.253035 -0.003764841     20660.15
        7572    0.9949914     2.247272 -0.003705413     20662.22
        7574    0.9949652     2.234226 -0.004540692     20668.64
        7576    0.9954695     2.219746 -0.004517865     20674.72
        7578    0.9953031      2.21671 -0.003504956      20678.3
        7580     0.995624     2.211129 -0.001899423     20682.67
        7582    0.9956051     2.206187 -0.002320822     20687.11
        7584     0.994931      2.20455 -0.002932913     20681.93
        7586    0.9952092     2.198143 -0.003756669     20691.31
        7588    0.9957597     2.187666  -0.00319144     20694.01
        7590    0.9955589     2.176133 -0.002559989     20696.12
        7592    0.9956265     2.179019 -0.001017074      20698.7
        7594    0.9960701     2.177663 -0.0003282924     20700.72
        7596    0.9965515     2.179529 -0.001409033     20707.55
        7598    0.9959369     2.173507 -0.0007597968      20710.1
        7600    0.9961591     2.167747 -0.002327713     20713.93
        7602    0.9959233     2.171585 -0.001110275     20720.35
        7604    0.9956717     2.160908 -0.001245988     20722.16
        7606    0.9959602     2.164625 -0.003306412     20725.93
        7608    0.9960355     2.157779  -0.00216668     20727.39
        7610    0.9962567     2.145133 -0.001872198     20728.28
        7612    0.9965391     2.143574 -0.002426716     20733.77
        7614    0.9964532     2.149647 -0.001980571     20740.99
        7616    0.9964144     2.138365 -0.0003098729     20743.11
        7618    0.9960971     2.129289 -0.002787918     20748.76
        7620     0.996398     2.141095 0.0003175007     20749.31
        7622    0.9965446     2.127344 -0.0003305512     20756.88
        7624    0.9970629     2.140905 -0.001749487     20761.12
        7626    0.9964039     2.126645 6.956783e-05     20763.75
        7628    0.9968449     2.127099 -0.001323097     20772.32
        7630    0.9968086     2.127901 -0.0001626628     20771.58
        7632    0.9971366      2.13032 -0.0009750985     20777.84
        7634    0.9970823     2.125343 -0.001900848     20780.84
        7636    0.9966569     2.119299 -0.003704222     20784.38
        7638    0.9970662     2.112694  -0.00385715     20793.52
        7640    0.9968456     2.100686 -0.003713046     20796.97
        7642    0.9971401     2.094486 -0.002929947      20799.4
        7644    0.9974276     2.089594 -0.001978679     20803.08
        7646    0.9971608     2.089254 -0.001656311      20806.5
        7648    0.9973449     2.084857 -0.002127126     20814.11
        7650    0.9978055     2.081236 -0.001021584     20814.32
        7652     0.997912     2.072577 -0.001889631      20818.6
        7654    0.9972195     2.081081 -0.001755362     20823.26
        7656    0.9975983      2.06974 -0.0008153053     20826.04
        7658    0.9976471     2.067193 -0.001921226     20833.24
        7660    0.9978145     2.066055 -0.001283678     20835.09
        7662    0.9979169     2.065712 -0.0008329052     20838.11
        7664    0.9982443      2.05947 -0.0007906018     20844.37
        7666     0.997811     2.060529 -0.0004632526     20847.97
        7668    0.9975758      2.05973  0.000645341     20850.85
        7670    0.9973587     2.062006 -0.0004042437      20855.4
        7672    0.9971987     2.064633 -0.001616522     20858.78
        7674    0.9978572     2.057295  -0.00148456     20866.57
        7676    0.9978815     2.046798 -0.001520755     20868.53
        7678    0.9983465     2.050129 -0.000437476     20871.18
        7680    0.9982439     2.052467 -0.0004264941     20875.51
        7682    0.9978659     2.053796 -0.001225185     20878.35
        7684    0.9980568     2.043386 -0.0008370734     20884.24
        7686    0.9983924     2.040328  -0.00202868     20888.72
        7688    0.9980658     2.045771 -0.002213134     20889.92
        7690    0.9989455     2.037566 -0.001140885     20895.53
        7692    0.9990837     2.025681 -0.001958182     20896.04
        7694    0.9988372     2.031201 -0.001755846     20900.92
        7696    0.9991558     2.030105 -0.0009945987     20905.79
        7698    0.9988809     2.023519 -0.002037115     20904.77
        7700    0.9992786     2.017724 -0.002313163     20910.49
        7702    0.9990393     2.014904  -0.00155608     20910.99
        7704    0.9993072       2.0116 -0.001544092     20918.15
        7706    0.9994245     2.011071 -0.0008771304     20923.98
        7708     0.999317     2.005371 -0.0004623879     20925.76
        7710    0.9996075     2.007887 -0.001361106     20930.62
        7712     0.999512     2.007901 -0.001848271     20936.91
        7714     0.999629     2.000182 -0.002623432     20940.79
        7716    0.9999098     1.990585   -0.0014985     20942.32
        7718    0.9997605     1.986899 0.0003572916     20945.55
        7720    0.9998821     1.995913 0.0002441422     20950.79
        7722    0.9998059      2.00304 0.0007904209      20953.9
        7724    0.9996722     1.992538 -0.001100779     20957.16
        7726      1.00018     1.993223 -0.002529884     20959.97
        7728     1.000254     1.987106 -0.001722478      20960.8
        7730     1.000009     1.982801 -0.002300149      20964.9
        7732     1.000143     1.978758 -0.0007253046     20967.15
        7734     1.000253     1.974821 -0.001571215     20973.42
        7736     1.000327     1.981304 -0.002027671     20975.04
        7738     1.000605     1.970231 -0.002687758     20979.25
        7740     1.000472     1.962537 -0.002676793     20981.89
        7742     1.000307     1.953319 -0.001229055     20985.86
        7744     1.000248      1.95989  -0.00118438     20989.94
        7746     1.000262     1.960399 -0.0002102159     20990.56
        7748    0.9998734     1.953062 -0.002315667     20993.51
        7750     0.999785     1.951638 -0.001684145     20998.26
        7752     1.000314     1.941364 -0.0009399347     21000.09
        7754     1.000701     1.946926 -0.001182425     21006.83
        7756     1.000531     1.945543 -0.0007837423     21008.54
        7758     1.000634     1.942178 -0.001421004     21009.76
        7760     1.000289     1.935094 -0.001547178      21013.1
        7762     1.000263     1.935558 -0.001290557     21019.58
        7764     1.000974     1.933165 -0.0008948275     21022.46
        7766     1.000747     1.931854 -0.001537496     21022.34
        7768     1.001062     1.927936 -0.002155181     21026.87
        7770     1.000648     1.923258 -0.002978151     21025.52
        7772     1.000742     1.915924 -0.002457849     21028.86
        7774     1.000635     1.908029 -0.002178277     21028.09
        7776     1.001043     1.908273  -0.00135851     21025.52
        7778      1.00113     1.905832 -0.0006333655     21023.57
        7780     1.001114     1.905056 -0.001150404     21015.11
        7782     1.001313     1.902962 -0.001184665     20988.37
        7784     1.002516      1.89907  -0.00193733     20753.88
        7786      1.00423     1.896354 -0.002326902     20096.83
        7788    0.9984386     1.889557 -0.001569513     20077.75
        7790     0.997919     1.884346 -0.001699254     20241.95
        7792     1.000803     1.886514 -0.001411263     21040.14
        7794     1.001084      1.88276 -0.0009263316     21073.98
        7796      1.00151     1.878267 -0.001597467     21084.01
        7798     1.001983     1.876936 -0.0006986214     21090.32
        7800     1.002053     1.873734 -0.000992733     21092.57
        7802     1.002704     1.877171 -0.001228764     21094.28
        7804     1.002287     1.870325 -0.0007126927     21099.24
        7806     1.002211     1.867106 -0.002168275      21103.1
        7808     1.002124     1.868032 -0.001112321     21104.32
        7810     1.002005     1.859825 -0.000657714     21107.82
        7812     1.002677     1.861426 -0.001422347     21114.31
        7814      1.00298     1.861844 -0.001150274     21114.39
        7816     1.003012     1.856654 -0.001965323     21114.92
        7818     1.003422     1.850623 -0.002285893     21114.84
        7820     1.003192     1.845704 -0.001259166     21117.96
        7822     1.003217     1.843557 -0.001055593     21121.42
        7824     1.003301      1.84658 -0.001200997     21124.16
        7826     1.003095     1.842178  -0.00168657     21127.22
        7828     1.003491     1.836096 -0.001305576     21132.88
        7830     1.004011     1.830064 -0.001701105      21135.8
        7832     1.004039     1.836136 -0.001692144     21136.83
        7834     1.004292     1.828569  -0.00090188     21141.63
        7836      1.00361     1.822559 -0.002234127     21144.82
        7838     1.003821     1.822849 -0.001909551     21147.27
        7840     1.003952     1.818263 -0.001047999      21148.2
        7842     1.003755     1.813293 -0.002587632      21151.3
        7844     1.004273     1.814175 -0.0006505153     21155.07
        7846     1.004964     1.802148 -0.0008800287     21158.86
        7848     1.004653     1.813059 -0.001741696     21160.51
        7850     1.003861     1.806253 -0.0002320326     21161.44
        7852     1.004035     1.800241 -0.001958065     21164.01
        7854     1.003693     1.800292 -0.001781989     21168.52
        7856     1.003833     1.797394 -0.0002804976     21166.29
        7858     1.003782     1.791997 -0.000693476     21172.97
        7860     1.003824     1.797997 -0.001463253     21172.94
        7862     1.003935     1.794744 -0.001026662     21178.18
        7864     1.004117     1.785688 -0.001708503     21178.66
        7866      1.00429     1.783784 -0.001977234     21185.96
        7868     1.004769     1.784329 -0.001102678     21191.15
        7870     1.004395     1.778926 -0.001405364     21192.81
        7872     1.003807     1.776867 -0.001744057     21194.52
        7874     1.003694     1.772541 -0.001928893     21196.52
        7876     1.004017     1.770377 -0.002280178     21200.77
        7878     1.004011     1.763495 -0.001825253     21203.73
        7880     1.003719     1.758625 -0.001996176      21205.5
        7882     1.004542     1.757939 -0.001897223     21211.87
        7884     1.004032     1.754407  -0.00171348     21211.49
        7886     1.004057     1.748317 -0.001485744     21216.25
        7888     1.004642     1.744917 -0.001625939     21221.27
        7890     1.004037     1.746053 -0.001485132     21220.03
        7892     1.004252       1.7414 -0.001376282      21224.2
        7894     1.003896     1.736436 -0.001570456     21227.09
        7896     1.003737     1.733907  -0.00140133     21231.88
        7898     1.003877     1.733489  -0.00119451     21235.18
        7900     1.004134     1.730189 -0.001598381     21239.95
        7902     1.004145      1.72688 -0.001355255      21243.2
        7904     1.004463      1.72112 -0.001543333     21247.48
        7906     1.004483     1.722647 -0.001453103     21251.47
        7908     1.004188     1.717842 -0.001005029     21253.22
        7910     1.003956     1.715255 -0.001596532     21255.77
        7912        1.004      1.71308 -0.001174945     21253.21
        7914     1.004593     1.709875 -0.001312765     21204.01
        7916     1.005315     1.708443 -0.001898824     20935.21
        7918     1.005408     1.704753 -0.001527982        20627
        7920      1.00442     1.697889 -0.001328642     20957.15
        7922      1.00437     1.697651 -0.001195102     21185.73
        7924      1.00469     1.697814 -0.0005865822     21232.47
        7926     1.004676     1.695192 -0.0009786043     21246.97
        7928     1.004451     1.693197 -0.001702518     21253.13
        7930     1.004628     1.689822 -0.001326068     21256.43
        7932     1.004586     1.684194 -0.001816855     21261.58
        7934     1.004372     1.684584 -0.001873008     21263.98
        7936     1.004435     1.678662  -0.00144443     21265.31
        7938     1.004753     1.674838 -0.001532715     21269.79
        7940     1.005179     1.672638 -0.0009371501     21275.78
        7942     1.004989     1.672322 -0.0007820827     21277.04
        7944     1.004925     1.671164 -0.0006858558     21283.31
        7946     1.004614     1.668581  -0.00117255     21282.34
        7948     1.005182     1.667151 -0.001325755     21283.68
        7950      1.00493     1.662942 -0.001261906      21287.1
        7952     1.005039     1.660558 -0.001115292     21292.75
        7954     1.005313     1.658486 -0.001344042     21293.67
        7956     1.005245     1.658229 -0.001356098     21292.49
        7958     1.005235     1.652189 -0.001048126     21300.61
        7960      1.00543      1.64971 -0.001474484     21303.58
        7962     1.005488     1.650101 -0.001162999     21301.11
        7964     1.005406     1.646433 -0.001004215     21304.61
        7966     1.004878     1.642885 -0.001924544     21308.46
        7968     1.004924     1.641676 -0.001571668     21313.77
        7970     1.005141     1.634705 -0.001589649     21313.96
        7972     1.004959      1.63386 -0.002245227     21314.55
        7974     1.005187     1.630168 -0.0009174576     21317.61
        7976     1.005134     1.623714 -0.001087819      21317.4
        7978     1.005017     1.627365 -0.0005764612        21320
        7980     1.004462     1.625157 -0.001295796     21322.33
        7982     1.004549     1.625556 -0.002091173     21323.45
        7984     1.004568     1.613348 -0.001899969     21327.13
        7986     1.004648     1.610636 -0.001889921     21330.99
        7988     1.004697     1.609957  -0.00099131     21335.92
        7990     1.004839     1.610437 -0.0007592354     21335.57
        7992      1.00476     1.605417 -0.001106609     21338.99
        7994     1.004684     1.604562 -0.001752087     21342.68
        7996     1.004951     1.601105 -0.001048576     21344.18
        7998     1.004504      1.59642 -0.0007524261     21343.58
        8000     1.004466     1.597029 -0.001438574      21345.2
        8002     1.004589     1.598542 -0.001574365      21346.3
        8004     1.004632     1.589596 -0.001713001     21352.73
        8006     1.004448     1.583825 -0.002069548     21351.91
        8008     1.004619     1.583325 -0.001233174      21359.1
        8010     1.005037     1.581986 -0.0007599903     21361.57
        8012     1.004756     1.579731 -0.001288833     21360.76
        8014     1.004698     1.577746 -0.0009947008     21364.91
        8016     1.004854     1.573014 -0.001318325     21369.25
        8018       1.0044     1.574028 -0.001220869     21367.57
        8020     1.004652     1.569184 -0.0005441419     21366.76
        8022     1.004475     1.567979 -0.001624411     21372.31
        8024     1.004643     1.568661 -0.001379545      21379.1
        8026     1.004769     1.561033  -0.00138577     21377.42
        8028     1.004823     1.558148 -0.001697268     21378.53
        8030     1.004968     1.556892  -0.00138799      21383.7
        8032     1.004219     1.555083 -0.001409039     21384.01
        8034     1.004343     1.549929 -0.001191828     21384.22
        8036     1.004317     1.546875 -0.001263744     21388.17
        8038     1.004593     1.547358 -0.0008425354     21387.23
        8040     1.004342     1.544973  -0.00101981     21390.24
        8042     1.004393     1.543189 -0.001156327     21392.21
        8044     1.004703     1.538717 -0.001950445     21394.21
        8046     1.004571     1.538107 -0.001950765      21397.3
        8048     1.004416     1.529369 -0.001566535     21398.62
        8050     1.004389     1.527583 -0.002166797     21402.78
        8052     1.004174     1.526185 -0.001238271     21406.96
        8054     1.004379     1.520773 -0.001256879     21406.74
        8056     1.004504     1.519463 -0.001532013     21411.42
        8058     1.004439     1.517528 -0.001215169     21411.91
        8060     1.004205     1.513928 -0.001285632     21409.21
        8062     1.004009     1.511051 -0.001195223     21413.38
        8064     1.003835     1.509178 -0.0008742348     21411.98
        8066     1.004298     1.507966  -0.00142061     21418.34
        8068     1.004176     1.506935 -0.001542929      21420.5
        8070     1.003925     1.499687 -0.001419968     21422.47
        8072     1.003758     1.496835 -0.001806508     21423.68
        8074     1.003775     1.496606 -0.001282611     21426.92
        8076     1.003509     1.492483 -0.001384024      21428.3
        8078     1.003529     1.489426 -0.001695582     21424.92
        8080     1.003604     1.485762 -0.001216015     21423.97
        8082     1.003283     1.483042 -0.001373251     21425.39
        8084     1.002945     1.482754 -0.001430837     21427.66
        8086      1.00315      1.47844 -0.001292711     21428.93
        8088     1.002938     1.474316 -0.001506129     21432.35
        8090     1.002691       1.4727 -0.001319209     21434.45
        8092     1.002797     1.470705 -0.001058799     21436.03
        8094     1.002566     1.467886 -0.001290738     21440.59
        8096     1.002702     1.465845 -0.0008885186     21441.54
        8098     1.002592     1.462374 -0.0006803253     21443.04
        8100     1.002694     1.463597 -0.0006461266     21443.09
        8102     1.002255     1.462443 -0.0006303885     21445.53
        8104     1.002323     1.460676 -0.001325649     21452.37
        8106     1.002202     1.457331 -0.001287796     21448.29
        8108     1.002154     1.452992  -0.00166098     21451.74
        8110      1.00216     1.452141 -0.001219423     21452.74
        8112     1.002266     1.447388 -0.000330636     21452.23
        8114      1.00202     1.447575 -0.0009980414     21457.62
        8116     1.001661     1.450347 -0.0008461909     21457.91
        8118     1.001083     1.444157 -0.001489103      21460.7
        8120     1.001054     1.440619 -0.002001719     21463.03
        8122     1.000827     1.435663 -0.001493603     21460.42
        8124     1.000254     1.434333  -0.00166488     21461.41
        8126     1.000254     1.432208 -0.001234047     21460.86
        8128      1.00049       1.4273 -0.001515293     21461.23
        8130      1.00042      1.42579 -0.001150988     21464.12
        8132     1.000229     1.422211 -0.001207367     21467.49
        8134     1.000127        1.423 -0.001924365     21468.16
        8136    0.9999278     1.417641 -0.001490839     21467.87
        8138    0.9998254     1.410395  -0.00168188     21467.63
        8140    0.9997657     1.410284 -0.001400146     21470.71
        8142    0.9996511     1.409545 -0.0006461534     21470.02
        8144    0.9993655      1.40644 -0.001173722     21468.71
        8146    0.9990515     1.405226 -0.001208961     21472.08
        8148    0.9987638     1.400894 -0.001028704     21471.79
        8150    0.9988604     1.399873 -0.0008099877     21471.84
        8152    0.9983828      1.39821 -0.0008896716     21474.83
        8154    0.9984408     1.398746 -0.001139848     21478.73
        8156    0.9984055     1.393777  -0.00127538     21478.87
        8158    0.9984339     1.390754 -0.001361164      21481.2
        8160    0.9984351     1.388007 -0.001320897     21481.18
        8162    0.9978727     1.387857 -0.001189778     21481.54
        8164    0.9973574      1.38321 -0.001101936     21478.58
        8166    0.9973692     1.381236 -0.001279123     21480.87
        8168    0.9971061     1.379192 -0.001095028      21484.3
        8170    0.9966691     1.377624 -0.001114918     21482.27
        8172    0.9964944      1.37445 -0.001264256     21482.05
        8174    0.9968326     1.372317 -0.001542508     21490.08
        8176    0.9968462     1.369078 -0.001513959     21494.28
        8178    0.9965312     1.365284 -0.001166861     21489.67
        8180    0.9962165     1.362338 -0.001078282     21489.91
        8182    0.9960413     1.362982 -0.001059097     21489.78
        8184    0.9957724     1.360451 -0.001041181     21490.18
        8186    0.9956672     1.356811 -0.001622109     21495.27
        8188    0.9955086     1.354008 -0.001476725     21495.13
        8190    0.9948565     1.350005 -0.001306594     21492.96
        8192    0.9946985     1.348637 -0.001232951      21496.6
        8194     0.994507     1.346358 -0.0008861848     21498.18
        8196    0.9944995     1.344145 -0.001082064      21498.1
        8198    0.9942296     1.342916 -0.001289012      21499.5
        8200    0.9941386     1.339981 -0.001463372     21499.81
        8202    0.9940638     1.336046 -0.001233802     21499.16
        8204    0.9938058     1.332438  -0.00146564        21505
        8206    0.9933371     1.333045 -0.001163938     21508.67
        8208    0.9931029     1.328256 -0.001018769     21505.31
        8210    0.9932106     1.326735 -0.001507813     21506.61
        8212    0.9930704     1.324288 -0.001016134     21507.53
        8214    0.9926755     1.320983 -0.001239687     21510.05
        8216    0.9924683     1.320127 -0.001240515     21508.57
        8218    0.9924608     1.316817 -0.001214013     21510.01
        8220    0.9921513     1.314364 -0.001336239     21511.63
        8222    0.9919285     1.311271 -0.0009136138     21512.67
        8224    0.9916255     1.309437 -0.001169446     21512.38
        8226    0.9916778     1.309508 -0.001274921     21512.85
        8228    0.9915053     1.305008 -0.001242493     21515.19
        8230    0.9913012     1.301071 -0.001310128     21511.42
        8232    0.9909454     1.299497 -0.001028005     21512.45
        8234    0.9903575     1.299027 -0.001146727     21516.44
        8236    0.9903128     1.296784 -0.001194517     21519.23
        8238     0.989819     1.291897 -0.001362887     21516.28
        8240    0.9897971     1.289941 -0.001283685     21516.34
        8242    0.9895793     1.288124 -0.001107047     21516.34
        8244    0.9894427     1.286515 -0.0009136008     21518.72
        8246    0.9890325     1.283041 -0.001378005     21516.48
        8248    0.9885482     1.282632 -0.001783986     21515.94
        8250    0.9886634       1.2771 -0.002219879     21519.32
