# This file has been produced by extranormal (v 1.0.1 - February 23, 2017)
# O. Roudenko - Synchrotron SOLEIL. Covered by GPL licence.
#Data from HDF File: /nfs/ruche-rock/rock-soleil/com-rock/2021/Projets/20210209_Hilde/InSitu/10Ni-10Fe_50BN/10Ni-10Fe_50BN_RWGS750_CO2pulses_H2cst_ratio1/10Ni-10Fe_50BN_RWGS750_CO2pulses_H2cst_ratio1_00842.nxs to 10Ni-10Fe_50BN_RWGS750_CO2pulses_H2cst_ratio1_00843.nxs
#Time at start=2021-02-10 14:42:38.997
#Time from start (seconds)=4208.95107522
#Sample temperature (C)=24.8
# Normalization -------------
# pivot spectrum: Pivot_Fe_10Ni-10Fe_50BN_RT_air_av2000_00001.txt
# E0=7112.0   Eshift=1.61077258833
# E0_pivot = 7112.0
# pre-edge params: from E0_pivot-140.0 to E0_pivot-20.0
# pre-edge range: [6972.0, 7092.0]
# post-edge params: from E0_pivot+100.0 to E0_pivot+1140.0
# post-edge range: [7212.0, 8250.0]
# I jump at E0_pivot = 1.24735516253
# shifted energy	normalized	reference	ref.derivative	I0
        6970  0.001710086     1.681299 -0.005827609     18814.08
        6972  0.001710086     1.681299 -0.005827609     18814.08
        6974  0.001659693      1.67126 -0.002374231      18823.8
        6976  0.001582021     1.674324 -0.001894905     18829.97
        6978  0.001690243     1.674451 -0.001804334     18837.89
        6980  0.001047694     1.666139 -0.002101676     18846.43
        6982  0.001271133     1.656825 -0.002898193     18855.35
        6984 0.0005956915     1.657511 -0.002186836     18861.05
        6986  0.000721042     1.651265 -0.001086812     18869.98
        6988 0.0004850095     1.648645 -0.001632289     18877.19
        6990 0.0003936611      1.64813 -0.001156432     18883.26
        6992  0.000270982     1.644453 -0.0005413416     18891.99
        6994 0.0005613981     1.642014  -0.00135552     18902.86
        6996 0.0002799846     1.644314 -0.0009546702     18910.71
        6998 -7.060523e-05     1.637286  -0.00152273     18914.97
        7000 -0.0002003569     1.636815 -0.003037061     18921.15
        7002 -0.0001774141     1.629832 -0.001476385     18929.53
        7004 -0.0001906231     1.620018 -0.002042733      18938.7
        7006 -0.0003466019     1.625475 -0.001269803     18947.04
        7008 -0.0004965593     1.620474 -5.470731e-05     18958.48
        7010 -0.0009070335     1.619674 -0.001718196     18965.05
        7012 -0.0005374991      1.61958 -0.001454832     18972.57
        7014 -0.0003601008      1.61173  -0.00151804      18983.9
        7016 -0.0003416078     1.608835 -0.002041231     18990.89
        7018 -0.0005819047     1.607529 -0.001843372     18995.79
        7020 -0.0005086906      1.60325 -0.001521184     19006.52
        7022 -0.0008610129     1.596983 -0.001526587     19008.93
        7024 -0.0007182681     1.596665 -0.002452766     19020.79
        7026 -0.0009481472     1.595317 -0.001268643     19029.96
        7028 -0.0006354733     1.583628 -0.002050896     19036.19
        7030 -0.0004100408     1.586833 -0.002120538     19046.83
        7032 -0.0008867278     1.580258 -0.001006958     19052.67
        7034 -0.0005709357     1.578352 -0.001587721     19058.79
        7036 -0.001339985     1.575572 -0.0006493364      19066.6
        7038 -0.001245319     1.574132 -0.0005466433     19073.29
        7040 -0.001141955     1.575064 -0.001408105     19081.25
        7042 -0.001193819     1.573979 -0.001561014     19092.27
        7044 -0.001094876     1.564307 -0.001535477     19101.22
        7046 -0.0006216867     1.561644 -0.002169761     19109.17
        7048 -0.0009289418      1.56278 -0.001568523     19117.28
        7050 -0.001086344     1.556621 -0.001265504     19123.46
        7052 -0.0006232316     1.551759 -0.001568772     19132.88
        7054 -0.0002347852      1.55152 -0.0009531295     19141.99
        7056 -0.0007239921      1.55023 -0.001133987     19149.71
        7058 -0.0005696718     1.548996 -0.001636339     19161.46
        7060 -0.0004455642     1.542687 -0.001650291     19169.59
        7062 -0.0009626808     1.538429  -0.00178045     19173.61
        7064 -0.000490704     1.537027 -0.001740918     19184.46
        7066 -0.0003357723     1.534752 -0.001169036     19188.89
        7068 -0.0001235438      1.52876 -0.001906019     19198.42
        7070 0.0003026609     1.529077 -0.002095734     19205.98
        7072 0.0001061966     1.521779 -0.001346066     19213.26
        7074 0.0001876657     1.517987   -0.0011647     19220.79
        7076 0.0001441722     1.517991 -0.0003863407        19229
        7078 0.0003542097     1.519759 -0.0005408023     19233.89
        7080 0.0008637603     1.518688 -0.0009765886     19239.75
        7082   0.00104215      1.51366 -0.001541243     19248.34
        7084   0.00155771     1.510179 -0.001753326     19259.21
        7086  0.001399563     1.507429 -0.001840118     19266.96
        7088  0.001670499     1.504662 -0.001512745     19272.38
        7090  0.002252184     1.498939 -0.001201145     19281.26
        7092  0.002870223     1.498077 -0.001304281     19287.91
        7094  0.003685877      1.49782 -0.0006177233     19298.16
        7096  0.003691682     1.494227 -0.0008539086     19303.98
        7098  0.004762128     1.493997 -0.0002539208     19310.01
        7100  0.005798136     1.491246 0.0002483844     19318.51
      7100.2   0.00591305     1.491807 0.0002587783     19319.37
      7100.4  0.006027965     1.492368 0.0002691722     19320.23
      7100.6   0.00614288     1.492929 0.0002795661     19321.09
      7100.8  0.006257795      1.49349   0.00028996     19321.95
        7101   0.00637271     1.494052 0.0003003539     19322.81
      7101.2  0.006487625     1.494613 0.0003107478     19323.67
      7101.4   0.00660254     1.495174 0.0003211417     19324.53
      7101.6  0.006717455     1.495735 0.0003315356     19325.39
      7101.8  0.006630435     1.495489 0.0009298983     19326.36
        7102  0.006894451     1.496338 -0.005124632     19326.24
      7102.2  0.006876398      1.49286 -0.007263707        19325
      7102.4   0.00726167     1.491457 -0.007222256     19329.65
      7102.6  0.007665749     1.489678  0.002525175     19333.05
      7102.8  0.007721128      1.49056   0.00205283        19331
        7103   0.00777791     1.494881  0.003617852     19332.04
      7103.2  0.007890985     1.493099  0.005388781     19333.33
      7103.4  0.008105415     1.492572 -0.001964126     19332.74
      7103.6  0.008253879     1.494872 -0.0005473346     19336.27
      7103.8  0.008281822     1.493309  0.003439652     19334.35
        7104  0.008058522     1.492661  0.001683626      19331.5
      7104.2  0.008466269     1.495324  0.001229697     19333.65
      7104.4  0.009026248     1.496218 -0.0001967616     19333.94
      7104.6  0.009552109     1.494293 -0.002457614      19336.9
      7104.8  0.009788109     1.492504 -0.0002207839     19336.35
        7105  0.009826339     1.493358  0.003983434     19337.99
      7105.2  0.009958667     1.496042  0.008967311     19339.25
      7105.4    0.0099936      1.49748  0.001179175      19340.3
      7105.6   0.01017726     1.499678 -0.004335922     19342.31
      7105.8    0.0104932     1.494301 -0.006859828     19341.13
        7106   0.01074964     1.492573 -0.006622756     19342.96
      7106.2   0.01091896     1.491992  0.004480044      19342.2
      7106.4   0.01120504      1.49438   0.01057853     19342.33
      7106.6   0.01166767     1.497885   0.01349771     19343.31
      7106.8   0.01230078     1.501036   0.01439755     19345.23
        7107   0.01308582      1.50279    0.0083938     19345.04
      7107.2   0.01350213     1.505898  0.004647716     19346.32
      7107.4   0.01386609       1.5046 -0.0002448096     19347.12
      7107.6   0.01404495     1.504754 -0.007722303     19345.95
      7107.8   0.01438612     1.502594  -0.00336396     19348.03
        7108   0.01490241      1.49972 -0.003117015     19351.38
      7108.2   0.01528784     1.501909 0.0009327808     19350.77
      7108.4   0.01605186      1.50226    0.0102752     19352.49
      7108.6   0.01670639      1.50334   0.01200832     19351.96
      7108.8   0.01694619      1.50794     0.016233     19349.07
        7109   0.01780717     1.511516   0.01904984     19350.48
      7109.2   0.01901529     1.515247   0.01328391     19351.95
      7109.4   0.02011063      1.51858   0.01508584     19352.73
      7109.6   0.02119594     1.518567   0.02171017     19351.29
      7109.8   0.02210343     1.523584   0.02333281     19351.36
        7110   0.02328638     1.532615   0.03308065     19353.94
      7110.2   0.02485091     1.537247   0.04269872     19354.84
      7110.4   0.02724912     1.545032     0.050611     19355.53
      7110.6   0.02998033     1.557743   0.06629844     19355.05
      7110.8   0.03265995     1.573104   0.07500337     19350.55
        7111   0.03636586     1.590285   0.08618549     19346.88
      7111.2   0.04129718     1.605034    0.1018916     19347.27
      7111.4   0.04736309     1.626692    0.1171862     19345.82
      7111.6   0.05438248     1.654617    0.1469786     19345.37
      7111.8    0.0625991     1.684034    0.1627889     19343.72
        7112   0.07164546     1.722617    0.1643539     19343.31
      7112.2   0.08089906     1.756923    0.1689117     19340.14
      7112.4   0.09007998       1.7861    0.1562303     19339.46
      7112.6   0.09909113     1.819164    0.1396072     19338.57
      7112.8    0.1075489     1.847601    0.1383899     19339.85
        7113     0.114967     1.868609    0.1198297     19334.43
      7113.2    0.1220502     1.896812    0.1050046     19334.03
      7113.4    0.1291342     1.915027   0.09599447     19335.31
      7113.6    0.1350734     1.931605   0.07699326     19331.32
      7113.8    0.1410548     1.945404   0.07357179     19331.96
        7114      0.14621     1.958407   0.06374675      19332.5
      7114.2    0.1511908     1.973885   0.06194044      19332.7
      7114.4    0.1553993     1.982602   0.06332314     19333.65
      7114.6      0.15879     1.994957   0.05674258     19333.52
      7114.8    0.1617391     2.009065   0.06502795     19334.42
        7115    0.1641688     2.019279   0.05118812      19334.2
      7115.2    0.1661171     2.034625   0.04135322     19333.54
      7115.4    0.1680792     2.035907   0.04112243     19332.64
      7115.6     0.170318     2.042148   0.02556634     19332.36
      7115.8     0.173024     2.052177   0.03181841     19334.02
        7116    0.1761846     2.055078   0.02937618     19335.41
      7116.2    0.1799407     2.061362   0.01711633     19336.09
      7116.4     0.184824     2.065649    0.0132293     19339.51
      7116.6    0.1903564      2.06587   0.01590739     19338.12
      7116.8    0.1967573     2.065661   0.01847844     19337.62
        7117    0.2039282     2.074088   0.02400333     19338.02
      7117.2    0.2123318     2.080432   0.03533065     19337.36
      7117.4    0.2219436     2.085072   0.05036996     19339.67
      7117.6    0.2324788     2.093926   0.06511008      19338.9
      7117.8    0.2446936     2.114384   0.07342786     19337.26
        7118    0.2575705      2.13252   0.08418105     19336.66
      7118.2    0.2711679     2.143815   0.09238101     19335.77
      7118.4    0.2867316     2.161271   0.09991602     19335.12
      7118.6    0.3044704     2.188289    0.1159839     19337.93
      7118.8    0.3234987     2.212452    0.1286172     19340.39
        7119     0.343478     2.236602    0.1232183     19339.79
      7119.2    0.3654981     2.264165    0.1146367     19339.01
      7119.4    0.3892952     2.286863    0.1157835      19339.7
      7119.6    0.4132549     2.304162    0.1358973     19341.09
      7119.8    0.4375186     2.329229    0.1293845     19339.78
        7120    0.4626816     2.372882     0.141954     19337.79
      7120.2    0.4872356     2.390371    0.1375643     19334.13
      7120.4    0.5106083     2.417725    0.1057844     19335.34
      7120.6    0.5316818      2.43928    0.1235849     19334.38
      7120.8    0.5514412      2.45751    0.1127342     19334.83
        7121    0.5694212     2.489239    0.1026153     19335.16
      7121.2    0.5859681     2.507912   0.09698378     19334.97
      7121.4    0.6021634     2.521372    0.0987773     19334.84
      7121.6    0.6169692     2.535097    0.0941562      19335.4
      7121.8    0.6310633     2.568261   0.09901907      19333.7
        7122    0.6455429     2.583237     0.104822     19333.05
      7122.2     0.660606     2.600588   0.08344274     19331.84
      7122.4    0.6754742     2.618954    0.1024431     19333.72
      7122.6    0.6912069     2.635015    0.1149894     19333.73
      7122.8    0.7083045     2.665192    0.1473976     19333.62
        7123    0.7258416     2.692579    0.1401958     19334.91
      7123.2    0.7437005     2.736873   0.09568442     19332.46
      7123.4     0.760999     2.747171   0.09786956     19331.82
      7123.6    0.7791102     2.741739   0.07694338     19329.52
      7123.8    0.7974275     2.770875   0.08892471     19331.49
        7124    0.8164056     2.798427   0.09872195     19331.81
      7124.2    0.8344762     2.818311   0.03341596     19332.43
      7124.4    0.8516499     2.820717   0.04611425     19330.51
      7124.6     0.868512     2.797608   0.02382099     19329.21
      7124.8    0.8846926     2.835319   0.05736455     19328.27
        7125     0.899687     2.837368   0.09666165     19328.82
      7125.2    0.9139039     2.866609   0.06140066     19331.12
      7125.4    0.9265945     2.874937   0.09165821     19330.11
      7125.6    0.9393606     2.884439   0.05857067     19327.41
      7125.8    0.9516499     2.910695    0.0560527     19326.38
        7126    0.9646448     2.913465    0.0909565     19325.26
      7126.2    0.9767807     2.919779   0.07051255     19323.58
      7126.4    0.9876012     2.957204 -0.006242621     19322.52
      7126.6     0.998795     2.967105   -0.0443683     19322.73
      7126.8     1.010731     2.908471  -0.09343604        19322
        7127      1.02238     2.884284  -0.09095537     19322.91
      7127.2     1.034624     2.882456   0.06305253     19321.35
      7127.4     1.048306      2.89434   0.03111934     19321.04
      7127.6     1.062261     2.958913  -0.06054392     19320.98
      7127.8      1.07583      2.90918  -0.02294276     19317.62
        7128     1.089398      2.83402  -0.06450662     19318.31
      7128.2     1.103811     2.875986   0.03859543     19318.53
      7128.4     1.118355     2.907308    0.2009886     19317.68
      7128.6     1.132882     2.940056    0.2221959      19315.9
      7128.8     1.147716     2.994811    0.2456553     19314.74
        7129     1.161203     3.053743    0.2020434     19314.61
      7129.2     1.172601     3.103832   0.03202991     19313.79
      7129.4     1.183143     3.101691  -0.08354898      19315.2
      7129.6     1.191727     3.020435   -0.1542161     19314.46
      7129.8     1.199054     2.986904  -0.08829071     19311.07
        7130     1.204291     2.980459   0.01837478      19311.4
      7130.2     1.208499     3.031058   0.08902377     19310.99
      7130.4     1.211223     3.035135   0.09622938     19307.37
      7130.6     1.213677     3.058123    0.1322033        19309
      7130.8     1.215535     3.057443     0.175161     19309.31
        7131     1.216489     3.136821    0.2602499     19307.91
      7131.2     1.216733     3.175264    0.2151183     19309.81
      7131.4     1.217062     3.266323 7.284594e-06     19312.86
      7131.6      1.21759     3.229537  -0.04266241      19308.1
      7131.8     1.217221     3.136827   -0.1655272     19306.46
        7132     1.216742     3.141134   -0.1174253     19304.35
      7132.2     1.216341     3.133901    0.1655985     19303.87
      7132.4     1.215637     3.135597    0.1626645     19303.25
      7132.6     1.214757     3.269306     -0.14122     19303.63
      7132.8     1.212844     3.271265   -0.2917458     19303.08
        7133     1.210167     3.020925    -0.387426     19304.52
      7133.2     1.206499       2.9022   -0.3852782      19302.7
      7133.4     1.202357     2.959365   -0.1398822     19305.89
      7133.6     1.197106     2.963043  -0.04571719     19304.91
      7133.8     1.190977     2.909019  -0.08371946     19304.14
        7134     1.184609     2.865627  -0.08998183      19305.5
      7134.2     1.177768     2.892389   -0.1040882     19307.37
      7134.4     1.170465     2.891057  -0.07565222     19309.92
      7134.6     1.162608     2.825748   -0.1040583     19310.35
      7134.8     1.155608     2.805105  -0.07210466     19312.42
        7135     1.149218     2.809143    0.0391695     19313.11
      7135.2     1.142399     2.833374   0.07905846     19312.34
      7135.4     1.135334     2.857084    0.0953409     19313.44
      7135.6     1.127958     2.868352     0.084044     19313.91
      7135.8     1.120563     2.885415   0.06928465     19314.71
        7136     1.113488     2.900609   0.04764438     19315.33
      7136.2     1.107026     2.912512   0.03977523     19315.55
      7136.4     1.101374     2.906467   -0.0213682     19317.07
      7136.6     1.095992     2.917236  -0.06490778     19315.51
      7136.8     1.090648     2.883514  -0.05640955     19310.62
        7137     1.085865     2.860586  -0.04652705      19306.1
      7137.2     1.080936      2.86134 -0.008832439      19290.3
      7137.4     1.076648     2.880014   0.01334132     19266.72
      7137.6      1.07326     2.876448  -0.01775862     19234.61
      7137.8     1.069676     2.871259  -0.04444613     19192.99
        7138     1.066558     2.847133  -0.03342113     19151.98
      7138.2     1.063843     2.844457  -0.02185662     19115.49
      7138.4      1.05969     2.849711   0.04859798     19091.23
      7138.6     1.056601     2.853773   0.07580056     19081.12
      7138.8     1.054505     2.886011   0.05360678     19088.64
        7139     1.051582     2.905097    0.0788785      19104.2
      7139.2     1.049316     2.892597    0.0872604     19134.48
      7139.4     1.047874     2.916876   0.03057249     19161.55
      7139.6     1.046483     2.955819   0.06869215     19191.65
      7139.8     1.045291     2.929555   0.05229939     19218.13
        7140     1.044384     2.947551   0.01542321     19244.06
      7140.2      1.04404     2.958716   0.04050522     19270.14
      7140.4     1.043021     2.968158   0.03576363     19287.57
      7140.6     1.042228      2.96196 -0.007551945     19300.54
      7140.8     1.040694     2.976162  -0.04308072     19306.96
        7141     1.039796     2.952674  -0.02293506     19312.49
      7141.2     1.039336     2.933693  -0.05025858     19316.75
      7141.4     1.038965     2.943612  -0.01002862     19314.61
      7141.6     1.038099     2.935955  0.003889045     19307.11
      7141.8     1.037523     2.944651  -0.01082217     19288.66
        7142     1.036735     2.936805   0.03480706     19258.59
      7142.2     1.036106     2.934954   0.02314572     19220.46
      7142.4     1.035752       2.9638  -0.01125389     19177.98
      7142.6     1.034918     2.963168 -0.006126768     19135.73
      7142.8     1.034073     2.927801  -0.02229576      19101.4
        7143     1.033377     2.930052  0.004264893      19080.2
      7143.2     1.032212     2.945964   0.08041462     19072.35
      7143.4     1.030701      2.96658    0.0587177     19082.42
      7143.6     1.029807     2.992133   0.09118659     19111.75
      7143.8     1.028796     2.977027   0.01600529     19152.75
        7144     1.027651     3.018913  -0.02487539     19194.35
      7144.2     1.026812     2.979384 -0.009188425     19234.83
      7144.4     1.026056     2.972233  -0.06819122     19270.63
      7144.6     1.024914     2.969676  -0.01564016     19294.68
      7144.8     1.023716      2.96436  -0.03526824     19311.11
        7145     1.022788     2.966872   0.04090581     19321.79
      7145.2     1.021572     2.944018    0.0527724     19329.12
      7145.4     1.020007       3.0024   0.02779282     19334.19
      7145.6     1.018556     3.006578   0.06017798     19334.09
      7145.8     1.017303     2.989106  -0.03518408     19337.65
        7146     1.015595     2.992161  -0.04874561     19339.86
      7146.2     1.014185     2.974253  -0.02339775     19343.68
      7146.4      1.01229     2.967581 -0.003286004     19347.68
      7146.6     1.010364     2.970388   0.02148221     19347.72
      7146.8     1.008407     2.989532   0.04770688     19350.44
        7147     1.006162     2.991439   0.02847396     19354.34
      7147.2     1.003622     3.005747   0.05852058     19356.31
      7147.4     1.000953     2.993167   0.07483805     19356.14
      7147.6    0.9973542     3.036348   0.02580749     19359.84
      7147.8    0.9944095     3.051309 -0.002029545     19363.62
        7148    0.9912995     3.026393  -0.03926699     19364.22
      7148.2    0.9876879     2.991543  -0.03478568     19365.72
      7148.4    0.9841301     3.004935  -0.02358678     19365.05
      7148.6    0.9810275     3.023481     0.070168      19365.1
      7148.8    0.9782688     3.007523   0.09729442     19368.24
        7149    0.9752706     3.047678    0.1033615     19371.21
      7149.2     0.971974      3.08277    0.1342882     19373.16
      7149.4    0.9686137      3.10617   0.04580309     19374.49
      7149.6    0.9652252     3.114954  0.007709582     19375.26
      7149.8    0.9619666      3.08432  -0.03763731     19373.24
        7150    0.9591032     3.088938  -0.03591579     19372.43
      7150.2    0.9565164      3.07606     0.039515     19376.17
      7150.4      0.95392     3.086221  -0.01292137     19378.51
      7150.6    0.9513053     3.115932  -0.01344436     19381.98
      7150.8     0.948819     3.078601 -0.002818704      19385.3
        7151    0.9467387     3.065305  -0.04291507     19383.14
      7151.2     0.944984     3.083966   0.02563024     19382.04
      7151.4    0.9426293       3.0816   0.04621817     19381.79
      7151.6    0.9397912     3.099105   0.03514883     19381.86
      7151.8    0.9379195     3.102279   0.01851786     19385.85
        7152    0.9368118     3.112086   0.02378221     19386.36
      7152.2     0.935078     3.096414  0.003241498     19390.06
      7152.4    0.9342966     3.118131  -0.07359039     19392.66
      7152.6    0.9334607     3.104872   0.01996809     19393.48
      7152.8    0.9324662     3.053213  -0.01194085     19392.16
        7153    0.9318542     3.112389  0.003509087     19392.87
      7153.2    0.9314787     3.108578   0.06745796     19393.53
      7153.4    0.9307451      3.10768  -0.04141518     19394.31
      7153.6    0.9309294      3.10718   -0.0627656     19393.79
      7153.8     0.930814     3.079257  -0.09093034     19394.85
        7154    0.9310339     3.058366    -0.073833     19396.09
      7154.2     0.931319     3.034935  -0.03189246     19398.94
      7154.4    0.9314329     3.048113 0.0003559317     19400.27
      7154.6    0.9319439     3.053743   0.04824686     19400.43
      7154.8    0.9329094      3.05865   0.06172362      19403.1
        7155    0.9333617     3.073533    0.0707116     19403.04
      7155.2    0.9340044     3.097492   0.03840314     19402.85
      7155.4    0.9349692     3.110312  0.009723602     19402.19
      7155.6    0.9359526     3.089373 -0.005880482     19401.82
      7155.8    0.9371227     3.081312 -0.009796111     19404.13
        7156    0.9382533     3.092788  0.004207681     19404.44
      7156.2    0.9392759     3.102475  -0.02147094     19403.99
      7156.4     0.940249     3.092739  -0.04624761      19407.8
      7156.6     0.941379     3.064135  -0.07741632     19412.24
      7156.8    0.9423719      3.05579  -0.05158696     19413.01
        7157     0.943213     3.040542    0.0473857      19412.2
      7157.2    0.9444259     3.051469    0.0614088     19410.71
      7157.4    0.9457692     3.102044   0.06769773     19412.98
      7157.6    0.9471233     3.104917   0.01993741     19412.71
      7157.8    0.9480436       3.0947  -0.06234272     19412.33
        7158    0.9486622     3.067419  -0.02764428     19413.96
      7158.2    0.9494609     3.052169   -0.0168557      19412.4
      7158.4    0.9505402     3.082801  0.006562283     19413.31
      7158.6    0.9523976     3.081216   0.03332005     19414.25
      7158.8    0.9539104     3.072669  -0.02974208     19414.96
        7159    0.9545543     3.078825 -0.003559532     19416.38
      7159.2    0.9555129     3.059008    0.0258295     19415.79
      7159.4    0.9560834     3.078368  0.009575329      19417.4
      7159.6    0.9570807     3.093333 -0.001046033      19418.6
      7159.8    0.9582734     3.086486  -0.07479647     19419.84
        7160    0.9593938     3.058171  -0.05949331      19422.5
      7160.2    0.9596968     3.018531  -0.05830186     19423.72
      7160.4    0.9606291     3.045738  -0.02920319     19426.57
      7160.6    0.9615568     3.039844   0.04962175     19426.81
      7160.8    0.9620064     3.034808 -0.0003016452     19426.67
        7161    0.9623842     3.058228   0.02335559     19426.07
      7161.2    0.9630844     3.045497    0.0397596     19425.57
      7161.4    0.9637638     3.058529 -0.001355267     19426.38
      7161.6    0.9644206     3.066616   0.03300452     19425.95
      7161.8    0.9647403     3.057144  -0.00389657     19427.34
        7162    0.9652332       3.0719   -0.0208608     19430.27
      7162.2    0.9660393     3.055411   0.01839044      19432.5
      7162.4    0.9664049     3.049927 -0.009929863     19433.38
      7162.6    0.9665627     3.071857   0.02082972     19432.75
      7162.8    0.9665508     3.063957   0.03728674     19432.22
        7163    0.9672242     3.072075  -0.00280583     19429.97
      7163.2    0.9684845     3.079757 -0.004174479     19431.93
      7163.4    0.9696523     3.069612  -0.05875279     19433.75
      7163.6    0.9697183     3.060617  -0.06078023     19432.15
      7163.8    0.9702415     3.025073  -0.05807306     19433.18
        7164    0.9708062     3.031132   -0.0463748     19435.33
      7164.2    0.9706354     3.023153  -0.04284026     19433.41
      7164.4    0.9712975     3.023517  -0.05564882     19433.98
      7164.6    0.9717278     2.990801  -0.06092632     19433.55
      7164.8    0.9727525     2.986613  -0.01354623      19434.5
        7165    0.9736888     2.974412   0.01611362     19435.62
      7165.2    0.9739487      3.01268  0.007599963     19436.94
      7165.4    0.9748708     3.003692   0.02723498      19437.1
      7165.6    0.9755139     2.992693  -0.01341798     19435.17
      7165.8    0.9763783       2.9962   0.02344969     19435.32
        7166    0.9772496     3.001946   0.04313512     19435.82
      7166.2    0.9777519     3.022451   0.02973703      19436.5
      7166.4    0.9782948     3.027201    0.0394633     19438.12
      7166.6    0.9788679      3.01999  0.006857255     19440.38
      7166.8    0.9794767     3.033516 -0.007761485     19440.18
        7167    0.9802759     3.027937  0.004180688     19443.23
      7167.2    0.9808321     3.020992  -0.03891491     19442.35
      7167.4    0.9812592     3.023335  -0.03993717     19439.35
      7167.6    0.9817615     3.002384  -0.02249831      19440.7
      7167.8    0.9826641     2.995988  -0.01679998     19441.16
        7168    0.9837534     3.002994   0.03502184     19441.27
      7168.2    0.9842415     3.009895   0.04312868     19440.47
      7168.4    0.9849659     3.030402   0.02062107      19440.5
      7168.6    0.9861436      3.03049 -0.004593076     19442.08
      7168.8    0.9873295      3.01949  -0.03289249     19440.68
        7169    0.9885384      3.00622  -0.05330826     19441.04
      7169.2    0.9886773     3.004088  -0.02963129     19442.25
      7169.4    0.9891216     2.987844  -0.01252701     19442.86
      7169.6    0.9899524     2.995785  -0.01228292     19443.41
      7169.8    0.9906763     2.996198  -0.01331399     19444.32
        7170    0.9919727     2.994262  -0.02044857     19445.83
      7170.2    0.9926463     2.977193  -0.05210306     19448.36
      7170.4    0.9932608     2.979427   -0.0398841     19448.05
      7170.6    0.9941955     2.954516  -0.03252378     19449.27
      7170.8    0.9954631     2.962354  -0.01916935      19451.9
        7171    0.9959546     2.951174   0.07335853     19450.15
      7171.2    0.9965905     2.964091   0.01709449     19449.94
      7171.4    0.9971238     3.013203  0.001355394     19449.83
      7171.6    0.9975847      2.97603 -0.003591231     19450.89
      7171.8    0.9985538     2.952258  -0.04645605     19453.66
        7172    0.9995338     2.961218  -0.01790631     19457.72
      7172.2     1.000555     2.976038 -0.0003475058     19459.01
      7172.4     1.001302     2.961705  0.001098745     19459.07
      7172.6     1.001318      2.95198  -0.02136902      19456.6
      7172.8     1.001484     2.962097  -0.01950794     19454.06
        7173     1.001829     2.958943  -0.02213804     19455.09
      7173.2     1.002384     2.946099  -0.03653015     19457.02
      7173.4     1.003401      2.93427  -0.04254401     19458.45
      7173.6     1.004056     2.932873  -0.04639499     19459.92
      7173.8     1.004394     2.924908    -0.040286     19461.53
        7174     1.004929     2.908983  -0.03404655     19462.25
      7174.2     1.005811     2.902041   0.02125125     19461.18
      7174.4     1.006619     2.905636  0.005811365     19459.17
      7174.6     1.006495     2.941909   0.01763387     19459.78
      7174.8      1.00654     2.913632   0.02499724     19463.07
        7175      1.00701     2.916148  -0.01141048      19464.4
      7175.2      1.00693     2.925634   0.03675854     19465.12
      7175.4     1.007717      2.93278 0.0002885733     19468.43
      7175.6     1.008088     2.943038  0.007017091      19469.4
      7175.8     1.008494     2.916379  -0.05673528     19469.48
        7176     1.008788     2.931247  -0.07992619     19468.27
      7176.2     1.008822     2.887392 -0.009189993     19470.17
      7176.4     1.008815     2.879098  -0.04327847      19470.7
      7176.6     1.009187     2.909027   0.02497111      19471.4
      7176.8     1.009422     2.896624   0.05598083     19472.71
        7177     1.009677     2.907369 -0.009905078     19471.27
      7177.2     1.009473     2.923882 -0.008982404     19472.03
      7177.4     1.009268     2.901103  -0.04001078     19471.73
      7177.6     1.008845     2.889439  -0.07202869      19472.8
      7177.8     1.008103      2.87536  -0.03337342     19474.41
        7178     1.008027     2.866259 -0.004015494     19473.81
      7178.2     1.008403     2.874404   0.01299343     19474.54
      7178.4     1.008765     2.886226   0.01936803     19476.55
      7178.6     1.008796     2.885755   0.01751992     19477.77
      7178.8     1.008803     2.881754  -0.01502203     19479.49
        7179     1.009103      2.88842  -0.01807367      19479.7
      7179.2     1.008991     2.874208  -0.01989265     19479.53
      7179.4     1.009149     2.871296  -0.06885497     19480.63
      7179.6     1.009369      2.86584  -0.01753824     19478.18
      7179.8     1.008931     2.833336  -0.03411286     19479.37
        7180     1.008762     2.860178   0.02780353     19481.68
      7180.2     1.008685     2.844006   0.07461117     19483.04
      7180.4     1.008681     2.888082  -0.01149335     19482.65
      7180.6     1.009091     2.893025   0.00609119     19480.82
      7180.8     1.009675     2.850983  -0.01292387     19482.06
        7181     1.009938     2.848879   -0.0649419     19482.35
      7181.2     1.010135     2.877743  0.003806839     19482.88
      7181.4     1.009578     2.841071   0.03820101     19486.09
      7181.6     1.009305     2.854029  -0.00481331     19485.71
      7181.8     1.009529      2.87944   0.04511721     19486.07
        7182     1.009555     2.873893   0.03819464     19485.86
      7182.2     1.009834     2.877165  -0.01124893     19487.53
      7182.4     1.010436     2.884584    0.0124851     19489.81
      7182.6     1.011122      2.87044   0.01114615      19491.7
      7182.8     1.011187     2.883881  -0.02031764     19493.66
        7183     1.010874     2.886082  -0.01212098     19494.14
      7183.2     1.010953      2.86833  -0.04360657      19493.5
      7183.4     1.010943     2.860744  -0.06408372     19495.22
      7183.6     1.010805     2.848995  -0.04317626     19497.25
      7183.8     1.011163     2.834815  -0.01354519     19496.79
        7184     1.011547     2.833789   0.02162972     19497.68
      7184.2     1.011639     2.849907   0.04448694     19497.24
      7184.4     1.011829     2.866299   0.04403628     19494.25
      7184.6     1.012101     2.870405   0.02604048     19496.64
      7184.8     1.012603     2.869018 -0.004360808     19500.35
        7185     1.013135      2.87074   0.04635852     19501.92
      7185.2     1.013225     2.862811   0.03772948     19501.06
      7185.4     1.013598     2.907491   0.03501202     19500.55
      7185.6     1.013315     2.899202   0.05959016     19500.98
      7185.8     1.013614     2.898749  -0.02587234     19503.88
        7186     1.013752     2.910483  -0.01713258     19505.63
      7186.2     1.013821     2.886793 -0.004531943     19509.06
      7186.4     1.013602     2.885496  -0.04493796     19507.11
      7186.6     1.014149     2.895124    0.0099648     19506.98
      7186.8      1.01394     2.874532  0.001388651     19507.88
        7187     1.014202     2.894765   -0.0236048     19508.28
      7187.2     1.014472     2.886607  0.002902158     19508.85
      7187.4     1.014501      2.87624  -0.01891568      19510.9
      7187.6     1.014537     2.876854   -0.0331123     19512.24
      7187.8     1.014555     2.879633  0.008536176     19511.26
        7188     1.014756     2.860117   0.03334163     19511.77
      7188.2     1.014677     2.883069    0.0231643     19513.28
      7188.4     1.014286     2.903527   0.07988944     19514.21
      7188.6     1.014082     2.898164   0.05470239     19515.53
      7188.8      1.01406     2.924028   0.04698191      19516.6
        7189     1.014206     2.926831   0.06817676     19516.92
      7189.2     1.014592     2.941113 -0.005513698     19517.95
      7189.4     1.014905     2.952706  -0.01631692     19520.01
      7189.6     1.014982     2.919617 -0.006999665     19520.12
      7189.8     1.014992     2.913777 -0.006939769      19519.8
        7190     1.014155     2.935513  -0.01090637     19520.16
      7190.2     1.013861     2.947154  -0.02295529     19522.27
      7190.4     1.013484     2.910892  -0.06915895     19523.59
      7190.6     1.013123     2.895413  -0.08180842     19523.58
      7190.8     1.013282     2.880186  -0.02494699     19525.59
        7191      1.01364     2.881707   0.02983115     19526.04
      7191.2      1.01403     2.890935   0.06153083     19526.21
      7191.4     1.014722     2.919278   0.01323649     19527.69
      7191.6     1.014495     2.929411  -0.01571287     19529.75
      7191.8     1.013808     2.892296   0.03894652     19531.39
        7192     1.013345     2.878365 -0.001234057     19533.43
      7192.2     1.013383     2.950435   0.02856796     19533.58
      7192.4      1.01412     2.928423    0.1059358     19532.83
      7192.6     1.014219     2.915151   0.07093833     19532.76
      7192.8     1.014173     2.963113    0.1049003     19533.28
        7193     1.014179     3.007186    0.1008659     19534.32
      7193.2     1.013613     3.012344    0.0210564     19533.21
      7193.4     1.013663     2.995843  -0.04951626     19534.13
      7193.6     1.014065     2.979958  0.003586202     19537.94
      7193.8     1.013602     2.967573   0.06283632     19538.11
        7194     1.013672     3.015213   0.07883047     19537.11
      7194.2     1.014283     3.046112   0.07349909     19537.29
      7194.4     1.013901     3.043023  -0.03007003     19537.77
      7194.6     1.014156     3.026372   -0.1029801     19536.49
      7194.8     1.014703     2.991157  -0.06432296     19538.03
        7195     1.014823     2.963728  -0.05021792     19537.38
      7195.2     1.015621     2.991564 -0.008172893     19540.11
      7195.4     1.015701     2.986198   0.02892051     19539.73
      7195.6     1.015556     2.984618  0.009755745     19543.42
      7195.8     1.015902     2.986865   0.01219352     19544.47
        7196     1.015949     2.999369   0.04249024     19546.16
      7196.2     1.016298     2.995953 -0.000385022     19547.41
      7196.4     1.016093      3.01861  -0.01951356     19545.64
      7196.6     1.016057     2.986557  -0.02990326     19546.03
      7196.8      1.01613     2.983758  -0.07984799     19546.43
        7197     1.016197      2.97203  -0.07629643     19549.07
      7197.2     1.016417     2.954732   -0.1111284     19550.76
      7197.4      1.01631      2.92552  -0.09020397     19551.39
      7197.6     1.016398     2.894855  -0.01542905     19551.93
      7197.8     1.017087     2.899867   0.05542357     19555.15
        7198     1.017267     2.942389   0.09607692     19557.87
      7198.2     1.016885     2.969858    0.1238412     19554.54
      7198.4     1.017019     2.971717   0.03480437     19553.01
      7198.6     1.017632      2.99894   -0.0667068     19556.71
      7198.8     1.018044     2.970232  -0.08201383      19560.6
        7199     1.017916     2.916493  -0.07876402     19562.36
      7199.2     1.017926     2.906106   0.09788447     19563.73
      7199.4     1.018293     2.935929    0.1665341      19563.8
      7199.6     1.018146      3.04854     0.157871     19560.45
      7199.8     1.018871      3.04972    0.1429193     19561.16
        7200     1.019107     3.032403 -0.005096324     19559.42
      7200.2     1.018816     3.050264  -0.04779197     19561.19
      7200.4     1.019224     3.044463   -0.0603833     19566.27
      7200.6     1.019008     3.011487   -0.1045338     19565.07
      7200.8     1.018421     2.984096   -0.1281459     19563.39
        7201     1.018407     2.966637  -0.09070653      19565.4
      7201.2     1.018388     2.941946  -0.07750084     19564.26
      7201.4      1.01856     2.938921  -0.05416363     19564.49
      7201.6     1.018766     2.922095  -0.02090091     19566.35
      7201.8     1.019006     2.923306  -0.04101509     19569.39
        7202     1.018941     2.925225  -0.02241138     19569.97
      7202.2     1.018752     2.906109  -0.03582388     19568.88
      7202.4     1.018936     2.904166  -0.07152102      19570.4
      7202.6     1.019319     2.894647   -0.0366796     19571.49
      7202.8     1.019573     2.868009  0.003408112     19571.66
        7203     1.019935     2.876766 -0.006712323     19572.62
      7203.2     1.020284     2.906893  -0.01004021      19574.2
      7203.4     1.019725     2.889277  -0.01048442     19576.67
      7203.6     1.019578     2.859976  -0.04496771     19576.84
      7203.8     1.019644     2.868378  -0.05297847     19576.97
        7204     1.019498     2.870918   -0.0181346     19579.06
      7204.2     1.018891     2.846894    0.0029098     19577.76
      7204.4     1.018983     2.845469  -0.01535269     19575.99
      7204.6     1.019299     2.870706   -0.0116439      19577.4
      7204.8      1.01875     2.858636 -0.004484302     19575.88
        7205     1.019377     2.837579  -0.02125042     19576.87
      7205.2     1.019455     2.841881  -0.03727794     19579.12
      7205.4      1.01987     2.853706  -0.02136801      19579.8
      7205.6     1.019885     2.828814  -0.02037011     19579.82
      7205.8     1.020236     2.820485  -0.03616691      19581.1
        7206     1.020114     2.825585 -0.003052486     19584.35
      7206.2     1.019876     2.824772  0.005152886     19586.72
      7206.4     1.019785     2.826372   0.01458415     19586.77
      7206.6      1.01961     2.824607   0.01657768     19587.53
      7206.8     1.019382     2.837253  -0.01116788     19588.32
        7207     1.018965     2.838034 -0.001901463     19588.01
      7207.2     1.019059     2.817438   -0.0185583      19588.6
      7207.4      1.01946     2.823086  -0.03701293     19588.47
      7207.6     1.019383     2.822406    -0.024893      19586.9
      7207.8     1.019281     2.808424 -0.006273516     19587.24
        7208     1.019545     2.797523  0.008258538     19589.79
      7208.2     1.019849     2.818067   0.01235635     19590.36
      7208.4      1.01978     2.829013  0.003490549     19592.35
      7208.6      1.01968     2.818309   -0.0069232     19593.57
      7208.8     1.019058     2.800316 -0.008734513     19594.49
        7209     1.018728     2.812529 -0.005733739     19596.59
      7209.2     1.019035     2.822025   0.01462322     19595.44
      7209.4     1.018779     2.813722  0.003231105      19595.9
      7209.6     1.018741     2.812014  0.007818935     19596.11
      7209.8     1.018782     2.815114 0.0004541193     19598.93
        7210     1.019115      2.82828  0.001071233     19599.42
      7210.2     1.018271     2.814085    0.0229632     19595.98
      7210.4     1.017758     2.812871  0.005715742     19595.87
      7210.6       1.0183     2.833484   0.02963528     19596.93
      7210.8     1.018681     2.832853   0.04078919     19596.93
        7211      1.01848     2.837793 -0.009018018      19599.4
      7211.2     1.018195     2.845503  -0.01256067     19600.07
      7211.4     1.018053      2.82627  0.001748144     19599.77
      7211.6      1.01738     2.822804 -1.877425e-05     19600.99
      7211.8     1.016779     2.839192   0.03632653     19599.64
        7212     1.016787     2.845488   0.04054736     19602.13
      7212.2     1.016489     2.855331   0.03808077     19603.96
      7212.4     1.016024     2.855242   0.04680653     19603.49
      7212.6     1.016168     2.869657  0.007935248     19601.39
      7212.8     1.016187     2.882933  0.007771221     19606.09
        7213     1.015785     2.861679   0.03780049     19608.11
      7213.2     1.015632     2.861459   0.04657292     19612.82
      7213.4      1.01553     2.899897    0.1186943     19612.56
      7213.6     1.015131     2.920191    0.1229347     19612.39
      7213.8     1.014721     2.956635   0.05418592     19614.48
        7214     1.014867     2.959807   0.05405268     19614.37
      7214.2     1.014596     2.943246  0.008854009     19614.38
      7214.4     1.014033     2.963433 -0.002851888     19615.76
      7214.6     1.013744     2.963718   0.02809761     19616.78
      7214.8     1.013601     2.957525  0.005560522     19616.45
        7215     1.013611     2.965724   0.02133202      19613.8
      7215.2     1.013707     2.967882   0.04800577     19613.97
      7215.4     1.013194     2.980783   0.03333649     19615.45
      7215.6     1.012674      2.99593   0.04046333      19613.8
      7215.8     1.012787     2.992393   0.05813041     19616.13
        7216     1.012416     3.000252  0.002838102     19618.19
      7216.2      1.01198     3.027288  -0.01390171     19616.77
      7216.4     1.011534     2.998201  0.008606384      19621.5
      7216.6     1.011233     2.981272   0.03185227     19621.87
      7216.8     1.010584     3.007138    0.0986054     19619.71
        7217     1.009986      3.05277    0.1036748     19622.58
      7217.2     1.010165     3.077085   0.06345564     19621.78
      7217.4     1.009954     3.064211   0.04341052     19619.64
      7217.6     1.009922     3.057902   0.01118338     19622.04
      7217.8      1.01007     3.087498  0.008157147     19622.85
        7218     1.009791     3.086032   0.02500312     19622.22
      7218.2      1.00979     3.070737  -0.02405267     19625.91
      7218.4     1.009441     3.077905  -0.04555414     19624.43
      7218.6     1.008537     3.068256 -0.006492781     19624.47
      7218.8     1.008124     3.049588 -0.000897569     19627.71
        7219     1.007974     3.065543   -0.0151201     19627.21
      7219.2     1.008112     3.077186   0.00128888     19627.84
      7219.4     1.008247      3.05616    0.0148683     19628.75
      7219.6     1.007878     3.050619   0.03768797     19629.15
      7219.8     1.007691     3.077438   0.06661274     19631.34
        7220     1.007453     3.107337   0.06094734     19631.24
      7220.2     1.007378      3.10945   0.03759579     19632.88
      7220.4     1.007358     3.099377   0.01317169      19632.6
      7220.6     1.006768     3.107514   0.04332212     19635.04
      7220.8     1.006622     3.117874   0.05247819     19635.22
        7221     1.006443     3.144108    0.0557591     19634.56
      7221.2     1.006184      3.14136  0.005214956     19635.58
      7221.4     1.006007     3.152122   0.01160555     19635.53
      7221.6     1.005848     3.122046   0.02295079     19635.54
      7221.8     1.005408     3.153392 -0.008873992     19637.34
        7222     1.005352      3.15972   0.04924986      19639.5
      7222.2     1.005617     3.145022   0.03014277     19640.71
      7222.4     1.005563     3.161446   0.03750843     19640.77
      7222.6      1.00551     3.177506  0.006238739     19642.26
      7222.8     1.005301     3.189727  -0.07848924     19641.93
        7223     1.004632     3.150013   -0.1153789     19641.59
      7223.2      1.00413     3.098655   -0.1515652     19643.78
      7223.4     1.003953     3.085203   -0.1353294     19644.95
      7223.6     1.003992     3.068475  -0.09181182     19646.88
      7223.8     1.004124      3.04175  -0.03812612     19648.65
        7224     1.003928     3.025205  -0.02846374     19647.96
      7224.2     1.003725     3.054702   -0.0215357      19650.2
      7224.4     1.003237     3.045704  -0.04194241     19650.63
      7224.6     1.003121     3.024521  -0.05260865     19650.37
      7224.8     1.003375     2.991651  -0.05579135     19653.91
        7225     1.003757     3.012615  -0.04338371     19653.01
      7225.2     1.003566     3.001071   0.02208263     19655.36
      7225.4      1.00293     2.989814 -0.005257064     19652.35
      7225.6     1.002201     3.009317   0.03311856     19653.44
      7225.8      1.00177      3.00841    0.1048774     19653.12
        7226     1.001778     3.027566   0.09919266      19653.6
      7226.2     1.001751     3.073716   0.06272602     19654.76
      7226.4     1.001391     3.088672   0.01987275     19655.53
      7226.6     1.000983     3.058591  -0.05453278     19656.97
      7226.8     1.000461     3.043464  -0.07465737     19656.35
        7227      1.00019      3.03009  -0.01057614     19657.06
      7227.2     1.000308     3.028946 -0.009220605     19658.93
      7227.4    0.9999305      3.05013  -0.01615162     19658.36
      7227.6     0.999175     3.036088   -0.0472052     19657.28
      7227.8    0.9989652     3.017169   -0.1309769     19657.68
        7228    0.9989128     2.991181   -0.1406187     19661.27
      7228.2     0.998387     2.945348   -0.1153161     19662.08
      7228.4    0.9980706     2.923593  -0.09686503        19665
      7228.6    0.9980163     2.924916  -0.06527386     19663.34
      7228.8    0.9978897     2.913689  -0.01471272     19663.35
        7229    0.9970906     2.893129  -0.04234632     19663.88
      7229.2    0.9967232     2.911822   -0.0623558     19663.62
      7229.4    0.9959986     2.891039  -0.04675169     19662.53
      7229.6     0.995804     2.863805   -0.0829865     19663.15
      7229.8    0.9957104     2.855728  -0.05352687     19665.88
        7230    0.9957475     2.845433  0.002562625     19665.21
      7230.2    0.9960078     2.848217    0.0263833     19666.24
      7230.4    0.9962089     2.865855   0.05356209     19666.02
      7230.6    0.9966746     2.876834   0.05161822     19668.58
      7230.8    0.9965328     2.888283   0.01208637      19671.6
        7231     0.996037     2.889512  0.007922011     19672.76
      7231.2    0.9956971     2.875524 0.0002796129     19674.28
      7231.4    0.9950193     2.883172  -0.02472514      19672.5
      7231.6    0.9946781     2.888507 -0.0003647684      19672.7
      7231.8    0.9941419     2.869732  -0.01497332     19672.32
        7232    0.9937295     2.875232  -0.02626118     19670.87
      7232.2     0.993208     2.871193  -0.02600565     19671.36
      7232.4    0.9930985     2.867498  -0.06294344     19672.56
      7232.6    0.9928386     2.848927  -0.06968161     19674.23
      7232.8    0.9929138     2.824877  -0.07708819     19676.03
        7233    0.9929168     2.815448  -0.05951822     19675.14
      7233.2    0.9926193     2.805827  -0.04844736     19678.06
      7233.4     0.992312     2.801313  -0.06432889     19676.82
      7233.6    0.9921171      2.78612  -0.07368346     19677.01
      7233.8    0.9921338     2.763985   -0.0669033     19676.85
        7234    0.9922001      2.74688  -0.04365572        19678
      7234.2    0.9922851      2.74779   -0.0249638     19680.29
      7234.4    0.9923737     2.751195 -0.003055082     19679.14
      7234.6    0.9925322     2.744014  0.005749318     19678.78
      7234.8    0.9924304     2.744436  0.002103184     19681.05
        7235    0.9920465     2.752389  0.007249644     19681.24
      7235.2      0.99188     2.752878  0.004039697     19680.43
      7235.4    0.9919324     2.749814  -0.01363761     19682.15
      7235.6    0.9921236     2.747668  -0.02091341     19684.52
      7235.8    0.9919258     2.741479  0.005578739     19683.76
        7236    0.9923243     2.736147 -0.009248904     19686.12
      7236.2    0.9920652     2.754277  0.004245394     19688.96
      7236.4    0.9915797     2.740269   0.01793464     19689.03
      7236.6    0.9913238     2.744876   0.01502643     19689.34
      7236.8    0.9908546     2.750494   0.02246619      19687.8
        7237    0.9910036     2.766298   0.01542284     19686.92
      7237.2    0.9912057     2.758242 0.0007181289     19689.06
      7237.4    0.9907123     2.757214  -0.04022187     19688.13
      7237.6    0.9905161     2.751069  -0.04521384     19687.94
      7237.8    0.9905022      2.73412  -0.04470919     19687.96
        7238    0.9904762     2.722071  -0.03836626     19685.21
      7238.2    0.9905635     2.721447  -0.02736295     19686.72
      7238.4    0.9906003     2.720376  -0.02072882     19689.31
      7238.6    0.9905806      2.71223  -0.03693492     19689.58
      7238.8    0.9906402     2.705488  -0.04829585     19691.34
        7239    0.9909261     2.691899  -0.02582431     19691.83
      7239.2      0.99129     2.681739 0.0008590131     19693.79
      7239.4    0.9916499      2.69157   0.01856581     19693.86
      7239.6    0.9915559     2.706175    0.0556614     19697.58
      7239.8    0.9914405     2.706751   0.06126802     19699.14
        7240    0.9917007     2.726268   0.06910489     19700.57
      7240.2     0.992343     2.740585    0.0579352     19704.15
      7240.4    0.9921998     2.761459  0.006618527     19702.46
      7240.6    0.9925523     2.753099  -0.01512976     19702.23
      7240.8    0.9925588     2.731563  -0.03364447     19702.62
        7241     0.992655     2.728481  -0.03037694     19702.93
      7241.2    0.9929987     2.734543 -0.003075022     19703.01
      7241.4    0.9930718     2.728798   0.02290484     19703.71
      7241.6    0.9928145     2.729103   0.02435765     19702.46
      7241.8    0.9925662     2.746805   0.02674744     19701.42
        7242    0.9927827     2.754029   0.03219328     19704.24
      7242.2     0.993359     2.750196   0.01749154     19707.03
      7242.4    0.9937408     2.754858  0.005964772     19708.59
      7242.6    0.9939018     2.760798 -0.005674286     19710.45
      7242.8    0.9939798     2.758801 -0.005148143     19709.88
        7243    0.9939156     2.745656  -0.02035139     19707.97
      7243.2    0.9941303     2.750739 0.0003443333        19709
      7243.4    0.9945753     2.744517   0.02416818     19711.14
      7243.6    0.9948371     2.759077   0.02812431     19710.57
      7243.8    0.9949413     2.764991    0.0276099     19710.81
        7244    0.9946938     2.773239   0.02233311     19712.21
      7244.2    0.9941117     2.766605   0.01093776     19715.28
      7244.4     0.994663     2.776943  -0.01010291     19716.15
      7244.6    0.9947001     2.773741 -0.007040876     19715.59
      7244.8    0.9951097     2.765156  -0.02654563     19715.98
        7245    0.9960132     2.760972 -0.001922674     19715.46
      7245.2     0.996483     2.755707    0.0198193     19716.39
      7245.4     0.996935     2.772203    0.0156839      19718.6
      7245.6    0.9969737     2.781012   0.02026712      19719.6
      7245.8    0.9966059     2.773519  -0.01495346     19721.99
        7246    0.9966013      2.77192 -0.003569269     19722.11
      7246.2    0.9964152      2.76024 -0.008469725     19718.05
      7246.4    0.9963466     2.778156   -0.0105521      19717.1
      7246.6    0.9969248     2.766744    0.0139559     19715.59
      7246.8    0.9977982     2.763479   0.00345396     19717.93
        7247    0.9977331     2.771405   0.01842922     19718.57
      7247.2    0.9983159      2.78092   0.01702884     19722.77
      7247.4    0.9983809     2.781487   0.02958826     19722.68
      7247.6    0.9981053     2.777102   0.02780307     19724.79
      7247.8     0.998147     2.795076    0.0238383     19722.89
        7248    0.9988475     2.803162 -0.008613349     19724.23
      7248.2    0.9993491     2.800558  -0.02653376     19724.21
      7248.4    0.9994701     2.770211 -0.0006815434     19725.02
      7248.6     0.999736     2.773849 0.0009750687     19728.68
      7248.8     1.000046     2.802617    0.0260406     19728.77
        7249      1.00024     2.801338   0.03578787     19729.25
      7249.2     1.000268     2.791044   0.01942198      19732.1
      7249.4     1.000266     2.802479 -0.006694129      19732.7
      7249.6     1.000156     2.818154   0.01746535     19733.06
      7249.8    0.9999224     2.795982 -0.003384622      19733.2
        7250     1.000694     2.805016  -0.01406748     19734.35
        7252     1.002557     2.776997 -0.001604424     19738.14
        7254     1.004927     2.769099 -0.003162657     19749.37
        7256     1.007646     2.775142 -0.005631631     19753.71
        7258     1.009862     2.758182 -0.0003718771      19757.8
        7260     1.012822     2.731944  0.002729247     19767.77
        7262     1.014833     2.766124   0.01064158     19775.27
        7264     1.016462     2.796975  0.004445698     19780.79
        7266     1.018119     2.843314  0.003578743     19785.53
        7268     1.018524     2.767509 0.0003560294     19795.37
        7270     1.018769     2.794754 -0.004243781     19800.24
        7272     1.018956     2.799824  0.003259952     19810.36
        7274     1.019023     2.809364  0.005031442     19817.72
        7276      1.01813     2.793589  0.007516923     19819.05
        7278     1.017625     2.835005  0.006104525     19824.67
        7280     1.016964     2.859959  0.007587419      19835.6
        7282     1.015645       2.8582  0.004463946     19843.15
        7284     1.013773     2.854288  0.006504943     19848.36
        7286     1.012312     2.870717  0.006172375     19853.63
        7288     1.010686     2.911999  0.003279424     19859.92
        7290     1.009254     2.907579 -0.000258934     19871.56
        7292     1.007421     2.880524  -0.01324595     19875.51
        7294     1.005814     2.868645  -0.01858887     19884.96
        7296      1.00537     2.806031  -0.01543695     19890.58
        7298     1.004247     2.758868  -0.01830589     19900.82
        7300      1.00347     2.757028  -0.01616153     19906.05
        7302     1.003675     2.722198  -0.01057945     19913.43
        7304     1.002913     2.676739  -0.01211107     19916.84
        7306     1.002364     2.674233 -0.008130532     19921.58
        7308     1.002164      2.66014 -0.004236131     19927.79
        7310     1.002162     2.657154 -0.003073273     19936.55
        7312      1.00215      2.64285 -0.002997787     19941.99
        7314     1.001951     2.649647 -0.001748353     19950.02
        7316     1.001792     2.636157 -0.0007665986      19956.6
        7318     1.001754     2.643167 -0.002728874     19964.55
        7320     1.002072     2.636717 -0.001086954     19972.44
        7322      1.00146     2.627816 -0.0003525306      19976.4
        7324     1.001699     2.627462 -0.002575201     19979.33
        7326     1.001294     2.640347 -0.001251531     19985.33
        7328     1.001882     2.616115 -0.0004898451      19991.8
        7330     1.001288     2.617803 -0.004535269     19996.55
        7332     1.000906     2.623543 -0.002942648     20002.89
        7334    0.9999321     2.604065 -0.002701618     20008.58
        7336     1.000445     2.592574 -0.003571879     20016.34
        7338     1.000242     2.596191 8.917126e-05     20021.03
        7340    0.9999856     2.594968 0.0007458338      20027.2
        7342     1.000159     2.604778  0.003889045     20034.94
        7344     1.000223     2.598541  0.003789714     20040.05
        7346     1.000085     2.627303 0.0008733647     20044.71
        7348     1.000201     2.625286    0.0070715      20050.5
        7350    0.9997924     2.611765  0.008178092     20051.93
        7352    0.9999048     2.655113  0.001090384     20063.13
        7354     1.000675     2.692728    0.0166671     20070.95
        7356     1.000525     2.634009  0.008991069     20075.07
        7358     1.000581     2.745102  0.006053015     20083.21
        7360     1.000505     2.727041   0.01117508     20088.03
        7362     1.000505     2.741152 -0.002412798     20096.95
        7364     1.000327     2.723409 -0.002060839     20099.99
        7366     1.000147       2.7258 -0.002040096     20105.89
        7368     1.000447     2.710555  -0.00377756     20113.05
        7370     1.000014     2.724831 -0.008037562     20118.71
        7372      1.00012     2.693189 -0.008701597     20124.15
        7374    0.9997851     2.661499  -0.01644809     20124.77
        7376    0.9997158     2.640942  -0.01647525     20133.25
        7378    0.9993384     2.593246  -0.01714827      20139.8
        7380    0.9988128     2.561387   -0.0158159     20146.13
        7382     0.998953     2.524313  -0.01162071     20152.29
        7384     0.998409     2.514415 -0.007791413     20160.17
        7386    0.9984923     2.500281 -0.002988051     20166.35
        7388    0.9986152     2.499056  6.66988e-05     20175.25
        7390    0.9981971     2.500408 -0.001009656     20177.77
        7392    0.9982608     2.514948 -0.001402012     20185.41
        7394    0.9984241     2.492203 0.0009415446      20192.9
        7396    0.9978912     2.487839 3.067152e-05     20197.22
        7398    0.9976267     2.507941  0.001394368     20204.93
        7400    0.9974575     2.515194  0.001555978     20210.99
        7402    0.9971882     2.503358 -0.0003765232     20212.51
        7404    0.9974721     2.500287 -0.001577962     20220.62
        7406    0.9969282     2.504929 -0.001309587     20223.91
        7408    0.9970511      2.50257 0.0004640123     20233.63
        7410    0.9970527     2.492882 0.0002225705     20235.97
        7412    0.9960791     2.503999 -0.0004016259     20241.37
        7414    0.9959232     2.506709 -0.0006667058     20251.18
        7416    0.9964013     2.499357 -0.003177929     20257.32
        7418    0.9966063     2.487548 -0.005824577     20260.18
        7420    0.9956155     2.478576 -0.004475065     20265.24
        7422    0.9956966     2.460113 -0.003974471        20272
        7424    0.9954511     2.463556 -0.004520828     20275.83
        7426    0.9961801     2.455752 -0.001439426     20286.05
        7428     0.996198     2.442409  -0.00141496     20293.03
        7430    0.9961733     2.448597 -0.002937122      20299.6
        7432    0.9960436     2.452237 0.0004819956     20301.98
        7434    0.9963934     2.432255 0.0007171781     20310.75
        7436    0.9955518     2.446265  0.002710799     20315.61
        7438    0.9955819     2.454335  0.006579928     20321.77
        7440    0.9962236     2.473923  0.001828751     20325.09
        7442    0.9965581     2.484895  0.003183948        20331
        7444    0.9955023     2.460895 0.0008928792     20335.72
        7446    0.9950957     2.479806 -0.001459328     20338.05
        7448    0.9952877     2.481066  0.002760031     20343.28
        7450    0.9953793      2.47322 -0.003232493     20348.99
        7452    0.9956358     2.482976 -0.001980504     20356.01
        7454    0.9956111     2.453946 -0.001975892     20362.14
        7456    0.9953101     2.465222 -0.003214859      20367.7
        7458    0.9951373     2.457413 0.0007877932     20375.18
        7460    0.9949754     2.457257 -0.0009317202      20378.5
        7462    0.9949108     2.460249 0.0002146827     20381.23
        7464    0.9953723     2.457768 -0.002905797     20389.19
        7466     0.995379      2.45913 -0.003367064     20395.66
        7468    0.9954557      2.43401 -0.004125127     20400.59
        7470    0.9950143     2.433312 -0.005376457     20402.97
        7472     0.995094     2.424767 -0.004247982     20409.22
        7474    0.9952768     2.416119 -0.005649266     20417.29
        7476    0.9954675     2.400026 -0.005770013     20421.67
        7478    0.9953981     2.388118 -0.005025094     20427.72
        7480    0.9952453     2.378607 -0.004796408     20431.42
        7482    0.9945619     2.375918 -0.004333416      20438.2
        7484    0.9947501     2.361655 -0.003587191     20443.46
        7486     0.995187     2.353451 -0.004443658     20446.76
        7488    0.9955004      2.34991 -0.004777526     20454.26
        7490    0.9949465     2.340369 -0.002568614     20460.39
        7492     0.995061     2.323435 -0.003264418     20464.86
        7494    0.9951921     2.332902 -0.002411594     20470.06
        7496    0.9950749     2.323794 -0.0002538389      20475.3
        7498    0.9949632     2.321076  -0.00135393     20480.45
        7500    0.9949019     2.321404 -4.778104e-06     20485.17
        7502    0.9948781      2.32207 6.440577e-05     20490.31
        7504     0.995192     2.323756 -0.001549643     20498.91
        7506    0.9949877     2.321591 -0.001212337     20502.36
        7508    0.9950002     2.309007 -0.002087484     20504.55
        7510    0.9951594     2.312372 -0.002532467     20512.57
        7512    0.9951624     2.307056 -0.001413526     20515.13
        7514    0.9949331     2.301331 -0.001288966     20519.21
        7516    0.9947038     2.297699 -0.001001401     20517.18
        7518    0.9954369      2.30206 -0.001140322     20505.71
        7520    0.9952623     2.299045 -0.0004367919      20499.8
        7522     0.995221     2.292209 -0.002213812     20492.58
        7524    0.9958557     2.294205 -0.0007173313      20415.9
        7526    0.9964342     2.284349 -0.0003092503     20152.59
        7528    0.9937073     2.293306 -0.002254831     20273.02
        7530    0.9958799     2.289735 -0.0004512454      20207.3
        7532    0.9942683     2.276166 -0.0002386503      20363.4
        7534    0.9948617     2.280739  -0.00306622     20554.97
        7536    0.9949029     2.291397 -0.001759779     20546.08
        7538    0.9947164     2.265205 -0.002277828      20551.8
        7540    0.9949879     2.262088  -0.00230502      20573.3
        7542    0.9945826     2.262517 -0.0006607886     20589.76
        7544    0.9952339     2.272957 0.0004070976     20597.63
        7546    0.9951692     2.259919 0.0007949188     20600.05
        7548    0.9954558     2.265344 0.0002146362     20606.63
        7550    0.9958193     2.268876  0.001542257     20611.41
        7552    0.9955799     2.274674 0.0005950052     20612.91
        7554    0.9958677     2.272257 -0.001100678     20619.56
        7556    0.9952213     2.270105 -0.0009504308        20622
        7558    0.9955862     2.260071 -0.001081813     20631.81
        7560    0.9953536     2.267071 -0.001675931     20633.95
        7562    0.9958033     2.263602 -0.0006409247     20637.46
        7564    0.9956667     2.256697 -0.002265955     20642.01
        7566    0.9958607     2.254943 -0.002005349     20645.45
        7568    0.9964398     2.248943 -0.002016651     20650.96
        7570    0.9965091      2.24756 -0.003323525     20657.34
        7572    0.9961879     2.240564 -0.003730512     20663.37
        7574     0.996022     2.228355 -0.004465552        20667
        7576     0.995865     2.219099 -0.004423023     20671.03
        7578    0.9957511     2.211835 -0.002520729      20674.7
        7580     0.995922      2.20518 -0.003551431     20680.74
        7582    0.9962299     2.208189 -0.002399588     20681.76
        7584    0.9964351     2.190688 -0.001702634     20682.07
        7586    0.9964124     2.192638 -0.003185595     20685.83
        7588    0.9956805     2.191559 -0.001659732     20692.85
        7590    0.9958752     2.182704 -0.002592698     20693.09
        7592     0.996307      2.17741 -0.001668753     20699.18
        7594    0.9966492     2.171897 -0.0007076776     20699.01
        7596    0.9961632     2.178209 -0.0006151025     20703.12
        7598    0.9962833     2.177043 -0.001188723     20708.26
        7600    0.9959213     2.172489 -0.001397759     20712.18
        7602    0.9963089     2.162387 -0.002131596     20718.77
        7604    0.9967185     2.167026 -0.001368097     20722.57
        7606    0.9964532      2.15999 -0.0003608995     20723.04
        7608     0.996249     2.161544 -0.001872359     20724.38
        7610    0.9962326       2.1595 -0.001824593     20730.65
        7612    0.9962312     2.152048 -0.001897182      20735.4
        7614     0.997096     2.145394 -0.001986987      20739.3
        7616    0.9967153     2.146367 -0.001980914      20742.2
        7618    0.9969483     2.143604 -0.001562972     20747.28
        7620    0.9967421       2.1362 -0.001834857     20749.56
        7622    0.9965803      2.13289 -0.002302998     20756.56
        7624    0.9962167     2.131688 -0.001631158     20757.75
        7626    0.9969531      2.12518 -0.001179907     20765.48
        7628    0.9967698     2.123151 -0.0007148004      20767.7
        7630    0.9963049     2.123451 -0.001069947     20771.33
        7632     0.996534     2.125969 -0.0008120865     20777.59
        7634    0.9967446      2.11662 -0.001915829     20779.06
        7636    0.9967459     2.116654 -0.003318905     20786.19
        7638     0.997188     2.108124   -0.0019889     20794.65
        7640    0.9967714     2.099418 -0.001894733     20796.52
        7642    0.9968476     2.100709 -0.000887824     20798.93
        7644    0.9966101     2.101496 -0.0004773977     20802.85
        7646    0.9966411     2.101021 -0.002206006      20802.2
        7648    0.9966588     2.095599 -0.002708768     20806.64
        7650    0.9971364     2.083061 -0.004151692     20815.46
        7652    0.9970351     2.079826 -0.002777874     20818.49
        7654    0.9968627     2.067808  -0.00203244     20818.17
        7656    0.9972735     2.073376 -0.002314788     20826.05
        7658    0.9970726     2.066802 -0.001055303     20828.91
        7660     0.996887     2.061308 -0.002175209     20831.92
        7662    0.9968602     2.059365 -0.0009843145     20834.72
        7664     0.997224     2.055974 -0.001308822     20838.93
        7666    0.9969951     2.058927 -0.0007520248     20843.51
        7668    0.9971317     2.050837 0.0001836129     20849.05
        7670    0.9970203     2.053349 -0.001317321     20847.37
        7672    0.9974999     2.057443 0.0002724677     20852.34
        7674    0.9972495     2.048389 0.0007544635     20855.79
        7676    0.9972132     2.053017 -0.0003460453      20863.3
        7678    0.9978454     2.059385 -2.412325e-05     20869.08
        7680    0.9975789     2.054675 -0.0001107899     20873.57
        7682    0.9977574     2.048196 -0.0008704318     20877.66
        7684    0.9979575     2.052131 -0.001288119      20877.7
        7686    0.9982612     2.052421 -0.001622379     20884.99
        7688    0.9983719      2.04437 -0.002149649     20888.23
        7690    0.9983426     2.035216  -0.00238973     20890.29
        7692    0.9982488     2.034934 -0.002382671     20892.93
        7694     0.998804     2.033304 -0.001804566     20898.51
        7696    0.9987153     2.025309 -0.002724903     20906.74
        7698    0.9983761      2.02078 -0.002785371     20905.73
        7700    0.9989643     2.013134 -0.002056074     20912.08
        7702    0.9990237     2.011021 -0.001742289     20914.35
        7704    0.9990509      2.00886 -0.0008677249     20914.28
        7706    0.9994733     2.006842 -0.0009121879      20919.9
        7708    0.9990932     2.006193 -0.0002170812     20926.47
        7710    0.9993175     2.003723 -0.0005484623     20931.71
        7712    0.9997692     2.007123 -0.0008307421     20934.49
        7714    0.9995243     2.002454 -0.001162144      20938.4
        7716    0.9998751     1.999547  -0.00200251     20942.31
        7718    0.9997845     1.994426 -0.001482664     20948.05
        7720    0.9995706     1.991103 -0.001674339     20947.03
        7722    0.9996296     1.990593 -0.001694411     20955.57
        7724     0.999936     1.986152 -0.0008495628     20958.15
        7726     1.000099     1.980871 -0.0008762963     20958.19
        7728    0.9999183     1.984307 -0.001315625      20957.7
        7730    0.9998838     1.983582 -0.0007521878     20961.05
        7732     0.999845     1.975627 -0.001125212     20967.79
        7734     1.000048     1.974853 -0.002157913     20969.27
        7736     1.000366     1.975305 -0.001041293     20973.35
        7738     1.000349     1.966319 -0.0007470096     20976.04
        7740     1.000203     1.967297  -0.00186322     20980.11
        7742    0.9998222     1.968877 -0.001041961     20980.16
        7744     1.000139     1.960399 -0.002171818     20984.29
        7746      1.00008     1.957983 -0.002714447     20988.75
        7748     1.000321     1.949922 -0.0008347451     20994.23
        7750     1.000376     1.947161 -0.0007278174     20996.69
        7752      1.00032     1.953721 -0.0007944234     21000.48
        7754    0.9999641     1.952161 -0.001422094     21000.94
        7756     1.000584     1.943567 -0.002366764     21005.71
        7758     1.000967     1.935785 -0.002596246     21011.56
        7760     1.000973     1.934787 -0.001313417     21011.23
        7762     1.000927     1.931391  0.000337248     21015.62
        7764     1.001102     1.933059 -0.001838759     21020.75
        7766     1.000865     1.938483 -0.001855229     21022.69
        7768     1.001023     1.920077 -0.002355102     21020.41
        7770     1.000499     1.916549 -0.002551792     21026.48
        7772     1.000214     1.914219 -0.001068762     21025.38
        7774     1.000679     1.918068 -0.0005781753     21026.68
        7776     1.001179     1.911527 -0.001198838     21028.54
        7778     1.000844     1.911924 -0.001910517     21025.03
        7780     1.000898     1.904628 -0.0007698918     21014.84
        7782     1.001064     1.902784 -0.0009974577     20984.36
        7784     1.002012     1.905368 -0.002260677     20759.84
        7786     1.004023     1.903944 -0.002724097     20090.26
        7788    0.9992708     1.886542 -0.002369459     20086.76
        7790    0.9984572     1.880991 -0.002650312     20247.77
        7792      1.00089     1.886412  -0.00104788     21042.16
        7794      1.00128     1.882741 -0.0009834594     21074.15
        7796     1.001448     1.878159 -0.001295591     21080.37
        7798     1.001588     1.873124 -0.001186089     21089.05
        7800     1.001306     1.876047 -0.001322752     21092.39
        7802      1.00123     1.873253 -0.0007173475     21095.79
        7804     1.001397     1.867577 -0.001125432     21100.21
        7806     1.001524     1.867385  -0.00125467     21103.96
        7808     1.002018     1.867044 -0.001231029     21103.88
        7810     1.002088     1.863215 -0.001130999     21106.98
        7812     1.001775     1.857729  -0.00169557     21110.11
        7814     1.001862     1.858337  -0.00114639     21113.53
        7816     1.001821     1.853479 -0.0008325005     21115.34
        7818     1.001957     1.854044 -0.001596195     21119.64
        7820     1.002111     1.851069 -0.001558131     21121.99
        7822     1.002379     1.845567 -0.001776426     21126.91
        7824     1.002382     1.841014 -0.002212879     21126.77
        7826     1.002416     1.839833 -0.001197441      21129.3
        7828     1.002553     1.833366 -0.001308928     21130.99
        7830     1.002413     1.835988 -0.001812083     21132.93
        7832     1.003008     1.830543 -0.0009440111     21138.27
        7834     1.002912     1.825336 -0.001459499      21137.3
        7836     1.003084     1.825814 -0.001662025     21142.79
        7838     1.002858     1.824312 -0.0009167519     21146.29
        7840     1.002903     1.817247 -0.001467215     21147.61
        7842      1.00282     1.818002 -0.001238065     21150.62
        7844     1.002965     1.814076 -0.001289236     21154.98
        7846     1.003577     1.814407 -0.001515509      21157.7
        7848     1.003743     1.806933 -0.001356268     21157.75
        7850     1.003134     1.805878 -0.001478413     21160.57
        7852     1.003302     1.803226 -0.0004049404     21164.26
        7854     1.003166      1.80258 -0.001210518     21163.41
        7856      1.00337     1.803693 -0.001531138     21170.31
        7858     1.003483     1.796194 -0.001240717     21169.41
        7860     1.003563     1.790977 -0.001938776     21171.87
        7862     1.003938     1.792654 -0.001419628     21176.31
        7864     1.004132     1.788183 -0.001869935     21179.59
        7866     1.004337     1.784837 -0.002205001     21180.73
        7868     1.004242     1.776018 -0.001432617     21185.34
        7870     1.004486     1.775014 -0.001721787     21190.17
        7872      1.00429     1.776722 -0.0009248106     21187.99
        7874       1.0042     1.771063 -0.001260249     21197.06
        7876     1.004463     1.768619 -0.001660388     21199.78
        7878     1.003864     1.764932 -0.0009400486     21202.75
        7880     1.004339     1.763439 -0.0007915273     21204.37
        7882     1.004737     1.763542 -0.001982988     21204.12
        7884     1.004554     1.762287 -0.002196812     21208.28
        7886     1.004447     1.749068 -0.001827991     21211.78
        7888     1.004136     1.745865 -0.002209237      21216.4
        7890     1.003992     1.748918 -0.0009679432     21220.53
        7892     1.004034     1.744613 -0.002101634     21220.43
        7894     1.004179     1.741325 -0.002636816     21225.24
        7896     1.003924     1.729052 -0.001953443     21226.75
        7898     1.003942     1.727824 -0.002020518      21231.7
        7900     1.003622     1.728985 -0.0008328043     21236.42
        7902     1.003649     1.725161 -0.0007608924     21238.34
        7904     1.003744     1.722389 -0.001664318     21239.13
        7906     1.003874     1.721737 -0.001228618     21245.24
        7908     1.003846     1.715671 -0.001322827     21252.72
        7910      1.00381     1.715332 -0.001805316     21251.39
        7912     1.003725     1.711806 -0.0006742528      21254.3
        7914     1.004446     1.707294 -0.001301452     21202.57
        7916      1.00511     1.710277 -0.001468342     20926.77
        7918     1.004948      1.70492 -0.0007838225     20610.59
        7920     1.004222      1.70006 -0.001771359     20963.33
        7922     1.004283     1.701023  -0.00132884     21191.88
        7924     1.004165     1.696106 -0.0008146957     21230.88
        7926     1.004205      1.69429 -0.001154388     21244.45
        7928     1.003831     1.693542 -0.001603535     21250.38
        7930     1.004082     1.691788 -0.001479834     21256.46
        7932     1.003814     1.683278 -0.001656077     21260.15
        7934     1.004099     1.682451 -0.001380655     21267.72
        7936      1.00458     1.680294 -0.0007555657     21269.99
        7938     1.004015     1.680743 -0.001441925     21276.09
        7940     1.003918     1.677233 -0.0008075581     21277.15
        7942     1.003707     1.670915 -0.001368615     21276.94
        7944     1.003966     1.673833 -0.001621181     21281.41
        7946     1.003961     1.669794 -0.001356712     21281.23
        7948     1.004209     1.664264 -0.001760447     21284.03
        7950     1.004639     1.660062 -0.001200132     21287.56
        7952     1.004826      1.65975 -0.001490491     21293.14
        7954     1.004668     1.660193 -0.0007591005     21296.85
        7956     1.004732      1.65234 -0.0009294948     21298.76
        7958     1.004493     1.653989 -0.001172619     21298.53
        7960     1.004439     1.652314 -0.0008242162      21300.7
        7962     1.004337     1.650812 -0.001459705      21305.7
        7964     1.004877     1.645746 -0.001664543     21305.86
        7966     1.005157     1.642311 -0.002191768     21308.72
        7968      1.00537     1.638997 -0.001873316     21313.03
        7970     1.005336     1.633278 -0.001279708     21311.15
        7972     1.004988      1.63076 -0.001493991     21315.41
        7974      1.00547     1.632074 -0.001210714     21317.66
        7976     1.005336     1.627045 -0.0008675414     21317.46
        7978     1.005232     1.623592 -0.001409953     21319.34
        7980     1.005363     1.623819 -0.001508762     21325.79
        7982     1.005479     1.620794 -0.001484682     21328.58
        7984     1.005418     1.614975  -0.00154709     21330.46
        7986     1.006006     1.611715  -0.00122269     21331.31
        7988     1.005893     1.611443 -0.0008326035     21332.85
        7990     1.005733     1.611012 -0.0009090059     21334.65
        7992     1.005353     1.608314 -0.001302353      21335.6
        7994     1.005821     1.604443  -0.00153524     21338.78
        7996     1.005834     1.601024 -0.001658244     21339.81
        7998     1.005235     1.598731 -0.001628317     21340.07
        8000     1.005734     1.595048 -0.001137484      21345.4
        8002     1.005992     1.591416 -0.001494591     21349.15
        8004     1.005797     1.591924 -0.001639271     21347.39
        8006     1.005766     1.586774 -0.0006121421     21353.29
        8008     1.005382     1.581934  -0.00141175      21356.9
        8010     1.005875     1.586519 -0.001396611     21361.14
        8012     1.005721      1.58063 -0.0009596321      21359.3
        8014     1.005778     1.575601 -0.001792357     21361.63
        8016       1.0055     1.574257 -0.001190095     21362.87
        8018     1.005343      1.57218 -0.001074096     21368.65
        8020     1.005617     1.571109 -0.0009250174     21372.38
        8022     1.005439     1.567008 -0.0008056259     21370.92
        8024     1.005454     1.566857 -0.001363128     21375.58
        8026     1.005563     1.565735 -0.001561262     21379.57
        8028     1.004717     1.560204 -0.001667627     21376.97
        8030     1.004699     1.554518 -0.001523877     21378.01
        8032      1.00454     1.553516 -0.001512829     21380.35
        8034     1.004403     1.553544 -0.001260269     21382.25
        8036     1.004401     1.548101  -0.00123304     21383.94
        8038      1.00461     1.544436 -0.001586207     21390.78
        8040     1.004567     1.543652  -0.00140753     21390.27
        8042     1.003879     1.540855 -0.001207289     21390.06
        8044     1.004131     1.536841 -0.001429253     21398.91
        8046     1.004406     1.534778 -0.001593591     21395.96
        8048     1.003493     1.532218 -0.001527531     21396.94
        8050     1.003774     1.528106 -0.001376463      21402.2
        8052     1.003998     1.524621 -0.001599827     21402.41
        8054     1.003797     1.523766 -0.001602072     21403.61
        8056     1.003998     1.519419 -0.001549391     21405.62
        8058     1.003527     1.515289 -0.001414818     21409.14
        8060     1.003638     1.512226 -0.001297846     21409.66
        8062     1.003427     1.512447 -0.001024916     21411.85
        8064      1.00353     1.509036 -0.001272285     21413.08
        8066     1.003658      1.50709 -0.001696238     21417.78
        8068     1.003289     1.502048  -0.00161477     21416.31
        8070     1.003581     1.498877 -0.001825471     21418.66
        8072     1.003265     1.496118 -0.001096874     21418.01
        8074      1.00339     1.492486 -0.001208312     21420.94
        8076     1.002713     1.493273 -0.0008986427     21422.72
        8078     1.003037     1.489211 -0.0006244568     21425.68
        8080     1.003031     1.488929  -0.00118632     21427.57
        8082     1.003207     1.487491 -0.001467688     21429.41
        8084     1.003139     1.483782 -0.001427736     21431.47
        8086     1.003224     1.477469 -0.001608363     21433.88
        8088     1.003149     1.477507 -0.001325117     21433.56
        8090     1.002829     1.474624 -0.001136525     21434.52
        8092     1.002613     1.473181 -0.001222504     21435.86
        8094     1.002741     1.468377 -0.001329316     21439.52
        8096     1.002592     1.467727 -0.001140771     21441.39
        8098     1.002471     1.463989 -0.000994743     21443.58
        8100     1.002477     1.464055 -0.001166861     21444.02
        8102     1.002199     1.460419 -0.0007423616     21442.18
        8104     1.002287     1.458392 -0.001252323     21446.12
        8106     1.002181      1.45805 -0.0008765923     21449.31
        8108     1.002278     1.454036 -0.0009683408     21452.62
        8110     1.002139     1.453407 -0.001302316     21450.25
        8112     1.001853     1.450645 -0.001354911     21454.87
        8114     1.001504     1.447632 -0.001306003     21455.85
        8116     1.001147     1.443197 -0.001329887      21457.7
        8118     1.001144     1.442959 -0.001644932     21461.83
        8120     1.001081     1.440006 -0.001431508     21458.71
        8122     1.000646     1.434472  -0.00183233     21457.91
        8124      1.00086     1.431745 -0.001630567     21462.98
        8126     1.000784       1.4283 -0.001220215      21465.2
        8128     1.001043     1.426962 -0.001012289     21467.24
        8130     1.000887     1.424711 -0.001131044     21466.77
        8132     1.000625     1.423647 -0.001375005     21464.38
        8134     1.000186     1.419252 -0.000890646     21461.22
        8136     1.000193     1.415962 -0.0006226029     21465.29
        8138    0.9998518     1.417585 -0.001210136     21464.26
        8140    0.9999938     1.418666 -0.001267679      21468.2
        8142    0.9999884     1.409571 -0.001242807     21468.13
        8144    0.9999912      1.40582 -0.001571897     21470.78
        8146    0.9996264     1.407643 -0.001313316     21469.25
        8148    0.9990879     1.406091 -0.001243519      21467.9
        8150    0.9990495     1.399064 -0.001569787     21470.64
        8152    0.9988399     1.395872 -0.001856078     21470.95
        8154    0.9985372     1.395085 -0.001240939     21472.29
        8156      0.99858     1.391242 -0.001095388     21476.01
        8158    0.9982129     1.389136 -0.001371477     21479.96
        8160    0.9982061     1.387109 -0.001318562     21477.81
        8162    0.9977161     1.384113 -0.0009127188     21474.74
        8164    0.9975837     1.380694 -0.000961021      21473.9
        8166    0.9975815     1.381835 -0.001072999     21479.77
        8168    0.9975193     1.379421 -0.0007071487     21482.84
        8170    0.9974342     1.375529 -0.001361024     21479.78
        8172    0.9970224     1.375036 -0.001323403      21478.5
        8174    0.9968548     1.370947 -0.0008913505     21481.99
        8176    0.9967004     1.368834 -0.001110937     21485.02
        8178    0.9964386     1.368398 -0.0008913374     21481.55
        8180    0.9965148     1.366149 -0.001282476     21485.69
        8182    0.9963631     1.363816 -0.001364706      21489.7
        8184    0.9960798     1.358574 -0.001507293     21490.14
        8186    0.9959539      1.35748  -0.00129527     21488.97
        8188    0.9956746      1.35409 -0.001364199     21490.95
        8190    0.9951912     1.353454 -0.001331842     21492.04
        8192    0.9950282      1.34766 -0.001459877      21492.4
        8194    0.9949931     1.346826 -0.001316722      21496.2
        8196    0.9945968     1.342411 -0.0008038765     21504.64
        8198    0.9944756      1.34292  -0.00116975      21504.3
        8200    0.9943692     1.341229 -0.001029506      21501.3
        8202    0.9941761     1.337468 -0.001637958     21500.31
        8204    0.9938757     1.334175 -0.001403744     21501.09
        8206    0.9940219     1.329816  -0.00156816     21504.75
        8208    0.9931978     1.329999 -0.001392178     21499.71
        8210    0.9928444     1.324922 -0.001074082     21503.59
        8212    0.9924863     1.323038 -0.001096211     21500.58
        8214    0.9927725     1.321224 -0.0009861364     21507.32
        8216    0.9923911      1.32123 -0.001122499     21502.88
        8218    0.9923602     1.317033 -0.001065374     21502.87
        8220    0.9923085     1.314058 -0.001353365     21507.56
        8222    0.9923243     1.312701 -0.001521752     21510.38
        8224    0.9917998     1.310403 -0.001304066     21512.31
        8226    0.9913186     1.304859 -0.001130343     21512.19
        8228    0.9911195     1.303625  -0.00153133     21512.14
        8230    0.9905864     1.303658 -0.000980782     21511.77
        8232    0.9906303     1.298152 -0.001421997     21512.34
        8234    0.9903492     1.297013 -0.001337053     21515.46
        8236    0.9901965     1.292249 -0.001142792     21516.36
        8238    0.9901768     1.292961 -0.001071723     21518.08
        8240    0.9903468      1.28901 -0.0008821228     21519.31
        8242    0.9897102     1.288439 -0.001333193     21519.31
        8244    0.9893632     1.285193 -0.0009748788     21517.29
        8246    0.9894206     1.282296 -0.001202953     21519.94
        8248    0.9893561     1.281211 -0.001201918     21526.77
        8250     0.988756     1.278816 -0.001337419     21525.29
