# This file has been produced by extranormal (v 1.0.1 - February 23, 2017)
# O. Roudenko - Synchrotron SOLEIL. Covered by GPL licence.
#Data from HDF File: /nfs/ruche-rock/rock-soleil/com-rock/2021/Projets/20210209_Hilde/InSitu/10Ni-10Fe_50BN/10Ni-10Fe_50BN_RWGS750_CO2pulses_H2cst_ratio1/10Ni-10Fe_50BN_RWGS750_CO2pulses_H2cst_ratio1_00865.nxs to 10Ni-10Fe_50BN_RWGS750_CO2pulses_H2cst_ratio1_00866.nxs
#Time at start=2021-02-10 14:42:38.997
#Time from start (seconds)=4323.99281798
#Sample temperature (C)=24.6
# Normalization -------------
# pivot spectrum: Pivot_Fe_10Ni-10Fe_50BN_RT_air_av2000_00001.txt
# E0=7112.0   Eshift=1.61795121915
# E0_pivot = 7112.0
# pre-edge params: from E0_pivot-140.0 to E0_pivot-20.0
# pre-edge range: [6972.0, 7092.0]
# post-edge params: from E0_pivot+100.0 to E0_pivot+1140.0
# post-edge range: [7212.0, 8250.0]
# I jump at E0_pivot = 1.24665861107
# shifted energy	normalized	reference	ref.derivative	I0
        6970  0.001458034     1.680245 -0.004597864     18815.64
        6972  0.001458034     1.680245 -0.004597864     18815.64
        6974  0.001484436     1.671887 -0.002548481     18823.31
        6976  0.001667266      1.67078 -0.001204115     18833.34
        6978  0.001378204      1.67052 -0.0006164874     18840.03
        6980  0.001072785     1.670612 -0.001553293      18848.5
        6982 0.0009879928     1.666955 -0.002083383     18858.21
        6984  0.001166775     1.658353   -0.0021137     18861.52
        6986 0.0008157303     1.653853 -0.002506963     18867.54
        6988 0.0007661294     1.653702 -0.002038115     18874.85
        6990 0.0002860664       1.6469 -0.001295518     18881.11
        6992 0.0002419924     1.642049 -0.001100368     18890.48
        6994 0.0002761799     1.643489 -0.0007887572     18899.03
        6996  0.000270386     1.644899 -0.001460332     18907.41
        6998 0.0002681405      1.64059 -0.001533136     18915.31
        7000 -0.0001628778     1.630366 -0.001567973     18919.95
        7002 -0.0001352775     1.631224 -0.001776957     18929.95
        7004 -0.0001288669     1.632355 -0.001300524     18940.63
        7006 -0.0003359928     1.626374 -0.001516795     18948.07
        7008 -5.145147e-05     1.619962 -0.002213274      18955.3
        7010 8.203302e-05     1.619089 -0.001626862     18964.33
        7012 -0.0002996998     1.614649 -0.001410042     18972.55
        7014 -0.0003234537     1.613359 -0.001400469     18978.86
        7016 -0.0007855824     1.608681  -0.00182681     18986.71
        7018 -0.0005502192     1.607885 -0.002139188      18996.6
        7020 -0.001156953     1.600035 -0.002015255     19003.54
        7022 -0.0009294456     1.596246 -0.001513835     19011.33
        7024 -0.0008653996     1.592559 -0.001790191     19019.65
        7026 -0.000704451     1.595775 -0.001409397     19025.83
        7028 -0.0007823503     1.585713 -0.001574597     19034.67
        7030 -0.001131905      1.58497 -0.002125818      19044.5
        7032 -0.0008275333     1.579963 -0.0007551063     19052.72
        7034 -0.0009371592     1.578768 -0.001093333     19059.95
        7036 -0.001180423     1.579672 -0.0005057598      19069.5
        7038 -0.001072796     1.576224 -0.001028714     19075.46
        7040 -0.001086157     1.575916 -0.001885344     19081.28
        7042 -0.001205554     1.570539 -0.001352283     19092.58
        7044 -0.0009632509      1.56459 -0.001719808     19101.51
        7046 -0.000742124     1.565405 -0.001589119     19108.63
        7048 -0.0004317992     1.562158 -0.001509935     19120.54
        7050 -0.0008772754     1.557826 -0.0009196742     19124.14
        7052 -0.001056875      1.55251 -0.001078028     19134.14
        7054 -0.0007523254     1.558048 -0.001655319     19141.24
        7056 -0.001110784     1.553534 -0.001054055     19152.51
        7058 -0.001097586     1.544583 -0.002635586     19158.44
        7060 -0.0006951552     1.544078 -0.002473571     19166.89
        7062 -0.000648659     1.536963 -0.001307467     19175.13
        7064  -0.00028091     1.533745 -0.001312519     19183.17
        7066 -0.000211965     1.534123 -0.001363979     19190.84
        7068 -0.0002386821     1.533578 -0.0007298001        19196
        7070 3.002851e-05     1.526052 -0.001277171     19203.25
        7072 -0.0001937588     1.527907 -0.0008472648     19214.16
        7074 0.0003548846     1.523906 -0.0007289846     19220.23
        7076 0.0001731162     1.526799 -0.001863626     19226.44
        7078 0.0003687357      1.52022 -0.001626049      19234.9
        7080 0.0008419614     1.512998 -0.002276195     19241.65
        7082  0.001238047     1.510898 -0.001684969     19251.33
        7084  0.001446622      1.50859 -0.0009274965     19257.49
        7086  0.001518028      1.50674 -0.0008385308     19268.95
        7088  0.001976763     1.505578 -0.001348351     19276.13
        7090  0.002681123     1.504189 -0.0009088022     19278.62
        7092  0.002900235     1.497803 -0.001133126     19286.99
        7094  0.003339254      1.49947 -0.002016002     19296.86
        7096   0.00405437     1.496513 -0.000391845     19303.91
        7098  0.004850345     1.488061 -0.0008391659     19309.49
        7100   0.00591737     1.494668 -0.000553041     19319.94
      7100.2  0.006013918     1.494486 -0.0003191208     19320.64
      7100.4  0.006110466     1.494304 -8.520069e-05     19321.35
      7100.6  0.006207013     1.494122 0.0001487195     19322.05
      7100.8  0.006303561      1.49394 0.0003826396     19322.75
        7101  0.006400109     1.493758 0.0006165597     19323.45
      7101.2  0.006496656     1.493576 0.0008504799     19324.15
      7101.4  0.006593204     1.493394    0.0010844     19324.86
      7101.6  0.006689752     1.493212   0.00131832     19325.56
      7101.8  0.006926152     1.492742 -0.001170139     19324.99
        7102  0.006911724     1.492347 -0.002589504        19327
      7102.2  0.007041348     1.491418 -0.0001528751        19328
      7102.4  0.007357633     1.491058 -0.001620265     19331.47
      7102.6  0.007471596     1.492619  -0.00227745     19331.79
      7102.8  0.007729292      1.49105 -0.004685436      19330.7
        7103  0.007868513     1.489597  -0.00944511     19329.56
      7103.2  0.007943524      1.48731 -0.002720439     19333.31
      7103.4  0.008064397     1.485063  0.006882807     19331.54
      7103.6  0.008302344     1.488874  0.007033753     19332.66
      7103.8   0.00837533     1.495103  0.007591594     19331.92
        7104  0.008434349     1.492937  0.001895369     19333.71
      7104.2  0.008461934     1.491137  -0.01021127     19333.89
      7104.4  0.008668068      1.49039  -0.00206354     19335.81
      7104.6  0.008963204     1.486934   0.00482959     19337.29
      7104.8  0.009281917     1.491286  0.004267201     19340.32
        7105  0.009931458        1.495   0.00986627      19340.3
      7105.2   0.01014146     1.493804  0.008138252     19340.68
      7105.4   0.01022216     1.494827  0.002415259     19341.41
      7105.6   0.01073587     1.497796  0.004061962     19344.67
      7105.8   0.01110553     1.496932  0.004234414     19344.37
        7106   0.01131994     1.497054 -0.002680446     19344.53
      7106.2   0.01155006     1.498214 -0.001940802     19345.66
      7106.4   0.01169043     1.495652 -0.0007307971     19344.22
      7106.6   0.01195316      1.49538 4.322864e-05     19343.54
      7106.8   0.01250534     1.496469 0.0006839918     19344.68
        7107   0.01302034     1.498249  0.001340901     19346.79
      7107.2   0.01343808     1.496199  0.003817047     19350.18
      7107.4   0.01375709     1.496453  0.002884949     19350.41
      7107.6   0.01407033     1.499523   0.01060851     19349.42
      7107.8   0.01443107     1.500557   0.01583367     19351.62
        7108   0.01486727     1.504686   0.01220335     19352.41
      7108.2   0.01527108      1.50912  0.009297381     19354.17
      7108.4   0.01587855     1.509285  0.005335979      19355.7
      7108.6    0.0166586     1.507995  0.002549203     19356.14
      7108.8    0.0175139     1.508955  0.006438083     19357.17
        7109   0.01862756     1.511159   0.01337118     19357.42
      7109.2   0.01944743     1.514436   0.01628307      19355.9
      7109.4   0.02012357     1.518692   0.01955859     19354.64
      7109.6   0.02097357     1.521981   0.02103475     19354.93
      7109.8   0.02200936     1.526806    0.0285568     19354.83
        7110   0.02345863     1.531264   0.04245936     19356.44
      7110.2   0.02513053     1.541537   0.04576979     19356.71
      7110.4   0.02733973     1.555949    0.0581064     19357.12
      7110.6    0.0298134     1.563422   0.06701075     19355.84
      7110.8   0.03269197     1.577749   0.07144701     19352.19
        7111   0.03648977     1.595146   0.09193248     19350.64
      7111.2   0.04151052     1.613106    0.1100484     19349.82
      7111.4   0.04744965     1.636968    0.1260015     19347.14
      7111.6   0.05468157     1.665787    0.1384286      19348.5
      7111.8   0.06297285     1.695947    0.1476969     19348.43
        7112   0.07187667     1.723849    0.1448461     19345.81
      7112.2   0.08124295     1.755125    0.1335609     19345.45
      7112.4   0.09057458     1.781664    0.1371636     19343.63
      7112.6   0.09963127     1.802796    0.1264472     19342.07
      7112.8    0.1081915      1.83358    0.1263337     19338.95
        7113    0.1159073     1.856283    0.1317529     19335.66
      7113.2    0.1228406     1.882731    0.1161796     19333.41
      7113.4    0.1290266     1.908198    0.1062737     19333.59
      7113.6    0.1347781     1.926524   0.09390863     19334.32
      7113.8    0.1404918     1.941302   0.08232077     19335.99
        7114     0.146074     1.957858   0.07899138     19337.36
      7114.2     0.150709     1.974055   0.07381241     19336.26
      7114.4     0.154685     1.989717   0.07913306     19336.77
      7114.6    0.1584662     2.000352   0.07299966     19340.24
      7114.8    0.1615464     2.021165   0.07230067     19341.43
        7115    0.1638701     2.032454   0.05938965     19344.06
      7115.2    0.1658148     2.047557   0.03136694     19341.47
      7115.4    0.1678094     2.047863    0.0226403     19337.94
      7115.6    0.1701695     2.046258  0.005478375     19339.15
      7115.8    0.1726826     2.050567  0.006317318     19337.49
        7116    0.1761483      2.05194   0.02461065     19339.66
      7116.2    0.1800906     2.052917   0.02790999     19342.53
      7116.4    0.1846448     2.065947     0.028278     19340.89
      7116.6    0.1901561     2.072895   0.03322336     19342.19
      7116.8     0.196501     2.074563   0.02527594     19343.05
        7117    0.2036792     2.079496   0.02418608     19341.71
      7117.2    0.2118699     2.086167   0.03243445     19342.77
      7117.4    0.2212025     2.092243   0.04219791     19341.75
      7117.6    0.2320603      2.10051   0.05763032     19340.31
      7117.8     0.243997     2.113254    0.0733054     19340.91
        7118     0.256835     2.132272   0.09157587     19341.55
      7118.2    0.2711045     2.150888    0.1059664     19341.07
      7118.4    0.2870218     2.173771    0.1074345     19339.78
      7118.6    0.3044592     2.198027    0.1153611     19341.31
      7118.8    0.3228082     2.218219    0.1202373     19343.77
        7119    0.3428505     2.243177    0.1203947     19343.03
      7119.2    0.3652331     2.269961    0.1206537     19341.58
      7119.4    0.3888595     2.294343    0.1143009      19341.1
      7119.6    0.4125255     2.314742    0.1039727     19340.63
      7119.8    0.4363749     2.334617   0.09475215     19341.04
        7120     0.461411     2.353139   0.09411602     19341.22
      7120.2     0.486193     2.370145   0.09870633     19340.41
      7120.4    0.5096077     2.390035    0.1034492     19341.04
      7120.6    0.5309805     2.413582    0.1227279     19341.17
      7120.8    0.5509349     2.435898    0.1455412     19341.66
        7121    0.5687387     2.468327    0.1511955     19340.22
      7121.2    0.5853429     2.506468    0.1506712     19338.13
      7121.4     0.600838     2.534539     0.145382     19338.66
      7121.6    0.6154944     2.556435    0.1452519      19338.1
      7121.8    0.6299402     2.584633    0.1204554      19339.3
        7122    0.6442855     2.622669    0.1230257     19339.55
      7122.2    0.6590262     2.630903    0.1310417     19339.92
      7122.4    0.6746754     2.654856   0.07632546      19338.6
      7122.6    0.6906254     2.689466   0.08464881      19338.4
      7122.8    0.7069051      2.68373   0.06915675     19336.01
        7123    0.7244082     2.698622   0.01531016     19335.92
      7123.2    0.7425482     2.710181   0.04153902     19336.65
      7123.4    0.7598469     2.701714   0.04570407     19336.67
      7123.6    0.7779557     2.716961   0.03208106     19336.29
      7123.8    0.7966728     2.735185   0.07752197     19335.46
        7124    0.8153538     2.735846   0.08295658     19336.65
      7124.2    0.8337422     2.763732   0.06471737     19332.67
      7124.4    0.8513739     2.783326   0.07671312     19333.65
      7124.6    0.8681065     2.786959   0.04759894     19333.81
      7124.8    0.8835318     2.797216  0.001530351     19333.73
        7125    0.8981028     2.801811 -0.001237275     19331.39
      7125.2    0.9123812     2.784551   0.02959213     19329.53
      7125.4    0.9258859     2.785969   0.02002592     19330.52
      7125.6    0.9385071      2.82089   0.07649937     19329.88
      7125.8    0.9506679     2.817832   0.08087465     19329.88
        7126    0.9626807      2.84575   0.05854564     19331.79
      7126.2    0.9748012     2.850669    0.1034383     19332.52
      7126.4    0.9864441     2.867727   0.04330069     19328.85
      7126.6    0.9985975     2.900582   0.04585072     19326.98
      7126.8     1.010943     2.880391   0.05869689     19325.73
        7127     1.022688      2.88735   0.04208372     19323.97
      7127.2     1.035109     2.914684   0.08683674     19323.29
      7127.4     1.048348     2.934249   0.06033872     19321.79
      7127.6     1.061964      2.94986   0.02205819     19320.53
      7127.8     1.075957     2.935621   0.01194635     19320.25
        7128     1.089936     2.932331 -0.006806603     19320.54
      7128.2     1.104225     2.943806   0.01480491     19319.52
      7128.4     1.119091     2.944415   0.02347741     19318.59
      7128.6     1.133326     2.947465    0.0165181     19318.12
      7128.8     1.146947     2.951113   0.06736419     19317.02
        7129      1.16062     2.957021   0.09735739     19318.54
      7129.2      1.17237     2.998306   0.09188343     19317.21
      7129.4     1.182209     3.025351     0.136952     19314.01
      7129.6     1.191747     3.024619   0.05807926     19312.96
      7129.8     1.200267     3.066583   0.02195119     19313.37
        7130     1.206251     3.044769   0.04418911     19313.96
      7130.2     1.211007     3.042912 -0.003442878     19315.74
      7130.4     1.214256     3.059971   0.02297448     19315.75
      7130.6     1.216346     3.063828    0.0449062     19315.12
      7130.8     1.217467     3.063149    0.1303172     19314.25
        7131     1.218171     3.078836   0.08792908     19311.21
      7131.2     1.218749     3.164225   0.04091572     19309.21
      7131.4     1.218524     3.134172   0.05176357     19308.39
      7131.6     1.218773     3.095882   -0.1070071     19304.63
      7131.8     1.218773     3.120247  -0.09704322     19303.38
        7132     1.218489     3.078619 -0.008813545     19305.54
      7132.2     1.218195     3.056537   -0.1394589     19304.95
      7132.4     1.216938     3.088831   -0.0373931     19305.98
      7132.6     1.216271      3.00868   0.02664866     19305.51
      7132.8     1.214355     3.048704  -0.08803989     19306.16
        7133     1.212174     3.077856   0.05701814      19304.9
      7133.2      1.20798     3.018399 -0.007325389     19304.26
      7133.4     1.203634     3.054295  -0.09050679     19305.41
      7133.6     1.199113     3.042844  -0.05302662     19304.82
      7133.8     1.193357      3.00545  -0.07779774     19305.65
        7134     1.186689     2.975978  -0.05862816     19306.78
      7134.2      1.17985     2.992057   -0.0374691     19305.08
      7134.4     1.172434     2.995942  -0.02139325     19306.09
      7134.6      1.16519     2.975475   -0.0366616     19308.55
      7134.8     1.157513     2.958863  -0.06439825     19310.67
        7135     1.149843     2.962727  -0.08798088     19312.12
      7135.2     1.143085     2.944423  -0.08602916     19311.94
      7135.4     1.135922      2.90509   -0.1240504     19313.73
      7135.6     1.128718      2.89004   -0.1055479     19314.31
      7135.8     1.121869     2.863487  -0.01906651     19312.46
        7136     1.115223     2.859985 -0.007001733     19314.04
      7136.2     1.109221     2.889837 -0.005047216     19317.63
      7136.4     1.103579     2.884438   0.01749091     19319.42
      7136.6      1.09822     2.859449    0.0316988     19317.02
      7136.8      1.09304     2.873977   0.04335238     19311.84
        7137     1.088225     2.915196   0.07056233     19303.19
      7137.2     1.083474      2.91912   0.05583298        19286
      7137.4      1.07912     2.915899   0.02208528     19263.49
      7137.6      1.07478     2.918644   0.02567394     19231.75
      7137.8     1.071813     2.932865 -7.624668e-05     19193.07
        7138     1.068252     2.939659  0.001427784     19149.37
      7138.2     1.065111     2.915838   0.03738603     19110.59
      7138.4     1.061251     2.919786    0.0340984     19087.51
      7138.6     1.058574     2.962773   0.03234909     19079.96
      7138.8     1.055063     2.966938   0.01427977     19087.69
        7139     1.052393     2.941717  -0.04158537     19104.51
      7139.2     1.049981      2.93121  -0.08471298     19127.04
      7139.4     1.048671     2.929505  -0.05259047     19156.58
      7139.6     1.047507     2.899168  -0.02822392     19186.48
      7139.8     1.046441     2.899645 -0.009865601     19218.17
        7140     1.045525     2.908631    0.0485616     19245.98
      7140.2     1.044514     2.921613   0.04512545     19270.48
      7140.4     1.044296     2.938017   0.08847257     19293.49
      7140.6     1.043817     2.935745   0.07868623     19305.23
      7140.8     1.042628     2.979409   0.04400593     19310.88
        7141     1.042268     2.984562   0.03175746     19315.39
      7141.2     1.041833     2.973222   0.01327343     19315.77
      7141.4     1.041176     2.961151   0.03938458        19314
      7141.6     1.040104     2.990027   0.08764882     19303.63
      7141.8     1.038864     3.016069    0.1172375     19286.09
        7142     1.038121     3.043341   0.02494813     19259.87
      7142.2     1.037355     3.054941  -0.06607273     19222.37
      7142.4     1.036599     3.009986   -0.1108449     19178.41
      7142.6     1.035704     2.963211   -0.0779081        19136
      7142.8      1.03519     2.954665  0.003686228     19102.48
        7143     1.033966     2.992615   0.01529357     19079.22
      7143.2     1.032199     3.012935   0.02087753     19072.96
      7143.4     1.031766     2.975446  -0.01214479     19085.87
      7143.6     1.031035     2.971367  -0.06021175     19111.27
      7143.8     1.030329     2.982899   0.02202606     19149.78
        7144      1.02917     2.964766  -0.02361206     19193.13
      7144.2     1.027836     2.993067  -0.08806383     19232.32
      7144.4     1.026823     2.952477  -0.04142455     19267.41
      7144.6     1.025944     2.912448  -0.05694218     19292.15
      7144.8     1.025431     2.931626  0.004825919     19308.99
        7145        1.024     2.947513   0.04121202     19320.19
      7145.2     1.022647     2.956338   0.05573147      19327.6
      7145.4     1.021194     2.945418 -0.002298669     19333.85
      7145.6     1.019848     2.976211 -0.001044705     19338.54
      7145.8     1.018533     2.945674   0.09692576     19340.77
        7146      1.01648     2.955502    0.0716364     19344.98
      7146.2     1.014482     3.022958   0.06143101     19347.23
      7146.4     1.012278      3.03352   0.06186435     19346.21
      7146.6     1.010459     2.994819  -0.01453183     19351.07
      7146.8     1.007888     3.004994  -0.04304588     19354.75
        7147     1.006113     3.011333   0.03755393     19358.11
      7147.2     1.004496     2.999083    0.0153615     19361.88
      7147.4     1.001602     3.024862 7.201399e-05     19361.87
      7147.6    0.9982332     3.017283  0.005542526     19362.16
      7147.8    0.9952772      3.01139  -0.04131569     19363.51
        7148     0.992768     3.003518 -0.002153727     19366.05
      7148.2    0.9901004     2.991809   0.01613469     19367.08
      7148.4    0.9865882      3.01556 -0.008663898     19367.54
      7148.6    0.9824439     3.024298 -0.004872404     19367.58
      7148.8    0.9790173     2.996586  0.008021921     19369.41
        7149    0.9761341     2.987912   0.01601875     19370.71
      7149.2    0.9730334     3.021977   0.06028906     19370.08
      7149.4    0.9697964     3.037113   0.06211364     19371.23
      7149.6    0.9666428     3.044818  -0.01557698     19373.47
      7149.8    0.9636156     3.037602  0.007391554        19375
        7150    0.9607037     3.009516   0.05057039     19375.35
      7150.2    0.9577446     3.043026   0.05303644     19375.11
      7150.4    0.9546269     3.085274   0.06269862     19376.75
      7150.6    0.9520867     3.080032   0.05686907     19379.54
      7150.8    0.9499342     3.059675    0.0192475      19381.8
        7151    0.9479925     3.088522   0.05845894     19384.88
      7151.2    0.9464374     3.100672      0.06562     19386.02
      7151.4      0.94421     3.126799 -0.009291136     19387.61
      7151.6    0.9423061     3.112171 -0.002047902     19388.61
      7151.8    0.9407153     3.081089   -0.0216793     19390.28
        7152    0.9384218     3.099034  -0.06096101     19391.11
      7152.2    0.9370952     3.109455  -0.02557616     19393.71
      7152.4    0.9356168     3.063402  -0.05542145     19390.84
      7152.6    0.9350999     3.060628  -0.03510132     19392.15
      7152.8     0.933997     3.054696   0.05062532     19391.39
        7153    0.9323674     3.081374   0.05866824     19392.68
      7153.2    0.9313939     3.103902   0.07723582     19394.41
      7153.4    0.9308612     3.107562 -0.007411888     19395.71
      7153.6    0.9303242     3.116485  -0.02169758     19399.18
      7153.8    0.9303933     3.075445    0.0358296     19399.24
        7154    0.9309288     3.086544   0.02343963     19398.65
      7154.2    0.9315355     3.136226   0.04925407     19400.29
      7154.4    0.9319182     3.135237   0.02513688     19401.25
      7154.6    0.9323855     3.114848  -0.07917227     19403.61
      7154.8    0.9331376     3.106654  -0.07946067     19404.42
        7155     0.934207     3.072888  -0.04224474     19406.13
      7155.2    0.9350676     3.071668  -0.03345952     19407.86
      7155.4    0.9356919     3.081052  -0.01801309     19409.35
      7155.6    0.9365727     3.079886  -0.05047916     19410.83
      7155.8    0.9378705     3.058478  -0.05277088     19412.19
        7156    0.9390571     3.031285 -0.007490069     19413.01
      7156.2    0.9401369     3.038835   0.05425139      19411.4
      7156.4    0.9414231     3.073894   0.06208097      19412.4
      7156.6    0.9423633     3.101879   0.04108244      19412.8
      7156.8    0.9433728      3.08095  -0.02202112     19410.48
        7157    0.9446375     3.071701  -0.04213411     19412.42
      7157.2    0.9456036     3.056277  -0.01833973     19411.69
      7157.4    0.9466404     3.068172   0.02249824     19411.63
      7157.6    0.9477923     3.066278   0.07387569     19414.59
      7157.8     0.949258       3.0897   0.09884884     19416.07
        7158    0.9504573     3.115378    0.0854386     19415.34
      7158.2    0.9514419     3.147251   0.07670204      19417.1
      7158.4    0.9525846     3.134629   0.06714761     19418.89
      7158.6    0.9535916     3.151062  -0.01920223     19419.44
      7158.8    0.9550576     3.169096  -0.03663056     19421.88
        7159    0.9561445     3.131889   -0.1592368     19420.24
      7159.2    0.9572696     3.105324   -0.1751627     19419.47
      7159.4    0.9576802     3.023672   -0.1148868     19418.08
      7159.6    0.9580187     3.028965   -0.1019636     19420.15
      7159.8    0.9588593     3.039979  -0.02070302     19420.14
        7160    0.9595666     3.023753 -0.008476946     19420.09
      7160.2    0.9602466      3.00711  0.004003698     19420.76
      7160.4    0.9607891     3.022184   0.01265686     19423.05
      7160.6    0.9618032     3.043182   0.02123674      19426.4
      7160.8    0.9631217     3.033879 -0.002133121     19426.99
        7161    0.9640604     3.024099 -0.006640233     19426.25
      7161.2    0.9649921     3.020477   0.03639614     19427.49
      7161.4    0.9658047      3.03787    0.1242623     19426.33
      7161.6    0.9666305     3.062996     0.138072     19427.91
      7161.8    0.9668956     3.123509   0.02217602     19429.17
        7162     0.966612     3.130935  -0.04095124      19427.7
      7162.2    0.9671568     3.055611   -0.1346719     19430.62
      7162.4    0.9679545     3.030235   -0.1617537     19432.47
      7162.6     0.967944     3.015771  -0.06486308     19433.33
      7162.8    0.9677987     3.001532  -0.03010246     19434.48
        7163    0.9686438     3.003721  -0.01109754     19434.46
      7163.2    0.9697889     3.006153    0.0384921     19435.01
      7163.4    0.9700103     3.006893     0.112037      19432.4
      7163.6    0.9700523     3.032326    0.1198841     19432.89
      7163.8    0.9701074      3.09335      0.13396     19430.12
        7164    0.9704728      3.10206   0.07484228     19430.99
      7164.2    0.9710011     3.114061  -0.02288331     19433.94
      7164.4    0.9717489       3.0922   -0.1137387     19433.95
      7164.6    0.9726374     3.075043    -0.145138     19435.71
      7164.8    0.9731721     3.011069   -0.1300074     19438.67
        7165    0.9733436     2.997951    -0.111578     19436.83
      7165.2    0.9736387     2.988194  -0.02452129     19436.64
      7165.4    0.9741845     2.985781  -0.05860982     19436.33
      7165.6    0.9750754     2.991452   0.01597249     19437.11
      7165.8    0.9758569     2.951063   0.05820488     19439.01
        7166    0.9766118     3.000972   0.07131969     19439.85
      7166.2    0.9772869     3.032345    0.1494111     19439.99
      7166.4    0.9783286     3.048508   0.06971035     19439.02
      7166.6    0.9791605     3.070592   -0.0544647     19437.79
      7166.8    0.9796573      3.05674  -0.09513718     19438.74
        7167    0.9801055     2.988773   -0.1021465        19438
      7167.2    0.9811243     2.972398  -0.09353774     19437.93
      7167.4    0.9820546     2.988875   0.01279919     19439.09
      7167.6    0.9829675      2.98191   0.04815666     19441.13
      7167.8    0.9838613     2.999013   0.03046055     19441.88
        7168    0.9846516     3.010924   0.06670036     19438.89
      7168.2    0.9857906     3.013243   0.04833495     19438.67
      7168.4    0.9863885      3.03527   0.02046558      19440.2
      7168.6    0.9869002      3.03768   0.01611337     19438.84
      7168.8    0.9873231     3.027296 -0.001490995     19438.75
        7169    0.9877352     3.026134   0.01409642     19442.02
      7169.2    0.9888018     3.034077  -0.05466632     19443.75
      7169.4    0.9901454     3.048958  -0.06135698      19446.1
      7169.6    0.9911076     2.983563   -0.0596921      19445.7
      7169.8    0.9918482     2.977048  -0.08365624     19446.26
        7170     0.992618     2.986323   0.05044294     19445.77
      7170.2    0.9941987     2.982033    0.0435491     19445.77
      7170.4    0.9945462     3.023917  -0.03851461        19448
      7170.6    0.9954895     3.011888  -0.04939417      19449.2
      7170.8    0.9954922     2.955512   -0.1123991     19449.21
        7171    0.9961765     2.942517  -0.06799082     19449.81
      7171.2    0.9969639     2.933998  0.003491625     19451.25
      7171.4    0.9979771     2.957495   0.01602295     19452.63
      7171.6    0.9992118     2.958305  0.001994242     19452.19
      7171.8    0.9995375     2.955336  -0.03686636        19453
        7172     1.000068     2.935594 -0.006883678     19453.81
      7172.2     1.000803     2.928002   0.02710318     19453.86
      7172.4     1.001545     2.952798   0.05665956     19452.98
      7172.6     1.002566     2.977018   0.02368827     19454.99
      7172.8     1.002723     2.980921  -0.03642581     19456.82
        7173     1.002683     2.946953  -0.03978675     19455.93
      7173.2     1.003042     2.923657  -0.03121733     19457.11
      7173.4     1.003096     2.945189  -0.01529223     19459.13
      7173.6     1.003415     2.955947   0.02113164     19458.25
      7173.8     1.004014     2.934719   0.02301238     19458.63
        7174     1.004531     2.940563  -0.00893205     19461.15
      7174.2     1.004954     2.963599    0.0479515     19461.25
      7174.4     1.005326     2.948802   0.02433917     19463.18
      7174.6     1.006004      2.97308   0.01147257     19464.07
      7174.8     1.006451     2.960034 -0.005380072      19463.3
        7175     1.006652     2.972777  -0.05448978     19464.35
      7175.2     1.007007     2.944498  -0.03777272     19462.67
      7175.4     1.007393     2.929488   -0.0224254     19464.11
      7175.6     1.008298     2.929816  -0.05660423      19462.5
      7175.8     1.008507     2.954836  -0.08686989     19463.31
        7176     1.008935     2.899214  -0.09865789     19465.97
      7176.2     1.008644     2.859992   -0.1069281     19466.11
      7176.4     1.008917      2.85089  -0.01559078      19466.2
      7176.6     1.008916     2.869294   0.01396132     19469.03
      7176.8     1.008858     2.886742  0.005989271     19470.13
        7177     1.009472     2.871161  0.002919243     19470.36
      7177.2     1.009473     2.855681   0.01700569      19471.6
      7177.4     1.009556     2.871629   0.06270348     19474.61
      7177.6     1.009824     2.900346   0.08595305     19477.32
      7177.8     1.009431     2.921324    0.0249469     19475.78
        7178     1.009213     2.924444  -0.04743874     19474.94
      7178.2     1.009149     2.891587   -0.0788741     19476.67
      7178.4     1.008729     2.862395  -0.08269307     19475.35
      7178.6       1.0087     2.858225  -0.01767384     19474.03
      7178.8     1.008867     2.858289    0.0430207     19475.62
        7179      1.00892     2.877448   0.04695376     19476.64
      7179.2     1.009161     2.896812   0.05242618     19479.02
      7179.4      1.00918     2.895788   0.03313578     19481.82
      7179.6     1.009473      2.90023  -0.01866062      19481.3
      7179.8     1.009886     2.903956   -0.1064585     19483.04
        7180     1.009758     2.881883    -0.124809     19486.72
      7180.2      1.00992     2.810621   -0.1200396     19485.34
      7180.4     1.009613     2.800383  -0.06634947     19482.79
      7180.6     1.009703     2.807925  0.007574331     19484.55
      7180.8     1.009335     2.828804   0.06156813     19481.97
        7181     1.008922      2.81668   0.01162195     19482.82
      7181.2     1.009073     2.849637  -0.02072394     19483.16
      7181.4     1.009108     2.817222   0.02653067     19481.69
      7181.6     1.009421     2.812224  -0.02010488     19483.19
      7181.8     1.009616     2.837905    0.0049811     19485.99
        7182     1.010163     2.833553   0.05371659     19490.19
      7182.2     1.010716     2.821207   0.02851423     19489.43
      7182.4     1.010775     2.855198   0.02720486      19488.9
      7182.6     1.010869     2.860716   0.06301794     19490.71
      7182.8     1.010706     2.855317   0.02438549     19491.86
        7183     1.011086     2.871622   0.02298425      19492.9
      7183.2     1.011546     2.874706   0.02523418     19494.98
      7183.4      1.01156     2.879104 -0.006968606     19493.75
      7183.6     1.011481     2.875505   -0.0100713      19492.6
      7183.8     1.011281     2.866047  -0.01384936     19495.79
        7184     1.011503     2.866649 -0.003891657      19495.6
      7184.2     1.011817     2.868024 -0.005255478     19495.18
      7184.4     1.011572     2.872391  0.002009792     19497.53
      7184.6     1.011371     2.861842  -0.01303709     19496.01
      7184.8     1.011716     2.868257  0.002730218     19498.01
        7185     1.012434     2.857595    0.0026607     19500.16
      7185.2     1.013287     2.874576  -0.02614483     19501.42
      7185.4     1.013955     2.863971   0.07529277     19503.13
      7185.6     1.014143     2.847341   0.05358057     19504.06
      7185.8     1.013885     2.917829    0.0371212     19505.57
        7186     1.014064      2.91744    0.0319826     19506.25
      7186.2      1.01392     2.893668  -0.05088854     19503.16
      7186.4     1.014083     2.872927  -0.02072824     19503.84
      7186.6     1.013871     2.877118  0.009135818     19504.34
      7186.8     1.014509     2.900857   0.03536401     19505.53
        7187     1.014493     2.900976   0.01413304     19505.26
      7187.2     1.014656     2.901218  -0.02758393     19507.54
      7187.4     1.014615     2.888424 -0.006729062     19509.83
      7187.6      1.01411      2.87879   0.02784213      19510.6
      7187.8     1.013934     2.895593   0.06056617     19512.13
        7188     1.014298     2.923492   0.06393559      19513.3
      7188.2     1.014017     2.936877   0.01908225     19514.24
      7188.4      1.01377     2.929939  -0.02055087     19513.13
      7188.6     1.013921     2.910859  -0.03510796     19511.56
      7188.8     1.014004     2.907051  -0.02192298     19515.08
        7189      1.01436     2.908791   0.02384018     19518.91
      7189.2     1.014325       2.9124  0.003322029     19517.46
      7189.4     1.014425     2.929931   0.01947002     19517.25
      7189.6     1.014552     2.909709   0.04919586     19520.51
      7189.8     1.014285     2.924367    0.0448896     19520.46
        7190     1.014219     2.951757    0.0664224     19521.64
      7190.2     1.014261     2.965843   0.06283802     19522.97
      7190.4     1.013969     2.962847   0.02064064     19523.57
      7190.6     1.013682     2.974637   0.01612562     19524.06
      7190.8     1.013573      2.96827   0.04521355     19523.29
        7191     1.013626     2.978743  -0.03068502      19528.5
      7191.2     1.013885     2.999018  -0.04030701     19530.82
      7191.4     1.013962     2.950089  -0.02626541     19528.89
      7191.6     1.014065     2.936024  -0.06401499     19531.32
      7191.8     1.013898     2.957731 -0.009735631     19527.46
        7192     1.013577     2.947806   0.01591346     19526.42
      7192.2     1.013625     2.942301 -0.006511887     19528.55
      7192.4     1.013982     2.948755    0.0160361        19529
      7192.6     1.014175     2.952521   0.02047757     19530.45
      7192.8     1.014659     2.960635   0.01273059     19532.05
        7193     1.014715     2.958683   0.04722324      19531.4
      7193.2     1.014246     2.958939   0.05758413     19531.61
      7193.4     1.013921       2.9903   0.04164754     19532.74
      7193.6      1.01366     3.006702   0.03945858     19534.06
      7193.8     1.013564     2.992001  0.003769638     19535.96
        7194     1.013582     2.990506  0.001985493     19536.87
      7194.2      1.01397     2.993316   0.02830942     19537.32
      7194.4     1.014375      3.00829   0.02824793     19536.74
      7194.6     1.014727     3.014649   0.01846279     19539.13
      7194.8      1.01475     3.013104   -0.0162425     19538.16
        7195      1.01432     3.008086  0.001623524     19538.17
      7195.2     1.014052     2.995296  -0.02545445     19539.12
      7195.4     1.014077     3.015947  -0.01546302     19541.78
      7195.6     1.014175     2.992741  0.007449785     19545.02
      7195.8     1.014868     2.995716  -0.02574806     19548.76
        7196     1.015269     3.001256  0.007370907     19547.03
      7196.2     1.015523     2.995349   0.01411948     19549.14
      7196.4     1.015347     2.998638 -0.003846157     19548.23
      7196.6     1.015583     3.007011    0.0107036     19548.92
      7196.8     1.015898     2.998179 -0.009149235     19547.59
        7197     1.016342     3.003912  -0.03955815     19547.85
      7197.2     1.016451     2.991318  -0.03462073     19550.05
      7197.4     1.016341     2.975365  -0.07972633     19551.36
      7197.6     1.016514     2.970483  -0.06648062     19553.41
      7197.8     1.016149     2.940131  -0.01638136     19552.98
        7198     1.016312     2.938134  -0.02754093     19552.86
      7198.2     1.017474      2.96226   0.02134177     19555.61
      7198.4     1.017656      2.94845   0.06421332     19556.63
      7198.6     1.017634     2.957204  0.008925591     19557.42
      7198.8     1.018126     2.989504  -0.02980535     19559.51
        7199      1.01792       2.9694  -0.04419774     19560.79
      7199.2       1.0175     2.924606   -0.0726068     19556.86
      7199.4     1.017707     2.921846   -0.0576649     19558.55
      7199.6     1.017837     2.931419 -0.006495955     19560.26
      7199.8     1.018049     2.923268 -0.006526993     19559.68
        7200     1.018654     2.919409  0.009831477      19560.1
      7200.2     1.018195     2.916624  0.007657743     19560.43
      7200.4     1.018456     2.939284  -0.01071485     19562.19
      7200.6     1.018353     2.929394  -0.02155219     19562.21
      7200.8     1.018106     2.910837  -0.04297521        19565
        7201     1.018112     2.899383  -0.04552804     19567.56
      7201.2     1.018459     2.904904  -0.02050939     19569.46
      7201.4     1.018658     2.892972  -0.03504697     19568.53
      7201.6     1.018885     2.894429  -0.07024372     19569.84
      7201.8     1.018901     2.871345  -0.04743785     19569.59
        7202     1.018481     2.848709  -0.05029105     19568.28
      7202.2     1.018191     2.855022 -0.009522593     19568.49
      7202.4     1.018659     2.854197   0.02413199     19568.85
      7202.6     1.018905     2.863727 -0.002631009     19570.22
      7202.8     1.019145     2.868014 -0.0001768569     19572.95
        7203     1.019495     2.852917  -0.02556469     19574.59
      7203.2     1.018948     2.854055  -0.03729432     19573.15
      7203.4     1.019489     2.843275  -0.00388331     19572.86
      7203.6     1.019377     2.838179   -0.0194833      19572.1
      7203.8     1.019442      2.84981  -0.01790352     19574.36
        7204     1.019405     2.838469  0.000124606     19576.82
      7204.2     1.019206     2.828952  -0.03343393      19577.8
      7204.4     1.019378     2.838279   0.03552303     19580.33
      7204.6     1.019634     2.823063   0.05069929     19582.25
      7204.8     1.019529     2.866887  -0.01230229     19582.68
        7205     1.020361     2.869512  -0.01100335     19583.03
      7205.2       1.0205     2.828437  -0.07663579     19582.06
      7205.4     1.020307      2.81426  -0.07412518      19580.1
      7205.6     1.020436     2.805578  -0.02633606     19582.37
      7205.8     1.020693     2.810212  -0.02088472      19585.7
        7206     1.020611     2.807368  -0.01485903     19586.12
      7206.2     1.020693     2.797553  -0.01049409     19587.71
      7206.4     1.021283     2.793691 -0.001661702      19589.8
      7206.6     1.021188     2.801816  0.005004944     19589.25
      7206.8     1.020708     2.806039   0.01044004     19587.48
        7207     1.020371     2.801557 -0.0002726528     19587.37
      7207.2     1.019876     2.802043 -0.001236801     19588.74
      7207.4     1.019754     2.801598  -0.00753236     19588.93
      7207.6     1.019627     2.805049  -0.01115237     19590.15
      7207.8     1.019783     2.795531  0.004534417     19592.59
        7208     1.020012     2.793121   0.02744374     19592.53
      7208.2     1.019771     2.805226   0.01352303      19592.9
      7208.4     1.019653     2.827004 -0.004299797     19591.09
      7208.6     1.019798     2.806349  -0.01614627     19592.04
      7208.8     1.019698     2.789681  -0.02371964     19594.29
        7209     1.019301     2.792309 -0.004438934     19596.32
      7209.2     1.019058     2.808029 -0.0009099883        19595
      7209.4     1.019048     2.802798 -0.007304081      19597.3
      7209.6       1.0189     2.788953  -0.02622043     19597.32
      7209.8     1.018765     2.786466 -0.0005751117     19596.58
        7210     1.018544     2.787052   0.02411543     19597.99
      7210.2     1.018384     2.802338   0.02879917     19598.33
      7210.4     1.018106     2.808246   0.04498322     19596.31
      7210.6     1.017752     2.809505   0.02952419     19597.96
      7210.8     1.017639     2.823039  0.007692143     19598.56
        7211     1.017666     2.825957   0.02263314      19597.5
      7211.2     1.017648     2.814399   0.05159525     19597.67
      7211.4     1.017802     2.827611   0.05321272     19596.35
      7211.6     1.017879     2.864315   0.05742197     19598.01
      7211.8      1.01731     2.868527   0.06658154     19600.79
        7212      1.01707     2.860337   0.03509712     19603.49
      7212.2     1.017314     2.880877  0.006590613     19607.28
      7212.4     1.016983     2.892393   0.08946395     19607.13
      7212.6     1.017385       2.8738   0.07741858     19610.48
      7212.8     1.016933     2.931908   0.03146055     19609.16
        7213     1.016733     2.942811   0.04446096     19611.25
      7213.2     1.016557     2.917561  -0.02724057     19613.72
      7213.4     1.016324     2.909369  -0.01179405     19611.32
      7213.6     1.015959     2.910116   0.06535108     19612.91
      7213.8     1.015786     2.933376    0.0771288     19611.62
        7214     1.015297     2.969842    0.1007526     19611.31
      7214.2     1.015073     2.971072   0.08526732     19610.71
      7214.4     1.014536     2.990718   0.01777184     19611.03
      7214.6     1.014023      3.00159   0.01808683     19613.43
      7214.8     1.013909     2.984059   0.01426381     19615.85
        7215     1.013802     2.985541  0.007488922     19618.38
      7215.2     1.013715     3.002129   0.01668981     19620.01
      7215.4     1.013805     3.007581  0.009001184     19622.32
      7215.6     1.013562     2.997411  0.006605911     19622.77
      7215.8     1.013018     2.992742  0.003585346     19620.19
        7216     1.012843     3.007414  0.009439181     19621.53
      7216.2     1.012316     3.010449   0.05137684     19620.65
      7216.4     1.012051     3.004963   0.06156975     19620.54
      7216.6     1.011676     3.033844   0.05016498     19621.82
      7216.8      1.01097     3.056669   0.06345189     19624.53
        7217     1.010992     3.050581   0.03772409     19624.92
      7217.2     1.011236     3.055724   0.02850424     19624.21
      7217.4     1.010873     3.064023 -0.0001801864     19623.51
      7217.6     1.011099     3.079473 0.0004026564     19623.78
      7217.8     1.011215     3.050437   0.01578006     19625.85
        7218     1.010246     3.056046   0.02130857     19623.27
      7218.2     1.009388     3.076647    0.1011511     19625.15
      7218.4     1.009198      3.09652    0.1102366     19626.77
      7218.6      1.00913     3.131358   0.08274735     19627.56
      7218.8      1.00896     3.144236    0.0638411     19628.81
        7219     1.008696     3.142845   0.03079891     19629.52
      7219.2      1.00845     3.147593    0.0167547     19631.16
      7219.4     1.008367     3.155997  -0.02039516     19631.46
      7219.6     1.008063     3.157639  -0.06051481      19629.2
      7219.8     1.007692     3.126529  -0.05395997      19629.2
        7220      1.00793     3.099181  -0.02776363     19630.85
      7220.2     1.007732     3.112829 -0.007946855     19629.95
      7220.4     1.006818     3.135428  -0.02644245      19631.7
      7220.6     1.006751     3.120171  -0.03922151     19632.07
      7220.8     1.006621     3.078027  -0.04120588     19633.87
        7221     1.006005     3.081452  -0.06855025        19634
      7221.2     1.006078     3.102464  0.004907872     19635.65
      7221.4     1.006334     3.065331   0.03946603     19636.22
      7221.6      1.00553     3.081953  -0.03059999     19637.32
      7221.8     1.005172     3.113025   0.06586442     19636.69
        7222     1.005042     3.077984   0.05222307     19640.26
      7222.2     1.005099     3.118022 0.0005069278     19641.84
      7222.4     1.005443     3.123732   0.02719185     19643.29
      7222.6     1.005464     3.113431  -0.01640431     19646.71
      7222.8     1.004833     3.099737   0.01574369     19647.43
        7223     1.004291     3.104899   0.03272091     19644.57
      7223.2     1.004148     3.136326   0.04463485     19642.61
      7223.4     1.004011     3.139607  0.008254281     19643.55
      7223.6     1.004062     3.135445  -0.05766302     19645.58
      7223.8     1.004228     3.111502  -0.06011261     19646.95
        7224      1.00396     3.090196  -0.05362284     19646.57
      7224.2     1.003547     3.091517  -0.04411256      19647.2
      7224.4     1.003149     3.092547  -0.05919536     19649.29
      7224.6      1.00263     3.076212  -0.06995446     19649.75
      7224.8     1.002616      3.04284  -0.07159736     19651.16
        7225     1.002072     3.035554  -0.05913852     19650.69
      7225.2     1.002298     3.035269 -0.0007044521     19648.59
      7225.4     1.002457     3.028902  -0.02434907     19649.63
      7225.6     1.002392     3.042276   -0.0404876     19650.66
      7225.8     1.002105     3.016074  -0.01982598     19649.41
        7226     1.001868     3.002879  -0.04148627     19650.59
      7226.2      1.00172     3.013041  -0.02125449     19652.97
      7226.4     1.001209     3.009087  0.004941093     19653.72
      7226.6     1.000833     2.999071  -0.02322386     19651.49
      7226.8     1.000775     3.006832   -0.0255741     19652.95
        7227     1.000549     2.994462   0.02046732     19653.18
      7227.2     1.000307     2.988628  -0.01353136     19653.39
      7227.4     1.000191     3.015445  -0.04233635     19658.33
      7227.6     1.000034     2.996007  -0.03611076     19660.06
      7227.8    0.9998732     2.960593  -0.09415713     19661.73
        7228    0.9997315     2.959739  -0.09822884     19661.67
      7228.2    0.9997541     2.940119  -0.04686794      19661.3
      7228.4     0.999477     2.917424  -0.05989813     19662.89
      7228.6    0.9984899     2.923098  -0.05412357     19663.91
      7228.8    0.9976032     2.911821   -0.0530767     19662.55
        7229    0.9976388      2.89682  -0.05985908     19662.39
      7229.2    0.9975415     2.874962 -0.009912705     19661.41
      7229.4    0.9976284     2.875211   0.02006719     19661.94
      7229.6    0.9973389     2.903891   0.05549495     19663.49
      7229.8    0.9974716     2.912874   0.04514199     19666.32
        7230    0.9970146     2.919358  -0.03254079      19666.1
      7230.2    0.9961901     2.911325  -0.04308571     19669.09
      7230.4    0.9955611     2.877858  -0.04005983     19672.84
      7230.6    0.9949917     2.878405   -0.0492372     19671.54
      7230.8    0.9948035      2.88731  -0.03229021     19670.17
        7231     0.994729     2.871935  -0.07056201     19670.06
      7231.2    0.9947596     2.852026  -0.08436262     19670.71
      7231.4    0.9948893     2.821956  -0.02614214     19671.19
      7231.6    0.9946209      2.81982   0.02687981     19670.74
      7231.8    0.9944454     2.851021   0.06352328     19673.84
        7232     0.993994      2.87353   0.01984804     19673.83
      7232.2    0.9941175     2.872774   -0.0207564     19674.79
      7232.4    0.9936516     2.835699  -0.04399887     19674.11
      7232.6    0.9937384     2.834416  -0.04960954     19675.45
      7232.8     0.993567     2.838331   -0.0386361     19676.52
        7233    0.9931863     2.833087  -0.07812305     19673.68
      7233.2    0.9929737      2.80479  -0.06781705     19673.25
      7233.4    0.9929374     2.771918  -0.06865283      19675.8
      7233.6      0.99254     2.784077  -0.05595244     19673.72
      7233.8    0.9922339     2.778164  -0.01843012     19672.78
        7234    0.9919817     2.760028 -0.003003106     19675.81
      7234.2    0.9917063     2.757173   0.01246818      19679.1
      7234.4     0.991475     2.781674   0.01166224     19679.64
      7234.6    0.9912749     2.788139   0.01281763     19677.81
      7234.8    0.9913286     2.769358  -0.02613101     19677.64
        7235    0.9915898     2.767428  -0.01806815     19679.25
      7235.2    0.9916966      2.76077    0.0329516     19680.48
      7235.4    0.9914422     2.773684   0.01287176     19681.97
      7235.6    0.9910688     2.795719   0.01260121      19682.7
      7235.8    0.9911952     2.777725 -0.003745042     19684.23
        7236    0.9914444     2.770851  -0.05026695     19684.99
      7236.2    0.9913504     2.770688  -0.05606093     19686.36
      7236.4    0.9909869     2.755505  -0.07386091     19686.83
      7236.6     0.991308     2.732876  -0.07701233     19689.76
      7236.8    0.9906091     2.711762  -0.03284546     19686.12
        7237    0.9902499     2.709078   0.02484042     19686.64
      7237.2     0.990585     2.729229   0.04551777     19688.68
      7237.4    0.9904526     2.752749    0.0501324     19688.78
      7237.6    0.9904272     2.748176    0.0400738     19690.16
      7237.8    0.9908126     2.749184 -8.067098e-05      19691.9
        7238     0.990737     2.761288 -0.008567512     19691.34
      7238.2    0.9903755     2.752684  -0.01976676     19688.78
      7238.4    0.9901562     2.741322  -0.05459255     19687.62
      7238.6     0.990119     2.733371   -0.0513167     19689.82
      7238.8     0.990584     2.717614  -0.04755134     19692.29
        7239    0.9908452     2.711631  -0.04822501     19692.87
      7239.2    0.9906267     2.703281  -0.01272251      19693.3
      7239.4    0.9908721     2.694791  0.007088187     19695.51
      7239.6    0.9905697     2.707436    0.0350904     19698.39
      7239.8    0.9909157     2.717301   0.05437462     19696.93
        7240    0.9912904     2.731353   0.01959107     19697.19
      7240.2    0.9912778     2.738291  -0.01548898     19699.25
      7240.4     0.991431     2.723109  0.009871134     19697.78
      7240.6    0.9913081      2.70491  0.001573693     19698.03
      7240.8    0.9913673      2.73925   0.02232881      19697.6
        7241    0.9916924      2.73955   0.05900005     19698.74
      7241.2    0.9921624     2.740972   0.02255348      19700.5
      7241.4    0.9924891      2.75211  0.001098083     19703.65
      7241.6    0.9925574     2.757293  -0.01920919      19704.3
      7241.8    0.9926471     2.740428  -0.04205911     19704.45
        7242    0.9928841     2.725604    -0.070796     19705.99
      7242.2    0.9931023     2.718463 -0.009605197     19705.61
      7242.4    0.9933814     2.700656   0.04382594     19706.65
      7242.6    0.9937753     2.732744   0.03897924     19707.28
      7242.8    0.9937984     2.760665   0.08077809     19707.16
        7243     0.993732     2.749646    0.0489748     19711.52
      7243.2    0.9941841     2.765279   0.01175661     19711.93
      7243.4    0.9945011     2.771924  0.000205173      19712.3
      7243.6    0.9951803     2.770071 -0.005696347     19713.63
      7243.8    0.9950314      2.74981  -0.02787789     19713.61
        7244    0.9950384     2.760722  -0.03364088     19712.68
      7244.2    0.9952987     2.749621  -0.01200228     19713.91
      7244.4    0.9955652     2.743158  -0.01568182        19714
      7244.6    0.9955308     2.740209   0.02612503     19711.89
      7244.8    0.9954764     2.748176   0.05542282      19711.6
        7245    0.9957716     2.770521   0.07988914     19714.65
      7245.2    0.9962931     2.787496   0.06981892      19715.9
      7245.4     0.996256      2.80412   0.01654317     19714.76
      7245.6    0.9958754     2.804031  0.005205877      19713.7
      7245.8    0.9960299     2.783756  0.001550108     19714.18
        7246    0.9963939     2.791661  -0.01305271     19717.14
      7246.2    0.9967261      2.80536   0.01752384     19718.91
      7246.4    0.9971301     2.793589  -0.01250048     19719.62
      7246.6    0.9972911     2.797775  -0.05151572     19719.92
      7246.8    0.9972199      2.78166  -0.03283402     19719.83
        7247    0.9976007     2.764147  -0.05620021      19720.8
      7247.2    0.9977675     2.767322  -0.04548291      19721.9
      7247.4    0.9979902     2.752815  -0.01674983     19724.57
      7247.6    0.9983177     2.745274   0.01894521     19724.79
      7247.8    0.9985733     2.750747   0.04307049     19726.18
        7248    0.9984735     2.782478   0.04842984     19726.66
      7248.2    0.9981421     2.787271     0.039761     19726.89
      7248.4    0.9981711     2.784018    0.0218417     19730.12
      7248.6    0.9988536     2.782556   0.02919718     19732.64
      7248.8    0.9996553     2.799951   0.02798748     19732.96
        7249     1.000059     2.810629   0.03605623     19733.95
      7249.2    0.9999994     2.806408  -0.02073271     19733.35
      7249.4    0.9999399     2.811401  -0.05196785      19730.4
      7249.6     1.000259     2.783365  -0.07010161     19730.14
      7249.8     1.000473     2.769055  -0.08487954     19731.24
        7250     1.000654     2.750327  -0.03564546     19730.24
        7252      1.00254     2.770129 -0.007969197     19740.29
        7254     1.004728     2.779394 5.812902e-05     19747.49
        7256     1.007123     2.765692 0.0007913953     19752.69
        7258     1.010039     2.782429 0.0005364162     19762.82
        7260     1.012766      2.77646 -0.002027415     19767.57
        7262     1.015097     2.783686 -0.001240866     19775.98
        7264     1.016581     2.749473  0.001636317     19781.89
        7266     1.017553     2.772502  0.003769527     19787.23
        7268     1.018139      2.78955  0.007501052     19795.37
        7270     1.018161     2.813842  0.006534206     19800.39
        7272     1.018242     2.809481  0.007417184     19808.32
        7274     1.018397     2.824776  0.007601886     19818.04
        7276     1.018513     2.848888  0.006949134     19821.96
        7278     1.017743     2.874657  0.004768829     19828.11
        7280     1.016494     2.865074  0.004542291     19835.13
        7282     1.014462     2.862927  0.002169226     19839.96
        7284     1.013856     2.885226   0.00256112     19848.33
        7286      1.01238     2.892011  0.006886226     19854.88
        7288     1.010438     2.885563 -0.003078047     19859.47
        7290     1.008989     2.918016 -0.004335954     19871.67
        7292     1.007086     2.860602  -0.01185492     19877.15
        7294     1.006351     2.857323  -0.02260013     19880.28
        7296     1.005342     2.790724  -0.01707644     19889.85
        7298     1.004698     2.737215   -0.0150895     19896.73
        7300     1.004258      2.72399   -0.0148286     19903.67
        7302     1.003069     2.736607 -0.005880372     19909.62
        7304     1.003339     2.672095 -0.005216269      19913.7
        7306     1.003428     2.690172  -0.01211487     19921.42
        7308     1.003595      2.68226 -0.002503842     19927.82
        7310     1.002934     2.639688 -0.005775179     19933.46
        7312     1.002224     2.652064 -0.004841622     19937.59
        7314     1.002727     2.643971  0.002868039     19943.02
        7316     1.002745     2.643527 -0.001866323     19953.32
        7318     1.002291     2.662633 -0.0009242201     19962.37
        7320     1.002709     2.637134  0.001038898     19970.29
        7322     1.002371     2.636577 -0.004631274     19976.05
        7324     1.001408     2.651838 -0.002540749     19977.89
        7326     1.001393     2.625582 -0.002266811     19983.82
        7328     1.001741     2.616808 -0.004342831     19987.95
        7330     1.001389     2.618443 -0.003934552     19998.37
        7332     1.001818     2.617096 -0.0006989773     20002.36
        7334     1.000655     2.594106 -0.003444023      20006.7
        7336     1.000166     2.611216 -0.004465001     20014.02
        7338     1.000096      2.59089 0.0008442549     20018.78
        7340     1.000547     2.581376  0.001082412      20025.8
        7342     1.000649      2.60086 0.0007302943     20035.26
        7344     1.000012     2.619875  0.007647731     20041.51
        7346     1.000122     2.596733  0.007034586      20046.5
        7348    0.9995125     2.642557  0.005751194     20053.63
        7350    0.9996941     2.657137  0.009319644     20058.18
        7352     1.000426     2.665885  0.005805139     20065.58
        7354     1.000687      2.67129  0.007191045     20075.51
        7356     1.000628     2.688999  0.007167882     20079.48
        7358     1.000234     2.714665   0.00553334     20087.21
        7360     1.000611     2.723228  0.002908996     20094.36
        7362       1.0004     2.715557    0.0016597     20096.28
        7364     1.000028     2.712271 -0.0009341279     20102.22
        7366     1.000464     2.727943 -0.003810041      20109.1
        7368     1.000405     2.715755 -0.004023177     20118.24
        7370     1.000972     2.685076 -0.007043061     20123.73
        7372     1.000385     2.680085   -0.0114628     20129.92
        7374    0.9998906     2.671598   -0.0124029     20131.02
        7376    0.9995486     2.624053  -0.01214318     20135.78
        7378    0.9993043     2.585853  -0.01646508     20145.39
        7380    0.9995859      2.58294  -0.01131225     20150.23
        7382    0.9995356     2.539878 -0.009862913     20155.53
        7384    0.9999701     2.533554  -0.01005468     20163.58
        7386    0.9993389      2.50695 -0.007167938     20168.09
        7388     0.999252     2.502502 -0.005493063     20172.92
        7390    0.9997231     2.482534 -0.001175023     20180.85
        7392    0.9985382      2.48961 -0.001050102     20186.16
        7394    0.9985442      2.49755   0.00224147     20193.99
        7396     0.998948     2.494101 -0.0002389557     20196.54
        7398     0.999274     2.500466  0.001882786      20202.3
        7400    0.9985551     2.487698  0.002339625     20208.13
        7402    0.9984184     2.512612 -0.002315458     20211.54
        7404    0.9980272     2.512818 -0.001285879     20215.89
        7406    0.9972225     2.481942 -0.001489553     20225.63
        7408    0.9965158     2.477411 -0.002772943     20227.46
        7410    0.9976808     2.500696  0.001850745     20238.55
        7412    0.9970363     2.490635  0.001234004     20242.46
        7414    0.9972471     2.496748 -0.002212486     20247.06
        7416    0.9971055     2.487283 -0.002177344     20257.65
        7418    0.9966869     2.482996 -0.002170636     20262.16
        7420     0.996337     2.473216 -0.003665718     20266.09
        7422     0.995916     2.479383 -0.002306935      20271.8
        7424    0.9963522     2.457958 -0.001997218     20276.61
        7426    0.9968258      2.46454 -0.004379262      20282.5
        7428    0.9966277     2.457238 -0.001990193     20286.62
        7430    0.9965542     2.444349 -0.0005833321     20295.91
        7432    0.9960599     2.442036 -0.0001964668     20299.57
        7434    0.9955454     2.459873 0.0002097563     20307.94
        7436    0.9953289     2.455667  0.002528862     20315.48
        7438    0.9961141     2.446027 0.0003483502     20321.69
        7440      0.99569     2.462267 -0.0004683599     20327.42
        7442     0.995696      2.46266   0.00391163     20331.45
        7444    0.9956373      2.45192  0.001236226     20335.26
        7446    0.9954619      2.47732 0.0009472658     20337.36
        7448    0.9955018     2.472157  0.004664915     20346.69
        7450    0.9965101     2.470238 2.808934e-05     20356.68
        7452    0.9953849     2.489239 0.0001129896     20358.09
        7454     0.995524     2.477545  0.000658468     20363.31
        7456     0.995605     2.473061 -0.003119638     20370.31
        7458    0.9956189     2.475506  -0.00139551      20376.4
        7460    0.9956168     2.464282 -0.001417111     20381.12
        7462    0.9960071     2.466381 -0.002444427     20385.22
        7464    0.9955487     2.461724 -0.001577304     20387.94
        7466    0.9949499     2.455951 -0.003960458      20396.1
        7468     0.995296     2.451664 -0.005899245     20399.51
        7470     0.995359     2.434697 -0.005712901     20407.68
        7472    0.9952676      2.41453 -0.005760256     20418.49
        7474    0.9953252     2.410248 -0.005502452     20421.69
        7476    0.9950372     2.405581 -0.003752719     20424.21
        7478    0.9945976     2.390677 -0.004465366     20430.52
        7480    0.9946935     2.384508 -0.005419559     20436.42
        7482    0.9950316     2.374525 -0.004280593     20441.43
        7484    0.9947051     2.362225 -0.003276884     20446.91
        7486    0.9952175     2.356433 -0.004787766     20451.63
        7488    0.9953833     2.358293 -0.004072055     20453.66
        7490    0.9949486     2.336222 -0.002662865     20456.79
        7492    0.9946289     2.329649 -0.002323895     20461.72
        7494    0.9951442      2.33513 -0.003236934     20468.97
        7496    0.9947647     2.339702 0.0002709241     20472.66
        7498    0.9950542     2.310327 -0.002068612      20480.2
        7500    0.9949936     2.331816 -0.003526193     20485.75
        7502    0.9937499     2.318581  0.001259899     20488.49
        7504    0.9945753     2.311492  -0.00117421     20496.56
        7506    0.9947088     2.320406 -0.001485973     20499.54
        7508    0.9950656     2.322422  0.001180337      20503.8
        7510    0.9949699     2.306693 -0.001398504     20512.64
        7512    0.9946406     2.320935 -0.003299626     20516.55
        7514    0.9947567     2.309218  -0.00131359     20518.18
        7516    0.9944281     2.296025 -0.003804879        20521
        7518    0.9951964     2.296184 -0.002384839     20509.63
        7520    0.9948275     2.290496 -0.0003370472     20494.58
        7522    0.9952264     2.290139 -0.001632341     20490.04
        7524    0.9954381     2.293329 -0.0003259741     20416.96
        7526    0.9966153     2.283126 -0.0004106835     20150.51
        7528    0.9937123     2.287888 -0.0006735439     20271.24
        7530    0.9955891     2.286854 0.0005224428     20206.19
        7532    0.9941988     2.287941 7.016038e-05     20364.18
        7534    0.9954175     2.287305 -6.465107e-05     20554.63
        7536    0.9949349     2.288449 -0.0005420267     20541.69
        7538    0.9949704     2.286337 -0.001799669     20546.83
        7540    0.9949446     2.283604 -0.002059369     20567.36
        7542    0.9950295     2.272908 -0.001033113     20589.44
        7544    0.9954809     2.271975 -0.002215798     20595.24
        7546    0.9956302     2.278072 -0.001168574     20599.54
        7548     0.995645     2.265878  -0.00139857     20605.51
        7550    0.9956016     2.263559 -0.002482253     20609.84
        7552    0.9952579     2.260786 -0.001678268     20610.88
        7554    0.9953029     2.258214 -0.0001655261     20617.81
        7556    0.9954038     2.252452 -0.0006737367     20624.35
        7558    0.9958334     2.262235 -0.0001153477     20627.45
        7560    0.9955168     2.255396  0.001564238     20635.92
        7562    0.9956242     2.257291 0.0001751222     20639.48
        7564    0.9949405     2.264966 -0.0006594191     20644.71
        7566    0.9951555     2.263636 -0.002320576      20650.3
        7568    0.9952364     2.250121 -0.003062211     20655.28
        7570    0.9956076     2.238726 -0.002884631     20657.88
        7572     0.995361     2.240468 -0.003365154      20660.2
        7574    0.9951652     2.240559  -0.00279149     20665.65
        7576    0.9949455     2.223199 -0.003740074     20671.97
        7578    0.9952165     2.216395 -0.003819408      20674.2
        7580    0.9952218     2.210547 -0.003130718     20677.08
        7582    0.9951109     2.210004 -0.002687469     20682.75
        7584    0.9953713     2.198154  -0.00267534     20685.84
        7586    0.9952434     2.194895 -0.003055178     20690.97
        7588    0.9948731     2.189145 -0.002047739      20693.4
        7590    0.9952075     2.185562 -0.001481662     20697.88
        7592    0.9957509     2.181772 -0.001156958     20699.42
        7594    0.9957343     2.183041 -0.002852533     20706.25
        7596    0.9954427     2.179889 -0.002612003     20705.93
        7598    0.9949839     2.162742 -0.0008025914     20706.28
        7600    0.9951607     2.160876  -0.00192894     20711.75
        7602    0.9958755     2.176621 0.0006062736     20717.32
        7604    0.9953341     2.164458 0.0005739936     20722.03
        7606    0.9956839     2.167592 -0.003020989     20725.38
        7608    0.9954726     2.165468 -0.002327639     20727.41
        7610    0.9956644     2.152453 -0.001006391     20732.55
        7612    0.9959566     2.145836 -0.002396214     20738.04
        7614    0.9955738     2.159541 -0.002932551     20738.53
        7616     0.995733     2.146298 -0.0005059572     20741.65
        7618    0.9953397     2.128992 -0.002659799     20748.24
        7620    0.9959222     2.141789 -0.0009717861     20754.05
        7622    0.9959553     2.138263 6.469794e-05     20757.05
        7624    0.9960108     2.138524 -0.001053437     20761.93
        7626    0.9957773      2.12951 -0.0007630882      20763.7
        7628    0.9962979     2.133361 -0.002058111     20768.41
        7630    0.9968369     2.132158  -0.00129953     20772.99
        7632    0.9962564     2.122059 -0.002035333     20776.86
        7634    0.9966144     2.119114 -0.002990393     20779.58
        7636    0.9966317     2.117079 -0.002422455     20787.16
        7638    0.9970408     2.108235 -0.002531019     20791.88
        7640    0.9967121     2.102679 -0.003262634     20794.23
        7642    0.9965617     2.098866 -0.002734849     20796.37
        7644    0.9965984     2.090978 -0.002589397     20799.64
        7646    0.9967782     2.086356 -0.002645246     20803.54
        7648    0.9969109     2.081964 -0.002051126      20809.8
        7650    0.9967788     2.077704   -0.0017511     20812.23
        7652    0.9969238     2.074569 -0.001204417     20817.33
        7654     0.996943     2.072347 -0.001203166     20822.49
        7656    0.9968938     2.072329 -0.001449922     20826.63
        7658    0.9974443     2.068078 -0.001269886     20827.98
        7660    0.9971784     2.062969 -0.0009277369     20834.86
        7662    0.9971198     2.062188 -0.0003246775     20836.38
        7664    0.9968246     2.064907 -0.0001494371     20843.21
        7666    0.9974353     2.065481  -0.00154361     20844.52
        7668    0.9974583     2.061774 -0.001662407      20849.5
        7670    0.9973849     2.049839 -0.001206875     20850.22
        7672    0.9973358     2.051608 -0.0008893975     20853.72
        7674    0.9979979     2.055826 0.0003163332     20862.13
        7676    0.9980491     2.054658 0.0002249955     20865.28
        7678    0.9973454      2.05237 -0.0003387641     20866.77
        7680    0.9982023     2.053408 -0.0006551594     20878.04
        7682    0.9977728     2.053116 -0.001539727      20877.6
        7684     0.997796     2.049417 -0.001295294     20882.81
        7686    0.9981904     2.040052 -0.001852319     20885.76
        7688    0.9978788     2.043045 -0.002037953     20890.57
        7690    0.9982905     2.038297 -0.001593109     20892.76
        7692    0.9983151     2.033114 -0.003315679     20899.05
        7694    0.9981662     2.027307 -0.002511196     20900.96
        7696    0.9986712      2.01652 -0.000835013     20905.78
        7698    0.9988118     2.018208 -0.001293614     20910.41
        7700    0.9983207     2.026433 -0.0007088719      20913.2
        7702    0.9986181     2.016958 -0.001811914     20911.18
        7704    0.9984358     2.010849 -0.003158247     20918.68
        7706    0.9983495     2.003712 -0.001526806     20920.98
        7708    0.9983804     2.001167 -0.0006682818      20925.7
        7710    0.9990345     2.004744 -0.001136339     20932.18
        7712    0.9995061     2.005502  -0.00131065     20935.22
        7714    0.9997035     1.994622 -0.002266287     20940.29
        7716    0.9995033     1.990682 -0.002279227     20940.79
        7718    0.9993874     1.986614 -0.0005380668     20944.77
        7720    0.9998397     1.987269 5.677889e-05     20948.12
        7722    0.9992878     1.990317 -0.0004005187     20949.16
        7724    0.9999671     1.991137 0.0002208209     20956.13
        7726      0.99977     1.983409 -0.000287676     20957.63
        7728      0.99966     1.989035 -0.001606003     20960.52
        7730     1.000037     1.988016 -0.001312062     20962.56
        7732    0.9999488     1.978288 -0.002407786     20967.27
        7734    0.9997887     1.972913 -0.001851292     20968.64
        7736    0.9995677     1.969773 -0.0006200635     20975.21
        7738     1.000166     1.973205 -0.002048289     20978.61
        7740    0.9999014     1.973328 -0.001931822     20980.16
        7742    0.9999719     1.956527 -0.001670275     20985.31
        7744     1.000107     1.954318 -0.002048099     20985.68
        7746     1.000042     1.959843 -0.0006953837     20986.64
        7748     1.000278     1.956943 -0.0006334398     20992.82
        7750     1.000591     1.950964 -0.001498289     20993.76
        7752    0.9998819     1.949251 -0.001534932     20997.02
        7754     1.000438     1.947857 -0.001115891      21001.7
        7756     1.000352     1.944664 -0.001434817     21001.94
        7758     1.000085     1.942036 -0.001834078     21007.34
        7760     1.000563     1.937772 -0.001428223      21011.8
        7762     1.000662     1.933184  -0.00177304      21014.3
        7764     1.000513     1.933238  -0.00132975      21014.1
        7766     1.000645     1.927852 -0.001754156     21017.58
        7768     1.001287     1.927134 -0.002432839     21019.39
        7770     1.001391     1.919151 -0.001939602     21020.41
        7772     1.001304     1.913775 -0.002324671     21022.67
        7774     1.001145     1.912335 -0.001189137     21026.81
        7776     1.000963     1.908537 -0.000901947     21023.91
        7778     1.001181     1.909638 -0.001324466      21020.1
        7780     1.001468      1.90656 -0.001319218     21013.74
        7782     1.001638      1.90174 -0.001357006     20980.96
        7784     1.003721     1.897983  -0.00195073     20758.78
        7786      1.00543     1.898782 -0.002915495     20082.73
        7788     1.000104     1.890954 -0.000891268     20081.86
        7790    0.9990093     1.878416 -0.001772808     20231.54
        7792     1.001206     1.890853 -0.001782836     21036.17
        7794     1.001892     1.884599 -0.0004924903     21073.25
        7796     1.002191     1.876691 -0.001845564     21084.53
        7798     1.001935     1.874476 -0.001493368      21085.5
        7800     1.002313     1.876089 -0.0004900528     21090.08
        7802       1.0021     1.872652 -0.0005789293      21095.4
        7804     1.002239     1.872771 -0.001076328     21097.23
        7806     1.002127     1.869844 -0.001016718     21100.27
        7808     1.002322     1.867478 -0.001634174     21107.33
        7810      1.00209     1.864519 -0.001658697     21107.27
        7812     1.001772     1.859697 -0.001311126     21105.79
        7814     1.002275     1.856575 -0.001632422     21108.61
        7816     1.002393     1.856989 -0.002385906     21116.12
        7818     1.002226     1.851459 -0.001538075     21115.53
        7820     1.002246      1.84061  -0.00165124     21119.71
        7822     1.002881      1.84427 -0.001498276     21124.18
        7824     1.002698     1.843779 -0.001124111     21128.39
        7826     1.002434     1.839473 -0.001791991     21128.22
        7828     1.002549     1.831617 -0.002187125     21130.76
        7830     1.002341     1.829934 -0.001390993     21133.36
        7832     1.002702     1.826282 -0.0005141011     21138.44
        7834     1.002643     1.828345 -0.0009021569      21140.2
        7836     1.002725     1.827504 -0.0009578411     21143.38
        7838     1.002646     1.822717 -0.001414765     21146.18
        7840     1.003088     1.818619 -0.001700041     21152.59
        7842     1.003109     1.817027 -0.0009761511     21155.62
        7844     1.003459     1.813904 -0.001245499     21156.01
        7846      1.00327     1.814908 -0.0008514615     21158.99
        7848     1.002864     1.808655  -0.00121502     21159.34
        7850     1.002619     1.810215  -0.00210513     21161.29
        7852     1.002603     1.804184  -0.00116038     21166.29
        7854     1.002471     1.798067 -0.001585233     21165.95
        7856     1.002834     1.799372 -0.001217526     21167.76
        7858     1.003126     1.797533 -0.0008788274     21174.92
        7860      1.00338     1.794444 -0.001863199     21177.42
        7862     1.003435     1.791036 -0.001613067     21179.03
        7864     1.003709     1.784467 -0.001798323     21181.04
        7866     1.003022     1.784629 -0.001805599      21181.2
        7868     1.003526     1.780057 -0.001413675     21184.43
        7870     1.003603     1.776591 -0.001040872     21190.57
        7872     1.003775     1.773157  -0.00141582     21194.35
        7874     1.003991     1.776302 -0.001794354      21197.3
        7876     1.003811     1.768731 -0.002179536     21201.17
        7878     1.003729     1.762236 -0.002256956     21202.06
        7880     1.003619     1.755721 -0.001729277     21202.27
        7882     1.003963     1.758246  -0.00133382     21209.53
        7884     1.003888     1.754896 -0.001001697     21211.93
        7886     1.003941     1.751566 -0.001746866     21214.25
        7888     1.004088     1.747707 -0.001722211     21217.03
        7890     1.003771     1.744271 -0.001730657     21217.93
        7892     1.004139     1.741119 -0.001832886     21221.53
        7894     1.003781     1.737721 -0.001508781     21227.89
        7896     1.004165     1.733044 -0.001850918     21226.34
        7898     1.004313     1.732201 -0.001684403     21233.04
        7900     1.004637     1.726311  -0.00143882     21237.34
        7902     1.004752     1.724245 -0.001682605     21238.41
        7904     1.004577     1.721534 -0.001356789     21241.35
        7906     1.005061      1.71874 -0.001182989     21243.69
        7908     1.005194     1.715457 -0.0009777425     21247.59
        7910     1.005082     1.714781 -0.001050747     21254.64
        7912     1.004979     1.713712 -0.0008830175      21252.1
        7914     1.005378     1.710334 -0.001488925     21201.97
        7916     1.006181     1.708393  -0.00130979     20933.61
        7918     1.006088      1.70287 -0.0008884778     20615.42
        7920     1.004874     1.703233 -0.001299488     20953.28
        7922     1.005059     1.703227 -0.001447965      21187.2
        7924     1.005152     1.697997 -0.001212445     21227.05
        7926      1.00511     1.691286 -0.001564545     21242.56
        7928     1.005138     1.693534 -0.001706763     21249.43
        7930     1.005218      1.69071 -0.0009178963     21257.91
        7932     1.004499     1.684343 -0.001940523     21255.84
        7934     1.004934     1.683943 -0.001637791     21260.78
        7936     1.005155      1.67801 -0.001213202     21265.92
        7938     1.005302     1.677608 -0.001563771     21272.49
        7940     1.005069     1.674637 -0.0008023057     21275.17
        7942     1.004922     1.671433 -0.0007475363     21273.24
        7944     1.004979     1.671591 -0.001075394     21279.68
        7946     1.004512     1.671628 -0.001088889     21282.86
        7948     1.004774     1.666034 -0.001601568     21282.89
        7950     1.005029     1.662722 -0.001270332     21287.33
        7952     1.005568     1.658779 -0.0006158785     21291.15
        7954     1.005279     1.661465 -0.001057848      21289.8
        7956     1.005196     1.661107 -0.001356406     21291.37
        7958     1.005125     1.654259 -0.001926513     21298.91
        7960     1.004985     1.647928 -0.002113026     21299.92
        7962     1.005021     1.646053 -0.001711642     21303.81
        7964     1.004683     1.644203 -0.0006919176     21303.66
        7966     1.004923     1.640566 -0.001401494     21304.84
        7968     1.004768     1.642392 -0.001433952     21306.66
        7970     1.005126     1.634841 -0.001180603     21310.39
        7972     1.004821     1.632731 -0.001168681     21313.67
        7974     1.004755     1.631121 -0.0007176651     21319.03
        7976     1.005032     1.633043 -0.001624875     21318.77
        7978     1.004732       1.6291 -0.001172681     21323.58
        7980     1.004679     1.619732 -0.001977448     21325.33
        7982      1.00475      1.62174 -0.002267454     21327.67
        7984     1.004667     1.617223 -0.001195072     21332.55
        7986     1.004776      1.61096  -0.00158085     21331.45
        7988     1.004907     1.610172 -0.001727241     21333.65
        7990     1.004959     1.609093 -0.0006324954     21338.68
        7992     1.005241     1.603405 -0.001230076     21341.27
        7994     1.005363       1.6059 -0.001883823     21343.21
        7996     1.005208     1.600331 -0.001204637     21345.46
        7998       1.0055     1.594022 -0.001257373     21346.04
        8000     1.005398     1.593768 -0.001377784     21348.23
        8002      1.00539     1.595841 -0.0009428379     21351.69
        8004     1.005016     1.589309 -0.0008163892     21355.82
        8006     1.004992      1.58648 -0.001688838     21357.77
        8008     1.005486     1.587237 -0.001194272     21358.75
        8010     1.005432      1.58233 -0.0007158841     21358.77
        8012     1.005316     1.579755  -0.00161625     21360.93
        8014     1.004918     1.580752 -0.001202009     21364.02
        8016     1.005413     1.574307 -0.001207462     21365.95
        8018     1.005535     1.572714 -0.002240196     21370.42
        8020     1.005173     1.570095 -0.001134236     21373.18
        8022     1.005128     1.562831 -0.001460264     21371.43
        8024     1.005384     1.565233  -0.00136394     21375.89
        8026     1.005266     1.561032 -0.0008515384      21375.5
        8028      1.00538     1.559183 -0.001345158     21377.72
        8030     1.005703     1.556019 -0.001025189     21382.48
        8032     1.005085     1.554472 -0.001471956     21381.74
        8034     1.005226     1.552831 -0.001455988     21385.11
        8036     1.005004     1.547408 -0.001744153     21382.58
        8038     1.004981     1.544371 -0.001683226     21386.45
        8040     1.004805     1.540519 -0.001339246     21390.34
        8042     1.005189     1.539365 -0.001571489     21391.52
        8044     1.004626     1.536694 -0.001510271     21392.97
        8046      1.00483     1.531799 -0.001737538     21395.05
        8048     1.004877     1.528436 -0.001175284     21400.02
        8050      1.00431     1.525464 -0.000792226      21396.1
        8052     1.004418     1.527291 -0.0009602887      21400.6
        8054     1.004488     1.525461 -0.001436109     21404.65
        8056     1.004575     1.520754 -0.001833765     21408.48
        8058     1.004476     1.513976 -0.001848903     21410.76
        8060     1.004591     1.512621 -0.001165114     21412.76
        8062      1.00417      1.51067 -0.0005855519     21413.22
        8064      1.00405     1.511433 -0.001413114     21410.66
        8066     1.004122     1.509291 -0.001226192     21412.68
        8068     1.004344     1.501316 -0.001963496     21416.46
        8070     1.004278      1.50086 -0.001758312        21422
        8072     1.003714     1.495725 -0.0009920636     21420.33
        8074     1.003767     1.495225  -0.00162892     21419.52
        8076      1.00362      1.49338 -0.0009651755     21420.23
        8078     1.003889     1.487829 -0.001446467     21425.04
        8080     1.003682     1.488004 -0.001518601      21428.7
        8082     1.003815     1.483653 -0.0006198468     21432.44
        8084     1.003594     1.481231 -0.0009584335     21431.69
        8086     1.003235      1.48287 -0.0009538507     21433.59
        8088     1.003147     1.480336 -0.001360639     21430.94
        8090     1.003067     1.476022 -0.001592668     21435.12
        8092     1.002862     1.470346 -0.001535688     21435.62
        8094     1.002875     1.470129 -0.001521011     21442.16
        8096      1.00254     1.468051 -0.0007567764     21440.61
        8098     1.002481     1.463854 -0.001000327     21443.63
        8100     1.002525     1.464292 -0.0009632602     21444.51
        8102     1.002283     1.462126 -0.0009373899     21444.42
        8104     1.002101     1.460345 -0.001761551     21443.52
        8106     1.002126     1.456355 -0.001484985     21448.68
        8108      1.00171     1.450199 -0.001117434     21450.04
        8110     1.001721     1.450246  -0.00115303     21453.96
        8112     1.001606     1.451405 -0.0008811186     21454.74
        8114      1.00129     1.447131 -0.001121064     21452.35
        8116     1.001031      1.44315 -0.001530574     21455.79
        8118     1.001067     1.441278 -0.001261398     21458.44
        8120     1.000861     1.439161 -0.001099576     21458.27
        8122     1.000825     1.437039  -0.00146186     21462.07
        8124     1.000496     1.434354 -0.001505302     21461.07
        8126     1.000316     1.429583 -0.001311463     21461.67
        8128    0.9999699     1.427118 -0.001330595     21465.63
        8130     0.999577     1.426548 -0.0009657659      21466.1
        8132    0.9997397     1.423709 -0.001081396     21466.98
        8134     0.999067     1.421857 -0.001506427     21466.97
        8136    0.9988273     1.418467   -0.0014916     21468.72
        8138    0.9991795     1.414496 -0.001693165     21471.53
        8140    0.9990573     1.411776 -0.001181075     21472.04
        8142    0.9991581     1.408311 -0.001218089     21472.36
        8144    0.9986863     1.409019 -0.001127215     21472.89
        8146     0.998756     1.404752 -0.001207231     21474.59
        8148    0.9985593     1.402759 -0.001482831     21475.49
        8150    0.9981721     1.398654  -0.00113317     21474.59
        8152    0.9980305     1.397156  -0.00121283     21474.98
        8154    0.9978895     1.395686 -0.000762112     21475.45
        8156    0.9982461     1.393056 -0.001025133     21478.45
        8158    0.9978872     1.392557 -0.001275673     21476.31
        8160     0.997676     1.388955 -0.0009478463     21479.72
        8162    0.9976102     1.385481 -0.001238849     21478.13
        8164    0.9971543     1.385473 -0.001255834     21480.34
        8166    0.9971749     1.382646 -0.001228635     21482.74
        8168    0.9972907     1.378908 -0.001563233     21484.84
        8170    0.9969664     1.375652 -0.001495415     21484.77
        8172    0.9965692     1.372967  -0.00136485     21486.49
        8174    0.9968188     1.370683  -0.00108628     21489.27
        8176    0.9971441     1.367989 -0.0009069708     21493.11
        8178    0.9965227     1.366962 -0.0008696846     21487.98
        8180    0.9963023     1.365711 -0.0008689043     21491.08
        8182    0.9959751     1.363725 -0.001447138      21489.5
        8184    0.9957366     1.361038 -0.001234298     21491.17
        8186    0.9954579     1.355384   -0.0017841     21492.61
        8188    0.9954817     1.355837   -0.0014403     21493.13
        8190    0.9956474     1.349452 -0.001149094      21492.6
        8192    0.9954342     1.349516 -0.001351847     21496.44
        8194    0.9952059     1.346192 -0.0008857074        21501
        8196    0.9947164     1.345022 -0.001174329     21497.84
        8198    0.9946869     1.342367 -0.001113731     21499.63
        8200    0.9944492     1.340121 -0.001318982     21503.59
        8202    0.9939359     1.337282 -0.001056662     21499.98
        8204    0.9936169      1.33447 -0.0008586336     21500.36
        8206     0.993441     1.333913 -0.001020726     21499.98
        8208    0.9934531     1.333252 -0.001194972     21499.84
        8210    0.9934652     1.329116 -0.001575673     21501.58
        8212    0.9929019     1.324911 -0.001804163     21501.29
        8214    0.9930052     1.321308 -0.001423292     21506.41
        8216    0.9929414     1.318819 -0.001194385     21505.46
        8218    0.9927676      1.31773 -0.001521896     21510.27
        8220    0.9921861     1.315356 -0.001459748     21508.34
        8222    0.9919724     1.309133 -0.001160345     21510.28
        8224    0.9917757     1.307141 -0.001307021     21509.48
        8226    0.9914771     1.308447 -0.0008537079     21512.05
        8228    0.9912017     1.304899 -0.001273923     21509.36
        8230    0.9910621     1.302303 -0.001559256     21510.02
        8232    0.9910882     1.296949 -0.001207194     21513.83
        8234    0.9906178     1.295973 -0.001123977     21513.77
        8236    0.9903773     1.295242 -0.000607258     21514.79
        8238    0.9902658     1.293311 -0.001274319     21513.16
        8240    0.9899222     1.292091 -0.001506744     21515.96
        8242    0.9896351     1.285778 -0.001407502     21516.53
        8244    0.9890823     1.283188 -0.001284908     21515.98
        8246    0.9891713     1.282051 -0.0008257208     21518.45
        8248    0.9888126     1.281812 -0.001434959     21516.24
        8250    0.9887266     1.279173 -0.002447111     21517.78
