# This file has been produced by extranormal (v 1.0.1 - February 23, 2017)
# O. Roudenko - Synchrotron SOLEIL. Covered by GPL licence.
#Data from HDF File: /nfs/ruche-rock/rock-soleil/com-rock/2021/Projets/20210209_Hilde/InSitu/10Ni-10Fe_50BN/10Ni-10Fe_50BN_RWGS750_CO2pulses_H2cst_ratio1/10Ni-10Fe_50BN_RWGS750_CO2pulses_H2cst_ratio1_00004.nxs to 10Ni-10Fe_50BN_RWGS750_CO2pulses_H2cst_ratio1_00005.nxs
#Time at start=2021-02-10 14:42:38.997
#Time from start (seconds)=17.4343159809
#Sample temperature (C)=24.8
# Normalization -------------
# pivot spectrum: Pivot_Fe_10Ni-10Fe_50BN_RT_air_av2000_00001.txt
# E0=7112.0   Eshift=1.96616691458
# E0_pivot = 7112.0
# pre-edge params: from E0_pivot-140.0 to E0_pivot-20.0
# pre-edge range: [6972.0, 7092.0]
# post-edge params: from E0_pivot+100.0 to E0_pivot+1140.0
# post-edge range: [7212.0, 8250.0]
# I jump at E0_pivot = 1.24288998668
# shifted energy	normalized	reference	ref.derivative	I0
        6970  0.001653114     1.678348 -0.002517145      18808.9
        6972  0.001653114     1.678348 -0.002517145      18808.9
        6974  0.001861435     1.673348 -0.001532118     18816.51
        6976  0.001359716     1.672466  -0.00224502     18824.81
        6978  0.001624305     1.678508 -0.0004629006     18833.88
        6980 0.0009866995     1.660388 -0.001466155     18843.24
        6982  0.000955314     1.669645 -0.002526321     18850.36
        6984  0.001006933     1.660736 -0.001007531     18856.35
        6986 0.0007816827     1.658297 -0.002699194     18863.84
        6988 0.0006756662     1.652327 -0.001499219     18869.26
        6990 0.0004181957     1.648051 -0.002008432     18880.75
        6992 4.589452e-05     1.648743  -0.00147663     18884.35
        6994 0.0007303702      1.64223 -0.001240889     18892.39
        6996  0.000455485     1.640514 -0.002155806      18904.6
        6998 0.0005924242     1.638124 -0.0008956412     18909.03
        7000 -0.000167457     1.631496 -0.0009170187      18916.7
        7002 0.0001274476     1.635064 -0.001555544     18928.07
        7004 -0.0002501948     1.633178 -0.001074203     18937.72
        7006 -0.0003944805      1.62568 -0.002529998      18947.1
        7008 -0.0004817983     1.622903 -0.002821661     18957.88
        7010 -0.0007328569     1.614825 -0.001831606     18964.67
        7012 4.484979e-05     1.610605 -0.002491039     18970.78
        7014 -0.0006268086     1.611027 -0.001526424     18978.96
        7016 -0.0008814898     1.602974 -0.001061681     18984.25
        7018 -0.0008453419     1.602613 -0.0008777658     18990.96
        7020 -0.001083933     1.602112 -0.000635433     18997.39
        7022 -0.0005697773     1.604005  -0.00110118     19007.17
        7024 -0.0004593851     1.597891 -0.001348767     19016.79
        7026 -0.0008864223     1.593804 -0.002212571     19026.24
        7028 -0.0008408251     1.591321 -0.001987442     19034.13
        7030 -0.0007986418     1.586304 -0.001506628      19042.4
        7032 -0.001237561     1.581991 -0.001589117     19047.93
        7034 -0.0009029627     1.581751 -0.0009004707     19057.48
        7036 -0.0005952038     1.578608 -0.0006628383     19066.92
        7038 -0.001043157       1.5791 -0.002105736     19076.09
        7040 -0.001258003     1.576689 -0.001301317     19080.76
        7042 -0.0006395711     1.564905 -0.002529735     19092.83
        7044 -0.001445832     1.568198 -0.002479772     19097.74
        7046 -0.000425972     1.558863 -0.0007392491     19112.79
        7048 -0.0007582862      1.55685 -0.001428344     19123.63
        7050 -0.001073192     1.558991 -0.0008566699     19126.42
        7052 -0.0004921112     1.556771 -0.0008022983     19136.58
        7054 -0.0008391254     1.552009 -0.001542336     19142.43
        7056 -0.001239683     1.550432 -0.001710103     19150.08
        7058 -0.000808504     1.546652 -0.001433578      19156.6
        7060 -0.0007753136      1.54309 -0.001000625     19159.87
        7062 -0.0003308101     1.540541 -0.001606696     19168.01
        7064 -0.0002310329     1.542427 -0.001205304     19176.12
        7066 -0.0008910297     1.533799 -0.001918554      19181.3
        7068 -0.000194313     1.533448 -0.001975216     19193.29
        7070 9.141093e-05     1.525192 -0.0009959984     19198.83
        7072 -0.0002850188     1.526625 -0.0008174252     19207.68
        7074 0.0001349328     1.525831 -0.0002682631     19215.95
        7076 -0.0002438911     1.526909 -0.001721608      19227.6
        7078 0.0008707894     1.523046 -0.002271681     19232.92
        7080 0.0009541503     1.512852 -0.001762609     19241.17
        7082 0.0008602547     1.507657  -0.00188951     19248.37
        7084  0.001338595     1.512808 -0.0008085719     19255.34
        7086  0.001292634      1.50793 -0.0007742696      19263.1
        7088  0.001786604     1.506384 -0.001287871     19270.78
        7090  0.002694377     1.501463 -0.001629474     19282.45
        7092   0.00306646     1.502505 -0.001207452     19289.38
        7094  0.003450839     1.494894 -0.000711081     19293.09
        7096   0.00381669     1.496724 -0.001067111     19300.43
        7098  0.004988803     1.495774 -4.416443e-05     19311.13
        7100  0.006295669     1.493968 -0.0005995511      19318.4
      7100.2  0.006358029     1.494031 -0.000511078     19318.91
      7100.4   0.00642039     1.494094 -0.0004226049     19319.41
      7100.6   0.00648275     1.494157 -0.0003341317     19319.92
      7100.8  0.006545111      1.49422 -0.0002456586     19320.42
        7101  0.006607471     1.494283 -0.0001571855     19320.93
      7101.2  0.006669832     1.494346 -6.871232e-05     19321.44
      7101.4  0.006732193     1.494409 1.976082e-05     19321.94
      7101.6  0.006794553     1.494472  0.000108234     19322.45
      7101.8  0.006856914     1.494535 0.0001967071     19322.95
        7102  0.006961957     1.494307 0.0004005917      19323.4
      7102.2  0.007301874     1.493618 0.0007151795     19323.99
      7102.4  0.007708954     1.496939 -0.0006331618     19326.69
      7102.6  0.007798537     1.496193 0.0007470863     19328.65
      7102.8  0.007710196     1.493801 0.0005548772        19329
        7103  0.007742029     1.494215 -0.004471684     19329.57
      7103.2  0.008115533     1.497382 -0.007017778     19328.98
      7103.4  0.008604341     1.492615 -0.005468359        19328
      7103.6  0.009279104     1.488186 -0.004520851     19331.14
      7103.8  0.009687078     1.489841  0.004282338     19332.21
        7104  0.009691753     1.493766   0.01041516        19333
      7104.2  0.009608252     1.496041  0.001010899     19333.18
      7104.4  0.009715829     1.496519 -0.005479057     19333.61
      7104.6   0.00961152     1.490649 -0.002775368     19334.19
      7104.8  0.009848411     1.489382 -0.001793341     19336.77
        7105    0.0101566     1.493821  0.001887069     19339.01
      7105.2   0.01052397     1.495084  0.002124334     19339.56
      7105.4   0.01097608     1.492159 -0.002611472     19340.79
      7105.6   0.01118948     1.491082 -0.0002197164     19341.28
      7105.8   0.01158478     1.491732  0.006715679     19341.09
        7106   0.01195176     1.494908  0.006157753     19342.56
      7106.2   0.01243514     1.497532  0.007013394     19343.44
      7106.4   0.01275837     1.496008  0.001614912     19344.92
      7106.6   0.01312612     1.497342 -0.003946566     19345.76
      7106.8   0.01353799       1.4962 0.0003288869      19344.3
        7107    0.0140296     1.494374  0.001294705      19345.1
      7107.2   0.01478071     1.496271  0.004565407     19347.59
      7107.4   0.01538963     1.498378  0.009376679     19348.86
      7107.6   0.01594555     1.499852   0.00885275      19348.8
      7107.8   0.01672254     1.501876   0.00821674     19347.45
        7108   0.01752646     1.503353  0.009435071     19348.95
      7108.2   0.01809542     1.504952  0.006172688     19348.95
      7108.4   0.01863164       1.5074  0.006353833     19348.07
      7108.6   0.01949978     1.506814  0.005613911     19349.63
      7108.8   0.02085792     1.508437  0.004093775     19350.26
        7109   0.02244323     1.509443   0.01191843     19352.12
      7109.2   0.02376918     1.510675   0.01524773     19351.83
      7109.4   0.02519945     1.516349   0.01803099     19353.31
      7109.6   0.02694019     1.520635    0.0233908     19356.39
      7109.8   0.02879781     1.523867   0.02747083     19353.64
        7110   0.03071062     1.529388   0.03169008     19352.09
      7110.2   0.03297231     1.538325   0.04004113     19351.55
      7110.4   0.03611921     1.545987   0.05077274     19350.31
      7110.6   0.04019125       1.5559   0.05885576     19349.94
      7110.8    0.0456237     1.570006   0.07626149     19348.82
        7111   0.05230561      1.58541   0.09735764     19348.41
      7111.2   0.06034503     1.606996    0.1137873     19349.08
      7111.4   0.07010168     1.633786    0.1291739     19347.88
      7111.6   0.08147416     1.661036     0.139262     19349.29
      7111.8   0.09408946     1.688749    0.1418836     19349.01
        7112    0.1082337     1.718406    0.1515023     19346.68
      7112.2     0.123192     1.747293    0.1597271     19342.11
      7112.4    0.1386862     1.782238    0.1626162     19341.02
      7112.6    0.1538025     1.816531     0.156248     19341.96
      7112.8    0.1679319     1.848499     0.138045      19339.9
        7113    0.1814782     1.872292    0.1175448     19339.64
      7113.2    0.1936821     1.892674    0.1032396      19335.6
      7113.4    0.2051547     1.910566   0.09388734     19333.36
      7113.6    0.2160909      1.93109   0.08358931     19333.67
      7113.8    0.2266226     1.947402   0.07725632     19333.32
        7114    0.2366383     1.959545   0.06615178        19333
      7114.2     0.246004     1.972371   0.05801732     19330.87
      7114.4    0.2549822     1.984012   0.05799191     19331.73
      7114.6    0.2624357     1.993816    0.0554153     19330.79
      7114.8    0.2692033     2.005939    0.0499294     19331.98
        7115    0.2750088     2.016704   0.04459534     19334.09
      7115.2    0.2802819     2.023955   0.03818134     19334.94
      7115.4    0.2846574     2.029492   0.03076869     19335.55
      7115.6    0.2889468     2.036484   0.02740459     19337.12
      7115.8    0.2924557     2.041319   0.02319886     19337.01
        7116    0.2958876     2.045879   0.02365031     19338.62
      7116.2    0.2995136     2.048051   0.03118488     19338.93
      7116.4    0.3028329     2.055404   0.03206771     19338.43
      7116.6    0.3067079     2.066267   0.03846933     19338.47
      7116.8    0.3108449     2.071533   0.03307289     19337.24
        7117    0.3159625     2.078826   0.02726315     19337.77
      7117.2    0.3218024     2.081863   0.03809455     19338.83
      7117.4    0.3279229     2.088077    0.0448392      19338.1
      7117.6    0.3346049     2.102009    0.0575473     19338.33
      7117.8    0.3420247     2.114698   0.07358997     19338.95
        7118     0.350461       2.1279   0.07898228     19339.06
      7118.2    0.3597075     2.146949   0.08131939     19339.62
      7118.4    0.3696834     2.165194   0.09283759     19339.79
      7118.6      0.38054     2.179753   0.09411136     19338.39
      7118.8    0.3924788      2.20217    0.0943523     19338.75
        7119    0.4052977     2.222238    0.1050635     19339.12
      7119.2    0.4186675     2.240676    0.1063431     19340.19
      7119.4    0.4329663     2.263804    0.1180167     19341.15
      7119.6    0.4480912     2.287245     0.135808     19341.44
      7119.8    0.4634952     2.316651    0.1542385     19342.01
        7120    0.4789978     2.349323    0.1571465      19339.2
      7120.2    0.4946198     2.387195    0.1410144     19339.06
      7120.4     0.509839     2.412962    0.1322293     19338.16
      7120.6    0.5243253     2.429463    0.1178092      19335.4
      7120.8    0.5386629     2.455106    0.1274987     19336.12
        7121    0.5522699     2.481442    0.1439072     19336.69
      7121.2    0.5656564     2.514961    0.1324322     19337.82
      7121.4    0.5785683     2.544589    0.1227596     19336.95
      7121.6    0.5909478     2.561052   0.09858677      19338.4
      7121.8    0.6036356      2.57965   0.08463351     19338.55
        7122     0.616336     2.593831   0.09157329     19337.02
      7122.2    0.6294798     2.612296   0.09439667      19336.9
      7122.4    0.6432534     2.634311   0.08454803     19337.56
      7122.6    0.6568096     2.655167   0.08190988     19334.09
      7122.8    0.6704034     2.661469   0.07588226     19333.07
        7123    0.6844386     2.677823    0.0659849     19333.05
      7123.2     0.699319     2.695016    0.0778833     19333.55
      7123.4    0.7145229     2.707955   0.09569487        19331
      7123.6    0.7298041     2.723776   0.09833177     19331.25
      7123.8    0.7446977     2.754379    0.1049301      19330.1
        7124    0.7596423     2.773682   0.09554409     19330.82
      7124.2    0.7753106     2.791899   0.06466222     19332.52
      7124.4    0.7901538     2.800211   0.05728042     19332.36
      7124.6    0.8046011     2.806109   0.05549694     19332.45
      7124.8    0.8181526     2.819506   0.05712364     19332.13
        7125    0.8312873     2.836297   0.05317882     19331.64
      7125.2    0.8441933      2.84591   0.02673324     19331.29
      7125.4    0.8571257     2.848652 -0.003627475      19331.7
      7125.6    0.8699641     2.840893 -0.004726182     19328.55
      7125.8    0.8820297     2.833395  -0.01049035     19326.28
        7126     0.892944     2.842129 -0.0002867363     19324.49
      7126.2     0.903741      2.84026   0.01900309     19324.44
      7126.4    0.9144341     2.840663  0.001074763     19325.38
      7126.6    0.9244778     2.848597 -0.002065849     19324.68
      7126.8    0.9346135     2.842989   0.02643205     19324.42
        7127    0.9451936     2.838607   0.06485757     19325.07
      7127.2    0.9554544     2.861809    0.1058449     19325.38
      7127.4    0.9648934     2.900483    0.1579561     19325.96
      7127.6    0.9741573     2.927665    0.1442761     19324.56
      7127.8    0.9837895     2.964972   0.07373152     19322.21
        7128     0.993038      2.97723   0.04413434     19322.11
      7128.2     1.001562     2.959469   0.04163888     19322.21
      7128.4     1.010181     2.962972   0.08250397     19322.33
      7128.6     1.019081     2.998283   0.08564975     19321.07
      7128.8     1.027661     3.043233   0.09502547     19318.62
        7129     1.035642     3.027988   0.08579647      19318.7
      7129.2     1.043272     3.038992  0.002315694     19318.29
      7129.4     1.050742      3.06692   0.03343223     19317.67
      7129.6     1.057701     3.045086   0.02089203     19318.25
      7129.8     1.064422     3.054734   0.02344884     19319.11
        7130     1.070752     3.055706    0.1170093     19318.86
      7130.2     1.075693     3.085679     0.111159     19314.83
      7130.4     1.080421     3.138693   0.07368617     19310.23
      7130.6     1.084921     3.143661    0.0265616     19307.49
      7130.8     1.089645     3.114655  -0.04865914     19308.67
        7131     1.093491     3.106929  -0.05282878     19306.95
      7131.2     1.096935     3.099766  0.004309407     19306.94
      7131.4      1.10098     3.101398   0.01615775     19306.65
      7131.6     1.105038     3.118103   0.01822686     19303.91
      7131.8     1.109791     3.119855   0.02268299     19304.57
        7132     1.113653     3.114347  -0.03732188     19303.35
      7132.2      1.11718     3.119545  -0.03374142     19303.95
      7132.4     1.119987     3.088245  -0.05031296     19304.45
      7132.6     1.122634     3.092862    -0.102967     19305.05
      7132.8     1.125374     3.074097   -0.1148464     19307.73
        7133     1.126604     3.037171   -0.1013265     19306.94
      7133.2     1.127393     2.996368  -0.09697045     19308.06
      7133.4     1.126809     3.011801  -0.05807829     19310.24
      7133.6     1.125866      2.99652   -0.0238116      19309.7
      7133.8     1.124847     2.990709   -0.0782549     19308.38
        7134      1.12264     2.977319  -0.05451765     19307.41
      7134.2     1.119418     2.949197  -0.02976947     19307.19
      7134.4     1.116178     2.952906   0.01445479     19306.48
      7134.6     1.112491     2.966893   0.05911164     19308.09
      7134.8     1.108633     2.988882   0.03648389      19309.8
        7135     1.104568     2.996486  -0.01904883     19310.22
      7135.2     1.100426     2.982093  -0.06281486     19310.49
      7135.4     1.096505     2.951654  -0.08300835     19311.54
      7135.6     1.092422     2.938631  -0.05294495      19311.6
      7135.8     1.088546     2.930079   -0.0078895     19313.35
        7136     1.084849     2.939737  -0.04552172     19317.32
      7136.2     1.080697     2.945342  -0.05308015      19317.5
      7136.4     1.076383     2.902213  -0.05236751     19316.64
      7136.6     1.072365     2.887615  -0.03850063     19315.88
      7136.8     1.068278     2.897843 0.0008072914      19311.9
        7137     1.064446     2.914542  -0.00876229     19305.81
      7137.2     1.061517     2.902859 -0.005080547     19292.43
      7137.4     1.058366     2.880605  -0.02809666     19266.27
      7137.6     1.055655     2.893779 -0.009880125     19231.77
      7137.8      1.05319     2.892064   0.01171824     19191.18
        7138     1.049696     2.894955   0.04101922     19150.49
      7138.2     1.046725      2.88998   0.04968719     19115.74
      7138.4     1.043471     2.926594   0.06988306     19091.26
      7138.6      1.04034     2.931814   0.06026072     19085.03
      7138.8     1.037142     2.950861 -0.003693065     19090.32
        7139     1.034786     2.938189   -0.0136878     19107.05
      7139.2     1.032852      2.92364  0.003345121     19131.94
      7139.4     1.031232     2.920864   0.02516801     19158.74
      7139.6     1.029495     2.953537   0.05954585      19185.7
      7139.8     1.028115     2.958323   0.04244433     19216.01
        7140     1.026403     2.971277   -0.0362158     19240.63
      7140.2      1.02524     2.954819  0.004113231     19263.69
      7140.4     1.024683     2.924565 -0.007989576     19282.89
      7140.6      1.02402     2.961614  0.009825316     19298.99
      7140.8      1.02287     2.964885    0.0401576     19308.62
        7141     1.021413      2.96268 -0.009470094      19312.8
      7141.2     1.020543     2.956691  0.005632126     19314.18
      7141.4     1.019701     2.954037 -0.004514217     19312.24
      7141.6     1.019021     2.969391  -0.02555091     19300.47
      7141.8     1.018002     2.959068  -0.04414167     19279.38
        7142     1.016883      2.93625  -0.02590983      19249.9
      7142.2     1.016057     2.918724 -0.004429377     19213.53
      7142.4     1.015255     2.948663   0.02258863     19173.41
      7142.6     1.014149     2.955525   0.05581948     19135.08
      7142.8     1.013019     2.954321    0.0368474      19105.2
        7143     1.012126      2.96338   0.04157829     19084.95
      7143.2     1.011495     2.978141   0.01604663     19079.53
      7143.4     1.010776     2.988787   0.01980195     19090.93
      7143.6      1.00969     2.967158 0.0008525359     19116.03
      7143.8      1.00882     2.979221  -0.05003457     19153.03
        7144     1.008369     2.978823  -0.02066989     19193.05
      7144.2     1.008034      2.94876  0.005090279     19231.02
      7144.4     1.007543     2.950622 0.0005451184     19264.91
      7144.6     1.007407     2.983294   0.03753067     19291.42
      7144.8     1.007653     2.979259 -0.002032615      19308.4
        7145     1.007527     2.978784  -0.02505201     19318.81
      7145.2     1.007515     2.948996 0.0007882891     19326.02
      7145.4     1.006736     2.963252 -0.003935612     19331.07
      7145.6     1.005806     2.979889   0.02143417     19335.75
      7145.8     1.005194     2.975636  -0.02806753     19341.07
        7146     1.005509     2.966144  -0.03164316     19345.51
      7146.2     1.005226     2.940798  -0.01032159     19350.53
      7146.4     1.004701     2.954575 -0.005504317     19355.07
      7146.6     1.003573     2.967379 -0.009286976     19355.76
      7146.8     1.002768      2.96174   0.02730568     19356.22
        7147     1.002087     2.933368   0.01047993     19355.87
      7147.2     1.000785     2.976419 0.0006159922     19356.74
      7147.4    0.9993266     2.975762   0.03675869     19359.62
      7147.6    0.9979162     2.962233  -0.01752159     19360.74
      7147.8    0.9962548     2.962775  -0.01713126     19361.81
        7148    0.9947948     2.962402   0.04199498     19361.98
      7148.2    0.9935943     2.962057   0.06536371     19365.12
      7148.4    0.9920469     2.995829   0.07139081     19368.04
      7148.6    0.9904478     3.015066   0.09324573     19369.46
      7148.8    0.9888261     3.019515      0.07012     19371.45
        7149    0.9871818     3.036654   0.02405113     19371.69
      7149.2    0.9856964     3.051925  0.007012852     19373.68
      7149.4    0.9840844     3.034307 -0.003034227     19374.41
      7149.6    0.9827673     3.025125  -0.03160591      19374.6
      7149.8    0.9815243     3.034227  -0.04961497     19376.51
        7150    0.9797482      3.02664  -0.05557338     19376.07
      7150.2    0.9783575     2.994615 -0.001837792     19377.98
      7150.4    0.9775182     2.980666   0.06012651     19379.78
      7150.6    0.9762439     3.032756   0.08797415      19378.7
      7150.8    0.9744556     3.074742    0.1021934     19380.72
        7151    0.9731412     3.064994   0.02748423     19382.35
      7151.2    0.9727041     3.062421  -0.05644247     19384.58
      7151.4     0.972148     3.054744  -0.06508477     19385.94
      7151.6    0.9716235     3.029588  -0.04767401     19386.36
      7151.8    0.9711306     3.012927   0.00321266     19389.42
        7152    0.9705666     3.024282   0.09787824      19391.4
      7152.2    0.9703399     3.057314    0.1344972     19389.58
      7152.4    0.9702823      3.10789    0.1011893      19390.2
      7152.6    0.9702099     3.120524   0.05229304     19391.61
      7152.8    0.9704104     3.105233   0.02879378     19392.74
        7153    0.9704402     3.099148  0.005990683     19393.74
      7153.2    0.9708825     3.130925  -0.03337986      19394.9
      7153.4    0.9716621     3.125317 0.0005627237     19398.54
      7153.6    0.9722739     3.078529  -0.02879908     19398.07
      7153.8    0.9727684     3.099599  -0.09438802     19399.74
        7154    0.9734466     3.107886  -0.04441605      19400.9
      7154.2    0.9739904     3.049807   0.01670531     19401.23
      7154.4    0.9745835     3.042997   0.01199428     19400.64
      7154.6    0.9756537     3.112963    0.0547606     19403.87
      7154.8    0.9770162     3.117481   0.04611173     19406.49
        7155    0.9786453     3.093615  -0.06020338     19407.86
      7155.2    0.9800838     3.079886   -0.1079434     19407.63
      7155.4    0.9810323       3.0648     -0.10881     19406.79
      7155.6    0.9822179     3.031127  -0.03344963     19408.66
      7155.8    0.9831125     3.006567   0.03252196     19409.38
        7156    0.9839651     3.053126    0.0503707     19409.69
      7156.2      0.98531     3.090818   0.07854112     19410.03
      7156.4    0.9862169     3.071423   0.03737525      19409.9
      7156.6    0.9868662       3.0694 -0.009338438     19411.93
      7156.8    0.9879195     3.083027   0.03572882     19412.37
        7157    0.9893873     3.083347    0.0772445     19413.11
      7157.2    0.9904857     3.100006   0.01517616        19415
      7157.4    0.9911008     3.131196  -0.03598107     19414.26
      7157.6     0.992437     3.095167  -0.06464253     19416.23
      7157.8     0.993553     3.054562  -0.09424463     19416.77
        7158    0.9948419     3.048292  -0.07369174     19417.01
      7158.2    0.9960963       3.0558  -0.01939756     19419.58
      7158.4    0.9972392     3.036214   0.02524961     19422.18
      7158.6    0.9978297     3.039044   0.03181059     19421.24
      7158.8    0.9982985     3.068492   0.04542318     19420.64
        7159    0.9991183     3.081248   0.06909606     19420.88
      7159.2     0.999146     3.072553   0.01559165     19421.84
      7159.4    0.9995452     3.094321  -0.01853716     19420.78
      7159.6      1.00004     3.080965  -0.03116473     19420.21
      7159.8     1.000079     3.066419  -0.05510074        19420
        7160     1.000176     3.047621   0.01570841     19420.87
      7160.2     1.000188      3.05024   0.05322547     19421.36
      7160.4     1.000532     3.093532   0.05423846     19423.62
      7160.6      1.00125     3.108999   0.04057589     19426.45
      7160.8     1.001207     3.091012  -0.01930024     19426.53
        7161     1.001245     3.082701  -0.04875834     19427.48
      7161.2     1.001398     3.078092  -0.02597804      19426.7
      7161.4     1.000638     3.069992  -0.05285471      19428.5
      7161.6     1.000037     3.070229  -0.05360576     19430.63
      7161.8     0.999746     3.040417  -0.05512669     19429.92
        7162    0.9993614     3.035207   -0.1157215     19430.51
      7162.2    0.9993003     3.025891  -0.06915165     19431.48
      7162.4    0.9992461     2.977652  -0.01588496     19431.82
      7162.6    0.9988868     2.985096  0.008298428     19433.76
      7162.8      0.99813     3.022499   0.06796534      19435.1
        7163     0.997039      3.03253    0.0743882     19435.26
      7163.2    0.9963514     3.032024   0.06617544     19435.75
      7163.4     0.996129     3.044606    0.0424262     19434.37
      7163.6    0.9956089      3.07544    0.0373131     19432.95
      7163.8    0.9948023     3.066471   0.02802053     19433.73
        7164    0.9942966     3.061875   -0.0645669      19436.4
      7164.2    0.9936765     3.067023  -0.01947666     19437.58
      7164.4    0.9931309     3.023786  -0.02048749     19437.12
      7164.6    0.9924739     3.050889  -0.01826276     19440.46
      7164.8    0.9918259     3.045485  -0.02031472     19440.88
        7165    0.9911278     3.052413  -0.09044177      19439.2
      7165.2    0.9901551     3.007534   -0.0852919     19439.68
      7165.4    0.9893454     2.978536  -0.03758662     19438.29
      7165.6    0.9885347     2.977251   0.03445181     19437.75
      7165.8    0.9877755     3.022343   0.08294855     19439.67
        7166    0.9872242     3.035096     0.113384     19440.54
      7166.2    0.9866202     3.044895   0.05845421     19442.27
      7166.4    0.9859416     3.067958   0.06399614     19438.59
      7166.6    0.9853403     3.069107   0.01989585     19438.98
      7166.8    0.9845927     3.086293  -0.02247666     19441.48
        7167    0.9843699     3.060811  -0.04804928     19442.77
      7167.2    0.9840034     3.049977  -0.09643697     19443.16
      7167.4    0.9834845     3.030667  -0.07896046     19442.94
      7167.6    0.9832719     3.009143  -0.07075961      19442.7
      7167.8    0.9831697     2.997643  -0.03583173     19441.21
        7168    0.9830994     2.993369 -0.001003914     19441.94
      7168.2    0.9831343     3.002002   0.02045859     19444.56
      7168.4    0.9832129      3.00834   0.02470884     19445.18
      7168.6    0.9835727      3.01401  0.002108103     19446.28
      7168.8    0.9839048     3.013136   -0.0303963     19447.79
        7169    0.9837234     3.003688 -0.004987553     19447.28
      7169.2    0.9836259     2.984023   0.02767026     19446.82
      7169.4    0.9832338      3.01002 -0.002145541     19447.32
      7169.6    0.9829199     3.035273 -0.002473263     19446.01
      7169.8    0.9832673     3.001972  -0.02932894     19446.35
        7170    0.9839598     2.982044   -0.0627668     19447.08
      7170.2    0.9843361     2.986557 -0.0004675889     19449.49
      7170.4    0.9844714     2.985059 -0.005408764     19452.38
      7170.6    0.9843339     3.001598   0.02329556     19451.47
      7170.8      0.98446     2.977717   0.08515937     19451.72
        7171     0.984941     3.005193     0.054342     19453.68
      7171.2    0.9854276     3.053187   0.03740416     19451.83
      7171.4     0.986205     3.045071 -0.004218065     19453.38
      7171.6    0.9869851     3.007641  -0.04147813     19455.42
      7171.8    0.9872878     3.001819    -0.065273      19455.1
        7172    0.9874759     3.020004  -0.04679625     19458.15
      7172.2    0.9877003     2.992853 -0.0006288198     19459.09
      7172.4    0.9879989     2.970204  -0.03399954     19457.94
      7172.6    0.9882786     3.001316  -0.02232504     19457.91
      7172.8    0.9885526     2.992805  -0.02364053     19459.04
        7173    0.9888736     2.974993  -0.08016729     19460.55
      7173.2    0.9889743     2.951291  -0.03430317     19461.77
      7173.4    0.9890648     2.937182  0.004422291      19463.7
      7173.6    0.9893845     2.965362  0.007801721     19465.67
      7173.8    0.9894857     2.978531    0.0173488     19466.11
        7174    0.9896407     2.957532   0.01754387     19464.67
      7174.2    0.9902303     2.951061 -0.004672189     19464.76
      7174.4    0.9908224     2.979397  -0.02622813     19466.87
      7174.6    0.9911324     2.974793  -0.02494575     19466.85
      7174.8    0.9911255      2.93655  -0.04299958     19467.27
        7175      0.99145     2.931104  -0.02639817     19465.82
      7175.2    0.9918337     2.944997   -0.0221205     19465.63
      7175.4    0.9919535     2.953675  -0.02468677     19467.37
      7175.6     0.991935     2.918854  -0.04409746     19466.02
      7175.8    0.9918217     2.911355  -0.06461633     19466.78
        7176     0.991653     2.909719  -0.02705502     19470.13
      7176.2    0.9921968     2.901982  -0.03951502     19471.31
      7176.4    0.9921868      2.89721  -0.02071279     19470.93
      7176.6    0.9921582     2.879743   0.00995631     19471.46
      7176.8     0.992043     2.893149   0.01690902     19470.97
        7177    0.9921999     2.909947   0.02443159     19471.81
      7177.2    0.9923028     2.910737  0.005866502     19471.92
      7177.4    0.9917863     2.899288  -0.02001904     19474.53
      7177.6    0.9915358     2.897842   0.02341391     19475.83
      7177.8    0.9914719     2.893931   0.03288774     19477.62
        7178    0.9912071     2.929468   -0.0155201     19477.23
      7178.2    0.9908183     2.925598 -0.001021623     19475.81
      7178.4    0.9904019     2.885426  -0.04439941     19476.67
      7178.6    0.9902894     2.893114  -0.04920237     19478.69
      7178.8    0.9901762     2.893948  0.001681187     19478.52
        7179    0.9902239     2.886236  -0.03214842     19479.48
      7179.2    0.9903572     2.886771  -0.05281483     19482.26
      7179.4    0.9903101     2.867395   -0.0605307     19482.77
      7179.6    0.9904519     2.851697   -0.0711714     19483.57
      7179.8    0.9903143     2.837812  -0.05762337     19484.37
        7180    0.9899703     2.829834  -0.03394304     19484.95
      7180.2    0.9894807     2.821297  -0.03828277     19486.61
      7180.4    0.9895303     2.824542  -0.03911376     19488.49
      7180.6     0.989722     2.807186   0.01527764     19488.29
      7180.8    0.9894403     2.798543   0.06378374     19487.49
        7181    0.9893228     2.833519    0.1110533     19486.53
      7181.2    0.9887997     2.875569   0.08667056     19487.95
      7181.4    0.9888732     2.896028   0.05430921     19489.13
      7181.6    0.9893351      2.86788   0.02689778     19491.86
      7181.8    0.9895742     2.876966   0.02338292     19490.14
        7182    0.9899699     2.897087   0.05677992     19489.21
      7182.2    0.9900747     2.914735  0.008326647     19491.19
      7182.4     0.990057     2.913304  -0.02870208     19491.04
      7182.6    0.9900811     2.883627  -0.07977606     19494.09
      7182.8    0.9902849     2.874126  -0.08947455      19497.5
        7183    0.9903696     2.850914  -0.03588015     19498.43
      7183.2    0.9907847     2.841724  -0.01628111      19499.6
      7183.4    0.9914313     2.854923 -0.007394553     19499.35
      7183.6    0.9915917     2.861101  -0.01226507        19498
      7183.8    0.9916393     2.844998  -0.02840401     19497.01
        7184    0.9918227     2.831912  -0.05105236     19497.01
      7184.2    0.9918918       2.8322  -0.02540589     19499.54
      7184.4    0.9917992     2.820259   0.01104692     19501.24
      7184.6    0.9921991     2.824673   0.01646735     19502.23
      7184.8    0.9928617     2.840749    0.0575157     19503.35
        7185    0.9926327     2.845374   0.05165134     19501.72
      7185.2    0.9927488     2.866271   0.03575005      19503.7
      7185.4     0.993208     2.865995   0.01966535     19505.47
      7185.6    0.9936675     2.869349   0.00863485      19505.8
      7185.8    0.9939972     2.861106  0.009920095     19507.81
        7186    0.9945749     2.873179   0.03972937     19510.76
      7186.2    0.9945589     2.873931   0.03203511     19512.57
      7186.4    0.9945294     2.901133 -0.004384413     19512.08
      7186.6    0.9945913     2.886734  0.006757049     19512.01
      7186.8    0.9949804     2.869672  0.005630989     19510.66
        7187      0.99528     2.879336   0.03000254     19510.83
      7187.2    0.9958602     2.905638   0.04977942      19514.3
      7187.4    0.9962289     2.910736   0.01791211     19512.88
      7187.6    0.9968405     2.909495  -0.01743743     19512.79
      7187.8    0.9968913     2.893666  -0.02297127     19513.15
        7188    0.9968727     2.891688  -0.02425953     19513.22
      7188.2    0.9975047     2.892359  -0.01038746     19515.28
      7188.4    0.9979955     2.890088 -0.001199519      19517.3
      7188.6    0.9982933     2.885356 0.0004727252     19517.62
      7188.8    0.9983443     2.890728   0.02057699      19517.7
        7189    0.9988113     2.892738   0.06302848     19519.46
      7189.2    0.9993519     2.906549   0.03792851     19521.51
      7189.4    0.9992777     2.935779   0.03651324     19522.67
      7189.6    0.9996322     2.921071   0.05742846     19523.33
      7189.8     1.000059     2.921948   0.01960092     19522.53
        7190     1.000327     2.952492   0.03589406     19522.26
      7190.2     1.000315     2.951459   0.05817426     19523.52
      7190.4     1.000873     2.949786   0.03296491     19524.26
      7190.6     1.001405     2.968488   0.01833949     19525.21
      7190.8      1.00149     2.978864  0.006907752     19528.43
        7191     1.001584     2.966131  0.007449421     19528.27
      7191.2     1.002166     2.955312  -0.03051501      19528.8
      7191.4     1.002724     2.974447  -0.02679113     19529.97
      7191.6     1.002812     2.954452   0.02656366     19530.91
      7191.8     1.002665     2.944698 -0.002533621     19531.73
        7192     1.002788     2.976563   0.03741894     19532.02
      7192.2     1.003033      2.97242   0.07519523     19531.72
      7192.4     1.003258     2.984387   0.02805179     19532.86
      7192.6     1.003875     3.004854 -0.007091134     19536.21
      7192.8     1.004373     2.999005  -0.01589039     19536.92
        7193     1.004673     2.966747  -0.02292296     19537.31
      7193.2     1.004741     2.971675  -0.03254846     19537.69
      7193.4     1.005246     2.986516  -0.02405436     19537.96
      7193.6     1.006088     2.972966  -0.02523842     19537.44
      7193.8      1.00662     2.947504 -0.0003237147     19538.32
        7194     1.006878     2.951484  0.003069095     19540.92
      7194.2     1.007089     2.986257  0.004715875     19540.73
      7194.4     1.007365     2.975421   0.01255588     19540.96
      7194.6     1.007532     2.951276  0.003479507     19542.06
      7194.8     1.008394     2.961529   0.03782665     19543.62
        7195     1.009221     2.989041   0.07505638     19545.85
      7195.2     1.009214     3.005683   0.09705129     19544.09
      7195.4     1.009641     3.011322   0.05630295     19546.31
      7195.6     1.010088      3.03917 -0.001837276     19546.17
      7195.8     1.010401     3.034083   -0.0190825     19546.92
        7196      1.01131     3.004213  -0.05677484     19548.81
      7196.2     1.011113     2.996056  -0.09741718     19548.98
      7196.4     1.011129      2.99375  -0.06757213     19547.95
      7196.6     1.011546     2.956149  -0.04332717     19549.37
      7196.8     1.011955     2.950155  -0.01381992     19550.27
        7197     1.012086     2.961394   0.04679716     19551.95
      7197.2     1.012641     2.982694   0.02620024     19552.72
      7197.4     1.013629     2.993587  -0.01163941     19553.59
      7197.6      1.01426     2.971115  -0.02873685     19554.29
      7197.8      1.01481     2.952082  -0.04449968     19555.11
        7198     1.015257     2.959705  -0.03267687     19556.36
      7198.2     1.015776     2.957987 -0.009829351     19558.28
      7198.4     1.016535     2.944974  -0.01634038     19560.37
      7198.6     1.017151     2.944219  -0.01441757     19560.92
      7198.8     1.017535     2.946632 -0.003214207     19561.41
        7199     1.017809     2.946453  0.007984065     19562.72
      7199.2      1.01797     2.942402   0.02421989     19561.96
      7199.4     1.017904     2.950606   0.01346806     19560.12
      7199.6     1.018304     2.966008   0.02780113     19561.48
      7199.8     1.018721     2.957228 -0.009923233     19564.21
        7200     1.019506     2.964643  -0.02077614     19566.71
      7200.2     1.020333     2.942668  -0.01160392      19567.9
      7200.4     1.021051     2.949387  -0.05669889     19571.37
      7200.6     1.021546     2.947944  -0.01893695      19572.2
      7200.8     1.021917     2.919284 -0.002249247     19571.35
        7201     1.022635     2.927518  -0.04978794     19571.11
      7201.2      1.02275     2.947588  -0.01931242     19569.96
      7201.4     1.022841     2.908114  -0.02593757     19569.65
      7201.6     1.023028     2.903834  -0.08682072     19571.95
      7201.8     1.023565     2.906768  -0.05448964     19573.21
        7202     1.023871     2.878131  -0.03697302     19574.73
      7202.2     1.024613     2.864522  -0.05098943      19576.7
      7202.4     1.025605     2.874256  -0.02111306     19577.61
      7202.6     1.026029     2.865976  -0.01351618     19577.88
      7202.8     1.025991     2.861241  -0.04740313     19578.26
        7203     1.026215     2.853709    -0.026256        19578
      7203.2     1.026382     2.836333   -0.0195687     19577.58
      7203.4     1.026068     2.844972  -0.01204232     19578.86
      7203.6     1.026422     2.845586 0.0003247893     19579.08
      7203.8     1.026942     2.844076  -0.04069315     19578.67
        7204     1.027341     2.836593  -0.04823057     19581.28
      7204.2     1.028008     2.812417  -0.02101022     19581.41
      7204.4     1.028285     2.807001   0.01977271     19580.63
      7204.6     1.028717     2.827267   0.07828869     19581.52
      7204.8      1.02896     2.852411   0.07887005     19581.41
        7205     1.028674     2.875048   0.03992112     19581.97
      7205.2     1.028771     2.870097  0.009642839     19581.11
      7205.4     1.029167     2.859204   -0.0285595     19582.46
      7205.6     1.029416     2.860126   -0.0427156     19585.29
      7205.8     1.029424       2.8522  -0.04462377     19587.31
        7206     1.029438     2.835925  -0.04653365     19589.15
      7206.2     1.029358     2.823505  -0.04917122     19588.81
      7206.4     1.029442     2.822899  -0.03424438     19588.15
      7206.6     1.029758     2.812863   -0.0333389     19589.62
      7206.8     1.030081     2.808529  -0.05076817     19593.74
        7207     1.029869     2.796834  -0.05479593     19592.78
      7207.2     1.029844     2.782284  -0.06147672     19590.26
      7207.4     1.030304     2.769027  -0.01808504      19592.8
      7207.6     1.030553     2.759348  0.001678091     19594.47
      7207.8     1.030682     2.782366 -0.001096147     19594.12
        7208     1.030578     2.783627   0.02849595     19592.73
      7208.2     1.030578      2.76815   0.01103751     19592.44
      7208.4      1.03049     2.782145   0.01708506     19593.76
      7208.6     1.030339     2.791196   0.03168422     19595.06
      7208.8     1.030318     2.797295   0.02855656     19596.01
        7209     1.030731     2.793497   0.02414008     19598.19
      7209.2     1.030581      2.80499   0.03265811     19599.01
      7209.4     1.029977     2.810508   0.04404233     19598.86
      7209.6     1.030175     2.823421   0.04452255     19600.67
      7209.8     1.030408     2.828731   0.04514533     19603.43
        7210     1.030806     2.840608   0.05494481     19606.97
      7210.2     1.030474     2.846624   0.04918462     19607.81
      7210.4     1.030041     2.867377    0.0212324     19609.37
      7210.6     1.029975     2.868079   0.03156196     19608.02
      7210.8     1.029616     2.857594    0.0159891     19606.63
        7211     1.029163     2.871874  0.001359212     19605.47
      7211.2     1.028807     2.880168   0.01480108     19604.92
      7211.4     1.028481     2.869166  0.001708028      19607.4
      7211.6     1.027993     2.869435 -0.002844455     19607.71
      7211.8     1.027672      2.87324   0.02353713     19607.69
        7212     1.027602     2.877893  0.007963406     19610.04
      7212.2     1.027144     2.887996  0.002607058     19609.81
      7212.4     1.027011     2.875806  0.009836457     19610.39
      7212.6     1.027051     2.875326 -0.006318735     19611.77
      7212.8     1.026917     2.885762   0.01863838     19613.85
        7213     1.026526     2.882941   0.01072797     19613.71
      7213.2     1.026309     2.890716  0.005226961     19612.49
      7213.4     1.026021     2.883908   0.02903565     19612.57
      7213.6     1.025886     2.889943   0.05832437     19611.87
      7213.8     1.025687     2.906169   0.08177453     19613.49
        7214     1.025372     2.937376   0.09155258     19613.43
      7214.2     1.024761     2.949328   0.08646089     19614.09
      7214.4     1.024105     2.963186   0.06739318     19614.99
      7214.6     1.023533     2.975338   0.08195582     19615.27
      7214.8     1.023133      2.99129   0.09448299      19616.6
        7215     1.023085     3.014893    0.1063377     19617.59
      7215.2     1.022953     3.038772   0.08208317     19620.67
      7215.4     1.022388     3.060408   0.04493351     19624.13
      7215.6      1.02169     3.056957  0.005149037     19624.68
      7215.8     1.021125      3.05084  -0.04513946     19625.04
        7216     1.020578     3.042891  -0.01494064     19624.71
      7216.2     1.020363     3.024297  0.008419431     19624.41
      7216.4     1.020667     3.045004   0.02651749     19626.06
      7216.6     1.020482     3.057575   0.06159783     19626.06
      7216.8     1.019921     3.064105   0.02244966     19625.72
        7217     1.019507     3.073575    0.0169614     19624.21
      7217.2     1.018733     3.062964    0.0277956      19624.7
      7217.4     1.018188     3.071144    0.0399676     19625.02
      7217.6      1.01802     3.086342   0.07987525     19626.49
      7217.8     1.017733     3.105549   0.07892659     19625.49
        7218     1.017333     3.126864  0.001613959     19625.79
      7218.2      1.01702     3.134286  -0.07152292     19627.64
      7218.4     1.016492     3.087633  -0.08742719     19628.08
      7218.6     1.016207     3.048331   -0.0593392     19631.57
      7218.8     1.015899     3.056923   0.02434362     19632.54
        7219     1.015505     3.086814   0.09533047     19632.11
      7219.2     1.015243     3.107108    0.1300532     19631.13
      7219.4     1.015026     3.124595    0.1248591     19632.92
      7219.6     1.014315     3.160965   0.09096694     19635.35
      7219.8     1.013825     3.186701   0.03963492     19635.98
        7220     1.013973     3.179881  -0.05167229     19637.23
      7220.2     1.013787     3.156303   -0.1088284     19635.86
      7220.4     1.013335     3.119627  -0.09584119     19634.98
      7220.6     1.012727     3.099639  -0.04957828     19636.22
      7220.8     1.012229     3.103208  0.001000292      19636.8
        7221     1.011731      3.11664   0.05487055     19639.19
      7221.2     1.011189     3.120427   0.05693596     19636.96
      7221.4     1.011147     3.143535    0.0404323     19637.79
      7221.6     1.010647     3.148757   0.02772878     19639.04
      7221.8     1.010298     3.148986   0.02739468     19641.17
        7222      1.01034      3.14261   0.01985731     19643.61
      7222.2     1.010062     3.165451 -0.006270499     19646.33
      7222.4     1.009534     3.164643  -0.06207506     19648.08
      7222.6     1.009579      3.14397   -0.1019586     19647.37
      7222.8     1.009099      3.09295   -0.1063296     19647.24
        7223     1.008959     3.083884   -0.1096024     19648.64
      7223.2     1.008876     3.079579  -0.06055154     19649.75
      7223.4     1.008419     3.056288  -0.04311056     19649.98
      7223.6     1.008107     3.044509  -0.02546702     19649.66
      7223.8     1.007601     3.049396  -0.00389314     19649.41
        7224     1.007103     3.059206   0.03157882     19649.34
      7224.2     1.007035     3.053173   0.04019345     19649.05
      7224.4     1.006817     3.069772  -0.01843599      19649.3
      7224.6      1.00617      3.08155 -0.003918272     19649.63
      7224.8     1.005549     3.044457  0.005066673     19649.26
        7225     1.005113     3.050039  -0.01322751     19650.99
      7225.2     1.004983     3.073826   0.04184373     19653.12
      7225.4     1.004379     3.070968   0.04787771     19653.53
      7225.6     1.003817     3.077932  -0.05288712      19654.8
      7225.8     1.003743     3.088341  -0.07144206     19657.23
        7226     1.003376     3.031516  -0.06328985     19658.05
      7226.2     1.002886     3.013815  -0.08331847     19655.59
      7226.4     1.002122       3.0273  0.001621421     19654.95
      7226.6     1.001751     3.021686    0.0030891     19655.39
      7226.8      1.00177     3.032813  -0.03147302     19657.92
        7227     1.001699     3.016286 -0.003838214     19661.47
      7227.2      1.00146     3.002122   -0.0408919     19662.32
      7227.4     1.001027     3.018615  -0.08965604     19662.96
      7227.6      1.00078       3.0001  -0.09664074     19664.79
      7227.8     1.000789     2.944561   -0.1043518     19665.39
        7228     1.000407     2.924809   -0.1012634     19665.76
      7228.2    0.9997082     2.935134  -0.03570563     19667.06
      7228.4    0.9988814     2.919089  -0.02203381     19666.98
      7228.6     0.997842     2.915997  -0.04076758     19665.64
      7228.8    0.9972581     2.907182  -0.05541011     19666.59
        7229    0.9968546      2.90252  -0.08341566     19665.78
      7229.2    0.9967367     2.874761  -0.04829115     19666.41
      7229.4    0.9966016     2.849264  -0.05001601     19669.43
      7229.6    0.9961119     2.868549 0.0009168633     19667.58
      7229.8    0.9956629     2.862507  0.002973051      19666.5
        7230    0.9956254     2.875494  -0.01797126     19669.23
      7230.2    0.9954668     2.851642   0.01902914      19668.6
      7230.4     0.995056     2.854172   0.01382972     19670.14
      7230.6     0.994493      2.87773   0.04950183     19671.93
      7230.8    0.9944335     2.886558   0.05188305     19674.21
        7231    0.9940748     2.891244  0.005271461     19674.53
      7231.2    0.9938786     2.895678   -0.0214896     19675.84
      7231.4    0.9937841     2.881948  -0.01345353     19678.37
      7231.6    0.9931391     2.869366  0.003904261     19679.69
      7231.8    0.9927903     2.880481   0.04015299     19681.03
        7232    0.9924647     2.898802    0.0047494     19679.84
      7232.2    0.9922011      2.91407   -0.0940869     19679.73
      7232.4    0.9918604     2.873166   -0.1225579     19678.52
      7232.6    0.9912191     2.805212   -0.1474386     19678.92
      7232.8    0.9909657     2.800755   -0.1157337     19681.37
        7233    0.9909555     2.796119  -0.03545527     19682.52
      7233.2    0.9909465     2.780579  -0.02287412     19682.54
      7233.4    0.9906761     2.776847  -0.02943121     19681.32
      7233.6    0.9902505     2.782456  -0.01991905     19682.15
      7233.8    0.9901432     2.772574  0.007001747      19682.9
        7234    0.9900621     2.764644  -0.02332895     19682.79
      7234.2    0.9899965     2.782449  -0.04009422      19684.3
      7234.4    0.9898833     2.763793  -0.04377001     19684.16
      7234.6    0.9897187     2.740499  -0.07331209     19684.43
      7234.8     0.989663     2.729628  -0.03423728     19685.13
        7235    0.9893259     2.723799   0.01270932     19685.13
      7235.2    0.9885173     2.736403   0.01127831     19685.39
      7235.4    0.9880877     2.750666  -0.01904993     19684.11
      7235.6    0.9877976      2.73865  -0.03877385      19683.2
      7235.8    0.9871716     2.708559  -0.04565247      19685.8
        7236    0.9870948     2.705384  -0.01043604     19688.69
      7236.2    0.9868947     2.714144  0.007247839     19691.18
      7236.4    0.9871639     2.730301    0.0110772     19695.31
      7236.6     0.987496     2.714357   0.03027028      19695.8
      7236.8    0.9877306     2.714246  0.007866192     19695.22
        7237    0.9880535      2.73836   0.02535006     19695.26
      7237.2    0.9883444     2.736594   0.02994712     19694.57
      7237.4    0.9882967     2.734638   0.02455518     19692.95
      7237.6    0.9878781     2.738204   0.03057244     19694.45
      7237.8    0.9877757     2.758005   0.01059719     19695.65
        7238    0.9878441     2.761052  0.004803364     19697.25
      7238.2    0.9877987     2.743115  -0.01178341     19698.53
      7238.4    0.9879237     2.742046  -0.04254708     19698.86
      7238.6    0.9878541     2.748578  -0.05533992     19698.52
      7238.8     0.987729     2.727015  -0.05358967     19699.62
        7239    0.9878378     2.698843  -0.05762665     19701.44
      7239.2    0.9879001     2.699175  -0.04116139     19702.07
      7239.4    0.9881528     2.702477  0.003410324     19704.66
      7239.6    0.9881435     2.694086   0.01018943     19706.18
      7239.8    0.9878411     2.701572  0.009402976     19704.48
        7240    0.9879954     2.707326   0.02452858     19703.77
      7240.2    0.9877526     2.709999   0.01403194     19702.81
      7240.4    0.9878356     2.713708   0.03980146     19702.06
      7240.6    0.9881662     2.712797   0.04251429     19704.73
      7240.8    0.9881748     2.739167   0.02538719     19706.89
        7241    0.9881094      2.74401   0.02675889     19706.33
      7241.2    0.9887311     2.734018    0.0218702     19707.83
      7241.4    0.9889107     2.734204   0.01816898     19709.08
      7241.6    0.9891991     2.756663  0.002940049     19710.15
      7241.8    0.9894129     2.758546  -0.01760352     19712.89
        7242    0.9891052      2.73637  -0.04670727     19715.14
      7242.2    0.9890668     2.720121   -0.0372373     19715.78
      7242.4    0.9892448     2.719298  -0.01147626     19714.16
      7242.6    0.9891376     2.728756 -0.007982081     19713.11
      7242.8    0.9891138     2.727189 -0.009131382     19713.05
        7243    0.9891403     2.713736  -0.01177325     19710.98
      7243.2    0.9891353     2.711992  -0.01501303     19710.97
      7243.4    0.9896552     2.719337  -0.01755484     19711.64
      7243.6    0.9903167     2.715179  -0.01590355     19714.96
      7243.8    0.9907617     2.699692    0.0241049     19719.34
        7244     0.990715      2.69927    0.0262946     19718.85
      7244.2    0.9908287     2.738621   0.05085824      19717.8
      7244.4    0.9910261     2.736214   0.05135074     19719.73
      7244.6    0.9912291     2.740378  -0.01179564     19721.83
      7244.8    0.9912348      2.74035 -5.689911e-05     19721.63
        7245    0.9914286     2.729185   0.02168157     19720.44
      7245.2    0.9916831     2.736169   0.02613362     19720.37
      7245.4    0.9919692     2.757724   0.05777588     19721.83
      7245.6    0.9922224     2.761257    0.0647112     19722.32
      7245.8    0.9922816     2.775405   0.01466991     19722.51
        7246    0.9919684     2.787938   0.02189014     19722.93
      7246.2    0.9917599      2.76946   0.03265868     19722.75
      7246.4    0.9918451     2.778769   0.01407131      19723.7
      7246.6    0.9917546     2.801532   0.05328292     19726.26
      7246.8    0.9921393     2.799195   0.04170224     19729.25
        7247    0.9925153     2.812086   0.01165631     19730.31
      7247.2    0.9926002     2.812131   0.01798327     19730.93
      7247.4    0.9926917     2.810857 -0.0005995109     19731.08
      7247.6    0.9928215     2.813582  -0.03812129     19732.27
      7247.8    0.9932503     2.811606  -0.02762931     19729.19
        7248    0.9932696     2.781634   -0.0310436     19730.13
      7248.2    0.9932902     2.788754   -0.0436751     19731.45
      7248.4    0.9938309     2.788747 -0.006134076     19732.08
      7248.6    0.9942716     2.776666  -0.02529212     19732.67
      7248.8    0.9943581     2.776727  -0.04076645     19733.29
        7249     0.994484      2.76852  -0.03522651     19733.23
      7249.2    0.9945942     2.756134  -0.03321484     19734.73
      7249.4    0.9946876     2.748485  -0.01782034     19736.03
      7249.6     0.994726     2.750155  -0.01125561      19736.1
      7249.8    0.9949626     2.754264 -0.002368051     19738.83
        7250    0.9956438     2.747129  -0.01044922     19740.86
        7252    0.9972656     2.789697  -0.01046783     19744.16
        7254     0.999264     2.773858 -0.007980348     19752.87
        7256     1.002638     2.744424 -0.005655474     19760.35
        7258     1.006684     2.754006 -0.002789433     19767.62
        7260     1.010182     2.744453  0.008117573     19774.05
        7262     1.013923     2.751543  0.003881334     19782.31
        7264     1.016248     2.809364  0.001033756     19790.42
        7266     1.018727     2.785057  0.004855915     19793.23
        7268     1.019883     2.752723  0.004311202     19800.62
        7270     1.021947      2.79039  0.005788991     19807.08
        7272     1.023643     2.843854    0.0111785      19817.7
        7274     1.023149     2.831369  0.004087787     19822.01
        7276     1.022423     2.842151   -0.0014018     19830.44
        7278     1.021174     2.823092   0.00238693     19833.49
        7280     1.020418      2.83264  0.002901335     19842.63
        7282     1.019663     2.850464    0.0132082     19848.31
        7284     1.016312     2.865362  0.006765169     19855.36
        7286     1.014672     2.928758  0.005492513     19860.73
        7288     1.011875     2.886761  0.001085207     19870.58
        7290     1.009651     2.894405  -0.01153165     19877.79
        7292     1.007372     2.874044   -0.0134561      19881.5
        7294     1.006401     2.836505  -0.01431741     19890.74
        7296     1.004804     2.779112  -0.01728932     19896.83
        7298     1.003562     2.779865  -0.01453913     19902.88
        7300     1.002895     2.735729   -0.0110494      19909.8
        7302     1.001914     2.720192  -0.01496506     19914.88
        7304     1.002005     2.690717 -0.007269806     19923.16
        7306     1.001795     2.660145 -0.003882837     19930.45
        7308      1.00096     2.677571 -0.003536574     19936.62
        7310      1.00085     2.689129 -0.002903125     19940.48
        7312     1.000938     2.662424 -0.002267956     19942.29
        7314     1.000402      2.63692 -0.003706078      19954.5
        7316     1.000575     2.659427  -0.00261161     19960.64
        7318     1.000424      2.65948 -0.0001575801     19967.39
        7320     1.000915     2.641531 -0.000125595      19976.5
        7322     1.000355     2.635659  0.001146529     19981.73
        7324     1.001096     2.658422 -0.001301523      19990.8
        7326      1.00039     2.668653 -0.0004120535     19995.61
        7328     1.000422     2.631119 -0.004188954     20002.24
        7330     1.000118     2.632363 -0.008316593     20004.41
        7332     1.000381     2.624911 -0.0009174444     20011.96
        7334     1.000748      2.60212 -0.008031173     20017.13
        7336     1.001087      2.62378 -0.006688861     20024.77
        7338     1.000792     2.568113  0.002438353     20034.95
        7340     1.001255       2.5714 -0.005748172     20038.96
        7342     1.001707     2.621627  0.008183409     20041.98
        7344     1.002199     2.577794  0.008401519     20052.49
        7346     1.002591     2.633581  0.002979268     20055.08
        7348     1.002406     2.638612   0.01078391     20064.25
        7350     1.002449     2.645461  0.005965904     20065.61
        7352     1.002029     2.664066  0.007809558     20075.35
        7354     1.001893     2.681308  0.009069399     20079.26
        7356     1.002372     2.701088  0.002653217      20084.2
        7358     1.002341     2.718016  0.003727714     20091.95
        7360      1.00265     2.685291  0.004461189     20098.97
        7362     1.002276     2.711129 -0.0009991541     20105.24
        7364     1.002117     2.736778  0.004753161     20113.44
        7366     1.001359     2.710023 -0.0007744308     20114.96
        7368      1.00123     2.723317 -0.004622091     20120.09
        7370     1.001025     2.704934 -0.005436917     20130.33
        7372     1.000809     2.699801 -0.009961569     20133.58
        7374     1.000685     2.666527  -0.01168898     20138.87
        7376     1.000474     2.643624  -0.01666438     20141.59
        7378    0.9999653     2.611422  -0.01592293     20151.52
        7380    0.9999136     2.566486  -0.01539921      20157.5
        7382    0.9988357     2.539144  -0.01062166     20164.59
        7384    0.9987995      2.52043 -0.008351491     20171.63
        7386    0.9979835     2.526449 -0.006571352     20173.32
        7388    0.9987456     2.499674 -0.001861646     20180.15
        7390    0.9978132     2.486573 -0.006559813      20188.9
        7392    0.9982522     2.505537  0.002778472     20197.11
        7394    0.9978308      2.47397  0.001397382     20201.96
        7396    0.9979092     2.521902 -0.002021649     20207.83
        7398    0.9974199     2.497752  0.004738373     20216.57
        7400    0.9974295     2.489364 -0.004062434     20220.93
        7402    0.9973942     2.511877 -0.002015749     20228.79
        7404    0.9971244     2.489402  0.002370174     20236.69
        7406    0.9966875     2.481626 -0.003128602     20235.88
        7408    0.9964051     2.508325  0.005049535     20241.09
        7410    0.9966999     2.486849 -0.001539319     20251.98
        7412    0.9970323     2.529799 -0.001916341     20253.62
        7414    0.9963526     2.469312 -0.0009739189     20260.22
        7416    0.9961377     2.492995 -0.006871423     20265.78
        7418    0.9964092     2.479057  0.002606168     20273.49
        7420    0.9961275     2.474827 -0.001667364     20277.98
        7422    0.9962329     2.490161  -0.00274509     20280.79
        7424    0.9964537     2.479656 -0.001557324     20284.03
        7426     0.996721     2.457097 -0.005414118      20293.9
        7428     0.996339     2.462369 -0.003094518      20297.6
        7430    0.9970339     2.446848 -0.003027174     20310.26
        7432    0.9961449       2.4549 -0.002392237      20312.8
        7434    0.9958145     2.432879  0.001817847     20318.95
        7436    0.9963438     2.443231  0.001175565     20324.28
        7438    0.9953437     2.461391  0.002276154      20329.3
        7440    0.9963386     2.464304  0.001939821     20333.86
        7442    0.9957035     2.451088   0.00035072     20343.31
        7444    0.9958397     2.458749 -0.0002675848     20351.21
        7446    0.9962399     2.464197  0.004916053     20354.72
        7448    0.9964692     2.462164  0.001862217     20360.88
        7450    0.9959454     2.490417  0.001438962     20369.45
        7452    0.9957187     2.473647  0.002234109     20374.18
        7454    0.9961658     2.475708 -0.002084755     20375.51
        7456    0.9955145     2.480036 -0.0001011644     20383.34
        7458    0.9958047     2.473739  -0.00141202     20388.64
        7460    0.9954887     2.472838  -0.00254644     20396.45
        7462    0.9961848     2.464412 -0.001570205     20397.83
        7464    0.9957492     2.459665 -0.004153561      20405.8
        7466    0.9959364     2.461177 -0.003344597      20411.9
        7468    0.9957873     2.439609 -0.004592593     20417.03
        7470     0.995378     2.437655 -0.006603332     20419.43
        7472    0.9953331     2.422924  -0.00841344     20423.89
        7474    0.9953085      2.40835 -0.005104382     20432.79
        7476    0.9952343     2.372302 -0.007351247      20437.6
        7478    0.9953564      2.39682 -0.005527023     20444.53
        7480    0.9951878     2.364114 -0.0002663736     20447.63
        7482    0.9951921     2.364134 -0.005620753     20452.56
        7484    0.9953042     2.370171 -0.0003525481     20460.16
        7486    0.9950821     2.351854 -0.003313009     20462.76
        7488    0.9951616     2.361294 -0.004641518     20466.55
        7490     0.995402      2.33763 -0.0007978441      20472.6
        7492    0.9953666     2.333039 -0.003631029     20473.92
        7494    0.9959321     2.345472 -0.002997396     20488.11
        7496    0.9959338     2.332246 9.548454e-05     20492.39
        7498    0.9954055     2.313651  -0.00179497     20497.09
        7500    0.9955379     2.333802 -0.0001858836     20498.65
        7502    0.9954451     2.331112 -0.0002225101     20504.13
        7504    0.9953256     2.330759 -0.002288811     20509.64
        7506    0.9947918     2.311871   -0.0013144     20513.06
        7508    0.9948911     2.315492 5.483715e-05     20514.36
        7510     0.995245     2.320597 -0.0007478649     20518.84
        7512    0.9953886     2.331197 -0.0003103755     20528.28
        7514    0.9953893     2.305888 -0.002208002     20532.13
        7516    0.9952168     2.313009 -0.004590476     20534.07
        7518    0.9952801     2.302933 -0.0008886051     20514.98
        7520    0.9948812     2.294473 -0.001483887     20504.29
        7522    0.9949958     2.298779 -0.001334394     20502.88
        7524    0.9953446     2.301138 -0.002071126     20481.81
        7526    0.9966646     2.292258 -0.002321191     20007.81
        7528    0.9944457     2.277904 -0.001862112     20390.43
        7530    0.9955619      2.28021 -0.001092043     20047.35
        7532    0.9939966     2.286241 -0.0003372599     20452.07
        7534    0.9947798     2.283521 0.0009249126     20565.38
        7536    0.9948161     2.275206 -0.0002729792     20554.35
        7538    0.9945825     2.287609  -0.00218928     20557.08
        7540    0.9953808     2.284057 -0.0006307947        20580
        7542     0.995418     2.266007  -0.00236572        20602
        7544     0.994386      2.27016 -0.001364921     20603.03
        7546    0.9949636     2.268683 -0.000511637     20609.75
        7548    0.9952085     2.273138 -0.0006071898     20615.99
        7550    0.9954568     2.261914 -0.001397862      20625.3
        7552    0.9952423     2.265302 -0.001983545     20622.38
        7554    0.9953219       2.2575 -0.0002753488     20628.08
        7556    0.9957608     2.257269 0.0008174356     20637.53
        7558    0.9953839     2.259711  -0.00031689     20644.38
        7560    0.9958048     2.271842 -0.000112619     20650.03
        7562    0.9958191     2.254965 -0.0001240835     20652.29
        7564    0.9953291     2.256368 -0.002726033     20654.88
        7566     0.995905     2.258718 -0.0006811507      20661.3
        7568    0.9962358     2.250034 -0.0001505783      20668.5
        7570    0.9961259     2.249516 -0.002054051     20673.07
        7572    0.9957195     2.255164 -0.004087014     20676.87
        7574    0.9957325     2.242286 -0.002586791     20680.86
        7576    0.9960896     2.217338  -0.00417743     20683.34
        7578    0.9961389     2.228822 -0.004113849     20688.25
        7580    0.9956062     2.221744 -0.002180793     20695.08
        7582    0.9953434     2.209375 -0.004052153     20693.93
        7584    0.9958014     2.199891 -0.004600767     20699.38
        7586    0.9960426     2.196404 -0.003460064     20703.31
        7588    0.9957567     2.184938  -0.00258252     20709.13
        7590    0.9957162     2.181695 -0.0006273331     20709.42
        7592    0.9958595     2.179231 0.0002762155      20715.5
        7594    0.9966254     2.191386 -0.003232719     20716.46
        7596     0.996382     2.187148 -0.0005636183     20719.92
        7598    0.9957791     2.155833 -0.001323963     20721.75
        7600    0.9958715     2.174722 -0.003065849     20722.44
        7602    0.9960352     2.180794  0.002656049     20730.15
        7604    0.9954963     2.162621 -0.002974381     20733.19
        7606    0.9962549     2.177081 -0.002952239     20738.59
        7608     0.996173     2.150927 -0.0004192331     20743.69
        7610    0.9955737     2.157176 -0.003742695     20744.46
        7612     0.995691     2.159267 -0.002063138     20751.29
        7614    0.9958147      2.14714  -0.00265817     20753.62
        7616    0.9960971     2.134422 -0.002424378     20757.29
        7618    0.9959081     2.135911 -0.001454626     20759.46
        7620    0.9955609     2.139872 -0.001205388     20763.29
        7622    0.9966328     2.135503 -6.906959e-05      20767.4
        7624    0.9962882     2.124779 -0.0004694956     20775.77
        7626    0.9960733     2.135358 -0.001413359     20776.36
        7628    0.9960176     2.136116 0.0007768959     20778.09
        7630      0.99623     2.124196 -0.001033587     20784.01
        7632    0.9960522     2.130994 -0.002022835     20786.29
        7634    0.9965928      2.12709 -0.001634912     20790.49
        7636    0.9965461     2.119934 -0.002845448     20792.64
        7638    0.9969666     2.111117 -0.002553929     20801.37
        7640    0.9971375      2.10823 -0.002635145     20808.47
        7642    0.9965957     2.106658 -0.003119721     20812.25
        7644    0.9966203     2.098852 -0.003374965     20814.89
        7646    0.9965183     2.086159 -0.003743547     20816.37
        7648    0.9971048     2.081231 -0.002549026     20820.79
        7650    0.9969059      2.07671 -0.0006708926     20827.96
        7652    0.9967602      2.07846    -0.002083     20827.96
        7654    0.9974405     2.080792 -0.001704527      20835.8
        7656    0.9975017     2.064567 -0.0005309992     20840.97
        7658    0.9977493     2.063073 -0.001302491     20844.15
        7660    0.9967868     2.074212  0.001039881      20844.1
        7662    0.9974475     2.070372 -0.0004730731     20850.49
        7664    0.9974005     2.072886 -0.001641438     20857.39
        7666    0.9977101     2.059289 -0.0007653805     20861.95
        7668    0.9980367     2.061081 -0.001523597     20865.88
        7670    0.9979154     2.064249 -0.0007912721     20866.44
        7672    0.9976245     2.060697 0.0003684463     20866.49
        7674    0.9983515     2.052959 -0.0007091887     20876.73
        7676    0.9975883     2.064028 -0.001390301     20876.33
        7678    0.9978685     2.058575 -0.001028524     20879.59
        7680    0.9982978     2.049575 -0.002253535     20882.82
        7682    0.9986802     2.044731 -0.002147485     20894.87
        7684    0.9985339        2.046 -0.001574016     20896.05
        7686    0.9984567     2.041395 -0.001925461     20899.06
        7688     0.998913     2.036982 -0.002326912     20905.77
        7690    0.9985815     2.029327 -0.001590042     20905.78
        7692    0.9985349     2.027385 -0.000336187      20908.6
        7694    0.9994456     2.028675 -0.001329841     20912.33
        7696    0.9990149     2.034293 -0.0005168287     20918.79
        7698    0.9982067     2.018688 -0.001124948     20917.77
        7700    0.9988911      2.02325 -0.003700181     20922.02
        7702    0.9988783     2.019675 -0.002126677     20928.39
        7704    0.9990482     2.004691 -0.002036103     20927.51
        7706    0.9989873     2.001675 -0.001310517     20938.43
        7708    0.9987077     2.006961 -0.0006233998     20937.06
        7710    0.9987626     2.009191 -0.0006218172     20943.82
        7712    0.9991516     1.999704 -0.000629408     20946.98
        7714    0.9991116       1.9967 -0.001698791     20950.03
        7716    0.9991318     2.001926 -0.001098654     20950.31
        7718     0.998921     1.995601 -0.0008538085     20959.46
        7720    0.9995354     1.990915 -0.0007674734     20961.55
        7722    0.9995737      1.98987 -0.0005371481     20963.49
        7724    0.9994835     1.995786 -0.0002411307     20968.19
        7726    0.9996935     1.991304 -0.001052171     20971.77
        7728     1.000002     1.988986 -0.0009653893     20974.46
        7730    0.9999693     1.981452 -0.001978684     20977.76
        7732     1.000305     1.988063  -0.00200697      20981.9
        7734     0.999688     1.975474 -0.002251632     20984.29
        7736    0.9999352      1.97293 -0.002173097     20992.86
        7738     1.000809     1.963439 -0.001080838     20990.78
        7740     1.000831     1.970678 -0.001264017      20995.6
        7742      1.00021     1.966828 -0.0007558263     20997.64
        7744     1.000118     1.962818 -0.001535331     21003.81
        7746     1.000379     1.957393 -0.002204869      21002.4
        7748     1.000631     1.958396 -0.001213432     21009.21
        7750     1.000799     1.949189 -0.001627218     21012.59
        7752     1.000259     1.953111 -0.001490236     21012.06
        7754     1.000472     1.944375 -0.0006666506      21017.5
        7756     1.000849     1.946474 -0.001303158     21018.98
        7758     1.001025     1.943855 -0.0009167262     21026.29
        7760     1.001214     1.942685 -0.001344621     21028.03
        7762     1.000983     1.937041 -0.001793174     21029.02
        7764     1.001421     1.935717 -0.002702279     21034.33
        7766     1.001043      1.92951 -0.002097448      21035.8
        7768     1.001276     1.921067 -0.002039052     21034.99
        7770     1.000954     1.920262 -0.001978784     21033.36
        7772     1.001288     1.919404 -0.001566074     21039.45
        7774     1.001361      1.91368 -0.001900199     21040.22
        7776     1.001716     1.908539 -0.002135398     21036.89
        7778     1.001418      1.90506 -0.001281798     21033.77
        7780     1.001692     1.902321 -0.001621077     21023.42
        7782     1.001655     1.903425 -0.001049701     20999.92
        7784     1.003325      1.89557 -0.0005259843     20857.42
        7786     1.004866     1.896662 -0.002758501     19825.57
        7788     1.002719     1.898113 -0.001004308     20050.56
        7790    0.9984427     1.881357 -0.001947871     20463.31
        7792     1.001423     1.887535 -0.002300178     21059.42
        7794       1.0014     1.881079 2.211395e-05     21085.23
        7796       1.0018     1.879712 -0.0009512794     21095.36
        7798     1.001276     1.881534 -0.0006067347     21096.92
        7800     1.001723     1.879925 -0.0007064276     21101.52
        7802     1.002201     1.876225 -0.0009958753     21108.92
        7804     1.002368     1.874061 -0.001215689     21111.36
        7806     1.002002     1.873567 -0.0008815025      21115.4
        7808     1.001607       1.8702 -0.001638159     21116.26
        7810     1.002093     1.869173 -0.001913939     21124.72
        7812     1.002314     1.860955 -0.001942411     21122.65
        7814     1.002366     1.858256 -0.002099375     21125.88
        7816     1.002433      1.85466 -0.001460188     21125.87
        7818     1.002324     1.852378 -0.001201323     21124.85
        7820     1.002583     1.849274 -0.001220377     21124.84
        7822     1.002583     1.848645 -0.001317619      21133.6
        7824     1.003034     1.844897 -0.001366751     21138.64
        7826     1.003266     1.841838 -0.002461066     21141.68
        7828     1.002549      1.83834 -0.001906986      21139.9
        7830        1.003     1.828957 -0.001935795     21149.56
        7832     1.003327     1.829642 -0.001962769     21148.28
        7834     1.003521     1.826351 -0.0008944846     21151.48
        7836     1.003367     1.822638 -0.002047234     21157.62
        7838       1.0035     1.821801 -0.0009703503     21162.65
        7840     1.003245     1.813264 -0.0006683591     21164.32
        7842      1.00381     1.818588 -0.001949813     21164.46
        7844     1.003567     1.817291 -0.0005047368     21169.62
        7846     1.002972     1.806202 -0.001067989      21172.2
        7848     1.003559     1.809226 -0.001102522     21171.21
        7850     1.003149     1.810044 -0.0008456064     21177.21
        7852     1.003633     1.808471    -0.002287     21183.99
        7854     1.004126     1.799437 -0.002548794     21181.85
        7856     1.003372      1.79093 -0.002458428     21180.01
        7858     1.003706     1.789654 -0.0006210186     21185.53
        7860      1.00354     1.788803 -0.0006793613     21189.48
        7862     1.003448     1.794469 -0.0004259958     21188.48
        7864     1.003593     1.785495 -0.001121243     21192.76
        7866      1.00387     1.786246 -0.002952749     21199.19
        7868     1.003887     1.779833 -0.001390665      21201.5
        7870     1.004493     1.770847 -0.001636807      21204.5
        7872      1.00412      1.77437 -0.001717501     21206.33
        7874     1.003311     1.773152 -0.0009094369     21206.73
        7876     1.003658     1.766093 -0.001803125     21214.66
        7878     1.004015     1.763572 -0.001363567     21217.11
        7880     1.004312     1.759945 -0.001322204     21221.77
        7882     1.003941     1.762243 -0.001516807     21222.92
        7884     1.004243     1.755516 -0.001271433      21224.5
        7886     1.004065     1.751437 -0.001334637     21228.14
        7888     1.003946     1.749773 -0.001097206        21228
        7890      1.00368     1.751566 -0.001346643     21237.42
        7892      1.00397     1.746738 -0.001850754     21237.43
        7894     1.004113     1.740664 -0.002643624     21240.98
        7896     1.004074     1.734967 -0.002114882     21242.55
        7898     1.004216     1.730417 -0.001978702     21246.51
        7900     1.004038     1.729819 -0.001632594     21245.07
        7902     1.003871     1.724835 -0.001361793     21247.52
        7904     1.004443     1.721906 -0.001678491     21253.48
        7906     1.003771     1.719523 -0.001182367     21258.14
        7908     1.004061     1.716391 -0.001010126     21259.78
        7910      1.00411     1.715376 -0.001340321     21262.38
        7912     1.004076     1.713825 -0.0007017411     21265.03
        7914     1.004758       1.7088 -0.002180324     21229.12
        7916     1.005744     1.710777 -0.001641737     20956.72
        7918     1.004576     1.697933 -0.0009296831     20536.77
        7920     1.004784     1.700691 -0.002338314      20970.6
        7922     1.004674     1.701363 -0.001060279     21210.66
        7924     1.004768      1.69207  -0.00115275     21243.24
        7926     1.004854     1.689451 -0.001386089     21253.06
        7928      1.00566     1.691469 -0.001268617     21264.83
        7930     1.004605     1.690274 -0.0002075973     21264.23
        7932     1.005224     1.681922 -0.001161434     21270.66
        7934     1.005486      1.68779 -0.001870305     21272.97
        7936     1.005215     1.682178 -0.0006874936        21280
        7938      1.00546     1.675312 -0.001409419     21283.32
        7940     1.005245     1.676422 -0.001502005     21281.54
        7942     1.005278     1.676515 -0.0009577527     21288.45
        7944     1.005242     1.670162 -0.001582637     21286.74
        7946     1.005041     1.667649 -0.001483278      21289.5
        7948     1.005348      1.66376 -0.001338765     21291.23
        7950     1.005042     1.664648 -0.001327733     21295.24
        7952      1.00474     1.659452 -0.001153069     21298.87
        7954     1.005084     1.657028 -0.001006285      21300.8
        7956     1.005657     1.654536 -0.001192194     21306.42
        7958     1.005463     1.656598 -0.0008407839     21307.23
        7960     1.005347     1.649914 -0.001309063      21311.3
        7962     1.005209     1.650301 -0.001949486      21311.8
        7964     1.004948     1.644063  -0.00131252     21309.74
        7966     1.005099     1.641002 -0.0008611275     21320.53
        7968     1.004749     1.639414  -0.00119918     21317.82
        7970     1.005101     1.643412 -0.0009983194     21319.65
        7972     1.005389      1.63447 -0.001207169     21326.06
        7974       1.0053     1.633016 -0.002009095     21328.12
        7976     1.005748     1.629757 -0.001397555     21329.09
        7978     1.005517      1.62734  -0.00207936     21327.47
        7980      1.00508      1.62329 -0.001552548     21332.25
        7982     1.004999     1.616381 -0.002086925      21334.2
        7984     1.004662     1.617336 -0.0009816805     21338.01
        7986     1.004764     1.610644 -0.001306391     21341.41
        7988     1.004945     1.615436 -0.001499935     21340.19
        7990     1.004459      1.60593  -0.00107984      21340.5
        7992     1.005347     1.605337 -0.001493117      21348.2
        7994     1.005514     1.602005 -0.0009284178     21350.93
        7996     1.005484     1.603491 -0.001032579     21351.46
        7998     1.005084     1.598502 -0.001453003      21346.8
        8000     1.005569     1.597076 -0.001684261     21351.78
        8002     1.005224     1.590381  -0.00162757     21354.31
        8004      1.00533     1.590017 -0.001789949     21353.68
        8006     1.005292     1.585482 -0.0007744895     21356.67
        8008     1.004922     1.582757 -0.001337639     21363.61
        8010     1.004727     1.584186 -0.000703511     21367.08
        8012     1.005078     1.579316 -0.001196084     21366.09
        8014      1.00517     1.579854 -0.001476578     21370.19
        8016     1.005051     1.573188 -0.001091532     21367.41
        8018     1.004543     1.572373 -0.001510324     21370.98
        8020     1.003939     1.570584 -0.001329789     21370.77
        8022      1.00545     1.567771 -0.001357341     21379.02
        8024     1.004788      1.56255 -0.001553335     21377.55
        8026     1.004875     1.561514 -0.001608221     21378.67
        8028     1.004338     1.558157 -0.0007603879     21384.26
        8030     1.004487     1.554905 -0.001607172     21382.19
        8032     1.004279     1.556467 -0.001017493     21386.25
        8034     1.004429     1.548657 -0.0009518114      21388.3
        8036     1.004414     1.550017 -0.001422849     21394.44
        8038     1.004354     1.547291 -0.001270623     21393.85
        8040     1.004068     1.545084 -0.001681339     21398.02
        8042      1.00414     1.538492 -0.001048241     21393.88
        8044      1.00433     1.536566 -0.001600043     21398.45
        8046     1.004255     1.538905 -0.001177465     21396.99
        8048     1.004427     1.532283 -0.001124238     21404.32
        8050      1.00409     1.529072 -0.001875044     21404.16
        8052     1.004721     1.527572 -0.001333011     21408.48
        8054      1.00391     1.523905 -0.0009852861     21407.03
        8056     1.004051     1.521619 -0.002117299     21410.64
        8058     1.004183      1.52119 -0.002231259     21415.83
        8060     1.003555     1.510634 -0.001604224      21413.2
        8062     1.003573     1.506054 -0.001571642     21415.99
        8064     1.003489     1.508786 -0.0009494481     21418.05
        8066     1.003811     1.508617 -0.0008006101     21416.16
        8068     1.003444     1.503039 -0.001224177     21426.04
        8070     1.003318      1.49965 -0.001163805     21422.09
        8072     1.002899     1.498992 -0.001383226     21421.94
        8074     1.003026     1.499306 -0.001498809      21424.5
        8076     1.003223     1.491973 -0.001025018     21427.92
        8078     1.003157     1.487659 -0.001160344     21425.91
        8080     1.002522     1.490792 -0.0008858319     21425.39
        8082     1.002524     1.490023 -0.0005180641     21430.77
        8084     1.002286     1.484886 -0.001768555     21429.52
        8086     1.002342     1.483515 -0.001404268     21431.64
        8088     1.002452     1.476644 -0.001555987     21432.27
        8090     1.002625     1.478789 -0.001923442     21435.72
        8092     1.002018     1.472438 -0.0008937053     21436.35
        8094     1.002037     1.468127 -0.001209505     21441.89
        8096     1.002199     1.469494 -0.001162598     21441.11
        8098     1.001568     1.469113 -0.0008740606     21445.68
        8100     1.001933     1.463137 -0.001534993     21447.45
        8102      1.00144     1.461135 -0.001132271     21450.78
        8104     1.001356     1.457214 -0.001284491     21448.74
        8106     1.001492     1.460055 -0.001421776     21451.49
        8108     1.001305     1.452861 -0.001473618     21452.78
        8110     1.001091      1.44976 -0.001509729     21452.89
        8112     1.001348     1.445425 -0.001205475     21458.06
        8114     1.001426     1.447977 -0.0008027318     21458.58
        8116     1.001129     1.443218 -0.0003614143     21457.56
        8118     1.000904     1.443339 -0.001597619     21464.22
        8120     1.001038     1.442534 -0.001227943     21467.77
        8122      1.00102     1.435196 -0.001507114     21461.89
        8124      1.00066     1.433394 -0.001741899     21464.72
        8126     1.000348     1.431282 -0.000935245     21470.13
        8128     1.000091     1.428598 -0.001267422     21468.32
        8130     1.000158     1.427714 -0.001034117     21465.71
        8132     1.000545     1.423255 -0.001014488     21471.83
        8134     1.000127     1.423009 -0.0009497085     21471.94
        8136    0.9999096     1.420483 -0.001056799     21471.33
        8138    0.9992755     1.420117 -0.001577314     21474.15
        8140    0.9995256       1.4148 -0.001315568     21472.58
        8142    0.9988342      1.41039 -0.001954674     21472.28
        8144    0.9990533     1.409958 -0.001404904     21475.43
        8146    0.9992437     1.404479 -0.0007975001     21479.17
        8148    0.9992332     1.403561 -0.001369825     21475.86
        8150    0.9989459      1.40401  -0.00128279      21479.3
        8152    0.9984244     1.398999 -0.0009847673     21480.14
        8154    0.9984036     1.394217 -0.001450808     21476.88
        8156    0.9979158     1.395683 -0.001296951     21475.28
        8158    0.9977173     1.392404 -0.001017407     21482.63
        8160    0.9976071     1.388624 -0.001398464     21481.51
        8162    0.9976635     1.386078 -0.001070494     21483.67
        8164    0.9972041     1.384495 -0.0008505862     21484.63
        8166    0.9975094      1.38384 -0.001063924     21486.12
        8168    0.9972446     1.381819 -0.001488373      21487.2
        8170    0.9973516     1.377566 -0.001405777     21487.94
        8172    0.9968013     1.372588 -0.001771922     21492.62
        8174    0.9968689     1.372594 -0.001270991     21493.71
        8176    0.9963373     1.367644 -0.0008447697     21486.63
        8178    0.9961407     1.367398 -0.001206093     21492.82
        8180    0.9959346      1.36583 -0.0009276732     21492.71
        8182    0.9960629     1.362945 -0.001620286     21493.27
        8184    0.9962164     1.360222 -0.001900032     21499.56
        8186    0.9960043     1.354436  -0.00146693     21497.01
        8188    0.9954271      1.35063 -0.0009563738     21495.12
        8190    0.9953438     1.351209 -0.0006356569     21495.55
        8192    0.9951669     1.352571 -0.0009170843     21498.36
        8194    0.9945654     1.349351 -0.0008502804     21497.66
        8196    0.9945105     1.343293 -0.001238126     21502.93
        8198     0.994442     1.344407 -0.001456137     21501.39
        8200    0.9942242     1.342666 -0.001172399     21500.75
        8202    0.9939988     1.337702 -0.001555468      21499.6
        8204    0.9939922     1.333914  -0.00140063     21506.67
        8206    0.9940246     1.331963 -0.001167958     21505.83
        8208     0.993814     1.331461 -0.0008418118     21503.01
        8210    0.9936047     1.328358 -0.001362193     21507.36
        8212    0.9935563     1.327179 -0.001525168     21509.14
        8214    0.9929424     1.321066  -0.00137503     21508.31
        8216    0.9931156      1.31926 -0.001273666     21514.44
        8218    0.9929201     1.317358 -0.001120803     21514.41
        8220    0.9928041      1.31699 -0.0009852342     21514.63
        8222    0.9920888     1.312099 -0.001142344     21510.36
        8224    0.9920261     1.311378 -0.001342592     21514.61
        8226    0.9921558     1.308219 -0.001334848     21517.09
        8228    0.9915685     1.306249 -0.001292733     21510.49
        8230    0.9913829     1.301421 -0.0008483092     21515.28
        8232    0.9911292     1.301036 -0.001313906     21508.98
        8234     0.990875     1.301433 -0.0009860002     21513.06
        8236    0.9910501     1.295738  -0.00128445     21517.76
        8238    0.9904518     1.293533 -0.001645492     21517.67
        8240    0.9902887     1.290761 -0.001202619     21518.53
        8242    0.9904994     1.288269 -0.001716013     21522.11
        8244    0.9899569     1.286117 -0.001236975     21519.26
        8246    0.9897898     1.279805 -0.001247445     21517.14
        8248    0.9895769     1.280865 -0.001309878     21524.29
        8250    0.9890487     1.278289 -0.001291017     21522.37
