# This file has been produced by extranormal (v 1.0.1 - February 23, 2017)
# O. Roudenko - Synchrotron SOLEIL. Covered by GPL licence.
#Data from HDF File: /nfs/ruche-rock/rock-soleil/com-rock/2021/Projets/20210209_Hilde/InSitu/10Ni-10Fe_50BN/10Ni-10Fe_50BN_RWGS750_CO2pulses_H2cst_ratio1/10Ni-10Fe_50BN_RWGS750_CO2pulses_H2cst_ratio1_00939.nxs to 10Ni-10Fe_50BN_RWGS750_CO2pulses_H2cst_ratio1_00940.nxs
#Time at start=2021-02-10 14:42:38.997
#Time from start (seconds)=4694.12718073
#Sample temperature (C)=24.7
# Normalization -------------
# pivot spectrum: Pivot_Fe_10Ni-10Fe_50BN_RT_air_av2000_00001.txt
# E0=7112.0   Eshift=1.60873486045
# E0_pivot = 7112.0
# pre-edge params: from E0_pivot-140.0 to E0_pivot-20.0
# pre-edge range: [6972.0, 7092.0]
# post-edge params: from E0_pivot+100.0 to E0_pivot+1140.0
# post-edge range: [7212.0, 8250.0]
# I jump at E0_pivot = 1.24687232584
# shifted energy	normalized	reference	ref.derivative	I0
        6970  0.001725639     1.675685   0.00169812     18814.27
        6972  0.001725639     1.675685   0.00169812     18814.27
        6974  0.001853902     1.678104 -0.0003868803     18824.58
        6976  0.001561767     1.672118 -0.0007818727     18829.38
        6978  0.001557477     1.666729 -0.001242747     18837.26
        6980  0.001378845      1.66943 -0.001605249     18846.92
        6982  0.001023643     1.668162 -0.001629499     18855.47
        6984 0.0005271818     1.659276 -0.002382756     18859.66
        6986   0.00026781     1.653693 -0.002700905     18868.06
        6988 0.0001335246     1.650368 -0.001525862     18873.69
        6990 0.0004302345     1.646554 -0.001218642     18884.49
        6992 0.0004340993     1.647069 -0.001155325      18893.4
        6994 0.0004263259     1.643944 -0.001333154     18901.26
        6996 0.0003886308     1.641126 -0.001884771     18910.45
        6998 0.0006148479     1.635889 -0.001541919     18918.47
        7000 0.0002874236     1.631991 -0.001300276     18927.86
        7002 -0.0001251656     1.631609 -0.001370074     18933.46
        7004 6.272713e-05     1.630723 -0.001616147     18942.08
        7006 -0.0001757383     1.624929 -0.001902477     18949.93
        7008 5.674467e-05     1.619062 -0.001520083      18959.8
        7010 -0.0005918517     1.616389   -0.0011968     18963.86
        7012 -0.0007495221     1.618563 -0.0005276804     18975.96
        7014 -0.0006795488     1.615354 -0.001096831     18982.73
        7016  -0.00122537      1.61484 -0.001743984     18989.55
        7018 -0.0004676654     1.607614 -0.002216184     18999.92
        7020 -0.0004301412     1.604611 -0.002161691     19005.54
        7022 -0.0008887587     1.597625 -0.001713601     19011.08
        7024 -0.0009417694     1.597547 -0.002153278     19020.97
        7026 -0.0008552549     1.593906 -0.001726662     19029.97
        7028 -0.001017666     1.587385  -0.00163011     19039.61
        7030 -0.0007936598     1.583811 -0.001126701     19048.29
        7032 -0.000719463     1.584506 -0.000902779     19054.71
        7034 -0.001021162     1.584892 -0.0007603888     19061.43
        7036 -0.0008728943     1.580162 -0.001431592     19068.46
        7038 -0.0008085911     1.577728  -0.00169689     19078.84
        7040 -0.0008661254     1.573053 -0.001450807     19086.43
        7042 -0.001036576     1.571317 -0.001694673     19093.96
        7044 -0.0009863043     1.568556 -0.001447572     19102.14
        7046 -0.0008764667     1.564171 -0.001904815     19109.36
        7048 -0.001112534     1.561473 -0.001886349     19118.48
        7050 -0.0009727903     1.556078 -0.001702619     19125.73
        7052 -0.001010953     1.553465 -0.002413168     19134.44
        7054 -0.0004618897      1.55055 -0.001642012     19145.05
        7056 -0.0006637709     1.542167 -0.0008120583     19151.63
        7058 -0.001033822     1.542942 -0.002230963     19159.42
        7060 -0.0006989711     1.546969 -0.0003792653     19167.61
        7062 -0.0007815605     1.532702 -0.0008427207     19173.37
        7064 -0.000617276     1.539133  -0.00227266     19183.14
        7066 -0.0002682371     1.536201 -4.838548e-05     19190.93
        7068 -0.0001882319     1.528787 -0.0008687388     19195.95
        7070 -0.0005098153     1.532315 -0.001318277     19204.27
        7072 -0.0001585914     1.532183 -0.0008390619     19214.07
        7074 0.0001005416     1.525654 -0.002081565     19220.34
        7076 0.0003434896     1.522075 -0.002329343     19229.09
        7078  0.000359478     1.515663 -0.001770018     19236.84
        7080 0.0007317582     1.513549 -0.001900781     19245.97
        7082 0.0009322011     1.511494 -0.001050478     19252.42
        7084   0.00151893     1.506869 -0.001056412     19262.33
        7086  0.002013577     1.507259 -0.001688375     19268.68
        7088  0.002286276     1.505097 -0.001417891     19276.27
        7090  0.002619912     1.497987 -0.001469027      19286.9
        7092  0.002940671     1.495526 -0.001618462     19293.65
        7094  0.003275983     1.495507 -0.0004305949     19303.08
        7096  0.003934701      1.49215 -0.0001982926     19307.98
        7098   0.00501409     1.494542 -0.0001542181     19311.65
        7100   0.00582114     1.493939 0.0001350867     19318.99
      7100.2  0.005999377     1.494002  7.29093e-05     19320.17
      7100.4  0.006177615     1.494064 1.073195e-05     19321.34
      7100.6  0.006355853     1.494127 -5.144541e-05     19322.52
      7100.8   0.00653409     1.494189 -0.0001136228     19323.69
        7101  0.006712328     1.494252 -0.0001758001     19324.87
      7101.2  0.006890565     1.494314 -0.0002379775     19326.05
      7101.4  0.007068803     1.494376 -0.0003001548     19327.22
      7101.6   0.00724704     1.494439 -0.0003623322      19328.4
      7101.8   0.00746474     1.493174 -0.001062693     19329.25
        7102  0.007324238     1.493113 1.503868e-05     19329.44
      7102.2  0.007305489     1.491065  0.004788013     19328.58
      7102.4  0.007605887      1.49434  0.004168839     19333.41
      7102.6  0.007842822     1.497005   0.00611455     19333.56
      7102.8  0.008204063     1.496448 -0.003092906     19334.21
        7103  0.008551009     1.495956 -0.005186481     19334.23
      7103.2  0.008481709     1.491866 -0.003101153     19332.68
      7103.4  0.008489475     1.492855 -0.002840687     19334.62
      7103.6  0.008471201     1.493967 -8.926686e-05     19333.43
      7103.8  0.008632759     1.493684  -0.00520795     19336.23
        7104   0.00888094     1.491795  -0.00763618     19336.72
      7104.2  0.009137646     1.488689 -0.006498772     19340.66
      7104.4  0.009548541     1.487858 -0.004980889      19340.9
      7104.6  0.009469711     1.488485 -0.004590027     19340.34
      7104.8  0.009671972      1.48781  0.001324946     19341.12
        7105  0.009928065     1.485017 -0.0004886925     19341.96
      7105.2  0.009795001     1.488918  0.009391859     19339.89
      7105.4  0.009987787     1.488094   0.01661498     19341.54
      7105.6    0.0102929     1.495323   0.01477061     19343.08
      7105.8   0.01062425     1.498309   0.01308433     19344.08
        7106   0.01112197     1.500734  0.002171132     19346.94
      7106.2   0.01186164     1.498561 -0.000801228     19347.67
      7106.4   0.01212208      1.49706 -0.006837031     19348.06
      7106.6   0.01218939     1.497668 -0.000292616     19350.78
      7106.8   0.01254634     1.495265  0.004479908     19351.65
        7107   0.01300255     1.498327 -0.000364877     19351.15
      7107.2   0.01350758     1.500644  0.001220733     19352.14
      7107.4   0.01371044     1.497376 -0.001333381     19351.06
      7107.6    0.0141046     1.496241  0.001280837     19352.03
      7107.8   0.01469672     1.497261   0.01036096     19353.54
        7108    0.0150677     1.501669   0.01418652     19354.31
      7108.2   0.01511874     1.505665   0.01682204     19352.38
      7108.4   0.01563602     1.507591   0.01263108     19353.81
      7108.6   0.01683321     1.510718  0.009790989     19355.83
      7108.8   0.01783419     1.511774   0.01045409     19355.25
        7109    0.0188048     1.513498    0.0084639     19355.72
      7109.2   0.01966206     1.515954   0.01201291     19357.23
      7109.4   0.02033794     1.517489   0.01302979     19358.38
      7109.6   0.02139902     1.521384   0.01538983     19357.89
      7109.8   0.02254619     1.523922   0.02364976      19359.1
        7110   0.02361825     1.528266   0.02777043      19357.2
      7110.2   0.02512584     1.536409   0.03776922     19355.06
      7110.4   0.02719074       1.5436   0.04719502      19354.7
      7110.6   0.02945553     1.554137   0.05575285     19354.36
      7110.8   0.03236299     1.566022   0.07067113     19353.46
        7111   0.03620529     1.581011   0.08084096     19355.02
      7111.2   0.04095491     1.600137    0.1053394      19354.3
      7111.4   0.04681743      1.61881    0.1322653     19354.25
      7111.6   0.05366324     1.650293    0.1500363     19350.92
      7111.8   0.06161992     1.686824    0.1672374     19349.16
        7112   0.07075761     1.720166    0.1691252     19348.05
      7112.2   0.08020078       1.7526    0.1569225     19348.32
      7112.4   0.08955465     1.785593    0.1415249     19345.92
      7112.6   0.09843455     1.812362    0.1334185      19344.3
      7112.8    0.1064829     1.833386    0.1249442      19343.8
        7113     0.114226     1.859334    0.1132552     19344.34
      7113.2    0.1213566     1.885549    0.1101459     19341.79
      7113.4    0.1277779     1.902966    0.1066901     19338.17
      7113.6    0.1340443     1.921503   0.09306942     19335.84
      7113.8    0.1401477     1.944687   0.09280495     19336.43
        7114    0.1455391     1.960004   0.09167452     19334.65
      7114.2    0.1504739      1.97721   0.07548234     19333.86
      7114.4    0.1545057     1.994843    0.0663243     19336.06
      7114.6    0.1580419     2.005072   0.05989251     19335.66
      7114.8    0.1613889     2.013064   0.05849533     19337.61
        7115    0.1639967     2.025124   0.05245061      19337.7
      7115.2    0.1658403     2.041639   0.05009609     19338.98
      7115.4    0.1677768     2.047033   0.04110725     19337.74
      7115.6    0.1701062     2.053141   0.01787496     19340.08
      7115.8     0.172983      2.05801   0.01163519     19340.71
        7116    0.1759623     2.055939   0.01076916     19339.14
      7116.2    0.1794916     2.056341  0.004628178     19339.83
      7116.4    0.1838148     2.061756  0.006085701     19340.16
      7116.6    0.1894071     2.061712   0.01369899     19340.95
      7116.8    0.1957792     2.060807   0.01948233     19340.63
        7117    0.2028894       2.0673   0.02653657     19341.58
      7117.2    0.2110385     2.077342    0.0456953     19341.69
      7117.4    0.2203779     2.082941   0.05221012     19343.35
      7117.6    0.2307631     2.097364   0.05244133     19342.35
      7117.8    0.2422927     2.109068   0.06606791     19343.21
        7118    0.2549043     2.119295   0.07846425     19344.79
      7118.2    0.2687241     2.135796    0.1045116     19344.67
      7118.4    0.2840337     2.160135    0.1183724     19342.83
      7118.6    0.3012913     2.192678    0.1291741     19339.83
      7118.8    0.3199445     2.213993    0.1436257     19339.96
        7119    0.3397991     2.239135    0.1302287     19340.59
      7119.2    0.3617761     2.275036     0.124221     19340.95
      7119.4    0.3853008     2.296861    0.1171303     19340.33
      7119.6    0.4094772      2.31337   0.09924383     19338.59
      7119.8    0.4337129     2.332839    0.1017377     19338.45
        7120     0.458349     2.354431    0.1063327     19338.24
      7120.2    0.4833885     2.378251    0.1109515      19339.6
      7120.4    0.5065322     2.398436    0.1206095     19341.06
      7120.6    0.5275361       2.4216    0.1111866     19337.85
      7120.8    0.5477303     2.450918    0.1153451     19337.91
        7121     0.565944       2.4672    0.1083649     19338.77
      7121.2    0.5828974     2.490712    0.1189388     19336.94
      7121.4     0.598862     2.508292    0.1313367     19336.45
      7121.6    0.6138635     2.546069    0.1529709     19339.86
      7121.8    0.6280788     2.572269     0.151514     19337.35
        7122    0.6421143     2.613089    0.1075435     19336.55
      7122.2    0.6568529     2.629504    0.1010172     19335.21
      7122.4    0.6727723     2.632104    0.0640709     19335.66
      7122.6    0.6882183     2.653083   0.07621303     19337.68
      7122.8    0.7048214     2.664345    0.1011947     19337.88
        7123    0.7219272     2.690474   0.07489758     19334.48
      7123.2    0.7393585      2.71306   0.05437278     19336.13
      7123.4    0.7570759     2.713001   0.06429077     19333.84
      7123.6    0.7751261     2.707843   0.04213694     19333.81
      7123.8    0.7936548     2.741907   0.07186423     19333.76
        7124    0.8125073     2.746769   0.08154246     19333.55
      7124.2    0.8302686     2.770493   0.04192578     19330.67
      7124.4    0.8482225     2.773077   0.05904221     19330.79
      7124.6    0.8655773     2.775447   0.05916898     19332.17
      7124.8    0.8820313     2.794003   0.08057788     19330.76
        7125    0.8969259     2.817828    0.1186237     19330.26
      7125.2    0.9109047      2.83754   0.06688636     19329.44
      7125.4    0.9244338     2.870346   0.02553699     19330.35
      7125.6    0.9369568     2.847512 -0.005239881     19329.18
      7125.8    0.9486261     2.838257  -0.04126473     19332.25
        7126    0.9604461     2.833348   0.04111786     19331.73
      7126.2    0.9721872     2.837334   0.06436395     19326.98
      7126.4    0.9840242     2.880407   0.05668441     19321.96
      7126.6    0.9960702     2.889749   0.04628206     19320.51
      7126.8     1.007772     2.878695   -0.0160323     19322.36
        7127     1.019685      2.87436  0.004532301      19324.1
      7127.2     1.032452     2.867581   0.06803408     19326.69
      7127.4     1.045785     2.893374   0.04565363     19326.41
      7127.6     1.059599     2.933123   0.04282015     19324.98
      7127.8     1.073933     2.910883   0.04327014     19322.15
        7128     1.088355     2.901837  -0.02169714     19320.56
      7128.2     1.103253      2.92799    0.0142116     19321.47
      7128.4      1.11789     2.915765   0.04275879     19320.36
      7128.6     1.131304     2.922252   0.08035919     19322.15
      7128.8     1.145128     2.936044   0.08910977     19320.74
        7129     1.158361     2.992278   0.02102096     19320.67
      7129.2     1.170223     2.987053   0.05652867     19319.52
      7129.4     1.180964     2.939069   0.02271913     19317.12
      7129.6     1.190425     2.981267    0.1063235     19316.25
      7129.8     1.198209     3.010453    0.1841232     19315.71
        7130     1.203998     3.072112     0.106662      19316.2
      7130.2     1.208971     3.086368    0.1252307     19315.88
      7130.4     1.212571     3.066596   0.01641824     19314.87
      7130.6     1.214309     3.110638  -0.01170727     19314.72
      7130.8       1.2156     3.085246    0.1009227     19310.31
        7131     1.215703     3.077002   0.05969782     19309.91
      7131.2     1.215151     3.147335   0.06190653     19304.69
      7131.4     1.215376     3.158396   0.01713895     19306.91
      7131.6     1.216055     3.134771  -0.07860919     19303.84
      7131.8     1.216648     3.090713  -0.09123105     19305.35
        7132     1.216444     3.084447  -0.06422103     19303.52
      7132.2     1.215628     3.085411  -0.05791246     19300.07
      7132.4     1.214574     3.083395  -0.02794527     19299.84
      7132.6     1.213599     3.044383   0.01703638     19300.01
      7132.8     1.212035     3.062091   -0.0175731     19300.76
        7133     1.209254      3.09904  -0.02292468     19302.45
      7133.2     1.205587     3.069336  -0.08069298     19301.97
      7133.4     1.201599     3.026043   -0.1451117      19302.9
      7133.6      1.19664     2.997537   -0.1216049     19304.85
      7133.8     1.191235     2.982951   -0.1080679     19307.19
        7134     1.184701     2.972052  -0.07447791     19308.15
      7134.2     1.178088     2.939589 -0.003799221     19310.46
      7134.4     1.171252     2.937954 -0.003758638     19312.74
      7134.6     1.164017     2.979911   0.02217821     19312.71
      7134.8     1.157037     2.969045   0.04610103     19313.14
        7135     1.149592     2.957331  -0.01419797     19313.24
      7135.2     1.142415     2.974835   -0.0309345     19313.13
      7135.4     1.135216     2.968553   -0.0535099     19313.98
      7135.6      1.12769     2.944298  -0.09151515     19314.96
      7135.8     1.120618     2.914524  -0.07831658     19315.18
        7136     1.113923     2.901623  -0.05487624     19315.22
      7136.2     1.107958       2.9059  -0.03283399     19316.63
      7136.4     1.102319     2.900397 -0.004914784     19316.97
      7136.6     1.096713     2.888256   0.00580858     19316.17
      7136.8     1.090921     2.897691   0.03582862     19314.03
        7137     1.085729     2.910547   0.01643771      19306.1
      7137.2     1.081221      2.92906  -0.01416705     19291.36
      7137.4     1.077157     2.901407   0.01793882     19267.88
      7137.6     1.073816     2.886358  -0.03827056     19235.07
      7137.8     1.070625     2.924898  0.001066274     19189.91
        7138     1.067166     2.898443   0.02181414     19148.29
      7138.2     1.063844      2.90226  -0.03262819     19112.96
      7138.4     1.059639     2.903809   0.03530157      19086.1
      7138.6     1.056254     2.898795   0.07281984     19077.93
      7138.8     1.053477     2.926684   0.06650154     19082.79
        7139     1.050547     2.960515   0.07700066     19102.04
      7139.2     1.048214      2.95701   0.02328001      19126.2
      7139.4     1.046453     2.960396  -0.01253014     19155.72
      7139.6     1.045672     2.945308  -0.03387827      19186.3
      7139.8      1.04415     2.950491  -0.01810583     19214.84
        7140     1.043738     2.929907   0.03590172     19243.44
      7140.2      1.04302     2.945911   0.03780179     19267.83
      7140.4     1.042928      2.97403   0.05653908     19289.38
      7140.6     1.041856     2.980733   0.01245351     19303.03
      7140.8     1.041259     2.975139  0.001915237     19310.56
        7141     1.040151     2.955874  0.008114859     19312.81
      7141.2     1.039582     2.975562    0.0303633     19314.55
      7141.4     1.039026     2.987225   0.05333611     19310.51
      7141.6     1.038201     2.999429   0.01614832     19299.89
      7141.8     1.037339     2.998543  0.007607975     19282.63
        7142      1.03631     2.988481   0.01804334      19256.4
      7142.2     1.035393     2.993311  0.007470451     19221.05
      7142.4     1.034352     3.013864   -0.0173698     19177.72
      7142.6     1.033871     3.004519  -0.01093208     19135.12
      7142.8     1.033621     2.974585   -0.0657813     19101.98
        7143     1.033518     2.984565  -0.08407829     19080.89
      7143.2      1.03288     2.961239 -7.425937e-05     19075.71
      7143.4     1.031021     2.937257  -0.01744249     19089.05
      7143.6     1.029786     2.974525  0.008737795     19114.06
      7143.8       1.0286     2.970611   0.01990771     19148.17
        7144      1.02774     2.968229  -0.07018149     19194.04
      7144.2     1.026726     2.953183  -0.01786272     19236.52
      7144.4      1.02547      2.91838  -0.04933246      19268.5
      7144.6     1.024234     2.956321  -0.01191119     19293.28
      7144.8     1.023654     2.928763   0.04025369     19311.41
        7145     1.023073     2.943654  -0.01992405     19322.09
      7145.2     1.021186     2.950583   0.06514454     19327.56
      7145.4     1.020182     2.940382   0.04866401      19334.3
      7145.6     1.018347     2.980879    0.0524561      19338.5
      7145.8     1.017083     2.982585    0.0858999     19339.94
        7146     1.015495     2.992548  0.007302935     19342.66
      7146.2     1.014274     3.009102   0.02130323      19347.7
      7146.4     1.012494     2.986721  -0.02605442     19350.14
      7146.6     1.011061     2.999628  0.009575386     19354.06
      7146.8     1.008675     2.971704  0.002043245     19356.06
        7147     1.006234     3.016762 -0.006898156     19356.47
      7147.2     1.003179     2.988356   0.02006981     19358.91
      7147.4     1.000289     2.994109   0.02308935     19362.29
      7147.6      0.99687      2.98776   0.03841982     19361.83
      7147.8    0.9940566     3.035234   0.03809931     19361.54
        7148    0.9906961     3.019092    0.0269795     19364.24
      7148.2    0.9874169     3.024588   -0.0217541        19365
      7148.4    0.9839736     3.009344  0.007136811     19364.17
      7148.6     0.980757      3.01783  0.004228829     19367.06
      7148.8    0.9780967     3.024801   0.03686027     19370.93
        7149    0.9750396     3.027971   0.04386347     19371.02
      7149.2    0.9714886     3.038832    0.0173643     19370.24
      7149.4    0.9687965     3.052921  -0.02778395     19372.83
      7149.6    0.9657442     3.038693 -0.001247935     19375.52
      7149.8    0.9623686     3.005744  -0.02662169     19377.47
        7150    0.9599789     3.037834  -0.01970708     19377.95
      7150.2    0.9575551     3.031624    0.0982494     19378.51
      7150.4    0.9550787     3.022927   0.08550814      19382.6
      7150.6    0.9518851     3.084344   0.09805854     19383.21
      7150.8    0.9490819      3.10624    0.1176638     19382.96
        7151    0.9466443     3.110071   0.03526691     19384.14
      7151.2    0.9449921     3.117058  -0.01302087     19388.65
      7151.4    0.9428548     3.112557  -0.01747223     19388.53
      7151.6    0.9407736     3.095824  -0.04639273     19390.63
      7151.8     0.939114     3.096093 -0.009785032     19391.13
        7152    0.9371623     3.079944  0.005036739     19389.56
      7152.2    0.9353275     3.104729   0.02661739     19388.37
      7152.4    0.9344079     3.099853   0.05650991     19392.01
      7152.6    0.9333074     3.117387   0.02991304     19392.21
      7152.8    0.9325816     3.125152  -0.03409626     19394.46
        7153     0.931593      3.12866   -0.0264574     19393.35
      7153.2    0.9308247     3.072576  -0.07625639     19394.63
      7153.4     0.930618     3.096221  -0.07036111      19395.1
      7153.6    0.9305642     3.064147   0.00449443     19398.05
      7153.8    0.9306016     3.072371  -0.03217877     19400.01
        7154    0.9305864     3.076172 -0.005837077     19399.97
      7154.2    0.9306978     3.070478   0.01803292     19400.22
      7154.4    0.9311514     3.059477    0.0343878     19402.24
      7154.6    0.9317926     3.086797   0.05306636     19403.84
      7154.8    0.9319284     3.103682   0.07908326     19405.74
        7155    0.9321481     3.112931   0.01454787     19406.37
      7155.2    0.9332004     3.122744   -0.0386599     19405.94
      7155.4    0.9346473     3.098436  -0.03410061     19407.07
      7155.6    0.9357814     3.072754  -0.02356528     19406.38
      7155.8     0.936582      3.08565   0.03213497     19406.73
        7156    0.9378131     3.103891   0.09868296     19408.66
      7156.2     0.939084     3.124144   0.08386901     19408.63
      7156.4    0.9400118       3.1517   0.03146191      19410.1
      7156.6    0.9413576     3.152746  -0.06081752     19411.85
      7156.8    0.9427533     3.129061   -0.1326581     19413.77
        7157    0.9437914     3.075489   -0.1458083     19415.03
      7157.2    0.9446738     3.045574   -0.1013138      19414.3
      7157.4    0.9459013     3.036099 -0.009033179     19415.96
      7157.6    0.9471288      3.04801 -0.001819938     19414.86
      7157.8    0.9485818     3.068263  -0.01418821     19415.37
        7158    0.9502989     3.044118  0.008779596     19415.37
      7158.2    0.9509055     3.024748  -0.02726411     19416.76
      7158.4    0.9515025     3.055033    0.0423401     19417.28
      7158.6    0.9527926     3.046452    0.1354925     19417.78
      7158.8    0.9542662      3.07799   0.08254689     19420.88
        7159    0.9557569     3.133142   0.01391393     19420.76
      7159.2    0.9563552     3.121071  -0.01917351     19422.34
      7159.4    0.9565732     3.057583   -0.1024136      19420.6
      7159.6    0.9567086     3.062651   -0.1103095     19422.54
      7159.8    0.9574767     3.051211   0.02569888      19423.4
        7160    0.9584495     3.032823   0.06512415      19420.6
      7160.2    0.9600365     3.078142    0.0442139     19421.94
      7160.4    0.9609683      3.11475   0.03970755     19423.58
      7160.6    0.9621636     3.086583  -0.02759272     19424.74
      7160.8    0.9627774     3.064589  -0.08751104     19425.55
        7161    0.9632526     3.056068  -0.02228371     19426.13
      7161.2    0.9640378     3.044742  -0.01247355     19424.12
      7161.4    0.9649913     3.068756  -0.09094396      19424.1
      7161.6    0.9655571     3.054611  -0.09879741     19427.83
      7161.8    0.9660377     2.983313   -0.1051263      19429.9
        7162    0.9670594     2.965704   -0.0510233     19431.17
      7162.2    0.9675539     2.984655   0.06170216     19432.54
      7162.4    0.9676446     3.013792   0.04468702     19431.07
      7162.6    0.9680514     3.032674   0.03270962        19430
      7162.8    0.9682056     3.001453   0.01499443     19433.08
        7163    0.9685767     3.010822   0.01733513      19435.4
      7163.2     0.969206     3.025787    0.1174999     19434.11
      7163.4    0.9690729     3.046542    0.1332225     19431.18
      7163.6    0.9693371     3.095453    0.1056321     19430.35
      7163.8    0.9695329       3.1174  -0.05796822     19430.84
        7164    0.9699364     3.110293   -0.1213524     19431.79
      7164.2    0.9702135     3.000168    -0.117878     19432.03
      7164.4    0.9709725     2.998371  -0.09261751     19430.92
      7164.6    0.9720218     3.023098  0.006512529     19432.03
      7164.8    0.9728707     3.036199  -0.02398607     19435.85
        7165    0.9730715     3.005378  -0.04990775     19433.46
      7165.2    0.9737466     2.979182  -0.04614121     19438.22
      7165.4    0.9740034     2.983172   0.02337445     19441.06
      7165.6    0.9742041     2.999286   0.04615983     19441.91
      7165.8    0.9745398     3.024077    0.0492774     19441.46
        7166    0.9756022      3.01611   0.04728374     19441.47
      7166.2    0.9769194     3.022594   0.03766782      19443.2
      7166.4    0.9779234     3.037113   0.01330424     19439.05
      7166.6    0.9790286     3.054212  -0.06209471      19438.7
      7166.8    0.9796566     3.026754  -0.06812337     19439.16
        7167    0.9799184     2.972918  -0.07292258     19436.86
      7167.2    0.9808137     2.982615  -0.05237385     19434.92
      7167.4    0.9816811     2.995874   0.04850149     19436.12
      7167.6    0.9825031     2.984855   0.04042087     19438.27
      7167.8    0.9834946     3.011719   0.00130656     19438.02
        7168    0.9843611     3.014951   0.02755751     19438.31
      7168.2    0.9848686     2.996919  0.003365529     19439.64
      7168.4    0.9851427     3.006901   0.02854752      19439.3
      7168.6    0.9859124     3.014411   0.06845478     19439.19
      7168.8    0.9867776     3.037789   0.05892096     19440.43
        7169     0.988249     3.051683   -0.0386447     19441.01
      7169.2     0.989071     3.054037  -0.08920667     19445.49
      7169.4    0.9896483     2.983496   -0.1164313     19443.83
      7169.6    0.9904012     2.966424   -0.1377184     19444.02
      7169.8     0.991391     2.958538 -0.003889851     19445.47
        7170    0.9916068     2.943863   0.03230271     19440.92
      7170.2    0.9920067     2.980384   0.07339506     19443.52
      7170.4    0.9927191     2.992266    0.0994346     19445.43
      7170.6    0.9935064     3.017254 -0.005881938     19446.75
      7170.8    0.9939998      3.02341  -0.08042785     19447.93
        7171    0.9950526     2.975678  -0.08816962     19447.22
      7171.2     0.995457     2.927924  -0.09173455     19448.29
      7171.4    0.9962954     2.946718  -0.02541087     19453.48
      7171.6     0.997374     2.950023   0.04463266      19455.6
      7171.8    0.9984842      2.95535   0.01463147     19456.47
        7172    0.9994377      2.96363   0.01676167     19456.66
      7172.2     1.000037     2.958423  0.008412131     19454.96
      7172.4     1.000199     2.963432  -0.01439409     19453.25
      7172.6     1.000422     2.962079   0.01230907     19454.85
      7172.8     1.001453     2.952115  -0.00524073     19456.09
        7173     1.002289      2.96827  -0.02796534     19457.76
      7173.2     1.002769     2.959239   0.05392186     19458.15
      7173.4     1.003206     2.939707   0.05790963     19458.83
      7173.6     1.003494     2.995252  0.003390236     19462.56
      7173.8     1.003821     3.014598   0.01636799     19462.09
        7174     1.003994     2.961952  -0.07383331     19462.22
      7174.2     1.004543     2.952801  -0.09441908     19465.26
      7174.4     1.005014     2.936185  -0.04076332     19467.07
      7174.6     1.005555     2.939063  -0.04799568     19467.25
      7174.8      1.00568     2.929341  -0.01244303     19463.22
        7175     1.006338     2.914405  -0.04106193     19461.78
      7175.2     1.006379     2.926231   -0.0159023     19459.78
      7175.4     1.006352     2.906213   0.03164144     19462.54
      7175.6     1.006695     2.916619   0.02375736     19464.64
      7175.8     1.006523     2.939718    0.0516076     19463.41
        7176     1.007007     2.945237   0.06420058     19466.03
      7176.2      1.00737     2.947499   0.05083208     19466.76
      7176.4      1.00807      2.96798   0.02819461     19468.57
      7176.6     1.008719     2.980384  -0.04031115     19467.85
      7176.8     1.008896     2.967793   -0.1515716     19469.84
        7177     1.009054      2.91525   -0.1735978     19470.94
      7177.2      1.00867     2.846722   -0.1788243     19470.59
      7177.4      1.00861     2.841505   -0.1147596     19469.15
      7177.6     1.008828     2.824733  -0.01309683     19470.55
      7177.8      1.00872     2.823443 -0.002818418     19472.08
        7178     1.008826     2.836245    0.0127964     19471.88
      7178.2     1.009108     2.839251   0.01251297     19474.81
      7178.4     1.008776      2.83497  -0.00505931     19474.86
      7178.6     1.008356     2.833453  0.001731527     19474.38
      7178.8     1.008312     2.832197   0.04968418      19477.5
        7179     1.008213     2.840636    0.0528696     19476.87
      7179.2     1.008179     2.874718   0.06732294     19477.38
      7179.4     1.008159     2.875749   0.05402141     19480.36
      7179.6     1.008127     2.886056 -0.004364556     19479.07
      7179.8     1.008125     2.883853   -0.0533687        19476
        7180     1.008182     2.871226  -0.05932239      19478.8
      7180.2      1.00837     2.833054  -0.07554565     19479.15
      7180.4      1.00864     2.838598  -0.02695109     19477.83
      7180.6     1.008206     2.823417   0.02873434     19479.29
      7180.8     1.008242     2.849665  -0.01714917     19482.96
        7181     1.008216     2.856041   0.01564469     19484.21
      7181.2     1.008341     2.824878   0.01167975     19484.95
      7181.4     1.008247     2.835932  -0.02484325     19483.95
      7181.6       1.0082     2.859009  0.009380305      19481.3
      7181.8     1.009104     2.836167  0.009564938     19484.11
        7182     1.009417     2.832383  -0.00150387     19487.36
      7182.2     1.009665     2.843584   0.02502275      19487.1
      7182.4     1.010094     2.857806   0.06132683      19488.9
      7182.6      1.01059     2.856185   0.05889512     19490.34
      7182.8     1.010526     2.881444  -0.01233798     19490.33
        7183     1.010051       2.8907  -0.01506552     19492.29
      7183.2     1.009963     2.847935 -0.006451477     19492.29
      7183.4     1.010266     2.844133  -0.01378595     19490.55
      7183.6     1.010621     2.876283   0.04266353     19491.16
      7183.8     1.010693     2.879672   0.04647317     19492.61
        7184     1.010396     2.882066  0.005324223     19493.78
      7184.2     1.010173     2.881311    0.0150806     19495.17
      7184.4     1.010347     2.880542   -0.0287169      19495.2
      7184.6     1.010477     2.891736  -0.01988632     19493.78
      7184.8     1.010408     2.859093  -0.01740045     19494.29
        7185     1.011058     2.865402  -0.02951888     19494.71
      7185.2     1.011683     2.866622  0.005770749     19495.92
      7185.4     1.011947     2.868121  0.004085288      19497.6
      7185.6     1.012581     2.863709  0.009626664     19498.75
      7185.8     1.013049      2.86867  0.001114323     19500.73
        7186     1.012677     2.874323   0.03081902      19500.8
      7186.2     1.012504     2.869012   0.03884205     19501.76
      7186.4      1.01296     2.888365   0.01955439     19501.95
      7186.6     1.012769     2.899744   0.02238349      19504.1
      7186.8     1.012163     2.889967 -0.004418194     19505.15
        7187      1.01228     2.886919 -0.003734538     19505.94
      7187.2     1.012962      2.88483   0.01127053     19508.18
      7187.4     1.013191     2.896756   0.03621397     19509.06
      7187.6     1.013406     2.898983    0.0615005     19507.43
      7187.8     1.013731      2.91589   0.04681704     19509.77
        7188     1.013796      2.93403   0.05778567     19510.46
      7188.2     1.014157      2.93421   0.02048348     19509.97
      7188.4     1.014413     2.945212  -0.01751964     19512.69
      7188.6     1.014513     2.932277   0.01518881     19513.82
      7188.8     1.014293     2.920015   0.01914508     19512.75
        7189     1.013775     2.946361   0.03516741     19511.28
      7189.2     1.014435     2.960528   0.03178418     19512.37
      7189.4     1.014801     2.960411   0.01474412     19514.97
      7189.6     1.014075     2.945442  -0.01514853     19514.96
      7189.8      1.01389     2.958156  -0.04702811     19517.67
        7190     1.013717     2.948409   0.03328773     19518.94
      7190.2     1.013785     2.922789 -0.007796641     19521.47
      7190.4     1.013895     2.972072  -0.07706574     19521.09
      7190.6     1.013417     2.951919  -0.01777511     19519.94
      7190.8     1.012976     2.886756   -0.0376848     19520.74
        7191     1.013324     2.908569  -0.03604455     19525.08
      7191.2      1.01351     2.941924   0.07031874     19527.68
      7191.4     1.012932     2.923083   0.06828776     19526.04
      7191.6      1.01295     2.943011   0.04052119     19527.79
      7191.8     1.012875     2.963199   0.04946374     19528.52
        7192     1.013021     2.974341   0.06917659     19528.56
      7192.2      1.01289     2.962654   0.08853009     19529.05
      7192.4     1.012775     2.998353   0.03216748     19531.01
      7192.6     1.012549     3.034023   0.01267783     19532.78
      7192.8     1.012491     3.000075   0.01456351     19534.63
        7193     1.012462     2.972797   0.01245842     19532.61
      7193.2     1.012619     3.010004   0.02256233     19531.07
      7193.4     1.013271      3.04399   0.04418546     19534.92
      7193.6     1.013623     3.018125    0.0298021      19536.3
      7193.8     1.013802     3.008145 -0.0006072893     19536.36
        7194     1.013705     3.033845   0.02777003     19536.71
      7194.2     1.013342     3.043504 -0.0006181305     19534.39
      7194.4     1.013797     3.040341  -0.05566666     19536.34
      7194.6     1.013761      3.00765  -0.05618377        19539
      7194.8     1.013321     2.989312  -0.04737412     19538.76
        7195     1.013389     2.998557 -0.007820301     19538.48
      7195.2     1.013945     3.002442  0.002693822     19539.79
      7195.4     1.014223     3.001394  -0.04990717     19539.24
      7195.6     1.014366     2.991467  -0.02078368     19541.07
      7195.8     1.014332     2.958631  0.006957733     19542.46
        7196     1.014963     2.985815  -0.00228321     19544.35
      7196.2     1.015343      3.00696  -0.02113715      19547.2
      7196.4     1.016044      2.98964  -0.01838799     19548.16
      7196.6     1.016118     2.941721   0.02240259     19548.14
      7196.8     1.016064     2.971105   0.06583947     19547.26
        7197     1.015976     3.024882   0.07550338     19547.43
      7197.2     1.016344     3.042312  -0.01710001      19548.8
      7197.4     1.016637     3.002124  -0.07261728     19551.13
      7197.6       1.0167     2.957425  -0.08305711      19552.2
      7197.8     1.017034     2.966789  -0.03694018     19552.28
        7198      1.01682     2.975866   0.02309665     19552.36
      7198.2     1.016411     2.972572  -0.01187513     19552.34
      7198.4     1.016689     2.975902   -0.0443999     19553.73
      7198.6     1.016952     2.957289  -0.05161274      19556.1
      7198.8     1.017347     2.940346  -0.05282153     19558.99
        7199     1.017723     2.931282  -0.04835685     19560.71
      7199.2     1.017374     2.933645  -0.02864609     19560.64
      7199.4     1.017515     2.918603 -0.002417045     19560.67
      7199.6     1.017731     2.917429 -0.001044188     19563.04
      7199.8     1.017567     2.929348   0.02274641     19562.21
        7200     1.017708     2.932809  0.003169742     19561.17
      7200.2     1.017686       2.9368  -0.04849726     19563.92
      7200.4     1.017879     2.919965  -0.04316747     19564.78
      7200.6      1.01764      2.89055   -0.0424384     19562.26
      7200.8     1.017815     2.898275   0.01309036      19563.7
        7201     1.017732     2.902849   0.02211893     19564.68
      7201.2     1.017962     2.930438   0.01405841     19564.58
      7201.4     1.018027     2.908245 0.0007182379     19565.82
      7201.6     1.018018     2.909522  -0.03008766     19567.46
      7201.8     1.017918     2.903424 -0.006589823     19568.76
        7202     1.017908     2.906367   -0.0438241     19570.42
      7202.2     1.017918     2.902973  -0.03795192     19570.12
      7202.4     1.017963     2.874463  -0.03458145     19569.55
      7202.6     1.018303     2.873063  -0.02423754     19571.66
      7202.8     1.018508     2.878702  0.006948744     19572.83
        7203      1.01846     2.883583  -0.00247362     19573.09
      7203.2     1.018621     2.880022   -0.0551434     19574.45
      7203.4      1.01915     2.871084  -0.07085167     19575.09
      7203.6     1.019245     2.834588  -0.02026041     19575.87
      7203.8     1.019267     2.826902  -0.04259219     19575.58
        7204     1.019591     2.863813  -0.01685246     19576.17
      7204.2     1.019266      2.83701   0.02338823      19577.3
      7204.4     1.019114     2.821106  -0.02688342     19576.65
      7204.6     1.019739     2.845613   0.02643882     19580.57
      7204.8     1.019583     2.842307   0.04312443     19579.54
        7205     1.019583     2.858161  -0.04616959     19580.23
      7205.2     1.019342     2.855605  -0.05965226     19581.61
      7205.4     1.018972     2.808677   -0.0866513     19583.46
      7205.6     1.018917     2.794585  -0.06439504     19583.97
      7205.8     1.019341      2.78884 -0.005771197     19585.48
        7206     1.019288     2.804089  0.006519302      19584.5
      7206.2      1.01935      2.80406   0.03588582      19584.7
      7206.4     1.019442       2.7998   0.03097446     19587.47
      7206.6      1.01926     2.817549   0.03064966     19588.28
      7206.8     1.019042     2.828869   0.01110232     19587.31
        7207     1.018947      2.82858  -0.02505318     19588.28
      7207.2     1.019202     2.808682  -0.03175302     19589.46
      7207.4     1.019453     2.797506  -0.05402833     19587.63
      7207.6     1.019462     2.803466  -0.02493857     19587.98
      7207.8     1.019278     2.785357  -0.02559907     19590.29
        7208     1.019567     2.788731  -0.03574145     19592.52
      7208.2     1.019571     2.777027   0.01426723     19593.08
      7208.4     1.019357     2.774873  0.008804748     19591.93
      7208.6     1.019365     2.796771   0.02148208     19596.41
      7208.8      1.01879     2.795775   0.05080029     19598.49
        7209     1.018951     2.794212    0.0403988     19596.45
      7209.2     1.018978     2.815513   0.01299704     19596.59
      7209.4     1.019265      2.82909   0.01975604     19596.34
      7209.6     1.019694     2.806173  0.005102635      19597.6
      7209.8     1.019371     2.810017  -0.01753248     19599.05
        7210     1.019479     2.819595   0.01994556     19602.57
      7210.2     1.019265     2.815064   0.02703636     19604.04
      7210.4     1.018986     2.822129   0.02938507     19603.92
      7210.6     1.018763     2.831646   0.04538246     19604.73
      7210.8     1.018172     2.843103  0.004956616      19604.9
        7211     1.017968      2.85137  -0.02818476      19605.2
      7211.2     1.017893     2.826095 -0.007393681     19605.62
      7211.4     1.017756     2.809099    0.0130208     19605.69
      7211.6      1.01809     2.837189   0.03965899     19607.68
      7211.8     1.018359     2.861787   0.04121619     19608.91
        7212     1.018209     2.857822   0.03058844     19607.92
      7212.2     1.017341     2.842071  0.007448306     19608.03
      7212.4     1.016911     2.861659  0.008284633     19605.63
      7212.6     1.016426     2.867745   0.01619176     19606.39
      7212.8     1.016209     2.864449   0.03498733     19608.14
        7213     1.015664     2.855025   0.03829966     19610.27
      7213.2     1.015769     2.889649   0.09191212     19609.69
      7213.4      1.01558     2.898385    0.1242151     19610.36
      7213.6     1.015601     2.937979    0.0814732     19614.31
      7213.8     1.015548     2.954397    0.0867952     19613.91
        7214     1.015363     2.954828   0.03696199     19612.44
      7214.2     1.014387     2.967821 -0.001848801     19611.99
      7214.4      1.01404     2.967549   0.03265582      19611.7
      7214.6     1.014285     2.952918   0.03834639     19614.89
      7214.8     1.014065     2.980952   0.02766314     19615.91
        7215     1.013767     2.998498   0.05460572     19615.93
      7215.2     1.013852     2.989679  0.005535114     19617.05
      7215.4      1.01346     2.996602 -0.001620267     19617.28
      7215.6     1.012734      2.98538   0.06837335     19619.98
      7215.8     1.012854     2.997202   0.09228628     19622.86
        7216     1.012501     3.044378    0.1169773     19622.78
      7216.2     1.011573     3.070431   0.06710441     19621.25
      7216.4     1.011642     3.078962   0.06362161     19621.95
      7216.6     1.011173     3.050886  -0.03172273      19621.1
      7216.8      1.01117     3.095275  -0.04839608     19622.49
        7217     1.010849     3.045053  -0.00429405     19621.47
      7217.2     1.011055     3.040245  -0.07001962     19622.89
      7217.4     1.011177      3.04745   0.02723746     19625.68
      7217.6     1.010237      3.03926   0.04201406     19627.63
      7217.8      1.00964     3.066843   0.02873243     19627.57
        7218     1.009471     3.073857   0.01580805     19627.58
      7218.2      1.00927     3.070436  -0.02322532     19625.39
      7218.4     1.009055     3.051906 -0.004774157     19623.78
      7218.6     1.009001     3.048263   0.02128025     19625.77
      7218.8     1.008849     3.070037   0.05158534      19626.5
        7219     1.008633      3.08746   0.05764011     19626.32
      7219.2      1.00849     3.093174   0.01724826     19627.76
      7219.4     1.008386     3.094375   0.01507477     19629.89
      7219.6     1.008064     3.083836   0.06848198      19632.4
      7219.8     1.007608      3.09952   0.06644235     19634.87
        7220     1.007196      3.14796   0.08564314     19635.78
      7220.2     1.006561     3.147529   0.03860873     19633.85
      7220.4     1.006522      3.15235  -0.02507972     19633.52
      7220.6     1.006338     3.130407  -0.03700402     19633.35
      7220.8     1.006868     3.127896  -0.05485872     19633.99
        7221     1.006819     3.117926  0.004111813     19637.05
      7221.2     1.006987     3.108464 -0.006711461     19640.26
      7221.4     1.006322     3.133697   0.01072453     19640.15
      7221.6     1.006018     3.122527   0.03146874      19640.2
      7221.8     1.005909     3.126505   0.01771501     19640.37
        7222     1.005734     3.133639   0.01403053     19639.23
      7222.2     1.006394     3.147869  -0.01166347     19640.85
      7222.4     1.006341     3.133751  -0.05625789     19642.02
      7222.6      1.00634     3.117175  -0.06986541     19643.87
      7222.8     1.006044     3.088632  -0.05603802     19644.34
        7223     1.005219     3.091976  -0.04112862     19645.73
      7223.2     1.005019     3.088921   0.03483875     19648.64
      7223.4     1.004943     3.084272 -6.556415e-05     19647.03
      7223.6     1.004712     3.116503    0.0094284     19646.16
      7223.8     1.004443     3.091924   0.05281247     19648.64
        7224     1.003974     3.096464  -0.01234593     19648.25
      7224.2     1.003672     3.126522  0.002882612     19649.09
      7224.4     1.003149     3.106626  -0.03886041     19652.08
      7224.6     1.003334      3.09423  -0.08740327     19653.14
      7224.8     1.003225     3.065375   -0.0613273     19653.74
        7225     1.002723     3.056599  -0.08849174     19653.42
      7225.2     1.002594     3.057565  -0.06399654     19654.74
      7225.4     1.002309     3.023437  -0.09189613     19655.32
      7225.6     1.002377     3.014178  -0.07236784     19656.74
      7225.8     1.001909     2.983082  -0.06432349     19659.06
        7226     1.001622      2.99967   -0.0501426     19659.01
      7226.2     1.001419     2.971978  0.007007592     19657.25
      7226.4     1.001532     2.974064  -0.01574856     19659.14
      7226.6     1.001483     2.988688    0.0197222     19658.61
      7226.8     1.001082     2.987071  -0.00340603     19655.96
        7227      1.00075     2.987756  -0.02245294     19658.33
      7227.2     1.000114     2.971339  -0.01368489     19661.52
      7227.4    0.9992593     2.970726  -0.04185531     19662.02
      7227.6    0.9988222     2.976124  -0.02115433     19662.89
      7227.8    0.9987775     2.954271  0.003206027     19663.98
        7228    0.9986669     2.954416  -0.04816977     19664.31
      7228.2    0.9983518     2.973291  -0.03761902     19665.17
      7228.4    0.9987004     2.937588  -0.03590121     19668.75
      7228.6    0.9984996     2.924176   -0.1046661     19667.83
      7228.8    0.9978918     2.925695  -0.01426968     19665.11
        7229    0.9979157     2.889558    0.0683039     19667.55
      7229.2    0.9974956     2.926172   0.06698838      19667.6
      7229.4    0.9974118     2.978819   0.07595094     19667.88
      7229.6    0.9971222     2.979285  0.004692405     19668.32
      7229.8    0.9963008     2.950319   -0.0918584     19667.92
        7230    0.9959697     2.929926   -0.1029157     19669.46
      7230.2    0.9955398     2.905332  -0.07839085     19668.84
      7230.4    0.9951091     2.896953  -0.09404645     19669.67
      7230.6    0.9954069     2.887606  -0.08161879     19669.05
      7230.8    0.9956585     2.854689  -0.05395965     19668.34
        7231    0.9953241     2.840037  -0.05434037     19672.59
      7231.2    0.9950665     2.853785  -0.02504658     19675.53
      7231.4     0.994764     2.844134    0.0326541     19675.43
      7231.6    0.9941057     2.834652 -0.009094063     19674.51
      7231.8     0.993969     2.866161  -0.03022719     19674.31
        7232    0.9944398      2.84651  -0.01946038     19676.65
      7232.2    0.9947384     2.819952  -0.05785095     19675.69
      7232.4    0.9941185     2.819083  -0.05054566     19674.77
      7232.6    0.9937173      2.81988  0.006464074     19674.24
      7232.8    0.9933169     2.806073  0.006834842     19675.93
        7233    0.9930104     2.825123 0.0002305554     19677.67
      7233.2     0.992677     2.824551 -0.007643777     19676.49
      7233.4    0.9921257     2.820064  -0.04350511     19677.09
      7233.6    0.9917425     2.799958  -0.04572557     19678.99
      7233.8    0.9916788     2.790319  -0.06611531     19679.26
        7234    0.9917679     2.787971  -0.04704602     19679.79
      7234.2    0.9920622     2.767172  -0.03443416      19680.5
      7234.4    0.9920251     2.762321  -0.02635341     19679.88
      7234.6    0.9919426     2.762772   0.03524972     19680.78
      7234.8    0.9917096     2.766888   0.04463389     19682.47
        7235     0.991068     2.795372   0.02049399     19682.15
      7235.2    0.9908614     2.798029  0.006021983     19683.49
      7235.4    0.9908038     2.779167  -0.04724553     19686.11
      7235.6    0.9908322     2.771705  -0.07733606      19686.1
      7235.8    0.9906429     2.757576  -0.02935509     19687.79
        7236    0.9903592      2.73616  -0.01514554     19690.58
      7236.2    0.9904175     2.755683 -0.0002097786     19691.43
      7236.4    0.9906348     2.759589 -0.004254341     19689.85
      7236.6    0.9901975     2.757408  -0.07819556     19688.62
      7236.8    0.9897651     2.732756  -0.06385393     19688.66
        7237     0.989983     2.693126  -0.02652457     19689.17
      7237.2    0.9902862     2.708506   0.02621181     19689.39
      7237.4     0.990087     2.736188   0.08815197     19689.65
      7237.6    0.9901655     2.753726   0.08813337     19691.35
      7237.8    0.9905673     2.763648   0.03897136     19693.38
        7238     0.990882     2.779013  -0.01016959     19694.38
      7238.2    0.9912648     2.767365  -0.02514643     19695.87
      7238.4    0.9914229      2.74559  -0.04864631     19697.34
      7238.6    0.9911561     2.743531  -0.01562298     19698.15
      7238.8     0.990835     2.740096 -0.004004926     19698.25
        7239    0.9905071     2.754867  -0.03473088     19695.54
      7239.2    0.9903671     2.742386 -1.068605e-05     19693.99
      7239.4    0.9905218     2.715746   -0.0346495     19696.23
      7239.6     0.990692     2.740087  -0.05105695     19697.81
      7239.8      0.99081     2.727147  -0.02261309     19699.02
        7240    0.9911571     2.701541  -0.07458142     19699.46
      7240.2    0.9913953     2.697656  -0.02294501     19700.88
      7240.4    0.9921784     2.680422   0.04045565     19700.95
      7240.6     0.992288     2.708791   0.01512885     19699.18
      7240.8    0.9924387     2.733905   0.03141744      19700.3
        7241    0.9925115     2.709759   0.01858949     19701.76
      7241.2    0.9926174     2.705556  -0.01812637     19702.75
      7241.4    0.9927768     2.723663  -0.02293493      19705.4
      7241.6    0.9930569     2.719404  -0.01722722     19705.92
      7241.8    0.9933068     2.691411  0.009584351     19705.08
        7242    0.9934711     2.691774   0.06897953     19705.31
      7242.2    0.9936711      2.73133    0.1214335     19706.53
      7242.4    0.9933082     2.774588   0.08208253     19707.87
      7242.6    0.9929392     2.788558   0.03959114     19707.02
      7242.8    0.9934714      2.75744  -0.03165118     19706.95
        7243    0.9935962     2.763003  -0.02706825      19707.8
      7243.2    0.9939322     2.749267   0.03276768      19712.1
      7243.4    0.9941928     2.766903 -0.0007383354     19713.23
      7243.6    0.9940012     2.783654 -0.009794249     19711.15
      7243.8    0.9940738     2.762412  -0.02160144     19713.72
        7244    0.9941753     2.741431  -0.03097332     19713.61
      7244.2    0.9944698     2.749622 -0.001655778     19714.22
      7244.4    0.9945336     2.758876     0.067051     19713.59
      7244.6    0.9949693     2.761088   0.06070419     19713.08
      7244.8    0.9952502     2.795072   0.03670956     19717.78
        7245    0.9955724     2.798185   0.03439577     19719.61
      7245.2    0.9959025     2.788243   -0.0420015     19720.16
      7245.4    0.9960903     2.788604   -0.0727415     19720.55
      7245.6    0.9962821     2.761471  -0.04569917     19720.54
      7245.8     0.996571     2.739992  -0.01062683     19721.23
        7246    0.9971149     2.751684   0.02435313      19719.6
      7246.2    0.9974059     2.780103   0.01671494     19721.26
      7246.4    0.9975035     2.780953   0.02151037     19722.87
      7246.6    0.9972668     2.753364  -0.01304778     19723.46
      7246.8    0.9966359     2.768892  0.003974537     19722.52
        7247    0.9965312     2.769665   0.05789535     19720.29
      7247.2    0.9968369     2.784133   0.03247817      19723.9
      7247.4    0.9971924      2.79968    0.0216383     19726.42
      7247.6    0.9976329     2.794875  -0.01601668     19727.07
      7247.8    0.9980764     2.786975  -0.04241834     19727.99
        7248    0.9986714      2.77132  -0.04858002     19728.75
      7248.2    0.9991761     2.765746  -0.06778064     19727.84
      7248.4    0.9989193     2.756011   -0.0298775     19727.08
      7248.6     0.998743     2.732751   0.02427206     19726.81
      7248.8    0.9988477     2.747418   0.03052488     19728.75
        7249    0.9989959     2.785163   0.04502955     19730.01
      7249.2    0.9991758     2.780431    0.0356238     19730.07
      7249.4    0.9990323     2.768775 -0.005298268     19733.06
      7249.6    0.9993725     2.775917    0.0449673     19734.37
      7249.8     1.000034     2.780925   0.07203385     19734.59
        7250     1.000135     2.816404   0.07190854     19735.95
        7252     1.002004     2.802341  -0.00965598     19739.04
        7254     1.004995     2.783013 -0.008586274     19750.29
        7256     1.007257     2.768144 -0.006108929     19755.77
        7258     1.009694     2.761553 -0.005108114     19762.92
        7260     1.012691     2.753469  0.002597445     19769.64
        7262     1.015259     2.742148  0.001760387     19778.46
        7264     1.016211     2.788923   0.00594022     19783.96
        7266     1.017779     2.775636  0.005249099     19793.41
        7268     1.019002     2.800991   0.00218512     19798.75
        7270     1.019827     2.784141  0.004983801     19807.69
        7272     1.019479     2.806404  0.005731482     19814.91
        7274     1.019152     2.815506  0.009836158     19819.83
        7276     1.018498     2.846843  0.005274105     19826.78
        7278     1.017882      2.86283  0.008467445     19834.37
        7280     1.016716     2.848597  0.003132117      19839.6
        7282     1.016648     2.883246  0.002363409     19846.86
        7284      1.01505       2.8719  0.006412724     19854.82
        7286     1.012778     2.881738   0.00198251     19859.65
        7288     1.011006     2.899899 -9.692938e-05     19864.87
        7290     1.008905     2.899106 -0.007265103     19871.97
        7292     1.007852     2.871124  -0.00859602     19880.73
        7294      1.00682     2.823617  -0.01576436      19887.6
        7296      1.00588     2.831131  -0.01525062     19895.58
        7298     1.004701     2.772991  -0.01555651     19903.23
        7300     1.004278     2.749119  -0.01743402     19908.49
        7302     1.003385     2.699165  -0.01084805     19912.46
        7304     1.003699     2.691659  -0.01077191      19918.5
        7306     1.003535     2.686207  -0.00413362     19926.63
        7308     1.003186     2.662944 -0.003234157     19932.45
        7310     1.002687     2.666096 -0.006808396     19938.95
        7312      1.00279     2.665785 -0.0007436759     19938.85
        7314     1.003094      2.63174  -0.00351232     19948.26
        7316     1.002475     2.656995 -0.004884038     19956.94
        7318     1.002505     2.637997 -7.329258e-05     19963.66
        7320     1.002977     2.626713 -0.004126881     19973.56
        7322     1.002673     2.631153 -0.004645717      19979.2
        7324     1.002113      2.62398 -0.0003679703     19981.93
        7326     1.002423     2.600831 0.0006216882     19991.97
        7328     1.001966     2.623769 -0.003341094     19998.03
        7330     1.001157     2.636127 -0.002269226     19998.86
        7332     1.001022     2.597251 -0.005156457     20004.85
        7334     1.000846     2.582678 -0.004094628     20013.35
        7336     1.001248     2.582518 -0.001129197      20020.1
        7338      1.00067      2.60337  0.002093236     20026.29
        7340     1.000302     2.588217 0.0009788586      20033.1
        7342     1.000584     2.599424  0.002049865     20040.67
        7344      1.00072     2.590349  0.006567961     20046.28
        7346     1.000962     2.619769  0.005569808      20052.4
        7348     1.000039     2.640761    0.0104556     20053.39
        7350     1.000397     2.643982  0.009720453     20059.14
        7352     1.001053     2.673993  0.008517779     20067.12
        7354     1.000444     2.697532  0.009869493     20075.41
        7356      1.00016     2.708903  0.005318054     20079.72
        7358     1.000039     2.722938 -0.0006713805     20086.87
        7360            1     2.716538  0.003227271     20094.24
        7362     1.000228     2.692161 -0.0003727799     20100.55
        7364     1.000909     2.734721 -0.0008899591     20104.76
        7366     1.000402     2.719956 0.0002062936     20108.83
        7368     1.000009     2.709418  -0.00747714     20118.13
        7370     1.000289     2.693812 -0.006096125     20125.69
        7372     1.000791     2.674904 -0.008593096     20126.08
        7374     1.000493     2.671187  -0.01050394     20132.68
        7376     1.000392     2.640673  -0.01184788     20141.84
        7378     1.000204      2.60978  -0.01648814     20148.37
        7380     1.000073     2.580121  -0.01725543     20152.62
        7382    0.9998248     2.539282  -0.01457514     20156.52
        7384    0.9998363      2.50263  -0.01168983     20162.74
        7386    0.9998837     2.493179 -0.005578849     20171.54
        7388     0.999095     2.486602 0.0001433249     20177.67
        7390    0.9991782     2.494651  0.001985122     20180.42
        7392    0.9991575     2.503777  0.001284881     20188.54
        7394     0.999023      2.50906 -0.000148608     20191.91
        7396    0.9993042     2.496882 0.0005173388      20199.3
        7398    0.9986934     2.493462 -0.001485661      20205.8
        7400    0.9985439     2.507915 -0.002195488     20212.09
        7402    0.9980918     2.497175 0.0009596685     20218.61
        7404    0.9982016     2.479318 0.0002607315     20223.18
        7406    0.9983669     2.501139 -0.001258942     20230.01
        7408     0.997544     2.510001  0.003783971     20235.66
        7410    0.9973587     2.487103 -0.001786443      20240.9
        7412    0.9967229     2.509589 -0.003162445      20245.7
        7414     0.996778     2.486848 5.461464e-05     20255.44
        7416    0.9969858     2.484702 -0.003735836      20261.8
        7418    0.9969009      2.48754 -0.001311752     20262.62
        7420    0.9962045     2.479703 -0.0009042649     20270.57
        7422    0.9963915     2.476354 -0.002543341      20274.5
        7424    0.9963952     2.477467 -0.004014956     20281.03
        7426    0.9961251     2.467193 -0.003230894     20285.69
        7428    0.9958572     2.447583 -0.002792344     20290.14
        7430    0.9956533     2.450507 -0.002895107     20295.66
        7432    0.9954278     2.455129 -0.0001222362     20302.68
        7434    0.9958157     2.444033 -0.001933819     20312.16
        7436    0.9957929     2.446605  -0.00133728     20317.15
        7438    0.9956183     2.435036   0.00330264     20322.47
        7440    0.9956874      2.44443  0.002942475     20329.63
        7442    0.9954682     2.470454  0.003225826     20332.38
        7444    0.9951783     2.470145  0.003898069      20336.3
        7446    0.9953156     2.460843 0.0009316353     20344.67
        7448       0.9955     2.475615 0.0005074647     20349.55
        7450    0.9956607     2.477907  0.001740054     20358.62
        7452    0.9953746     2.474205  0.001299091        20363
        7454    0.9950655     2.474763 -0.001186034     20364.81
        7456    0.9952667     2.486008 -0.001032688     20372.37
        7458    0.9948916     2.468418 -0.0002312602     20377.91
        7460    0.9955601     2.465943 -0.002439121     20386.47
        7462    0.9953353     2.472913 -0.002122608     20386.86
        7464    0.9953102     2.466495 -0.003440702     20393.86
        7466    0.9953481     2.451438 -0.003749925     20399.85
        7468     0.995541     2.438418 -0.004844422     20405.75
        7470    0.9954018     2.442914 -0.006281293     20411.35
        7472    0.9948602     2.427739 -0.005395947     20413.08
        7474    0.9951555     2.401187 -0.006441877     20420.97
        7476    0.9955227      2.39525 -0.004042261     20425.94
        7478    0.9957421     2.391379 -0.001939391     20431.98
        7480    0.9950014     2.395401 -0.003679669     20436.06
        7482    0.9951611     2.385672  -0.00376095     20440.61
        7484    0.9951849     2.365813 -0.005550037     20445.59
        7486    0.9951776     2.361291 -0.005135373     20448.91
        7488    0.9952359     2.351001 -0.004176281     20452.77
        7490    0.9951096     2.344589 -0.003770002     20457.79
        7492    0.9950778     2.332402 -0.004339967     20464.66
        7494    0.9947229     2.331131 -0.002409656     20473.48
        7496    0.9946542     2.316281 0.0001119965     20475.47
        7498    0.9950857     2.325312  -0.00281665     20480.57
        7500    0.9947749     2.333298  0.001720035     20483.27
        7502    0.9944386     2.308598  -0.00198454     20493.94
        7504     0.994242     2.330042 -0.0007010277     20498.87
        7506    0.9945214     2.309436  0.002466284     20499.87
        7508    0.9941896      2.32769 -0.001515199     20508.21
        7510     0.994267     2.328328 -1.096007e-05     20510.12
        7512    0.9946864      2.31792 -0.002862264      20516.2
        7514    0.9941038     2.309348 -0.002722987     20521.26
        7516    0.9939568     2.304792 -0.002221952     20521.28
        7518    0.9942086     2.306544 -0.002455655     20511.21
        7520      0.99456     2.300144 -0.001975658     20495.85
        7522    0.9941436     2.289703 -0.001645755     20491.83
        7524    0.9945515     2.288987 -0.0003167384     20417.67
        7526    0.9963851     2.293378 -0.0005748641     20156.03
        7528    0.9928084      2.29761 -0.0008455684     20275.72
        7530    0.9952889     2.285104 -0.0004022456     20209.05
        7532    0.9939457     2.282222 -0.000921867     20361.34
        7534    0.9947457      2.29016 -0.0007770995     20556.66
        7536    0.9945329     2.290235 -0.0006589785     20543.31
        7538    0.9948773     2.278887 -0.001578869     20549.03
        7540    0.9947855      2.27695 -0.001654671     20573.79
        7542    0.9948024     2.277529 -0.001583866      20592.5
        7544    0.9947651     2.276998  -0.00296737     20600.02
        7546    0.9945649     2.266216 -0.002565232     20602.45
        7548    0.9948078     2.253211 -0.002313636     20606.65
        7550    0.9946971     2.257007 -0.0002842674     20610.12
        7552    0.9952721     2.258489  0.001528152     20614.14
        7554    0.9947115     2.263942  0.001084335     20618.68
        7556    0.9951573     2.265437 -0.0006373823     20626.15
        7558    0.9949801     2.265682 -0.001717804     20631.61
        7560    0.9953032      2.25339 -0.001518043     20637.49
        7562    0.9947364     2.250199 -0.001496296     20639.96
        7564    0.9951547     2.253292 -0.001659313     20646.72
        7566    0.9951951     2.253712 -0.0007428128     20650.23
        7568    0.9950304     2.240115 -0.0009121784     20654.78
        7570    0.9953899     2.244257 -0.003202744     20661.76
        7572     0.995677     2.245995 -0.001120319     20664.68
        7574     0.995436      2.22809 -0.003139323        20670
        7576    0.9957149     2.231153 -0.004476654      20674.2
        7578    0.9955604     2.219142  -0.00268732     20676.75
        7580    0.9958301     2.210182 -0.004097424     20681.01
        7582    0.9957752     2.206591 -0.004019458     20680.88
        7584     0.995365     2.198374 -0.003116374     20683.17
        7586    0.9957881     2.186987 -0.003237972     20690.16
        7588    0.9956547     2.185251 -0.002031561     20696.34
        7590    0.9955944     2.180687   -0.0017253      20701.2
        7592    0.9959246     2.182121 -0.0008760422     20703.68
        7594    0.9958932     2.173184 0.0004427582     20704.66
        7596    0.9961849     2.178242 -0.001258953     20707.12
        7598    0.9963589     2.184229 -0.001947769     20708.91
        7600     0.995412     2.172049 -0.002360732     20713.11
        7602    0.9958227     2.157602 -0.001840026     20718.38
        7604    0.9954758     2.159356 -0.002076014     20724.46
        7606    0.9958912     2.169509 -0.001217333     20728.27
        7608    0.9962637     2.155441 7.394995e-05     20734.65
        7610    0.9961815     2.147864  -0.00418549     20732.65
        7612    0.9960057     2.159948 -0.003169801     20739.46
        7614    0.9963059     2.136025 -0.0004746401     20741.04
        7616    0.9960598     2.130083 -0.002103655     20743.04
        7618    0.9963212     2.144066 0.0006141826      20749.3
        7620    0.9963831     2.143119 0.0002818027     20753.68
        7622    0.9966986     2.140939 -0.001244928     20761.24
        7624    0.9964135     2.132337 -0.002005671     20764.24
        7626    0.9962874     2.134107  -0.00131427     20765.93
        7628    0.9962244     2.127073 -0.001395516     20769.43
        7630    0.9962013     2.130425 -0.002528416     20773.33
        7632    0.9964818     2.121173 -0.001477362     20777.45
        7634    0.9962867      2.11388 -0.003679345      20782.9
        7636    0.9963152     2.115255 -0.002673207     20784.44
        7638    0.9960526      2.10099 -0.002578541     20790.69
        7640    0.9962184     2.099788 -0.003143445     20795.92
        7642    0.9967938     2.093251 -0.002010631     20801.27
        7644    0.9966846     2.090107 -0.002621833     20803.29
        7646    0.9972049     2.084905 -0.002288082     20808.96
        7648    0.9967456     2.078813 -0.001064733     20810.24
        7650    0.9964753     2.074947 -0.001330639     20812.71
        7652    0.9965155     2.081589 -0.001580569     20818.68
        7654    0.9968567      2.07426 -0.0008131233     20825.38
        7656    0.9969821     2.066168 -0.001819463     20823.23
        7658    0.9971223     2.068442  -0.00224198     20829.63
        7660    0.9974027     2.067033  -0.00114631     20833.94
        7662    0.9976926     2.056324 -0.0002229931     20839.88
        7664    0.9973799     2.056998 7.024961e-05     20843.88
        7666    0.9978496     2.066658 0.0003211438      20848.3
        7668    0.9978831     2.067595 0.0001705618     20852.46
        7670    0.9982478     2.058893 -0.001235021     20857.31
        7672    0.9982162     2.058362 -0.001432516     20858.28
        7674     0.998045     2.056778 -0.0007184754     20864.04
        7676    0.9983854     2.056135 -0.0001217414     20865.88
        7678    0.9981032     2.053145 -0.001535378     20870.38
        7680    0.9980427     2.057388 -0.001691065     20874.55
        7682    0.9982434     2.044495 -0.001710998     20879.07
        7684    0.9988259     2.042607  -0.00283894     20887.34
        7686    0.9988723     2.039457 -0.001242322     20889.75
        7688    0.9985631     2.034677 -0.001472658     20891.79
        7690    0.9986042     2.034556 -0.000818265     20896.46
        7692    0.9987709     2.030826 -0.001148666     20901.61
        7694    0.9988801     2.032911 -0.001914881     20905.23
        7696    0.9988201     2.025488 -0.001121762      20908.5
        7698    0.9986504     2.019237 -0.002715494     20911.74
        7700    0.9989834     2.021851 -0.001011878     20914.91
        7702    0.9989005     2.011187 -0.0009999139     20918.43
        7704    0.9993606     2.017393 -0.002886521      20921.4
        7706     0.999542     2.011238  -0.00113514     20926.71
        7708    0.9994115     1.998759 -0.001831126     20930.43
        7710    0.9991695     2.002106 -0.001231108     20930.34
        7712    0.9991817     2.002744 -0.0002242283      20936.3
        7714    0.9986334     2.001389 -0.0007758507     20938.69
        7716    0.9987535     1.996965 -0.001079524     20946.41
        7718     0.998975     1.995899 -0.0009175566     20946.15
        7720    0.9988382     1.994107  -0.00139829     20949.33
        7722    0.9993322     1.994048 -0.0004685367      20953.7
        7724    0.9993199     1.985779 -0.0008168359     20957.28
        7726    0.9996602     1.992151 -0.002695735     20961.91
        7728    0.9995199     1.987573 -0.001277948     20960.81
        7730    0.9994186     1.972482 -0.0009439037     20965.93
        7732    0.9992317     1.975556 -0.001522559     20968.79
        7734    0.9996546       1.9846 0.0001822161     20974.37
        7736    0.9996638     1.975392 -0.001467376      20975.9
        7738    0.9996435      1.97394 -0.003144912     20977.65
        7740     0.999389     1.963817  -0.00161947     20982.15
        7742    0.9994578      1.95944 -0.001493517     20987.07
        7744    0.9998357     1.962436 -0.001314754     20989.59
        7746    0.9993335     1.961992 -0.0007425954     20991.86
        7748     0.999502     1.953299 -0.001500075     20996.37
        7750    0.9997511       1.9535 -0.001375642        21001
        7752    0.9997708     1.950436 -0.0007524921      21005.8
        7754    0.9994952     1.950987 -0.001188668     21006.01
        7756    0.9995878     1.947279 -0.001209522     21007.37
        7758     1.000377      1.94399  -0.00212713     21010.95
        7760      1.00069      1.94076 -0.002790267     21016.07
        7762     1.001001      1.93397 -0.002701085     21019.76
        7764     1.001356     1.924956 -0.002006666     21026.05
        7766     1.000973     1.922382 -0.002287786     21026.52
        7768     1.001001     1.924706 -0.001442686     21024.86
        7770     1.000804     1.915668 -0.001296436     21026.34
        7772     1.000933     1.913415  -0.00215565     21033.03
        7774     1.001146      1.91201 -0.001229246     21031.79
        7776     1.001773     1.907461 -0.001673365     21030.07
        7778     1.001985     1.905834 -0.001027477     21028.83
        7780     1.001724     1.900028 -0.000826887     21016.98
        7782      1.00171      1.90379 -0.0002847419     20989.08
        7784     1.003399     1.900846 -0.001441824     20769.98
        7786     1.005406     1.903556 -0.003450575     20101.15
        7788    0.9997872     1.888493 -0.001830808     20080.63
        7790    0.9991232     1.876186 -0.002506847     20235.03
        7792     1.002055       1.8862 -0.001110989      21042.9
        7794     1.002471     1.883501 0.0003664613     21079.41
        7796     1.002299     1.879606 -0.001422146     21090.03
        7798     1.002252     1.879117 -0.001501558     21090.38
        7800     1.002646     1.874822 -0.0009617826      21096.1
        7802     1.002285     1.871488 -0.001711063     21096.08
        7804     1.002022     1.871911  -0.00120044     21100.07
        7806     1.002217     1.865429 -0.001333278     21104.76
        7808     1.002654     1.865219 -0.001341857     21107.08
        7810     1.002408     1.860822 -0.001066635     21110.73
        7812     1.002888     1.861176 -0.001291459     21113.31
        7814     1.002697     1.856896 -0.001490448     21113.65
        7816     1.002664     1.854887 -0.001198916     21117.96
        7818     1.002613     1.848899 -0.001124817      21117.9
        7820     1.002868     1.851585 -0.001543789     21123.46
        7822     1.002933     1.847897 -0.001125836     21127.23
        7824     1.002661     1.842537 -0.002312051      21129.2
        7826     1.003467     1.839892 -0.001636667     21134.36
        7828     1.003423     1.833089 -0.001184849      21135.9
        7830     1.003611     1.834804 -0.002093981     21137.61
        7832     1.002903     1.833058 -0.001036665     21142.69
        7834      1.00267      1.82314 -0.0008583039     21143.18
        7836     1.003196     1.824795 -0.001149884     21147.39
        7838     1.003115     1.827937 -8.994439e-05     21146.75
        7840     1.002803     1.823859 -0.0008733373     21150.66
        7842     1.003332      1.82242 -0.002029297     21156.92
        7844     1.004036     1.817809 -0.002288473     21158.68
        7846     1.003371     1.811703 -0.002016313     21159.85
        7848     1.003387     1.805551 -0.001674299     21163.05
        7850     1.003238      1.80629 -0.001779089     21165.72
        7852     1.003504     1.804414 -0.0005164992     21171.13
        7854     1.003488      1.79747 -0.001418266     21176.87
        7856     1.003207     1.801419 -0.0008275625     21178.04
        7858     1.003033     1.794944 -0.0005570972     21177.58
        7860     1.003364     1.797794 -0.001887638     21181.16
        7862     1.003601     1.793014 -0.001334883     21183.74
        7864      1.00364     1.786318 -0.001939311     21191.43
        7866     1.003686     1.784265 -0.002051168     21191.65
        7868     1.003418     1.782279 -0.001380593     21192.47
        7870     1.003488     1.776604 -0.001478177     21194.32
        7872     1.003188     1.775273 -0.002264824     21197.38
        7874     1.003351     1.772439 -0.001626305     21204.66
        7876     1.003452     1.764161 -0.001217214     21206.13
        7878      1.00362     1.763594 -0.001406986     21209.57
        7880     1.003689     1.765536 -0.001103598     21212.38
        7882     1.003411     1.761183  -0.00205075     21214.38
        7884     1.003769     1.755332 -0.002436288     21218.62
        7886     1.003771     1.747188 -0.002153796     21221.77
        7888     1.003018     1.746045 -0.001397826     21221.41
        7890     1.003809     1.743953 -0.0007244473     21225.11
        7892     1.003862     1.744149 -0.001545704        21230
        7894     1.003863     1.741392 -0.001936918     21231.15
        7896     1.004211      1.73368 -0.002114525     21236.98
        7898     1.003963     1.728458  -0.00243915     21237.04
        7900     1.003925     1.727233 -0.001354763     21237.41
        7902     1.003764     1.721879 -0.0003263491     21237.67
        7904     1.004099     1.722842 -0.001137131     21246.22
        7906      1.00414     1.725847 -0.001254792     21249.25
        7908      1.00452     1.718136 -0.001618641     21252.65
        7910     1.004387     1.711841 -0.001895834     21257.89
        7912     1.004813     1.709892 -0.001391887     21257.08
        7914     1.004984      1.71068 -0.001117419     21210.48
        7916     1.005755     1.707001 -0.001278978      20940.4
        7918     1.005373     1.702901 -0.001424291     20623.29
        7920     1.004439     1.699661 -0.0009205719     20957.88
        7922     1.004651     1.699286 -0.0009305877     21189.83
        7924      1.00535     1.699636  -0.00112694     21234.89
        7926     1.005008     1.695457 -0.001289457     21246.28
        7928      1.00508     1.690645 -0.001690035     21253.68
        7930      1.00519      1.68897 -0.001749881     21259.92
        7932     1.004963     1.686116 -0.001537894      21262.2
        7934     1.004968     1.681458 -0.001281088     21266.07
        7936     1.004918     1.678342 -0.001047082     21265.89
        7938     1.005031     1.678722 -0.001258199     21272.63
        7940     1.005021     1.677739 -0.001284611     21275.06
        7942     1.005436     1.671392 -0.001600942     21277.49
        7944     1.005589     1.668065 -0.001657178     21282.61
        7946      1.00502     1.665914 -0.0009673702     21282.29
        7948     1.005229     1.664482 -0.0005912731     21285.96
        7950     1.005645     1.663653 -0.0009648685     21290.05
        7952     1.005531     1.663335 -0.0008458967      21297.5
        7954     1.005623     1.658195 -0.001448696     21297.19
        7956     1.005699     1.657715 -0.001995179     21299.94
        7958      1.00564     1.652064 -0.001550676     21300.28
        7960     1.005518     1.647373 -0.001673616     21301.31
        7962     1.005637      1.64579 -0.0008963419     21309.13
        7964     1.005563     1.644326 -0.001147899     21308.75
        7966     1.005396     1.644893 -0.001638673     21310.91
        7968     1.005752      1.63819 -0.001083498     21312.38
        7970     1.005651      1.63268 -0.001909842     21315.78
        7972      1.00545     1.635658  -0.00180689     21318.73
        7974     1.005425     1.629614 -0.0008405013      21321.2
        7976     1.005455     1.623735 -0.001202572     21319.64
        7978     1.005409     1.625956 -0.001003197     21324.04
        7980     1.004828     1.626037 -0.001009695     21327.19
        7982     1.004838     1.621588 -0.001312924      21331.9
        7984     1.004854     1.615658 -0.001216664     21338.57
        7986     1.005169     1.615453 -0.001599371      21339.1
        7988     1.004815     1.616304 -0.001149011     21336.92
        7990     1.004609     1.608794  -0.00137291     21338.35
        7992     1.004412     1.606466 -0.002110076     21339.49
        7994     1.004247      1.60447 -0.001357073     21340.83
        7996     1.004655     1.599423 -0.0009876557     21346.66
        7998     1.004674     1.597937 -0.001351399     21345.56
        8000     1.004734     1.598564 -0.001401357     21351.19
        8002     1.004913     1.593658 -0.001551522     21354.26
        8004     1.004746     1.588213 -0.001748886     21355.21
        8006      1.00454     1.585525 -0.001298637     21356.74
        8008     1.004052     1.584573 -0.0006660469     21358.27
        8010     1.004661     1.583269 -0.0008242392      21361.3
        8012      1.00488     1.582884 -0.001002712      21363.7
        8014      1.00481     1.578931 -0.001344654     21364.19
        8016     1.004685     1.576551 -0.001920138     21368.97
        8018     1.004839     1.572512 -0.001356331     21370.97
        8020      1.00451     1.567523 -0.001613642     21374.83
        8022     1.004303      1.56808 -0.001525688     21372.31
        8024     1.004298     1.563642 -0.0009458478     21371.77
        8026     1.004135     1.560307 -0.001511267     21378.84
        8028      1.00428     1.559956 -0.001276146     21385.04
        8030     1.004658      1.55599 -0.001306949     21389.97
        8032     1.004675     1.553433 -0.002295604     21386.36
        8034     1.004412     1.549851 -0.001534138      21389.2
        8036     1.004569     1.541591 -0.001279317     21391.63
        8038     1.004333     1.543717 -0.001419343     21393.88
        8040     1.004401     1.543199 -0.001104657     21398.63
        8042      1.00399     1.538496 -0.001289061     21398.53
        8044     1.003657     1.532754 -0.001343074     21400.47
        8046     1.004011     1.533404 -0.001099309     21399.16
        8048     1.003714     1.532454 -0.0007472538     21402.15
        8050     1.003852     1.529702 -0.001212695     21401.79
        8052     1.004041     1.526776 -0.001540589     21406.23
        8054      1.00353     1.523703 -0.001622457     21406.91
        8056     1.004103     1.520129 -0.001372226     21413.85
        8058     1.004137     1.516722 -0.001230311     21412.87
        8060     1.004134     1.515798 -0.001307505     21412.41
        8062     1.003917      1.51386 -0.001509482     21414.18
        8064     1.004037     1.509669 -0.001374207     21416.05
        8066      1.00361     1.504646  -0.00137659     21415.23
        8068     1.003673     1.504805 -0.001712165     21420.87
        8070     1.003859     1.502848  -0.00119848     21422.06
        8072     1.003535     1.495972   -0.0015202     21424.98
        8074     1.003356     1.495058 -0.001531575     21422.22
        8076     1.003637     1.492643  -0.00091083     21426.59
        8078     1.003703     1.490595 -0.001373778     21428.26
        8080     1.003605     1.488685 -0.001329542     21428.42
        8082     1.003704     1.484068 -0.001270585     21433.65
        8084     1.003209     1.482007 -0.0008201147     21435.38
        8086     1.002905      1.48043   -0.0010844     21434.03
        8088     1.002833     1.482124 -0.001297218     21438.69
        8090      1.00267     1.475393 -0.001239002     21440.75
        8092     1.002848     1.471629 -0.001437034     21439.96
        8094     1.002559     1.470518 -0.001064655     21444.05
        8096      1.00234     1.470628 -0.001103561      21442.1
        8098     1.002439     1.466876 -0.0009368683     21447.83
        8100     1.002162     1.462801 -0.001161864     21444.34
        8102     1.002301     1.463023 -0.001175329     21450.45
        8104      1.00236     1.461333  -0.00143705     21453.19
        8106     1.001787     1.457473 -0.001811653     21453.88
        8108     1.001355     1.451304 -0.001579364     21454.98
        8110     1.001382      1.44853 -0.001346164     21454.35
        8112     1.001335     1.448698 -0.0009772852     21459.25
        8114     1.001159     1.446704 -0.001047343     21458.11
        8116     1.000626     1.443486 -0.001478667     21459.69
        8118     1.000946     1.440151 -0.001566254     21461.75
        8120      1.00055     1.436869 -0.001154731     21460.56
        8122     1.000432     1.434174 -0.001402504     21461.77
        8124     1.000822     1.434248 -0.0008833091     21465.96
        8126     1.000445     1.428931 -0.0007523934     21466.67
        8128     1.000467     1.429803 -0.001482078     21467.09
        8130     1.000009     1.428155 -0.001108089      21465.6
        8132     1.000234     1.422391 -0.001502611     21470.09
        8134     1.000125     1.420067 -0.001561967     21467.43
        8136     0.999708     1.417782 -0.001070913     21467.89
        8138    0.9997764     1.415659 -0.001344403     21470.26
        8140    0.9993585     1.413824 -0.001192277     21475.31
        8142    0.9993932     1.409311 -0.001379208     21477.77
        8144    0.9990235     1.408243 -0.001601407     21477.89
        8146    0.9989279     1.404625 -0.0009503055     21478.02
        8148    0.9987769     1.401013 -0.001057864     21477.02
        8150    0.9989078     1.401709 -0.0008409559     21479.54
        8152    0.9988401     1.399781 -0.0008443213     21482.95
        8154    0.9989181     1.397898 -0.001175957     21483.29
        8156     0.998496     1.394258  -0.00125702     21480.65
        8158     0.997848     1.392301 -0.001376208     21480.46
        8160    0.9979818     1.389724 -0.001255906      21484.8
        8162    0.9978353     1.386888 -0.001328923     21484.66
        8164    0.9974604     1.384211 -0.001276202     21484.01
        8166    0.9974369      1.38167 -0.001303495     21484.72
        8168    0.9975371     1.379515 -0.001159617     21489.77
        8170    0.9971744      1.37646 -0.001223747     21491.06
        8172    0.9969192     1.374934 -0.001212966     21493.41
        8174     0.997261      1.37188 -0.001386039     21494.94
        8176    0.9968137     1.369811 -0.001587061     21494.54
        8178    0.9967647     1.365372 -0.001076667     21495.21
        8180    0.9966706     1.362238 -0.001154161      21493.8
        8182    0.9964675     1.363267 -0.001127598     21494.89
        8184    0.9960393     1.360578 -0.001044882     21497.93
        8186    0.9954576     1.356351 -0.001266221     21498.13
        8188     0.995647     1.353879 -0.001054286     21502.66
        8190    0.9956837     1.353137 -0.001147936     21509.93
        8192    0.9951821     1.352143 -0.001086818     21503.83
        8194    0.9951757     1.347167 -0.001354837     21500.68
        8196    0.9951708     1.345184 -0.001771491     21503.75
        8198    0.9948139     1.342298 -0.001245898     21504.18
        8200     0.994604     1.337972 -0.001478712      21504.7
        8202    0.9944928       1.3372 -0.001239356     21509.98
        8204    0.9940267     1.333354  -0.00090605     21510.09
        8206     0.993667     1.332383  -0.00137604     21506.86
        8208    0.9940126     1.330723 -0.001353904      21508.7
        8210    0.9943486     1.326192 -0.001614775     21512.69
        8212    0.9935873     1.322523  -0.00173913     21508.08
        8214    0.9932992     1.319465 -0.001243968     21508.99
        8216    0.9929193      1.31681 -0.0006570993     21506.21
        8218    0.9924578      1.31624 -0.0007674581     21509.12
        8220    0.9922504     1.317266 -0.001297213     21509.42
        8222    0.9918653     1.313326 -0.001563112     21513.17
        8224    0.9914562     1.306432 -0.001377067     21513.27
        8226    0.9917978     1.303735 -0.001536283     21513.78
        8228    0.9913595      1.30625  -0.00114019      21515.6
        8230    0.9912182     1.301035 -0.001063738     21514.85
        8232    0.9908867     1.297311 -0.001385309     21516.11
        8234    0.9905517     1.295225 -0.0009514412     21515.41
        8236    0.9904644     1.295167 -0.0006701349     21522.48
        8238    0.9903676     1.293424 -0.0005202773     21522.94
        8240    0.9899225      1.29195  -0.00120037     21518.67
        8242    0.9898319     1.291063 -0.001330888     21520.89
        8244    0.9895497     1.285564 -0.001740715     21519.36
        8246    0.9891951     1.282777 -0.001705277     21517.48
        8248    0.9889727     1.278024 -0.0009817762      21517.8
        8250    0.9889419     1.277421 -0.0003326243     21520.23
