# This file has been produced by extranormal (v 1.0.1 - February 23, 2017)
# O. Roudenko - Synchrotron SOLEIL. Covered by GPL licence.
#Data from HDF File: /nfs/ruche-rock/rock-soleil/com-rock/2021/Projets/20210209_Hilde/InSitu/10Ni-10Fe_50BN/10Ni-10Fe_50BN_RWGS750_CO2pulses_H2cst_ratio1/10Ni-10Fe_50BN_RWGS750_CO2pulses_H2cst_ratio1_00372.nxs to 10Ni-10Fe_50BN_RWGS750_CO2pulses_H2cst_ratio1_00373.nxs
#Time at start=2021-02-10 14:42:38.997
#Time from start (seconds)=1858.10015039
#Sample temperature (C)=24.8
# Normalization -------------
# pivot spectrum: Pivot_Fe_10Ni-10Fe_50BN_RT_air_av2000_00001.txt
# E0=7112.0   Eshift=1.82508189623
# E0_pivot = 7112.0
# pre-edge params: from E0_pivot-140.0 to E0_pivot-20.0
# pre-edge range: [6972.0, 7092.0]
# post-edge params: from E0_pivot+100.0 to E0_pivot+1140.0
# post-edge range: [7212.0, 8250.0]
# I jump at E0_pivot = 1.24388398591
# shifted energy	normalized	reference	ref.derivative	I0
        6970  0.001772808     1.677507 -0.0004697893     18812.25
        6972  0.001772808     1.677507 -0.0004697893     18812.25
        6974  0.001618853     1.676408 -0.001327707      18817.9
        6976  0.001091958     1.671545 -0.001609812     18823.28
        6978  0.001248776     1.663064 -0.001590697     18830.94
        6980  0.001237659     1.664628  -0.00146936     18843.74
        6982 0.0006920024     1.663682 -0.001245887     18851.63
        6984 0.0008450124      1.65979 -0.001277615     18858.76
        6986  0.001244391     1.653097 -0.001831223     18867.73
        6988   0.00104624     1.654407 -0.002055294     18875.73
        6990 0.0004577583     1.649032 -0.001446806     18880.72
        6992 7.593831e-05     1.643348 -0.001035622     18885.45
        6994 0.0002577066     1.641522 -0.001650276     18893.87
        6996 0.0001040676     1.646122  -0.00110161     18903.42
        6998 -0.0005529792      1.63583 -0.001160866     18913.22
        7000 -9.012462e-05     1.634535 -0.002185901     18921.68
        7002 -9.62999e-06     1.632235 -0.001160926     18926.89
        7004 -0.0003556287     1.628635 -0.001456508     18938.69
        7006 0.0004267468     1.626543 -0.001697731     18945.82
        7008 -0.0001582222     1.622883 -0.001332646     18956.13
        7010  -8.6086e-05     1.618653 -0.001548138     18959.02
        7012 -0.0001986026     1.617974 -0.001932703     18970.91
        7014 9.420843e-05     1.614158 -0.001576934     18981.07
        7016 -0.0002110445     1.607421 -0.001536129     18985.22
        7018 -0.0003936934     1.606038 -0.001484444     18996.57
        7020 -0.0005825413     1.605685 -0.0007031037     19000.48
        7022 -0.0006290432     1.602282 -0.001063514     19005.94
        7024 -0.0004643766     1.601796 -0.001294829     19014.66
        7026 -0.0005322008      1.59753 -0.000952426      19028.6
        7028 -0.001094203     1.595326  -0.00217143      19033.9
        7030 -0.0008408913     1.594663 -0.001258454     19043.87
        7032 -0.001424435     1.584425 -0.002210729     19049.82
        7034 -0.001575613     1.587462 -0.002229667     19056.41
        7036 -0.001333601      1.57764 -0.002174985     19064.34
        7038 -0.001096052     1.576825 -0.001904187     19070.83
        7040 -0.001371004     1.567025 -0.001783722     19083.82
        7042 -0.0009898392     1.572229  -0.00188231     19090.68
        7044 -0.001151555     1.563371 -0.000568076     19099.58
        7046 -0.0008693903     1.561767 -0.001681266      19106.4
        7048 -0.0008004508      1.56248 -0.0005484921     19117.97
        7050 -0.0007971587     1.558778 -0.001482169     19126.46
        7052 -0.0007263185     1.558983  -0.00179169     19135.55
        7054 -0.0007790279      1.54991 -0.001200953     19144.21
        7056 -0.000794047     1.548147 -0.002475478      19151.8
        7058 -0.0009276425     1.549171 -0.001815276     19159.49
        7060 -0.0005429668     1.539179 -0.000735943     19165.37
        7062 -0.0002786843     1.535387 -0.002377159     19172.64
        7064 -0.0004504896     1.542259 -0.0009165611     19180.23
        7066 -0.0005841753     1.530154 -0.0009614679     19189.89
        7068 -0.0005605224     1.531846 -0.001733698     19196.09
        7070 -4.666887e-05     1.527696 -0.0008401875     19205.99
        7072 0.0002348792      1.52839 -0.001393146     19214.42
        7074  4.91402e-05     1.523432  -0.00113138     19220.17
        7076 0.0006014585     1.520701 -0.001574726     19226.11
        7078 0.0006694093     1.518645 -0.001187354     19234.71
        7080 0.0006347146     1.515792 -0.001893937     19242.73
        7082 0.0008235608     1.513933 -0.001121346     19251.66
        7084  0.001398408      1.50555 -0.001442025     19264.56
        7086  0.001543042     1.509674 -0.001224346     19269.36
        7088  0.002057665     1.504256 -0.0005600958     19272.82
        7090  0.001985579     1.504138  -0.00197078     19283.71
        7092  0.003015953     1.501069 -0.0009803687     19288.58
        7094  0.003512293     1.493908 -0.001465168     19297.24
        7096  0.004162459     1.496413 -0.001093596     19302.88
        7098  0.005009471     1.492417 0.0002949363     19312.33
        7100  0.006019799      1.49232 -1.138023e-05     19318.79
      7100.2  0.006112493     1.492754 7.302104e-05     19319.82
      7100.4  0.006205188     1.493189 0.0001574223     19320.85
      7100.6  0.006297882     1.493623 0.0002418236     19321.89
      7100.8  0.006390577     1.494057 0.0003262248     19322.92
        7101  0.006483271     1.494491 0.0004106261     19323.95
      7101.2  0.006575966     1.494925 0.0004950274     19324.99
      7101.4   0.00666866     1.495359 0.0005794287     19326.02
      7101.6  0.006761355     1.495794 0.0006638299     19327.05
      7101.8  0.006854049     1.496228 0.0007482312     19328.09
        7102  0.007045211     1.496265 0.0006203039     19327.22
      7102.2  0.007404017     1.495859 -0.002517619     19328.62
      7102.4  0.007592648      1.49379 -0.005638425     19328.02
      7102.6  0.007704595     1.493859 -0.005505749      19328.6
      7102.8  0.007968021     1.491755 -0.001998589     19329.04
        7103  0.008168405     1.491455 3.301211e-05     19330.02
      7103.2  0.007860458     1.492191  0.003056385     19330.82
      7103.4  0.008408924     1.493886  0.004041155     19333.76
      7103.6  0.008814637       1.4942  0.005613465     19335.84
      7103.8   0.00908004     1.494688 0.0009442626     19336.21
        7104  0.009259605     1.496682 -0.003467091     19340.57
      7104.2   0.00934653     1.494641 -0.008282568     19337.18
      7104.4   0.00963535     1.491426  -0.01114429     19337.31
      7104.6   0.01005311     1.488062 -0.003144342      19337.6
      7104.8   0.01043528     1.487766 0.0005159575     19338.48
        7105    0.0106415     1.492125  0.006453217      19339.8
      7105.2   0.01049969     1.491839  0.009467417      19339.9
      7105.4   0.01061581     1.493224  0.006804986     19340.53
      7105.6   0.01122514      1.49534  0.007403627      19342.8
      7105.8   0.01155775     1.497569  0.005024461     19342.12
        7106    0.0117144     1.497762  0.002280375     19342.16
      7106.2   0.01192928     1.497244 5.477274e-05     19344.36
      7106.4   0.01215944     1.497165 0.0007776226      19345.9
      7106.6   0.01241394     1.497613 -0.0006301883     19345.83
      7106.8     0.013002     1.498384 -0.001036587     19346.44
        7107   0.01352344      1.49674  0.002854522     19348.12
      7107.2    0.0137475     1.496335   0.00232544     19346.96
      7107.4   0.01411384     1.499897 0.0009954994     19345.56
      7107.6   0.01440029     1.500244 -0.0005582685     19346.52
      7107.8   0.01473376     1.497536 -0.002775044     19347.45
        7108   0.01534073     1.495889  0.002770712     19349.54
      7108.2   0.01584936     1.497677   0.01388112     19351.46
      7108.4   0.01630484     1.502461   0.02534983     19351.23
      7108.6   0.01688674     1.508641   0.02380813     19352.89
      7108.8   0.01753332     1.516169   0.01483477     19353.79
        7109   0.01840287     1.516723   0.00891908     19352.65
      7109.2   0.01920408     1.514329 0.0009977251     19353.13
      7109.4   0.02007688     1.515776  0.007277048     19353.56
      7109.6   0.02127896     1.516967    0.0223682     19353.43
      7109.8   0.02259444     1.522545   0.03041579     19353.35
        7110   0.02408665     1.532223   0.03679783     19353.14
      7110.2   0.02557259     1.540109   0.04342717      19352.5
      7110.4   0.02752125     1.546405    0.0481611     19352.19
      7110.6   0.03017946     1.557287     0.058063     19351.28
      7110.8   0.03341419     1.570752   0.07766025      19350.5
        7111   0.03727629     1.586559   0.08957659     19352.38
      7111.2   0.04196128     1.608533    0.1044111     19351.51
      7111.4   0.04780957     1.628948     0.124132     19351.32
      7111.6   0.05487738     1.654281    0.1374253     19348.37
      7111.8   0.06305615     1.685865    0.1526329     19344.58
        7112   0.07238437     1.718474    0.1607056      19342.7
      7112.2   0.08203984     1.751054    0.1576394      19341.2
      7112.4   0.09165813     1.782845    0.1479563     19339.94
      7112.6    0.1010085     1.811976    0.1348574     19338.35
      7112.8    0.1097484     1.836839    0.1240564     19338.42
        7113    0.1179013      1.85894    0.1122084     19339.51
      7113.2    0.1253322      1.88209    0.1020209     19339.75
      7113.4    0.1322145     1.901743   0.08807877     19339.84
      7113.6    0.1383852     1.918455   0.08136786     19336.54
      7113.8    0.1445173     1.929403   0.08262182     19336.24
        7114    0.1501852     1.947185   0.08640222     19335.45
      7114.2    0.1557579     1.967841   0.09003003     19335.18
      7114.4    0.1604648     1.987577    0.0735253     19336.04
      7114.6    0.1641623     2.001427   0.05763114     19337.56
      7114.8    0.1670388     2.006005   0.04920719     19337.37
        7115    0.1693877     2.013946   0.04019555     19336.62
      7115.2    0.1718582     2.026943   0.04079893     19337.65
      7115.4    0.1743249     2.033584   0.04280152     19339.68
      7115.6    0.1768931     2.038644   0.03781507     19338.63
      7115.8    0.1795567     2.048187   0.03017075      19338.2
        7116    0.1825716     2.057195   0.03432233     19338.53
      7116.2    0.1859893      2.05772   0.02793791     19337.83
      7116.4    0.1904119     2.066102   0.01210602     19338.53
      7116.6    0.1960937     2.070537   0.01360683     19340.58
      7116.8    0.2025911      2.06688   0.01112586     19340.03
        7117    0.2100833     2.068606   0.01184984     19340.54
      7117.2    0.2185696     2.075003   0.03039192     19341.46
      7117.4    0.2277609     2.080017   0.04859822      19341.2
      7117.6    0.2379043     2.091193   0.06850871     19340.86
      7117.8    0.2491484     2.107484   0.08021319      19339.7
        7118    0.2616787      2.12981   0.08412948     19339.85
      7118.2    0.2752437     2.144187   0.09574952      19339.2
      7118.4    0.2904417     2.158497   0.09220713     19337.56
      7118.6      0.30725     2.184084   0.09483304     19336.42
      7118.8     0.325419     2.203575    0.1025469     19337.65
        7119    0.3452793     2.220054   0.09887203     19339.79
      7119.2    0.3663534     2.240534    0.1063447     19340.34
      7119.4    0.3884503     2.263182    0.1199556     19339.94
      7119.6    0.4117944     2.288651    0.1410551     19340.93
      7119.8    0.4360654     2.316018    0.1680207     19341.36
        7120    0.4603093     2.353379    0.1626473     19339.15
      7120.2    0.4837252     2.397598     0.130049     19339.99
      7120.4    0.5061412     2.418769    0.1022997     19338.28
      7120.6    0.5278292     2.420058   0.09197321     19339.13
      7120.8    0.5478746     2.435218    0.1205749     19340.74
        7121    0.5661297     2.471177    0.1468341     19337.91
      7121.2     0.582636     2.515229    0.1480684     19340.37
      7121.4    0.5981642     2.537525    0.1445104     19341.26
      7121.6    0.6129957     2.553673    0.1213115     19340.17
      7121.8    0.6278138     2.586785    0.1276213     19337.51
        7122    0.6423221     2.612278     0.140062     19334.45
      7122.2    0.6569431     2.639622   0.08665262     19335.61
      7122.4    0.6725159     2.665723   0.05897871      19335.2
      7122.6    0.6884173     2.656107   0.04569336     19336.38
      7122.8    0.7051728     2.659461 -0.007702836     19336.07
        7123    0.7222724     2.676177   0.01354395     19336.12
      7123.2    0.7402497      2.65956   0.03562861     19333.49
      7123.4    0.7578624     2.666942   0.02843895     19331.97
      7123.6    0.7751211     2.687964   0.07086059     19332.42
      7123.8    0.7932619     2.698928   0.08851044     19333.31
        7124    0.8118565     2.716249    0.1020275     19334.78
      7124.2    0.8298874     2.737751     0.119188     19334.71
      7124.4    0.8471882     2.769586    0.1057284     19333.94
      7124.6     0.864102     2.794278   0.09692626     19330.58
      7124.8    0.8805051     2.800832   0.06843731     19332.26
        7125    0.8957232     2.815292   0.07152813     19332.39
      7125.2    0.9098653     2.824336     0.109794     19332.13
      7125.4    0.9235497     2.851501   0.08996968      19332.8
      7125.6     0.936676     2.888667    0.1282169     19331.82
      7125.8    0.9489339     2.887267    0.1450409     19330.37
        7126    0.9606487     2.926909   0.07634505     19328.03
      7126.2    0.9725736     2.967533   0.01807728     19325.74
      7126.4    0.9840848     2.949743  -0.04413102     19324.84
      7126.6    0.9960999     2.901729   -0.1507779     19323.78
      7126.8     1.008547     2.891604   -0.1755442     19323.39
        7127     1.020995     2.846911  -0.08819316     19323.42
      7127.2     1.033053     2.809307   -0.0344275     19323.45
      7127.4     1.045117     2.831175   0.05084358      19322.4
      7127.6      1.05798     2.864062   0.09436726     19320.41
      7127.8     1.071702     2.887586    0.1259125     19318.91
        7128     1.085589     2.884801    0.1432986     19318.78
      7128.2     1.099275     2.931905   0.08273584     19317.81
      7128.4     1.113734     2.978701    0.1044677     19317.88
      7128.6     1.128309     2.953775   0.08787786     19320.41
      7128.8     1.142268     2.968375   0.07248806     19318.86
        7129     1.154974     3.002207    0.1314336     19318.49
      7129.2      1.16622     3.036692     0.115865     19318.86
      7129.4     1.176188     3.058922   0.08860869     19317.17
      7129.6     1.184768     3.061067   0.04532424     19316.04
      7129.8     1.192385     3.073094   0.03222571     19314.52
        7130     1.198352     3.072951   0.02280761     19314.19
      7130.2     1.203459     3.084702    0.0485922     19314.03
      7130.4     1.206921     3.079313    0.1109571     19314.44
      7130.6     1.208825     3.111968    0.1387429      19314.4
      7130.8     1.209996     3.161717    0.1596722     19311.79
        7131     1.210565     3.195696   0.02380833     19310.51
      7131.2     1.210506     3.207051  -0.09931762     19307.52
      7131.4     1.211264     3.131014    -0.136929     19307.69
      7131.6     1.211243     3.082263   -0.1917031      19307.8
      7131.8     1.211307     3.086153  -0.07873498     19306.34
        7132     1.211317     3.053689   0.01553077     19304.38
      7132.2     1.211607     3.068026  -0.01833553     19304.25
      7132.4     1.210693     3.094687  -0.04342472     19304.28
      7132.6      1.20893     3.071485  -0.07959006     19301.55
      7132.8     1.207063     3.018949   -0.1246478     19299.36
        7133     1.205128     3.004354   -0.1067557     19300.68
      7133.2     1.201416     2.994969  -0.03048333     19303.01
      7133.4     1.197256      2.98608  0.006914638      19303.4
      7133.6     1.193148     2.994562   0.06982568     19305.33
      7133.8     1.188241     3.009886   0.05284632     19306.69
        7134     1.181951      3.05083  -0.04023223     19307.12
      7134.2        1.175     3.028357  -0.03684862     19308.66
      7134.4     1.168167     2.962376  -0.07743721     19309.23
      7134.6     1.161155     2.980407   -0.1015192      19308.7
      7134.8     1.154389      2.98888  -0.05560643     19310.13
        7135     1.147232     2.947142  -0.09963107     19311.11
      7135.2     1.140018     2.917891   -0.1190439      19310.6
      7135.4     1.133181     2.900702  -0.06429399     19313.36
      7135.6     1.126323     2.893645   -0.0140413     19316.24
      7135.8     1.119367     2.895707   0.04493357     19316.07
        7136     1.112651     2.906658   0.05581972     19316.64
      7136.2     1.106855     2.936649   0.02024112     19319.04
      7136.4     1.101353       2.9383    0.0376895     19320.95
      7136.6     1.095906       2.9119 -0.0007515054     19319.97
      7136.8     1.090621      2.93681  -0.03547777     19315.17
        7137     1.085221     2.936048  -0.01875137        19306
      7137.2     1.080353     2.909918  -0.09694357     19292.75
      7137.4     1.076638     2.896899   -0.1090314     19267.08
      7137.6      1.07296     2.859255  -0.04434404     19231.24
      7137.8     1.069469     2.848823   0.00662524     19192.19
        7138     1.066282     2.874443    0.0524692     19150.29
      7138.2     1.063163     2.902199    0.0661647     19113.46
      7138.4     1.060228      2.90123    0.1093004     19092.03
      7138.6     1.057086     2.901755   0.03748974     19083.03
      7138.8     1.054025     2.961883   0.04614906     19087.73
        7139     1.051625     2.932191   0.02672136     19106.27
      7139.2     1.049428      2.93815  -0.09071188     19131.46
      7139.4     1.047291     2.923132  -0.01861669      19160.8
      7139.6     1.045834     2.889314  0.002829925     19191.86
      7139.8     1.044782     2.917297   0.05960795     19217.04
        7140     1.043506     2.940414   0.07984184     19239.54
      7140.2     1.042874     2.970818   0.07598838     19266.07
      7140.4     1.042401     2.953187   0.06315329     19285.55
      7140.6     1.041886     2.978088  0.002018322     19300.28
      7140.8     1.041004     2.990936  -0.01440785     19309.07
        7141     1.040297     2.972433  -0.03315326     19312.12
      7141.2     1.039239     2.941661  -0.02339232     19312.64
      7141.4     1.038138     2.951565  -0.00333402     19310.61
      7141.6     1.037161     2.972222   0.02403843     19302.78
      7141.8     1.036631     2.969765   0.05284891     19283.85
        7142     1.035898     2.960892   0.04498595     19252.91
      7142.2     1.035219     2.993844   0.05273474     19217.01
      7142.4     1.034788     3.008211   0.09385604     19176.59
      7142.6     1.034052     3.011953   0.02225574      19135.2
      7142.8     1.033166     3.035977  -0.02888639     19102.66
        7143     1.031949     3.011649  -0.03353258     19081.32
      7143.2     1.030521     2.985102  -0.07086312     19074.19
      7143.4      1.02933     2.985127  -0.04498509     19085.28
      7143.6     1.028656     2.979286 -0.009774957      19113.1
      7143.8     1.028274     2.975661 -0.002656236     19150.02
        7144      1.02732     2.977282 -0.006885464     19188.72
      7144.2     1.026167     2.983002  -0.01623814     19228.32
      7144.4     1.025061     2.973778  -0.04514541     19263.61
      7144.6     1.023817      2.96267  -0.05798792      19290.9
      7144.8     1.022393     2.941166  -0.03770443     19308.31
        7145      1.02102     2.936612 -0.009293592     19321.02
      7145.2     1.019318     2.943614   0.01443125      19327.5
      7145.4     1.018134     2.955236   0.04462249     19332.47
      7145.6     1.017347     2.952711   0.03963013     19338.13
      7145.8     1.016143      2.97231   0.05296904     19342.96
        7146     1.014567     2.975318   0.00833496     19344.28
      7146.2     1.012786     2.997611  -0.02366304     19345.57
      7146.4     1.010875     2.959379  -0.02785014     19350.25
      7146.6     1.009105     2.953379  -0.05225032     19353.69
      7146.8     1.007022     2.953038 -0.001745609     19354.46
        7147     1.005125     2.955811   0.03764389     19357.46
      7147.2     1.002247     2.957982   0.03431442     19359.39
      7147.4     1.000093     2.983495   0.05701041     19359.03
      7147.6    0.9976737      2.98049    0.1069881     19360.66
      7147.8    0.9940957     3.001419    0.0587707      19359.9
        7148    0.9910827     3.043573   0.06374366     19362.55
      7148.2     0.987819     3.030511   0.01982781     19365.83
      7148.4     0.984575     3.031485   -0.0201721     19366.95
      7148.6    0.9819015     3.017281   0.04793521     19369.12
      7148.8    0.9788361     3.027435   0.03902518     19369.99
        7149    0.9754677     3.068859    0.0459823     19373.44
      7149.2    0.9722923     3.062705   0.01234533     19377.01
      7149.4    0.9688694     3.054067  -0.03749364      19376.3
      7149.6    0.9655128     3.037311  -0.00662861      19376.1
      7149.8    0.9631873     3.038864 -0.003689326     19377.68
        7150    0.9609947     3.057402   0.02138992     19378.25
      7150.2    0.9583923     3.051116 -0.002878181     19379.02
      7150.4    0.9561506     3.054423  0.003832792     19380.42
      7150.6    0.9538909     3.036562   0.07022654     19380.33
      7150.8    0.9514154     3.060468   0.08030472     19381.53
        7151    0.9487912     3.107297   0.08000884     19382.88
      7151.2    0.9464899     3.118667   0.02745823     19384.31
      7151.4    0.9444757     3.100569  -0.04151607     19386.92
      7151.6    0.9427318     3.082435  -0.04214041     19387.93
      7151.8     0.941184     3.074084  -0.04299855     19389.14
        7152    0.9397515     3.084955  -0.02223859     19389.52
      7152.2    0.9384587      3.06617  -0.02742383     19387.54
      7152.4    0.9374925     3.064644  -0.02798362     19388.49
      7152.6    0.9365337     3.052145 -0.001319522     19388.11
      7152.8    0.9353259     3.062568  0.004748139     19389.99
        7153    0.9344879     3.065114   0.01805527     19392.77
      7153.2      0.93382     3.068442   0.01966298        19394
      7153.4    0.9335869     3.066589   0.03808372     19396.53
      7153.6    0.9334656     3.078298  0.003864117     19395.37
      7153.8    0.9335787     3.095581 -0.005049948     19395.18
        7154    0.9336039     3.071534   -0.0442847     19396.79
      7154.2    0.9335316     3.062549  -0.09522922     19396.78
      7154.4    0.9337691      3.04287  -0.03934344     19395.16
      7154.6    0.9347715     3.019398   -0.0230203     19396.77
      7154.8    0.9353597     3.040059 -0.001738242      19398.6
        7155    0.9360992     3.044133   0.02789287     19399.75
      7155.2    0.9372033      3.04148   0.01835765     19401.89
      7155.4    0.9380398     3.041712    0.0286256     19404.61
      7155.6    0.9387729     3.054745   0.03196683     19405.64
      7155.8    0.9393599     3.067033   0.05447785     19407.71
        7156    0.9404687     3.067053   0.05725863     19409.08
      7156.2    0.9419766     3.085295   0.05852786     19409.19
      7156.4    0.9432973     3.100552   0.03551981     19410.29
      7156.6    0.9444851     3.113856  -0.03880826      19410.2
      7156.8    0.9455657     3.095469  -0.05330772     19410.73
        7157    0.9468926     3.054248  -0.06533877     19410.06
      7157.2    0.9480046     3.057906 -0.006267251     19409.58
      7157.4    0.9493539     3.061585   0.02753218     19411.01
      7157.6    0.9505564     3.090455   0.05643177     19411.18
      7157.8    0.9518614     3.076274    0.0472132     19412.16
        7158    0.9532393     3.103051  -0.00999881     19412.91
      7158.2    0.9544839     3.099355   0.01241435     19416.31
      7158.4    0.9554217     3.082456  -0.02487735     19415.07
      7158.6    0.9568318     3.086205  -0.02417264     19416.13
      7158.8     0.958021     3.083149  -0.02418278     19416.67
        7159     0.959053     3.080017  -0.07224952     19415.92
      7159.2    0.9597936      3.06311   -0.0643612     19416.73
      7159.4     0.960314     3.028406  -0.02063618     19418.17
      7159.6    0.9612437      3.03166 -0.001936709     19417.43
      7159.8    0.9620433     3.063508   0.05158199     19417.64
        7160     0.963272     3.061561   0.02414039     19419.89
      7160.2     0.964263     3.069671  -0.03276612     19422.02
      7160.4    0.9649496     3.050973  -0.02735766     19422.16
      7160.6    0.9651013     3.037295  -0.04815284     19423.29
      7160.8    0.9655673     3.039674  -0.04415415     19424.03
        7161     0.966222     3.031149  -0.02351201     19424.15
      7161.2     0.967041     3.015649  -0.02192536     19424.79
      7161.4    0.9673237     3.018486  -0.02460373      19424.8
      7161.6    0.9675479     3.022134  -0.02022397     19426.74
      7161.8    0.9686684     3.011466   0.01131333     19429.06
        7162    0.9697102      2.99947   0.04064278     19429.38
      7162.2     0.970567     3.027536   0.02884438     19431.66
      7162.4    0.9709886     3.054648   0.07295557     19432.06
      7162.6    0.9708223     3.034541   0.07346626      19429.2
      7162.8    0.9709189     3.057835   0.02790321     19428.78
        7163    0.9711071     3.086309   0.09138453     19429.09
      7163.2    0.9712488     3.076971   0.04791253     19430.39
      7163.4    0.9711597     3.107649   -0.0169825     19432.32
      7163.6    0.9719371     3.096165   0.02743151     19433.74
      7163.8    0.9722732     3.072723  -0.06324034     19431.77
        7164    0.9730967     3.098916  -0.07665204     19433.51
      7164.2    0.9737488     3.057057 -0.007707235     19435.48
      7164.4    0.9745117     3.034843  -0.06250701     19434.84
      7164.6    0.9747291     3.066557  -0.05050126     19433.15
      7164.8    0.9756806     3.048911  -0.03560238     19433.35
        7165    0.9761494     3.016656  -0.08738409     19432.58
      7165.2    0.9764982     3.006361  -0.05574654     19433.13
      7165.4    0.9768902      2.99665  -0.02940226     19435.51
      7165.6    0.9773363     3.004313 -0.007235396      19436.5
      7165.8    0.9779403     2.993134 -0.002894959     19435.35
        7166    0.9781559     3.000573  -0.03864955     19435.15
      7166.2    0.9788957     2.994334 -0.007465079     19434.56
      7166.4     0.979747     2.973394  0.002627487     19435.44
      7166.6    0.9803864     2.987162   0.03380021     19438.57
      7166.8    0.9811218     3.002675   0.06077453     19438.46
        7167    0.9823094     3.021374   0.03674806     19440.33
      7167.2    0.9833678     3.022013  0.004582863     19441.91
      7167.4    0.9840342      3.01656  -0.01207925     19441.44
      7167.6    0.9847384     3.006341   0.02796371     19442.95
      7167.8     0.985158     3.011711   0.04184884     19441.88
        7168    0.9854344     3.044384   0.03730223     19439.17
      7168.2    0.9860409     3.050039   0.02149577     19439.66
      7168.4    0.9868975     3.036183  -0.02465407     19440.64
      7168.6     0.987843     3.028908  -0.05150652     19441.71
      7168.8    0.9890665     3.024661  -0.05162163     19443.98
        7169    0.9902559     3.008834  -0.04004195     19444.98
      7169.2    0.9903678     2.994885  -0.02375258     19444.55
      7169.4    0.9910708     2.996874  -0.03540864     19446.15
      7169.6    0.9914166     3.005659  -0.01870635     19447.21
      7169.8    0.9920262     2.980507  -0.02820509     19449.89
        7170    0.9928533      2.97992  -0.07388257     19449.44
      7170.2    0.9937879      2.97431  -0.02049605     19449.03
      7170.4    0.9944526     2.946553   0.01541106     19450.92
      7170.6    0.9949281      2.96411  -0.03450028     19449.48
      7170.8    0.9949419     2.992249  -0.03216327     19448.38
        7171    0.9954794      2.94671  0.003362314     19450.04
      7171.2    0.9955366     2.920822   0.00624465     19450.49
      7171.4    0.9966823       2.9668   0.02775826     19452.39
      7171.6    0.9980318     2.997245    0.1251257      19452.2
      7171.8     0.999396     2.968916   0.04676111     19450.82
        7172     1.000767     3.020923  -0.01270709     19452.51
      7172.2     1.001713     3.004209   0.04130615     19453.59
      7172.4      1.00208     2.987079  -0.05964911     19453.51
      7172.6     1.002322     3.001961  -0.04607574     19454.87
      7172.8     1.002543     2.973204  0.007037688     19456.17
        7173     1.003076     2.967349  -0.02192298     19457.34
      7173.2     1.003937     2.992709  0.003361256     19458.66
      7173.4     1.004136     2.984423   0.01478055     19458.55
      7173.6      1.00408     2.975893  -0.02782026     19459.37
      7173.8      1.00452     2.979173  -0.03979012     19461.96
        7174     1.004892     2.970453  -0.06633803     19463.33
      7174.2     1.005354     2.952591  -0.06978424     19464.49
      7174.4     1.005949     2.922822  -0.08186176     19464.78
      7174.6     1.006209     2.923346   -0.0668261     19463.38
      7174.8      1.00633     2.904964  -0.05504501     19463.51
        7175     1.006653      2.89913  -0.05561222     19463.57
      7175.2     1.007385     2.878786  -0.05405617      19465.1
      7175.4     1.007616     2.878856  -0.02761373     19464.87
      7175.6     1.008079     2.861719   0.06035062     19467.34
      7175.8     1.008225     2.877039   0.03423166     19465.57
        7176     1.009352     2.927067   0.04925093     19465.63
      7176.2     1.009362     2.906241   0.01059803     19466.45
      7176.4     1.009731      2.90112   -0.0410004     19464.53
      7176.6     1.009779     2.885517  0.008421328      19466.4
      7176.8     1.009707     2.894266  0.009406243     19467.21
        7177     1.009192     2.912978  0.002920348     19468.78
      7177.2     1.009375     2.908645  -0.02838346      19473.6
      7177.4     1.009248     2.887854  -0.08398949     19475.16
      7177.6     1.008875      2.87156  -0.04843997     19472.94
      7177.8     1.008804     2.845787   0.02337428     19473.69
        7178     1.008638     2.869893   0.04192205     19475.02
      7178.2     1.008725     2.906553   0.08606032     19473.97
      7178.4     1.008738     2.905097   0.06523783     19472.08
      7178.6     1.008666     2.914635   0.02435693     19474.28
      7178.8     1.008978     2.922083  0.006812133     19478.13
        7179     1.009177     2.926039  -0.04932642     19478.94
      7179.2     1.009057     2.910547  -0.05530915     19479.72
      7179.4     1.008616     2.875174  -0.08381343     19480.84
      7179.6     1.008022     2.877836  -0.07770811     19483.29
      7179.8     1.007963     2.858988  -0.04184087     19484.13
        7180     1.008194      2.84838  -0.04761057     19482.24
      7180.2     1.008348     2.841701   -0.0263458     19483.88
      7180.4     1.009173     2.839747  0.007641399      19485.5
      7180.6     1.009124     2.837911    0.0276453     19486.74
      7180.8     1.009217     2.854493    0.0584867     19488.97
        7181     1.009289     2.863817   0.06660953     19487.86
      7181.2      1.00912     2.886537   0.04121319     19489.15
      7181.4     1.009326     2.891199  -0.01094868     19486.73
      7181.6     1.009541     2.887464   -0.0180102     19488.26
      7181.8     1.009738     2.855058   -0.0176279     19490.03
        7182     1.009359     2.872128  -0.03945134     19491.29
      7182.2     1.009345     2.877097 -0.007659869     19492.85
      7182.4     1.009018     2.855903  -0.01993188     19491.43
      7182.6     1.009092      2.84893  -0.03373773     19492.09
      7182.8     1.009399     2.856183   0.00960949     19493.45
        7183     1.009703     2.850106  0.006283672     19494.56
      7183.2     1.010358     2.863591   -0.0220526     19497.05
      7183.4     1.010607     2.853957   0.02308954      19497.4
      7183.6     1.010776     2.838541   0.02430331     19496.84
      7183.8     1.011388     2.868578  0.008580996     19497.36
        7184     1.011258     2.883033   -0.0183189     19498.16
      7184.2     1.010439     2.860822  -0.05058124     19498.11
      7184.4     1.010167     2.823886   0.01008348     19498.17
      7184.6      1.01035     2.828113   0.04491548     19499.81
      7184.8     1.010857       2.8911   0.08146242     19498.47
        7185     1.011753     2.896755   0.08825445     19499.78
      7185.2     1.012304     2.889056   0.00244142      19503.5
      7185.4     1.012705     2.898717   0.01411037     19502.74
      7185.6     1.012985     2.893053   0.02861204     19502.86
      7185.8     1.013512     2.908043   0.01779009     19505.19
        7186       1.0131     2.911945   0.04583633      19505.6
      7186.2     1.012903     2.912949   0.01775936        19507
      7186.4     1.013554     2.929722  -0.01623413     19509.54
      7186.6     1.013677      2.92225  -0.04107336     19510.67
      7186.8     1.013627     2.898958  -0.02717052     19510.59
        7187     1.013686      2.88009  0.009854225     19512.13
      7187.2     1.013909     2.907986   0.04138901     19512.74
      7187.4     1.014161     2.930134   0.04439339     19512.01
      7187.6      1.01452     2.932069   0.02736992     19515.04
      7187.8     1.014193     2.915605  0.004177687     19515.02
        7188     1.014103     2.929882 -0.004030192     19513.63
      7188.2     1.014302     2.933476   0.02327713     19514.91
      7188.4      1.01417     2.928845 -0.001225822     19516.22
      7188.6     1.013772     2.934226 -0.003950544     19515.04
      7188.8     1.013504     2.928901   0.01065859     19514.56
        7189     1.013731     2.930315   0.01102321     19517.44
      7189.2     1.013918     2.937372  0.009842451     19518.97
      7189.4     1.014263     2.943045  -0.01400726     19519.73
      7189.6     1.014758     2.936775  -0.04933211     19520.99
      7189.8     1.014335      2.91911  -0.01439052      19519.3
        7190     1.013951     2.897906   0.02216893     19519.89
      7190.2     1.013925     2.931532   0.02923398     19522.59
      7190.4     1.013901      2.95451   0.03749829     19525.06
      7190.6     1.014008     2.942497  0.005281132     19526.14
      7190.8     1.014316     2.927905  -0.04787184     19528.18
        7191     1.013694     2.935757  -0.03444407     19527.98
      7191.2     1.013074     2.916213  -0.02164738     19525.72
      7191.4     1.012976     2.914942  -0.05128361     19527.16
      7191.6     1.013161     2.910587 -0.0008618218     19530.18
      7191.8     1.013609      2.89473   0.03914971     19529.78
        7192      1.01395     2.915523     0.105217     19530.01
      7192.2     1.014068     2.946261    0.1481447      19532.5
      7192.4     1.014005      2.99476    0.1210013     19530.13
      7192.6     1.014123     3.013246    0.1105692     19529.82
      7192.8     1.014295     3.012324    0.0727899     19530.81
        7193      1.01411     3.034717   0.02894349        19532
      7193.2     1.014106     3.052992   0.01074271     19534.81
      7193.4      1.01393     3.036401  -0.01555816     19536.18
      7193.6     1.013569     3.020918  -0.06048987     19535.12
      7193.8      1.01347      3.02227  -0.04017026     19534.42
        7194     1.013257     3.004601 0.0007731652     19535.88
      7194.2     1.013292     3.004265  -0.03381559     19536.44
      7194.4     1.013606     3.021537  -0.02128003     19536.89
      7194.6     1.014199     2.995218  -0.02614574     19539.29
      7194.8     1.014468     2.987576  -0.04171822     19539.57
        7195     1.014135     2.983348 -0.006070539     19537.02
      7195.2     1.013698     2.988162 -0.005862505     19539.14
      7195.4      1.01409     2.990361 0.0006726223     19540.41
      7195.6     1.014087     2.982886  -0.07269225     19539.26
      7195.8     1.014781     2.983886  -0.06291786     19540.84
        7196     1.014692     2.930009  -0.06129647     19542.97
      7196.2     1.014656     2.940027  -0.05513595     19546.48
      7196.4     1.014792     2.933849    0.0420678     19547.56
      7196.6      1.01512     2.939778   0.07606077     19549.85
      7196.8     1.015426     2.963663   0.09282812     19552.62
        7197     1.015841     3.000876    0.0772621     19551.46
      7197.2     1.016412     3.008112   0.01228499     19550.21
      7197.4     1.016717     3.001587  -0.05038744     19550.51
      7197.6     1.017092     2.973491  -0.03649085     19551.59
      7197.8     1.017443     2.960566  -0.02258908     19552.18
        7198     1.017188     2.978919  0.009798713     19552.04
      7198.2     1.016969     2.983516  0.008602507     19553.18
      7198.4     1.017316      2.98133  -0.05208363     19555.65
      7198.6       1.0173     2.967448  -0.07340246     19555.23
      7198.8     1.017037     2.937252  -0.06092267     19553.28
        7199     1.017367     2.924794  -0.06724423     19555.17
      7199.2     1.017542     2.932592  -0.06722251     19555.51
      7199.4     1.017891     2.913652  -0.03204203     19555.58
      7199.6     1.017906     2.883474  -0.06546634     19556.56
      7199.8       1.0177      2.89916  -0.03638775     19557.71
        7200     1.018006     2.880219    0.0663303     19558.56
      7200.2      1.01816     2.884542    0.0767345     19561.89
      7200.4     1.018528     2.936538   0.07167151     19563.57
      7200.6     1.018671     2.960548   0.08437413     19565.17
      7200.8     1.018775     2.937556   0.01953184     19564.21
        7201      1.01906     2.952041  -0.05261046        19563
      7201.2     1.019093     2.952164  -0.03801809     19563.46
      7201.4     1.018684      2.91846   -0.0338064     19564.34
      7201.6     1.018944     2.907141 -0.003164992     19567.24
      7201.8     1.018948     2.924996   0.03309985      19568.3
        7202     1.019265     2.949632  0.006711958     19568.72
      7202.2     1.019726      2.94494  -0.04899227     19567.84
      7202.4     1.019913     2.912511  -0.07875474     19566.99
      7202.6     1.020135     2.885802   -0.1027438     19570.02
      7202.8     1.020165     2.886628   -0.1091773     19571.74
        7203     1.020322     2.862745  -0.05072178     19571.44
      7203.2     1.020486     2.825169  -0.04979715     19573.45
      7203.4     1.019964     2.845225  -0.01577576     19573.68
      7203.6     1.019216      2.84679  0.005470433     19572.79
      7203.8     1.019591     2.850124 -0.001543737     19575.28
        7204     1.019973     2.829545 -0.004683755     19575.06
      7204.2     1.020159      2.84399  -0.01089202     19574.75
      7204.4      1.02066     2.843043   0.02467196     19577.57
      7204.6     1.020726      2.84141   0.01665662     19577.56
      7204.8     1.020195     2.849283   0.03260578     19577.87
        7205     1.019962     2.857315   0.01258133     19577.66
      7205.2       1.0197     2.869128   -0.0216999     19579.67
      7205.4     1.019539     2.851475   -0.0322627     19580.83
      7205.6     1.019413     2.831923  -0.04798825     19582.37
      7205.8     1.019524     2.831505  -0.04628118     19583.88
        7206     1.019988     2.830737  -0.03512512     19584.56
      7206.2      1.02037      2.81445  -0.02592043      19587.2
      7206.4     1.020111     2.803823  -0.03316037     19587.18
      7206.6     1.019928     2.810769  -0.01902998     19587.04
      7206.8     1.019867     2.804209  0.009576204     19588.03
        7207     1.019899     2.799226  0.001825366     19587.35
      7207.2      1.01989     2.811484  -0.00808796      19587.6
      7207.4     1.019639     2.812229  -0.02129831     19587.34
      7207.6      1.01958     2.797739  -0.02653286     19587.34
      7207.8      1.01919     2.782188  -0.04148777     19587.84
        7208     1.019226     2.790258  -0.04037833     19586.26
      7208.2     1.019453     2.779039   0.01184232     19589.86
      7208.4     1.019455     2.765436 -0.001205444     19591.56
      7208.6     1.019379     2.791662   0.03921485     19590.55
      7208.8     1.019416     2.789293   0.06441222     19591.35
        7209     1.019535     2.810411   0.03359678     19594.18
      7209.2     1.019687     2.816966   0.05011324     19594.99
      7209.4     1.020136     2.818539  0.001497105     19595.98
      7209.6     1.019657     2.829384  -0.01546701     19597.92
      7209.8     1.019687     2.811608   0.00986457      19599.4
        7210     1.020048     2.804592  0.002988321     19600.33
      7210.2     1.020183     2.826431   0.00135962     19601.19
      7210.4     1.019816     2.831775   0.01284836      19600.8
      7210.6     1.019472     2.812696  0.005770411     19599.52
      7210.8     1.019208     2.814871  0.005508171     19599.54
        7211       1.0186     2.831047   0.02904735     19598.95
      7211.2     1.018072     2.836181   0.02073079     19597.52
      7211.4     1.017997     2.835934 -0.002717877     19598.07
      7211.6     1.018036     2.831456  -0.01014345     19600.02
      7211.8     1.017959     2.828873  -0.01400419     19601.84
        7212     1.017708     2.828066   0.01474238     19603.71
      7212.2     1.017126     2.824731   0.06617321     19604.57
      7212.4     1.016745     2.843249   0.05012943     19603.23
      7212.6     1.017079     2.881811   0.07748774     19604.22
      7212.8     1.017166      2.86817    0.0985832     19605.22
        7213     1.017048     2.886721   0.04509279     19604.66
      7213.2     1.016328     2.922116   0.04425855     19604.43
      7213.4      1.01667     2.917886   0.03859057     19607.21
      7213.6     1.016567     2.903577   0.02402045     19608.74
      7213.8     1.015978     2.917593   0.05168199     19608.88
        7214     1.015547     2.941332   0.08351682     19611.93
      7214.2     1.015322     2.959231    0.1036327     19613.06
      7214.4     1.015271      2.97039    0.1224815     19612.37
      7214.6     1.015012       3.0005    0.1001237     19614.43
      7214.8     1.014403     3.039318   0.04730127     19617.79
        7215     1.014205      3.03933  0.002175832     19618.35
      7215.2      1.01386     3.008231  -0.06676988     19618.42
      7215.4     1.013457      3.00224   -0.1018507     19619.64
      7215.6     1.013294     2.985902  -0.02987669     19618.08
      7215.8     1.012421      2.95785   0.03042519     19615.41
        7216     1.011771      2.98433    0.1083834     19616.98
      7216.2     1.011659      3.02658    0.1408046     19619.49
      7216.4     1.011221     3.072608   0.08306177     19619.64
      7216.6     1.011275     3.070493   0.02561575     19622.19
      7216.8     1.011131     3.050779  -0.01088312     19624.35
        7217     1.010874     3.047073  -0.01331057     19624.01
      7217.2     1.010783     3.063902 -0.005464977     19624.17
      7217.4     1.010667     3.059845 0.0004522046     19624.56
      7217.6     1.010395     3.046407  -0.03649543     19625.12
      7217.8     1.010359     3.047435  0.004709186     19625.88
        7218     1.009972     3.034706   0.05068957     19625.18
      7218.2     1.009559     3.063612   0.08439236     19623.52
      7218.4     1.009487     3.086959     0.151887     19622.85
      7218.6     1.009572     3.114949    0.1087754     19622.66
      7218.8     1.009273     3.156215   0.05937865     19622.92
        7219     1.009034     3.150633  0.006173845     19624.73
      7219.2     1.008596     3.134462  -0.07079031     19627.44
      7219.4     1.008338     3.119888  -0.05230782     19628.21
      7219.6     1.008411     3.099583  -0.02913976     19627.46
      7219.8     1.007857     3.108786  -0.02355252      19628.3
        7220     1.007106      3.11115   0.03797753     19628.74
      7220.2     1.006716     3.101046   0.05930723     19628.61
      7220.4     1.006834     3.129965   0.01116051     19630.58
      7220.6     1.006869     3.156232   0.03391229     19632.01
      7220.8     1.006955     3.120078  -0.01403586     19636.36
        7221     1.006791     3.128175  -0.01437249     19635.34
      7221.2      1.00653     3.118736   0.02089303     19635.02
      7221.4     1.006602     3.144734  -0.02123523     19638.44
      7221.6     1.006232     3.136793 -0.009302609     19638.42
      7221.8     1.005965     3.111187  -0.02864927     19636.29
        7222     1.005728     3.111294 -0.008132483     19638.14
      7222.2      1.00553     3.121815   0.02410628     19639.63
      7222.4     1.005576     3.130287  -0.01422939      19641.2
      7222.6      1.00561     3.130472  -0.02777987      19642.5
      7222.8     1.005805     3.099911  -0.01106425     19641.54
        7223     1.005587     3.099591  -0.01447346     19641.77
      7223.2     1.005189     3.121435   0.02600817     19643.09
      7223.4     1.004845     3.118894   0.04100041     19643.45
      7223.6     1.004555     3.120717 -0.004033588     19642.39
      7223.8     1.004165     3.132391  -0.05207526     19641.73
        7224      1.00328     3.118209  -0.06655063     19643.69
      7224.2     1.002973     3.077233  -0.06914073     19645.87
      7224.4     1.002758     3.067477  -0.04694027     19647.99
      7224.6     1.002357     3.077078   0.01063631     19647.72
      7224.8      1.00222     3.080656 -0.0004661598     19648.48
        7225     1.001857     3.085742 -0.008837409     19648.92
      7225.2     1.002016     3.067104  -0.01410864      19653.3
      7225.4     1.001814     3.070009   -0.0510346     19654.37
      7225.6     1.001864     3.069369  -0.04563722     19653.95
      7225.8      1.00204     3.044915  -0.04720557     19655.74
        7226     1.001868     3.030594  -0.02340838     19655.88
      7226.2     1.001659     3.032244 -0.0007194362     19655.01
      7226.4     1.001738     3.050643  -0.02442693     19655.85
      7226.6      1.00159     3.044339  -0.04832623     19656.41
      7226.8     1.001053     3.011052  -0.07948293     19656.09
        7227     1.000663     2.993583   -0.0867883     19655.48
      7227.2     1.000282     2.987056  -0.06967105     19654.62
      7227.4    0.9997212     2.974909  -0.05155305     19655.54
      7227.6    0.9993611     2.955316  -0.03375158     19656.44
      7227.8    0.9991342     2.952341  -0.03827533     19657.14
        7228    0.9989667     2.960055   0.01521721     19660.04
      7228.2    0.9989992     2.944288 -0.000666635     19659.43
      7228.4    0.9988058     2.967489   -0.0256101     19659.75
      7228.6     0.998359     2.951807  -0.01708948     19664.26
      7228.8    0.9980681     2.939567  -0.04112344     19665.84
        7229    0.9975153     2.930617  -0.03017391     19666.82
      7229.2    0.9972669     2.934591  -0.04035473     19668.53
      7229.4    0.9968441     2.927668   -0.0423379     19667.44
      7229.6    0.9967323     2.907283  -0.02274663     19665.38
      7229.8    0.9966106     2.896746 -0.002446459     19666.61
        7230    0.9963856     2.916393  -0.01903003     19667.66
      7230.2    0.9960388     2.925711 0.0003637366     19666.33
      7230.4    0.9958796     2.892059 -0.009657749     19667.62
      7230.6    0.9958194     2.897037  -0.05347604      19668.8
      7230.8    0.9954822     2.908667  -0.03650441     19667.39
        7231     0.995381      2.88293   -0.0541943     19668.35
      7231.2    0.9953643     2.862856  -0.08798079     19670.83
      7231.4    0.9949195     2.853682  -0.06653466      19670.2
      7231.6    0.9945636     2.838282  -0.03640602     19669.25
      7231.8    0.9944255     2.829703  -0.06880276     19669.66
        7232    0.9943203     2.833731  -0.04977815     19670.28
      7232.2    0.9941312      2.79864  -0.04469204     19673.09
      7232.4    0.9938996      2.79846  -0.02851635     19672.17
      7232.6    0.9933356     2.793949 -0.002106901      19674.7
      7232.8    0.9930881     2.810918  0.002529418     19676.86
        7233    0.9927129     2.796954   0.01274295     19675.47
      7233.2    0.9924923     2.800484  -0.02442519     19676.43
      7233.4    0.9923699     2.804143  -0.01403471     19674.61
      7233.6    0.9923717     2.791378  -0.02178929     19676.02
      7233.8    0.9925114     2.785726   -0.0365067     19678.16
        7234     0.992411     2.783052  -0.00735755     19677.19
      7234.2    0.9922354     2.774938  -0.01180308     19678.14
      7234.4    0.9922061     2.785492  -0.03336858     19680.75
      7234.6    0.9919461     2.776284 -0.004123127     19679.94
      7234.8     0.991749     2.756357   0.00357587     19680.88
        7235    0.9917708     2.771639   0.01594967     19683.86
      7235.2    0.9915971     2.788352    0.0337711     19684.84
      7235.4    0.9913765     2.789044  0.001430388     19686.08
      7235.6    0.9912101     2.783374   -0.0199979     19686.14
      7235.8    0.9912051     2.772784  -0.02156915     19687.91
        7236    0.9911106     2.772354  -0.02962894     19687.99
      7236.2    0.9907702     2.771788  -0.02208172     19687.15
      7236.4    0.9906031     2.759671  -0.02973235     19686.98
      7236.6    0.9904611     2.755118  -0.03797152     19688.01
      7236.8    0.9906282     2.748568  -0.02477951     19690.15
        7237    0.9903523     2.741411  -0.02504358     19689.41
      7237.2    0.9905724     2.739847 -0.008445034     19690.54
      7237.4    0.9905903     2.735083 -0.003785347     19692.87
      7237.6    0.9905128     2.741812  -0.03466534     19692.73
      7237.8    0.9905951     2.738383  -0.04454169     19692.84
        7238    0.9904012     2.712115  -0.02961019     19692.91
      7238.2    0.9902422      2.69945 -0.002598863     19692.93
      7238.4    0.9906582     2.718124   0.01134344     19694.38
      7238.6    0.9905005     2.736304  0.009045472     19694.65
      7238.8    0.9902849      2.72119  -0.00506576     19694.23
        7239    0.9908397     2.706686  -0.04117298     19696.27
      7239.2     0.990823     2.714071  -0.01092645     19698.03
      7239.4    0.9912342     2.703365   0.04653067     19697.86
      7239.6    0.9913182     2.712449   0.05635673     19697.61
      7239.8     0.991465     2.743911    0.0350785     19697.71
        7240    0.9921719     2.759157   0.01350883     19699.67
      7240.2    0.9923803     2.731428   0.00324276     19702.14
      7240.4     0.992292     2.723256  -0.03080933     19700.66
      7240.6    0.9922737     2.746505 -0.001449353     19700.43
      7240.8    0.9925017     2.734509   0.01632425     19701.17
        7241    0.9922763     2.730269 -0.006765037     19702.18
      7241.2    0.9919489     2.736315 -0.003592647        19704
      7241.4    0.9919687     2.741093   0.01768034     19706.56
      7241.6    0.9919852     2.731635   0.02633328     19707.23
      7241.8    0.9922907     2.744413   0.01341633     19708.01
        7242    0.9928499     2.757382   0.04031724     19706.96
      7242.2    0.9933526     2.751826   0.03750111     19706.82
      7242.4    0.9934218     2.763889 -0.0003203028     19709.57
      7242.6     0.993012     2.774414  -0.03703833     19708.98
      7242.8    0.9930499     2.757125  -0.04190425     19708.48
        7243    0.9931462     2.722196  -0.05071858     19709.62
      7243.2    0.9930511     2.730366  -0.04847959     19711.02
      7243.4    0.9931586     2.733839   0.00300868     19708.56
      7243.6    0.9934519     2.718342  0.002358067     19709.63
      7243.8    0.9945326     2.724603  -0.01240023     19714.36
        7244    0.9944322     2.732252   0.01054627     19714.59
      7244.2    0.9945605     2.723919   0.01451416     19714.97
      7244.4    0.9947282     2.726779  0.009810023     19716.53
      7244.6    0.9947893     2.736214   0.03588584      19716.2
      7244.8    0.9953887       2.7401   0.04266006     19718.58
        7245    0.9957517     2.752628   0.04620372     19721.43
      7245.2    0.9956899     2.760907   0.06151928     19723.07
      7245.4    0.9959839     2.773177   0.05488615     19723.56
      7245.6    0.9959893     2.789315   0.06563744     19722.54
      7245.8    0.9958763     2.796536   0.05420671     19722.48
        7246    0.9963377     2.813417   0.01000783     19722.84
      7246.2    0.9969904     2.816542   0.01293296     19723.11
      7246.4    0.9977152     2.797322 -0.004468779      19723.9
      7246.6    0.9975395     2.806883   -0.0098984     19722.72
      7246.8    0.9975127     2.809842   0.01417145     19725.44
        7247    0.9977298     2.808623  -0.02230258     19726.99
      7247.2    0.9978669     2.808659   -0.0674657     19725.69
      7247.4    0.9980868     2.789041  -0.06660066     19724.44
      7247.6    0.9983087     2.755869  -0.07054935     19724.94
      7247.8     0.998427     2.755343  -0.04496357     19724.61
        7248    0.9986854     2.752219  0.002335385     19726.69
      7248.2    0.9989181      2.75307    0.0103822     19730.54
      7248.4    0.9988348     2.757738   0.01768891     19730.81
      7248.6    0.9989934     2.763649   0.01628727     19730.77
      7248.8    0.9991268     2.766371  0.003616645     19732.02
        7249    0.9991996       2.7661 -0.005386462     19732.54
      7249.2    0.9995599     2.760631   0.02653993     19732.61
      7249.4    0.9997812      2.75934   0.07003576     19733.47
      7249.6    0.9998775     2.787602    0.0869255     19734.18
      7249.8     1.000183     2.822128   0.06472766      19733.3
        7250     1.000392     2.830171  -0.02478453     19733.95
        7252      1.00261     2.781933  -0.01038779     19738.63
        7254     1.004139      2.72974 -0.005702449      19745.1
        7256     1.007309     2.750655 -0.001353798      19753.8
        7258     1.010345     2.762198 0.0008572337     19760.59
        7260     1.012587     2.771103  0.001513528     19768.87
        7262     1.015015     2.736598  0.005612404     19776.04
        7264     1.016574     2.762763 -0.001933547     19782.41
        7266     1.017998     2.807097   0.01325122     19790.44
        7268     1.018535     2.755634   0.01131836     19793.13
        7270     1.019623     2.842608  0.004343884     19801.97
        7272     1.018799      2.85331   0.01743229     19810.19
        7274     1.018868     2.841848 -0.002655731     19816.53
        7276     1.018294     2.895093  0.002136514      19826.1
        7278     1.017642     2.821362  0.004985292     19830.67
        7280     1.016967     2.870402 -0.002097633     19833.82
        7282     1.015014     2.881731  0.005172575     19843.18
        7284     1.013346     2.878312  0.003254961     19851.08
        7286     1.012305     2.862742  0.002935046     19854.35
        7288     1.011003     2.896442 -0.003787022     19865.04
        7290     1.009165     2.905211 -0.005255054     19871.82
        7292     1.006775     2.848015 -0.009109434     19879.92
        7294     1.005929     2.820702  -0.01898383     19884.59
        7296     1.004306     2.823566  -0.01653822     19888.12
        7298     1.003874      2.75334  -0.01347929     19897.39
        7300     1.003335      2.71571   -0.0160171     19902.31
        7302     1.003022     2.712868  -0.01079782     19912.41
        7304     1.003456     2.695429 -0.008189144      19919.9
        7306      1.00248     2.666958 -0.007020291     19927.03
        7308     1.002413     2.650196 -0.004176575     19931.97
        7310     1.002034     2.656705 -0.001213652     19932.86
        7312     1.001473     2.662017 -0.0001683108     19943.63
        7314     1.001751     2.657249 -0.001866752     19950.43
        7316     1.002062      2.64885 -0.004261607     19958.11
        7318     1.001855     2.641771 -0.005020954     19965.02
        7320     1.001773     2.627924 -0.002501517     19971.42
        7322     1.002531     2.617081 0.0006966681     19980.18
        7324     1.001715     2.628838 -3.573857e-05     19979.84
        7326     1.001813     2.647345  0.002372514     19989.24
        7328     1.002083     2.627638  0.001079397     19993.34
        7330      1.00177     2.636061 -0.004298269     20002.71
        7332     1.001625     2.637473 -0.003197002     20004.75
        7334     1.001134     2.612959 -0.006016054     20013.33
        7336     1.000718     2.602062  -0.00531252     20019.43
        7338     1.001219     2.587933 -0.001603774        20025
        7340      1.00075     2.594973  0.001086067     20030.63
        7342     1.000159     2.600128  0.005217124     20040.05
        7344      1.00029     2.610751  0.004307384     20046.26
        7346     1.001149      2.62967  0.001691635     20051.74
        7348     1.001146     2.629432  0.005210212     20056.28
        7350      1.00089     2.613661  0.007251092     20062.31
        7352     1.000889     2.652432  0.006343074     20070.84
        7354     1.000666     2.687678   0.01403936     20077.04
        7356     1.000691     2.680177  0.004673645     20078.21
        7358     1.000558     2.725976  0.005216237     20086.21
        7360     1.000522     2.689821  0.007425941     20090.19
        7362     1.000523     2.729408 -0.001585271     20097.43
        7364     1.001024     2.739584   0.00227793     20108.58
        7366     1.000947     2.713294 -0.001723719     20115.69
        7368      1.00101     2.708045 -0.003457377     20117.86
        7370      1.00091     2.715619 -0.006471413     20125.05
        7372     1.001129     2.711925  -0.01112396     20129.95
        7374     1.000264     2.661523  -0.01558879     20134.44
        7376     1.000426     2.619053   -0.0162325     20143.01
        7378     1.000506     2.590908  -0.01515427     20148.24
        7380     1.000219     2.582065  -0.01230575     20156.13
        7382     1.000569     2.540289  -0.01147809     20162.33
        7384    0.9999733     2.520607 -0.009608785     20167.19
        7386    0.9998651     2.499084 -0.005175122     20171.25
        7388     1.000094     2.505195 -0.002830231     20177.51
        7390    0.9989494     2.498888  0.001014548     20181.88
        7392    0.9991163     2.497965 0.0009640207     20190.32
        7394    0.9987063       2.5072 -0.0003821324     20193.54
        7396    0.9986976     2.512907  0.001286531     20201.53
        7398    0.9988664     2.495831 0.0001171576     20208.86
        7400    0.9990011     2.508258 -0.002517469     20216.56
        7402    0.9986605     2.508137 -0.0008600961     20224.13
        7404    0.9984702     2.492767 0.0002399199     20228.78
        7406    0.9980152      2.48895 -0.001037896     20228.19
        7408     0.998169     2.510177 0.0006609412     20235.57
        7410    0.9982905     2.499834 0.0005983349      20242.3
        7412    0.9978278     2.498055 -0.002121649     20250.14
        7414    0.9973891     2.493737   -0.0030111     20256.27
        7416    0.9973813     2.493204 -0.002604056     20260.04
        7418    0.9972898     2.475745 -0.0005047064     20262.64
        7420    0.9972654     2.477222 -0.004642884      20268.5
        7422    0.9975704     2.489699 -8.988059e-05      20275.3
        7424     0.997956     2.456061 -0.004372962     20281.62
        7426     0.997233     2.475026  -0.00447808     20285.74
        7428    0.9972483     2.442239 -0.002135698     20296.26
        7430    0.9970369     2.453874 -0.004845891     20300.14
        7432    0.9970902     2.438975  0.001194549     20306.21
        7434    0.9966584     2.436259 -0.0001736963     20310.02
        7436    0.9972692     2.451795  0.002091002     20316.93
        7438    0.9970614     2.452485  0.002082373     20323.36
        7440    0.9965567     2.455703  0.002300662     20326.55
        7442    0.9957589     2.452918 5.946218e-05     20333.39
        7444     0.996165       2.4702  0.002384867     20336.85
        7446    0.9963661      2.45296  0.003570322     20343.43
        7448    0.9965891     2.474782  0.003942152     20351.32
        7450    0.9960119     2.481481  0.001769968      20355.3
        7452    0.9963434     2.501737  0.002096333     20365.02
        7454    0.9961734      2.46712 -0.002438883     20369.46
        7456    0.9957951     2.491553 -0.005422556     20373.75
        7458    0.9958873      2.46197 0.0002253925     20379.87
        7460    0.9961261     2.458357 -0.005262648     20384.74
        7462    0.9961243     2.468923 -0.000904815     20388.33
        7464    0.9948345     2.449451 -0.002263827     20395.41
        7466    0.9951422     2.454731  -0.00541835     20403.32
        7468    0.9959041     2.440246 -0.005040682     20409.02
        7470    0.9952639     2.425577 -0.005638312      20412.2
        7472    0.9956688     2.409126 -0.003405463     20418.22
        7474    0.9955955     2.409625 -0.004687156     20421.36
        7476    0.9952801     2.413003 -0.002512806     20429.46
        7478    0.9948784     2.388079 -0.003804758     20436.68
        7480    0.9944113     2.389024 -0.006523964     20440.27
        7482    0.9952074     2.379186 -0.002623675      20448.5
        7484    0.9956026     2.360811 -0.005940215     20448.62
        7486    0.9957399      2.36709 -0.004691928     20450.39
        7488    0.9951667     2.341502 -0.003344675     20458.81
        7490     0.995627     2.341651 -0.005459938      20464.5
        7492    0.9950848     2.334054 -0.003988324     20470.21
        7494    0.9952938      2.32341 -0.001849871     20476.03
        7496    0.9944597     2.309595 -0.001156692     20477.17
        7498    0.9945344     2.326852 -0.0002301899      20484.1
        7500    0.9958826       2.3248  0.000675541      20490.2
        7502    0.9951761     2.321569 -0.001948027     20493.42
        7504    0.9950083        2.315 -0.002262302     20501.38
        7506    0.9953144     2.311268 -0.0001910963     20505.96
        7508    0.9946574     2.306702 0.0007435738     20507.96
        7510    0.9947898      2.32004 -0.0008364432     20513.67
        7512    0.9949898     2.320948 -0.0007265342     20516.52
        7514    0.9956516     2.304576 -0.002562744     20517.06
        7516    0.9950531     2.300889 -0.002605547     20524.71
        7518    0.9953609     2.299538 -0.001399085     20511.48
        7520    0.9950052     2.300104 -0.0009229859     20497.12
        7522     0.995156     2.293384 0.0009259582     20497.21
        7524    0.9957979     2.293505 -0.002698902      20448.3
        7526    0.9971629     2.306946 -0.0007777886     20065.06
        7528    0.9948103     2.278513 0.0007477564     20333.97
        7530     0.996385     2.287161 -0.003153523     20128.77
        7532    0.9941822     2.299487  0.000884821     20415.19
        7534    0.9945899     2.281718 -0.001835147     20560.81
        7536    0.9958638     2.285591 -0.002228256     20547.18
        7538    0.9958865      2.27248 -0.0001991726     20554.23
        7540    0.9951613     2.281661  -0.00360341     20573.22
        7542    0.9948291     2.280124 -0.001071393     20594.17
        7544    0.9951842     2.256764 -0.002468334     20601.61
        7546    0.9955001     2.263909 -0.001514458      20604.2
        7548    0.9951754     2.261915 0.0005029756     20607.57
        7550     0.995585     2.268009 -0.0001956396     20619.22
        7552    0.9952447     2.260788 0.0004482077     20614.78
        7554    0.9951615     2.262344 -0.0005124387     20619.52
        7556    0.9952893       2.2655 0.0005575555      20628.6
        7558    0.9949443     2.263909 -0.0009381278     20632.23
        7560    0.9950952     2.265248 -0.001051856     20636.82
        7562    0.9953481     2.254839 -0.0005535323     20649.27
        7564     0.995125     2.257086  -0.00217016     20650.83
        7566    0.9949945     2.259481 -0.001577882     20649.72
        7568    0.9949431     2.247887 -0.002092512     20655.08
        7570    0.9951924     2.242216 -0.002718256     20661.91
        7572    0.9953688     2.240346 -0.002167324     20667.69
        7574    0.9954274     2.237735  -0.00355649     20671.51
        7576    0.9945746     2.230548 -0.004341315     20672.86
        7578     0.995335     2.213764 -0.004346405     20679.12
        7580     0.995105     2.205615 -0.003357974     20684.81
        7582    0.9950268     2.202963 -0.004322006     20685.05
        7584    0.9958296     2.203684 -0.001736815     20688.04
        7586    0.9959511     2.179188 -0.001473889     20692.88
        7588    0.9955825      2.19172 -0.002250679     20694.17
        7590    0.9953692     2.191172 -0.0008716898     20696.06
        7592    0.9958258     2.185679 -0.001834185     20701.51
        7594    0.9956315     2.172214 -0.001953592     20704.85
        7596    0.9956486     2.177047 -0.0002557608     20709.14
        7598    0.9952607     2.175544 0.0007971851     20707.27
        7600    0.9957952     2.183633 -0.002029477     20714.38
        7602    0.9958929     2.178592 -0.001582472     20724.89
        7604    0.9958326     2.160811 -0.002845941     20725.86
        7606      0.99562     2.162884 -0.002888422     20728.38
        7608    0.9955813     2.160865 -0.0005781197     20735.75
        7610    0.9960904     2.155484 -0.001551201     20735.64
        7612    0.9954577     2.156186 -0.003448257     20740.02
        7614    0.9958855     2.150474 -0.002725314     20739.54
        7616    0.9960395     2.133279 -0.002343745     20746.76
        7618    0.9962262     2.133682 -0.002057813     20755.01
        7620    0.9964106     2.137436 0.0002933399     20758.82
        7622    0.9957313     2.134012  0.001528186     20759.42
        7624    0.9958874     2.135626 6.168152e-05     20763.36
        7626    0.9959565     2.145907 -0.0008213373     20768.15
        7628    0.9957565      2.13793 -0.002162135     20772.26
        7630    0.9957223     2.127441 -0.003048851     20772.82
        7632    0.9960445     2.118329 -0.003449252     20778.75
        7634    0.9959824     2.121517 -0.004018688     20781.46
        7636     0.996374     2.110336 -0.001458189     20786.48
        7638    0.9957605     2.095292 -0.003304409     20788.47
        7640    0.9958672     2.106663 -0.003019081      20798.6
        7642    0.9955937     2.095081 -0.002045098      20795.7
        7644    0.9962667     2.086183 -0.002563425     20803.01
        7646    0.9964286     2.078931 -0.000105662     20806.73
        7648    0.9970325     2.086156 -0.001335019     20812.07
        7650    0.9958396     2.094236 -0.001010647     20811.32
        7652       0.9963     2.075503 -0.002412556     20821.18
        7654    0.9964469     2.070846 -0.003222569     20821.13
        7656    0.9961938     2.066856 -0.000373585     20826.94
        7658    0.9963353     2.068455 -0.001481217     20832.06
        7660     0.996279     2.072514 -0.0003093019     20835.07
        7662    0.9967485     2.058996 -0.001207286     20840.41
        7664    0.9971288     2.064381 -0.0009876031        20845
        7666    0.9965248     2.058797 -0.0003158542     20846.81
        7668    0.9967457     2.064613 -0.0003191106     20849.02
        7670    0.9964284     2.056469 0.0009559724     20857.09
        7672    0.9963631     2.061828 -0.001150152      20860.9
        7674    0.9971882     2.066445 -0.0008427064     20862.37
        7676    0.9969288     2.055412 -0.001685502        20867
        7678    0.9975602     2.049727 -0.002659751     20868.69
        7680    0.9974169     2.048344 -0.001413435     20874.66
        7682    0.9972916     2.045167  -0.00114575     20878.69
        7684    0.9977233     2.044105 -0.001911306     20885.89
        7686    0.9982641     2.040561 -0.001319812     20890.61
        7688    0.9980949     2.033054 -0.002541406        20893
        7690    0.9979986     2.034608 -0.002064297     20893.47
        7692    0.9979742     2.023773 -0.001537139     20898.08
        7694     0.997352     2.024047 -0.002043227      20897.9
        7696    0.9980684     2.020757 -0.0007258007     20906.27
        7698    0.9987949     2.018263 -0.0008360321     20911.42
        7700    0.9980977     2.017967 -0.001822929     20916.59
        7702    0.9982682     2.017359 -0.0009924112     20922.78
        7704    0.9987692     2.006173 -0.002316994     20921.13
        7706    0.9988615     2.010323 -0.001741606     20926.29
        7708    0.9984225     1.999431 -0.0001870048     20927.99
        7710    0.9987872     2.003426 -0.0006141021     20933.91
        7712    0.9985179     2.004677 -0.0004333702     20937.75
        7714    0.9985676     2.005411  -0.00207307     20939.08
        7716    0.9991471     1.995964 -0.001499482     20947.21
        7718    0.9992661     1.986841 -0.001806851      20952.1
        7720    0.9989985     1.992681 -0.001154144     20948.24
        7722    0.9991744     1.990956 -0.0009880759     20956.29
        7724    0.9993788     1.986731 -0.0008873341     20956.56
        7726    0.9995539     1.978937 -0.0004614393     20959.59
        7728    0.9996746     1.985583 -0.0009696796     20960.55
        7730    0.9994646     1.987264 -0.0005042419     20966.28
        7732    0.9995733     1.978974 -0.001618525     20971.31
        7734    0.9999186     1.974903 -0.002054801      20973.1
        7736    0.9994878     1.972635 -0.0006768796     20973.91
        7738    0.9996609     1.970826 -0.001534832     20975.71
        7740     0.999861     1.973558 -0.002058144      20980.3
        7742    0.9999106     1.962624 -0.0005366925     20982.71
        7744    0.9997717     1.956169 -0.002379396     20986.11
        7746    0.9995739     1.966532 -0.0008903633     20993.68
        7748    0.9998818     1.954523  0.000388282     20992.93
        7750     1.000062     1.955501 -0.002560045      21000.1
        7752      1.00053     1.959276 -0.001626808     21004.21
        7754     1.000622     1.946052 -0.001830349      21006.1
        7756     1.000389     1.941509 -0.002164347     21010.38
        7758     1.000928     1.940858 -0.001177056     21013.76
        7760     1.000347     1.941961 -0.001039877     21013.07
        7762     1.000452     1.936635 -0.001922914     21017.55
        7764     1.000385      1.93319 -0.001968181     21020.13
        7766     1.000698     1.925475 -0.002334929     21021.64
        7768     1.000462     1.926215 -0.002226146     21022.18
        7770     1.000584     1.917956 -0.001217953     21027.14
        7772      1.00081     1.915381 -0.001100414     21030.05
        7774     1.000678     1.915731 -0.0008557962     21031.11
        7776      1.00071     1.917412  -0.00206013     21029.11
        7778     1.001058      1.91111 -0.002120437     21028.46
        7780     1.000665       1.8989 -0.001697689     21012.89
        7782     1.001086     1.898768 -0.001746702     20986.63
        7784     1.002091     1.903831 -0.0005888837     20809.32
        7786     1.004832     1.897136 -0.002520559     19922.32
        7788     1.000473     1.894189 -0.001712068     20105.36
        7790    0.9977916     1.878604 -0.001918929     20354.02
        7792     1.001127     1.890134 -0.001837286     21048.61
        7794      1.00129     1.881785 0.0001842129     21078.87
        7796     1.001041      1.87949 -0.002282636      21088.9
        7798     1.001009     1.880077 -0.0008753834     21090.07
        7800     1.001201     1.871873 -0.001077035     21098.61
        7802     1.001347     1.874782 -0.001211972     21096.94
        7804     1.001737     1.870874 -0.0004074796     21098.42
        7806     1.001418     1.870381 -0.001750818     21104.42
        7808     1.001331     1.868613 -0.001391462     21108.36
        7810     1.001297     1.860775 -0.001989595     21110.41
        7812     1.001488     1.859742 -0.001771392     21113.74
        7814     1.001444     1.854465 -0.0007885851     21114.77
        7816     1.001698     1.854442 -0.001348588     21118.14
        7818     1.001679     1.854466 -0.001205805     21117.28
        7820     1.001562     1.848954 -0.001535076     21119.53
        7822      1.00204     1.844818  -0.00115951     21122.49
        7824     1.002127     1.842161 -0.001656723     21128.13
        7826     1.001902      1.84519 -0.001201224     21129.68
        7828     1.002367       1.8357 -0.001343039     21135.52
        7830     1.002184     1.835208 -0.001287169      21134.6
        7832     1.002794     1.831417 -0.001264143     21139.42
        7834     1.002821     1.834893 -0.002076471     21140.84
        7836      1.00316     1.825587 -0.001622458     21144.55
        7838     1.002791     1.818597 -0.002319459     21150.28
        7840     1.003134     1.818437 -0.001196859     21151.76
        7842     1.003324     1.816337 -0.0005223996     21154.67
        7844     1.003152     1.816012 -0.001955577      21156.1
        7846     1.003091     1.814417 -0.001411968     21159.49
        7848     1.003626     1.802793 -0.001410528     21163.39
        7850       1.0036     1.805041 -0.002177893     21160.18
        7852     1.003698     1.804728 -0.0001920762     21168.24
        7854     1.003404     1.796994 -0.0008260942     21167.24
        7856     1.003239     1.801256 -0.001616187     21168.44
        7858     1.003256     1.798433 -0.001089157     21169.52
        7860     1.003561     1.791798 -0.001932122     21179.24
        7862     1.003947     1.788281   -0.0015418     21182.15
        7864      1.00411     1.785799 -0.000965384     21184.86
        7866     1.004318     1.786098 -0.001835077     21193.07
        7868     1.004635     1.784075  -0.00152821     21191.19
        7870     1.004802       1.7736 -0.002517555     21193.46
        7872     1.004307     1.773574 -0.001777166      21195.7
        7874     1.004077     1.765958 -0.0009588139     21198.97
        7876     1.004518     1.769858  -0.00132821     21203.22
        7878     1.004423      1.76593  -0.00113785     21208.51
        7880     1.004187     1.762948 -0.002065463     21211.25
        7882     1.004638     1.756855 -0.001590537     21213.92
        7884     1.005112     1.753334 -0.001996629     21220.13
        7886     1.005025     1.753206 -0.001132119     21218.42
        7888     1.004406     1.746975  -0.00142763     21220.73
        7890     1.004234     1.747798 -0.001910828     21224.69
        7892     1.004687     1.741913 -0.001289078     21230.59
        7894     1.004685     1.737919 -0.002355928     21230.77
        7896     1.004594     1.736662 -0.002001706     21233.41
        7898       1.0043     1.728951 -0.0008574941     21235.34
        7900     1.004457     1.725899 -0.002018853     21239.45
        7902     1.004671     1.731059 -0.001317787     21241.33
        7904      1.00514     1.720511 -0.000483611     21251.16
        7906     1.004332     1.718408 -0.001546202     21250.11
        7908     1.004357      1.72203 -0.0006446714     21253.09
        7910     1.004437     1.718689 -0.001173931     21255.53
        7912     1.004144     1.715354 -0.001710293     21258.34
        7914     1.004459     1.709017 -0.001633604     21215.36
        7916     1.005247     1.708348 -0.001783929     20947.88
        7918     1.004014     1.705621 -0.001305395     20551.81
        7920     1.003781     1.701083 -0.001488434     20956.81
        7922      1.00442     1.698574 -0.001446339     21199.79
        7924     1.004533     1.696441 -0.001442112      21234.6
        7926     1.004994      1.69405 -0.0009204461     21246.05
        7928     1.004501     1.689546 -0.001336227     21256.23
        7930     1.004468      1.69121 -0.001740014     21255.79
        7932     1.004262     1.685751 -0.001256744      21260.4
        7934     1.003676      1.68013 -0.001371112     21260.41
        7936     1.004675     1.679492 -0.0005355405     21276.29
        7938     1.004564     1.680241 -0.001448809     21278.05
        7940     1.004367     1.681466 -0.001272432     21277.42
        7942     1.005023     1.668539 -0.001596094     21282.33
        7944     1.004912     1.669312 -0.001878642     21282.58
        7946     1.005123     1.667473 -0.0009274909     21287.28
        7948     1.004608     1.666437  -0.00157167      21291.5
        7950     1.004828     1.661119 -0.001100303     21289.24
        7952     1.004756     1.656739 -0.001429136     21291.16
        7954     1.004999      1.65867 -0.0009074917     21295.93
        7956     1.005204     1.655004 -0.0005232852     21299.25
        7958     1.005235     1.653859 -0.001451381      21301.3
        7960     1.005718     1.652553 -0.001304717     21306.23
        7962     1.005902     1.647059  -0.00148363     21309.61
        7964     1.005664     1.644566 -0.001576143     21308.66
        7966     1.005421      1.64199 -0.0008699977     21309.88
        7968     1.005701     1.639943 -0.0005396924     21313.21
        7970      1.00564     1.640099 -0.001593865     21317.47
        7972     1.005704     1.640249  -0.00168135     21322.38
        7974     1.005208      1.62924 -0.001922295     21318.33
        7976     1.005781     1.626493 -0.002236252     21323.28
        7978     1.005521     1.624721 -0.0009242955      21323.2
        7980     1.005909     1.622359 -0.0007157658     21329.46
        7982     1.005472     1.621845 -0.000988955     21327.87
        7984     1.005714     1.620767 -0.001955836     21332.72
        7986     1.005976     1.616809 -0.001961709     21335.32
        7988     1.005549     1.606712 -0.001899568     21337.06
        7990     1.005389     1.606151 -0.001222982     21338.36
        7992     1.005706      1.60557 -0.0004537831     21342.93
        7994     1.005517     1.607025  -0.00110159     21345.22
        7996     1.005192     1.603082 -0.001071878     21344.29
        7998     1.005448     1.597339 -0.001761624     21345.31
        8000     1.005515     1.596995  -0.00159367     21346.98
        8002     1.005541     1.592932 -0.001088482     21352.93
        8004     1.005563     1.590333 -0.001163772     21356.16
        8006      1.00552     1.588631  -0.00174259     21358.31
        8008     1.005523     1.587685 -0.001668737     21361.68
        8010     1.004811     1.578992 -0.001382946     21360.57
        8012     1.005255     1.576983 -0.001584867     21362.93
        8014     1.005116     1.577567 -0.001723122     21363.49
        8016      1.00523     1.575006 -0.001260049     21365.34
        8018     1.005415     1.565207 -0.001538418     21369.95
        8020     1.005707     1.566902 -0.001335967     21375.58
        8022      1.00522      1.56526 -0.0002156335     21374.59
        8024     1.005622     1.564318 -0.0007495912     21377.42
        8026      1.00493     1.563482 -0.001301717     21377.35
        8028     1.005247     1.560906 -0.001678326     21379.29
        8030     1.005141     1.554846 -0.001396147     21384.95
        8032     1.004593     1.550892 -0.001200402     21382.73
        8034     1.004636     1.552312 -0.001338325     21383.69
        8036     1.004577     1.551302 -0.001441136     21387.45
        8038     1.004913      1.54414  -0.00181588     21388.53
        8040     1.004544     1.539362 -0.002232535     21391.75
        8042     1.004425     1.537785 -0.001443492     21395.44
        8044     1.004253     1.533442 -0.001105469      21398.1
        8046     1.003984     1.532592 -0.0008720344     21400.69
        8048     1.004549     1.530519 -0.001001151     21403.68
        8050     1.004428     1.530809 -0.001350443     21408.16
        8052     1.004661     1.525433 -0.001357938     21411.19
        8054     1.004024     1.521788 -0.001644621     21409.98
        8056     1.004254     1.519655 -0.001399817     21410.64
        8058     1.003831     1.517652 -0.001076065     21411.41
        8060     1.003903     1.514234  -0.00112066     21414.19
        8062     1.004074      1.51318 -0.001132069     21417.22
        8064     1.004351      1.51069 -0.000862291     21423.05
        8066     1.004001     1.508596 -0.001658459     21421.42
        8068      1.00363     1.507336 -0.001908203     21421.28
        8070     1.003715     1.499912 -0.001813348     21422.15
        8072     1.003657     1.495424 -0.001896198     21427.13
        8074     1.003912     1.494089 -0.001381015     21425.63
        8076     1.003692     1.492166 -0.001085102     21429.97
        8078     1.003196     1.488864 -0.001230505     21428.64
        8080     1.003385     1.486743 -0.0009314945     21432.48
        8082     1.003356     1.484245 -0.001216668      21431.6
        8084     1.002987     1.484714 -0.001329598      21435.8
        8086     1.002768     1.479131 -0.001112904     21431.48
        8088     1.002526     1.476107 -0.001504129     21434.59
        8090      1.00299     1.475341 -0.001209709     21437.94
        8092     1.002989     1.472681 -0.0008264243     21441.82
        8094     1.002701     1.469453 -0.001339028     21445.15
        8096     1.002581     1.469495 -0.0009792775     21443.42
        8098     1.002391     1.464629 -0.0004994101      21450.2
        8100     1.002498     1.464847  -0.00162245     21447.05
        8102       1.0023     1.465458 -0.001137936     21448.74
        8104      1.00214     1.456516 -0.001502968     21452.11
        8106     1.002299     1.455526  -0.00210015     21450.42
        8108     1.002242     1.452823  -0.00131677     21455.86
        8110     1.001717     1.448656 -0.001174627     21455.83
        8112     1.002121     1.445982  -0.00104548      21457.3
        8114     1.001984     1.446129 -0.0008198874     21454.87
        8116     1.001478      1.44446 -0.0005997135     21454.61
        8118     1.001482     1.442097 -0.001128384     21460.52
        8120     1.001233     1.441184 -0.001273126     21461.79
        8122     1.000731     1.437102 -0.001897906     21461.43
        8124     1.000577     1.434275 -0.001540268     21459.74
        8126     1.000903     1.426914 -0.001890113     21465.35
        8128     1.000737     1.428862 -0.001379695     21464.98
        8130     1.000524     1.421981 -0.0006885235     21463.43
        8132    0.9998757     1.423237 -0.001304063     21465.23
        8134    0.9996606     1.421406 -0.0005614175     21461.32
        8136    0.9997033     1.418429 -0.001672002     21466.23
        8138    0.9997196     1.417489  -0.00144172     21466.81
        8140    0.9994743     1.409861 -0.001225833      21470.6
        8142    0.9995909     1.409872 -0.001328847     21472.87
        8144    0.9992632     1.408623 -0.0007113958      21472.1
        8146    0.9993567     1.406859 -0.0007660168     21473.97
        8148    0.9990762      1.40417 -0.001298555     21471.67
        8150    0.9990668     1.403744 -0.001548458     21476.03
        8152    0.9988901     1.398234 -0.001194209     21477.32
        8154    0.9988274     1.394471 -0.001796768     21476.58
        8156    0.9985897     1.394616 -0.001411555     21478.32
        8158    0.9985126      1.38937 -0.001096776     21479.13
        8160    0.9985644     1.386942  -0.00144808     21481.04
        8162    0.9983475     1.385697 -0.001207898     21478.08
        8164    0.9982449     1.383032 -0.0008678167     21484.66
        8166    0.9978952     1.379707 -0.0009377509     21481.78
        8168    0.9978073     1.379999 -0.001065239     21485.99
        8170     0.997118     1.378195 -0.001232537     21484.41
        8172     0.996891      1.37451 -0.001402986     21485.55
        8174    0.9969843     1.369846 -0.001222898      21487.9
        8176    0.9969852     1.368775 -0.001204369     21489.91
        8178    0.9964929     1.368412 -0.001013271     21490.09
        8180    0.9960981     1.364875 -0.001017531     21486.69
        8182    0.9961005      1.36174 -0.001353904     21492.98
        8184    0.9956902     1.360635 -0.001383565     21491.86
        8186    0.9957994      1.35758  -0.00124214     21496.58
        8188     0.995839     1.353806 -0.001887308     21498.12
        8190     0.995385     1.351803 -0.001587827     21498.23
        8192    0.9946526     1.345537 -0.001335792     21496.35
        8194    0.9946121     1.344878 -0.001369418      21494.9
        8196    0.9945835      1.34312 -0.001042932     21497.52
        8198    0.9945779     1.340848  -0.00109121     21502.02
        8200    0.9939726     1.337193 -0.001049238     21501.95
        8202    0.9941065     1.336148 -0.001406961      21502.3
        8204    0.9940348     1.334726 -0.001167209     21502.74
        8206    0.9938126     1.329592  -0.00112298     21507.18
        8208    0.9938579     1.327855 -0.001334279     21509.09
        8210    0.9931902     1.327164 -0.001073911     21505.25
        8212    0.9928939     1.324052 -0.001110228      21501.3
        8214    0.9923866     1.321001 -0.001402346     21504.22
        8216    0.9922289     1.318974 -0.001633299     21507.64
        8218    0.9922175     1.315945  -0.00135347        21509
        8220    0.9919567     1.310985 -0.001107603     21508.68
        8222    0.9920273     1.310173 -0.0009145496     21513.11
        8224    0.9915206     1.310113 -0.0009136272     21513.45
        8226    0.9916059     1.308629 -0.001150001     21517.34
        8228    0.9909865     1.303676 -0.001431294     21515.21
        8230    0.9907189     1.300973 -0.001513438     21518.43
        8232    0.9902341     1.298662 -0.0009097439     21514.12
        8234     0.990305     1.296522 -0.001367045     21517.02
        8236    0.9901965     1.296398 -0.001636335     21523.16
        8238    0.9898483     1.290037 -0.001208856     21516.69
        8240    0.9897086     1.285572 -0.001129998     21519.25
        8242    0.9898511     1.286851 -0.0008185293     21520.17
        8244    0.9893184     1.287358 -0.000697153     21523.23
        8246    0.9890439     1.283488 -0.001272894     21519.54
        8248    0.9886441     1.279994 -0.001487293      21519.7
        8250    0.9884745     1.276668 -0.001132735      21522.4
