# This file has been produced by extranormal (v 1.0.1 - February 23, 2017)
# O. Roudenko - Synchrotron SOLEIL. Covered by GPL licence.
#Data from HDF File: /nfs/ruche-rock/rock-soleil/com-rock/2021/Projets/20210209_Hilde/InSitu/10Ni-10Fe_50BN/10Ni-10Fe_50BN_RWGS750_CO2pulses_H2cst_ratio1/10Ni-10Fe_50BN_RWGS750_CO2pulses_H2cst_ratio1_01392.nxs to 10Ni-10Fe_50BN_RWGS750_CO2pulses_H2cst_ratio1_01393.nxs
#Time at start=2021-02-10 14:42:38.997
#Time from start (seconds)=6959.94773343
#Sample temperature (C)=24.6
# Normalization -------------
# pivot spectrum: Pivot_Fe_10Ni-10Fe_50BN_RT_air_av2000_00001.txt
# E0=7112.0   Eshift=1.48001232078
# E0_pivot = 7112.0
# pre-edge params: from E0_pivot-140.0 to E0_pivot-20.0
# pre-edge range: [6972.0, 7092.0]
# post-edge params: from E0_pivot+100.0 to E0_pivot+1140.0
# post-edge range: [7212.0, 8250.0]
# I jump at E0_pivot = 1.24924816688
# shifted energy	normalized	reference	ref.derivative	I0
        6970  0.001784191     1.677047 -0.001658879     18815.17
        6972  0.001784191     1.677047 -0.001658879     18815.17
        6974  0.001625752     1.673861 -0.001551164     18822.96
        6976  0.001485081     1.671427 -0.001764639     18831.27
        6978  0.001406645     1.668104 -0.001786007     18839.04
        6980  0.001407677      1.66293 -0.001506481     18849.37
        6982 0.0009674879     1.659573 -0.0006160353      18858.9
        6984 0.0007096077     1.659375 -0.001586435     18866.77
        6986  0.000968932     1.663176 -0.001418491     18873.28
        6988 0.0007860681     1.650239 -0.001380469     18878.15
        6990 0.0008190974     1.648225  -0.00276822     18885.01
        6992 0.0004928921     1.648331 -0.001686443     18891.43
        6994 3.783184e-05      1.64103 -0.001451252     18898.57
        6996 -7.636342e-06     1.636747 -0.002159787        18908
        6998 -0.0002647494     1.636615  -0.00122792     18917.55
        7000 -4.701332e-05     1.631053 -0.001041683     18925.06
        7002 0.0002734452     1.631207 -0.001839579     18934.57
        7004 -9.554429e-06     1.628414 -0.001216953     18942.82
        7006 -0.0004748529     1.621898 -0.001599095     18948.84
        7008 -0.0004392847     1.621317 -0.002308458     18955.22
        7010 -0.0005350325     1.618414 -0.002071756     18961.54
        7012 -0.0003466501     1.609946 -0.002387938     18972.69
        7014 -0.0007274432     1.605324 0.0001965053     18978.63
        7016 -0.0009827956     1.602214 -0.0006415478     18988.72
        7018 -0.0005526808     1.619986 -0.0005702098     18996.47
        7020 -0.0006176479     1.604814 -0.0003046393      19000.7
        7022 -0.0003678355     1.600762 -0.004023967     19011.37
        7024 -0.0006951048     1.599776 -0.002469814     19019.29
        7026 -0.001200106     1.587794 -0.001812471     19024.91
        7028 -0.0007183594     1.585055 -0.001395896     19035.29
        7030 -0.0008409968     1.586263 -0.0007662849     19045.41
        7032 -0.001469937     1.588609   -0.0010051     19053.83
        7034 -0.001436991     1.581664 -0.002079347     19060.33
        7036 -0.001292547     1.577014 -0.001577373     19064.06
        7038 -0.001163747     1.569628 -0.001152989     19074.21
        7040 -0.001118813      1.57599 -0.001130902      19082.1
        7042 -0.0008500271      1.57244 -0.0006238163     19088.92
        7044  -0.00104607     1.567967  -0.00175496     19098.73
        7046 -0.0006363619     1.564637  -0.00232641     19109.56
        7048 -0.0007252893     1.561951 -0.002061827     19116.23
        7050 -0.000572552     1.553829 -0.001603757     19127.05
        7052 -0.0004781745     1.551473 -0.0009239995     19137.38
        7054 -0.0004850772     1.551807 -0.0002594684     19142.89
        7056 -0.0006455117     1.554559 -0.002584933     19147.64
        7058 -0.0003501236     1.551753 -0.002099175     19157.83
        7060 -0.0004453927     1.530793 -0.002781369     19163.33
        7062 -0.0007149537     1.535014 -0.002861692     19172.04
        7064 -0.0004846421     1.532308 0.0004866604      19180.2
        7066 -0.0003818664     1.528859 -0.0004881418     19187.26
        7068 -0.0002202555     1.534686 -0.0003250142     19196.62
        7070 -0.0006670855     1.531109 -0.001053441     19203.21
        7072 -0.0001372376     1.529708 -0.001892897     19209.96
        7074 0.0005273637     1.520432 -0.001901598     19220.21
        7076 0.0008930756     1.519543 -0.001779431     19230.67
        7078 0.0008396579     1.515896 -0.001386624     19237.35
        7080 0.0004573565     1.515472 -0.001410049     19241.56
        7082 0.0009382411     1.509339 -0.001556816     19249.49
        7084  0.001237129     1.508263 -0.001544347      19259.8
        7086  0.001635146     1.503441 -0.0008319611     19267.86
        7088   0.00187714     1.503117 -0.001111597      19272.9
        7090  0.002265303     1.502683 -0.001349095     19281.91
        7092  0.002904005      1.49937 -0.001556032     19291.03
        7094  0.003486232     1.492649  -0.00124041     19295.24
        7096  0.004308642     1.490669 -0.0007620073     19302.61
        7098  0.004721592      1.49276 0.0001066984     19309.71
        7100  0.005760814     1.493274 -0.0001443746     19318.02
      7100.2  0.005880543     1.493439 -0.0002351039     19318.81
      7100.4  0.006000271     1.493604 -0.0003258332      19319.6
      7100.6  0.006119999     1.493769 -0.0004165626      19320.4
      7100.8  0.006239727     1.493934 -0.0005072919     19321.19
        7101  0.006359456     1.494099 -0.0005980213     19321.98
      7101.2  0.006479184     1.494264 -0.0006887506     19322.78
      7101.4  0.006598912     1.494429 -0.0007794799     19323.57
      7101.6  0.006726728     1.492106 -0.000902242     19325.03
      7101.8  0.007109921     1.489689 -0.002970924     19328.44
        7102  0.007433692     1.489866 -0.002155584     19330.17
      7102.2  0.007373626     1.490767 -0.0002180013     19330.65
      7102.4   0.00729264     1.490381  0.002121294     19331.19
      7102.6  0.007566191     1.489515 0.0002658629     19330.75
      7102.8  0.007807666     1.491563 -0.0003403289     19331.15
        7103   0.00801208     1.490979  0.003268821     19332.62
      7103.2  0.008023144     1.490109   0.00142061     19332.96
      7103.4  0.008025957      1.49213 0.0003780021     19333.21
      7103.6  0.008269705     1.492699  0.002923373     19334.14
      7103.8  0.008663441     1.491282  0.002649411     19334.41
        7104  0.009046319     1.492447 0.0009526876     19337.15
      7104.2  0.009339411      1.49425  0.002026696     19340.41
      7104.4  0.009323308     1.493461 0.0006579847     19340.69
      7104.6  0.009293092     1.492903 -0.002063517     19339.48
      7104.8  0.009353075     1.492974  0.001023215     19339.65
        7105  0.009653632     1.492599  0.005119721     19341.51
      7105.2   0.01004045      1.49428  0.004706289      19343.3
      7105.4   0.01051066     1.496999  0.001205848     19344.46
      7105.6    0.0109462     1.496739 -0.002956124     19343.86
      7105.8   0.01147679     1.493563 -0.004644108     19343.66
        7106   0.01180537     1.491915 -0.001364515     19343.57
      7106.2    0.0117077     1.493284  0.004070996     19341.93
      7106.4    0.0116119     1.495647  0.005645697     19341.76
      7106.6   0.01181502      1.49682    0.0043627     19343.97
      7106.8   0.01213862     1.496432  0.004197713     19345.34
        7107   0.01253859     1.496774  0.004858487     19346.03
      7107.2   0.01295314     1.499005  0.003671717     19347.51
      7107.4   0.01337382     1.500707  0.002442748        19348
      7107.6   0.01391579     1.499369  0.001990953     19348.91
      7107.8   0.01444218     1.498728  0.001135159     19350.87
        7108   0.01487392     1.500598  0.001948838     19350.53
      7108.2   0.01540962     1.501615  0.002812923     19349.77
      7108.4   0.01626298     1.500928  0.002611105     19351.69
      7108.6     0.017173     1.500978  0.001043724     19353.49
      7108.8   0.01780758     1.502687 0.0001291389     19354.01
        7109   0.01842088      1.50245  0.003015426     19354.91
      7109.2   0.01914425     1.501031  0.006189658     19354.85
      7109.4    0.0199008     1.503391   0.01071933     19354.87
      7109.6   0.02076459     1.507639   0.01887747     19355.94
      7109.8   0.02182572     1.511026   0.02451397     19355.45
        7110   0.02329293     1.516133   0.03078979     19355.02
      7110.2   0.02522122     1.523002   0.04325991     19354.68
      7110.4   0.02753311     1.532271   0.05411707     19353.04
      7110.6   0.03011371     1.545634   0.06857758     19352.68
      7110.8    0.0332388     1.559427   0.09116423     19354.06
        7111   0.03725932     1.577864    0.1160334     19353.92
      7111.2   0.04235187     1.605202    0.1474358     19351.81
      7111.4   0.04836609      1.63846    0.1730839     19349.71
      7111.6   0.05555495     1.677376    0.1823065     19347.57
      7111.8   0.06407296     1.716331    0.1784478     19344.75
        7112   0.07318519     1.751047    0.1672815     19343.96
      7112.2   0.08238819     1.781218    0.1547596      19343.1
      7112.4   0.09132424     1.811201    0.1428592     19341.97
      7112.6   0.09980039     1.840139    0.1350739     19338.98
      7112.8    0.1075897     1.865335    0.1194779     19335.08
        7113    0.1149933     1.889278   0.09934279      19332.8
      7113.2    0.1222722     1.906783   0.08427038     19333.75
      7113.4    0.1287689     1.919613   0.07508249     19333.64
      7113.6    0.1345316     1.932751     0.070701     19332.56
      7113.8    0.1402243     1.949344   0.06812956     19333.43
        7114    0.1455531     1.963344   0.06617905     19334.86
      7114.2    0.1502088     1.974117   0.06327184     19334.39
      7114.4    0.1543628     1.985694   0.06227462     19334.89
      7114.6     0.158009     1.999961   0.06331833     19336.36
      7114.8    0.1608407     2.013164   0.06089515     19335.35
        7115    0.1628455     2.024771   0.05112533     19335.31
      7115.2    0.1646654      2.03441   0.04221616     19334.46
      7115.4    0.1665102     2.040861   0.03111084     19334.39
      7115.6    0.1686118     2.046937   0.01938125     19336.81
      7115.8    0.1712864      2.04966     0.015443     19338.35
        7116    0.1745368     2.049915   0.01638667     19339.07
      7116.2    0.1782089     2.053216   0.01942133     19339.55
      7116.4    0.1828263     2.060046   0.02377754     19338.96
      7116.6    0.1884334     2.065197   0.02475459      19338.6
      7116.8    0.1948367     2.068937   0.02729908     19338.44
        7117     0.201942     2.073019   0.03829647     19338.07
      7117.2    0.2100427     2.081885   0.05030824     19339.03
      7117.4    0.2192683     2.095834   0.05998462     19338.36
      7117.6    0.2297042     2.109184   0.06904678     19336.63
      7117.8    0.2412952     2.121007   0.07727364     19336.36
        7118    0.2540906     2.137123   0.08506755     19337.58
      7118.2    0.2684613     2.157653     0.093472     19340.38
      7118.4    0.2842467     2.177238   0.09574552     19343.06
      7118.6    0.3012602     2.195785   0.09847739     19343.49
      7118.8    0.3199582     2.213719    0.1026633     19342.74
        7119    0.3409024     2.236435    0.1036938     19342.65
      7119.2    0.3635703     2.259369     0.111849      19342.2
      7119.4     0.386824      2.27874    0.1127952     19340.22
      7119.6    0.4107971     2.303198    0.1191394     19337.58
      7119.8    0.4360721     2.326671    0.1361899     19337.22
        7120    0.4615115      2.35468    0.1469623     19338.13
      7120.2    0.4860043     2.387692    0.1405408     19338.89
      7120.4    0.5092068     2.420768    0.1339044     19339.72
      7120.6    0.5306034     2.439104    0.1273992      19339.8
      7120.8    0.5504779     2.461804    0.1214295     19340.02
        7121    0.5688266     2.489611     0.142477      19339.5
      7121.2     0.585655     2.517912    0.1407118     19339.37
      7121.4    0.6011339     2.553086    0.1311518     19339.94
      7121.6    0.6158796     2.574373    0.1315297     19340.92
      7121.8    0.6302754     2.594532    0.1191447     19340.62
        7122    0.6447853     2.623136    0.1126511     19339.72
      7122.2    0.6594315     2.648401    0.1114081     19339.49
      7122.4    0.6743716     2.664494   0.08213045     19338.34
      7122.6    0.6902848     2.683659   0.06309879     19336.46
      7122.8    0.7068052      2.68884   0.06581834     19334.08
        7123    0.7239227      2.69888   0.05864051      19333.5
      7123.2    0.7414607     2.717149   0.05952689     19332.92
      7123.4    0.7591319     2.730571   0.04954027     19334.55
      7123.6    0.7775339     2.736461   0.03827957     19335.71
      7123.8    0.7960534     2.738513   0.04535516     19335.14
        7124    0.8142932     2.747772   0.04624006     19333.75
      7124.2    0.8324536     2.766855   0.04111267     19332.61
      7124.4    0.8499682     2.773453   0.06299941     19331.87
      7124.6    0.8667333     2.771403   0.04900607     19330.75
      7124.8    0.8828393     2.798172   0.02449119      19330.6
        7125    0.8975777      2.80606   0.01297401     19330.34
      7125.2    0.9115289     2.793046  -0.04165942     19328.38
      7125.4    0.9249353     2.781782  -0.04843536     19327.51
      7125.6    0.9375382     2.764844  -0.02208787     19328.82
      7125.8     0.949898     2.767312 -0.006274335     19329.65
        7126    0.9617041     2.775376  0.008981276      19330.5
      7126.2    0.9728593     2.776762   0.02782092     19331.08
      7126.4    0.9844811     2.772029   0.04344947     19329.99
      7126.6    0.9962396     2.789569   0.03076818     19326.37
      7126.8     1.007676     2.810136   0.03272123     19323.41
        7127     1.019974     2.801377   0.04181483     19323.54
      7127.2       1.0331     2.798206    0.0876035     19322.78
      7127.4     1.046537     2.823021    0.1718695      19320.7
      7127.6     1.060231     2.880218    0.2155014     19319.35
      7127.8     1.074061     2.938873    0.1891982     19318.83
        7128      1.08853     2.970607    0.1110163     19319.13
      7128.2     1.103434     2.974379   0.04498781     19318.63
      7128.4     1.118337     2.969032   0.02971878     19316.68
      7128.6      1.13304     2.974863   0.05547363     19315.13
      7128.8     1.147309     2.994382    0.0818515     19315.05
        7129      1.16021     3.018758   0.05751644     19315.89
      7129.2     1.171795     3.034513 -0.007667191     19316.35
      7129.4     1.182563     3.020876  -0.04197775     19316.34
      7129.6     1.192235     2.988249  -0.03878359     19316.07
      7129.8     1.200455     2.985176   0.03773783     19315.59
        7130     1.206717     3.003486    0.1103747     19316.57
      7130.2     1.211037     3.051066   0.08029173     19316.44
      7130.4      1.21444     3.076548   0.08055712     19312.76
      7130.6      1.21656     3.049409   0.07190006     19308.74
      7130.8     1.218021     3.067932   0.04350938     19306.64
        7131     1.219087     3.108586   0.05957474      19306.6
      7131.2     1.219599     3.111356   0.04115384     19306.29
      7131.4     1.220079     3.097069   0.05342679     19305.51
      7131.6     1.220197     3.100855   0.05964798     19304.28
      7131.8     1.220289     3.151328   0.03048398     19303.95
        7132     1.220027     3.159074   0.01141911     19301.99
      7132.2     1.219461     3.121456  -0.09273136     19303.09
      7132.4     1.218459      3.10999   -0.1234041     19305.35
      7132.6     1.216773     3.077143  -0.09774545     19304.26
      7132.8      1.21466     3.060351   -0.1090044     19303.61
        7133     1.211444      3.04326  -0.09262887     19303.47
      7133.2     1.207551     3.022786    -0.103354     19303.01
      7133.4     1.203559      3.00304  -0.08941722     19302.84
      7133.6     1.198686     2.977668  -0.02581212     19302.24
      7133.8     1.192892     2.971726   0.01858533     19301.67
        7134     1.186719     3.002137  0.008271732     19302.49
      7134.2     1.180038     3.017908  -0.02140352     19304.84
      7134.4     1.173082     2.984285  -0.05318134      19309.3
      7134.6     1.165979     2.954603  -0.07227001        19314
      7134.8     1.158435     2.959592  -0.05582598     19316.33
        7135     1.150516     2.960092  -0.01803888     19315.34
      7135.2     1.142926     2.939624 -0.005569548     19313.84
      7135.4     1.135573     2.940172 -0.003628605     19313.78
      7135.6     1.127945     2.955136   0.01639787     19313.43
      7135.8      1.12107     2.957189 -0.003716493     19313.71
        7136     1.114887     2.952743  -0.02565429     19314.25
      7136.2     1.108509     2.937199   -0.0245415      19314.7
      7136.4     1.102495     2.934613  -0.04233182     19315.69
      7136.6     1.096986     2.937556  -0.05863024     19316.07
      7136.8     1.091786     2.918877  -0.04917859     19311.73
        7137     1.087006     2.890295  -0.05219361     19302.27
      7137.2     1.082708      2.89527  -0.03274525     19288.94
      7137.4     1.078782     2.895801  0.001443006     19265.32
      7137.6     1.075258     2.892681 -0.009130694     19230.67
      7137.8     1.071612     2.891449   0.01302688     19189.75
        7138     1.068046     2.887965   0.03317208     19148.59
      7138.2     1.064724     2.906222   0.02979912     19115.13
      7138.4     1.061068     2.919219   0.02588238     19092.02
      7138.6      1.05771     2.915289 -0.001536783     19082.76
      7138.8     1.054886     2.908671  -0.00982822     19087.65
        7139     1.052243     2.904993  0.008703536     19103.86
      7139.2     1.050153     2.911356   0.04475591     19129.28
      7139.4     1.048315     2.922251   0.06521726     19159.44
      7139.6     1.046823     2.944476   0.03501698     19190.42
      7139.8     1.045883     2.957167   0.02448469     19219.63
        7140     1.045142      2.93937   0.03932593     19247.43
      7140.2     1.043961     2.941839   0.03920635     19270.34
      7140.4     1.042976     2.975937   0.04810116     19289.05
      7140.6     1.042428     2.988532   0.02235983     19302.49
      7140.8     1.041976     2.977851  -0.02728335     19311.51
        7141     1.041177     2.959727  -0.05052382     19315.81
      7141.2     1.040299      2.95411  -0.04096788     19315.34
      7141.4     1.039633     2.948113 -0.0007562815     19312.08
      7141.6     1.039196     2.945076  0.006804998     19304.15
      7141.8     1.038617     2.959122 0.0009403619     19287.19
        7142     1.037694     2.959554   0.03020865     19259.09
      7142.2     1.036642     2.948865    0.0341998     19220.62
      7142.4     1.035789     2.969243   0.02195533     19177.16
      7142.6     1.035003     2.986482   0.04530737     19135.19
      7142.8     1.034162     2.977118   0.02272795     19100.36
        7143     1.033472     2.985111  -0.01593283     19078.89
      7143.2     1.032533     2.987426  0.003693874     19073.96
      7143.4     1.031755     2.973736   0.01932677      19086.6
      7143.6     1.031025     2.980073 0.0009468294     19114.38
      7143.8     1.029829     3.000572  -0.01195892     19153.37
        7144      1.02876     2.988183   -0.0315223     19195.56
      7144.2     1.027886     2.964168  -0.06136188     19234.48
      7144.4     1.027356     2.954855   -0.0594923     19266.78
      7144.6     1.026575     2.951483 -0.004798449     19291.09
      7144.8     1.025335     2.940589   0.05632476     19309.63
        7145     1.024294      2.96033    0.0456358     19320.12
      7145.2     1.023113     2.999915   0.02286189     19327.56
      7145.4     1.021466     2.987991 -0.006029354     19333.77
      7145.6     1.019693     2.958879  -0.04372811     19337.59
      7145.8     1.017598     2.955506  -0.02176237     19339.28
        7146     1.016179     2.964933   0.01704763      19342.6
      7146.2     1.014719     2.970582   0.03942132     19345.47
      7146.4     1.012837     2.972517   0.03788887     19346.97
      7146.6     1.010446     2.987043  0.008245767     19348.68
      7146.8     1.007794     2.995244 -0.001582866     19351.01
        7147     1.005386     2.977178  -0.02635777     19354.74
      7147.2     1.003142     2.971251  -0.01769837     19357.24
      7147.4      1.00066     2.965957    0.0327442     19357.21
      7147.6    0.9982362     2.981085   0.03090713      19359.7
      7147.8    0.9958215     3.003374   0.05102204     19363.15
        7148    0.9928287     2.995976   0.05152646     19364.51
      7148.2    0.9894196     3.006775   0.03742577     19365.21
      7148.4    0.9858516     3.022306   0.05751401     19366.14
      7148.6    0.9823188     3.033314   0.04770295      19366.1
      7148.8    0.9788258     3.041987   0.04530655     19365.77
        7149    0.9755311     3.044937   0.03518133     19367.09
      7149.2    0.9724874     3.058552   0.01474111     19370.12
      7149.4    0.9694815     3.061459  0.007692717      19374.5
      7149.6    0.9664445      3.05378  -0.01231367     19378.63
      7149.8    0.9632195     3.051091  0.004446136     19381.13
        7150    0.9600295     3.048701   0.05178078     19381.33
      7150.2    0.9569373     3.065016   0.05368115     19380.25
      7150.4    0.9539425     3.095205   0.06734286     19381.66
      7150.6    0.9511693     3.094036   0.03465256     19384.43
      7150.8    0.9484321     3.102575  -0.01709642     19384.48
        7151     0.945914     3.092738  -0.02321747     19383.23
      7151.2    0.9439825     3.081528  -0.01146041        19386
      7151.4    0.9420263     3.075462    0.0230913     19387.98
      7151.6    0.9404942     3.093407   0.04086407     19387.89
      7151.8     0.939102     3.111211   0.04318879     19388.03
        7152     0.937656     3.114219  0.001019219     19390.12
      7152.2    0.9362542     3.110013  -0.02789898     19390.42
      7152.4    0.9346371     3.094222  -0.01692756      19389.9
      7152.6    0.9329719     3.088892 -0.005172756     19389.95
      7152.8    0.9319952     3.100677  -0.01280303     19389.39
        7153    0.9315655     3.105875 -0.006351179     19391.37
      7153.2    0.9313164      3.08398   -0.0114143      19395.7
      7153.4    0.9309598     3.083811  -0.01137957     19396.67
      7153.6    0.9304987     3.091546  0.006463408     19395.96
      7153.8    0.9301331     3.096771 -0.003176654     19395.83
        7154    0.9299903      3.08915 -0.009218623     19395.83
      7154.2    0.9303919      3.08127 -0.007752524     19397.09
      7154.4    0.9311033     3.084171   0.01154708     19398.84
      7154.6     0.931785     3.090569   0.04032386     19400.25
      7154.8    0.9325153     3.098388   0.04327521     19401.11
        7155     0.933375     3.113529   0.02336765     19401.79
      7155.2    0.9341117     3.118791 -0.008739814     19402.94
      7155.4    0.9348333     3.109263  -0.03081011     19402.46
      7155.6    0.9357105     3.091396 -0.002868528     19402.97
      7155.8    0.9368025     3.088881 -0.0004322149     19406.06
        7156    0.9381807     3.116496   -0.0056209     19406.95
      7156.2    0.9395623     3.108918   0.01490314     19407.91
      7156.4      0.94067     3.086899   -0.0096756     19410.27
      7156.6    0.9413475     3.100803 -0.004246455      19410.3
      7156.8    0.9421699     3.108756 -0.003560775     19410.34
        7157    0.9433675      3.10552   -0.0376932     19412.35
      7157.2    0.9447462     3.084051  -0.04966311     19414.03
      7157.4    0.9460142     3.070649  -0.03156346     19415.95
      7157.6    0.9474432     3.069025 -0.006815743     19417.18
      7157.8    0.9488231      3.08027  0.005348831     19417.46
        7158    0.9500534     3.078598   0.01446169      19417.8
      7158.2    0.9511627     3.074928  -0.03084218     19418.02
      7158.4     0.952265     3.080594  -0.04385876     19417.82
      7158.6    0.9533026     3.055596  -0.04094208      19418.9
      7158.8    0.9539493     3.043511  -0.06462563     19418.64
        7159    0.9547146     3.042174  -0.03308956     19419.35
      7159.2    0.9557157     3.028894 -0.006861292     19420.03
      7159.4    0.9567304     3.029124 -0.006337257     19419.59
      7159.6    0.9578418     3.038022   0.02219232     19421.27
      7159.8    0.9586506     3.037104   0.01370029     19423.34
        7160    0.9590178     3.046648 -0.005154141     19424.66
      7160.2    0.9595924     3.040085   0.01284686     19425.19
      7160.4    0.9604745     3.033899   0.01221563     19426.15
      7160.6    0.9613271     3.047382   0.02350092     19426.83
      7160.8    0.9620466      3.05642   0.02543728     19426.99
        7161     0.962694     3.058885 -0.009165022     19427.55
      7161.2     0.963498     3.054249  -0.02305296     19428.22
      7161.4    0.9643949      3.04005  0.004833963     19429.38
      7161.6    0.9650019     3.037978    0.0335881     19429.99
      7161.8    0.9652937     3.062752   0.05612345     19429.21
        7162    0.9656856     3.081119   0.06464879     19429.61
      7162.2    0.9662415     3.084949  0.005463487     19431.46
      7162.4    0.9667805     3.089697  -0.06164892     19432.58
      7162.6    0.9674231     3.067123  -0.07506449     19432.51
      7162.8    0.9678988       3.0318  -0.06367266     19431.32
        7163    0.9684153     3.024897  -0.04530325     19431.67
      7163.2    0.9691609     3.038759   0.01619724     19433.47
      7163.4    0.9691876     3.030881   0.03235416     19433.56
      7163.6    0.9693743     3.044758  -0.00172012     19433.37
      7163.8    0.9700378      3.05078   0.01283906     19433.46
        7164    0.9706638     3.037383  0.003766298     19434.65
      7164.2    0.9714727     3.041152    -0.026861     19434.77
      7164.4     0.972267     3.047771 -0.008023872     19435.76
      7164.6    0.9731213     3.029291  -0.01815677     19437.68
      7164.8    0.9736509     3.030964  -0.01425066     19436.73
        7165    0.9740067     3.026626   0.01472394     19435.19
      7165.2    0.9746202      3.03637    0.0115066     19434.93
      7165.4    0.9750881     3.041071   0.02847365     19435.57
      7165.6    0.9754906     3.040169   0.01687286     19437.16
      7165.8    0.9760065     3.049405 -0.004337785     19439.56
        7166    0.9767166     3.049869   -0.0173352     19441.83
      7166.2    0.9778495       3.0376  -0.04823493     19442.56
      7166.4    0.9786284     3.026301  -0.03780677     19442.68
      7166.6    0.9790125     3.010817  0.004161365     19443.02
      7166.8    0.9795886     3.019623 -0.003395678     19443.75
        7167    0.9801947      3.04093 -0.006228274      19444.6
      7167.2    0.9809823     3.023584   -0.0133163     19443.84
      7167.4    0.9820334     3.005835  -0.05374732     19441.69
      7167.6    0.9828207      3.00897  -0.05431036     19439.63
      7167.8    0.9833178     2.997932  -0.04093232     19437.57
        7168    0.9839367     2.980136  -0.04174862      19437.5
      7168.2    0.9848885     2.973089  -0.01827894     19440.21
      7168.4     0.985884     2.975571   0.02219013     19441.85
      7168.6    0.9865348     2.983309   0.05602208     19442.53
      7168.8    0.9873475     2.997888   0.04400643     19443.36
        7169    0.9882036     3.017907   0.01865579     19445.05
      7169.2    0.9889677     3.010776   0.02213575     19447.38
      7169.4    0.9896759     2.998233   0.02702663     19447.64
      7169.6    0.9903587     3.015597   0.05085392        19448
      7169.8    0.9910371     3.039528   0.03447971     19448.36
        7170    0.9919444     3.051459  0.007713149     19448.94
      7170.2    0.9931603     3.025817   0.01912987     19449.43
      7170.4    0.9940401     3.021767    0.0154645     19449.97
      7170.6    0.9947752     3.054832   0.04459767     19449.98
      7170.8    0.9954458     3.063831   0.04504554     19449.64
        7171    0.9963102     3.061495   0.03127951     19449.44
      7171.2    0.9973661     3.057804   0.06698454     19450.38
      7171.4    0.9984266     3.079855   0.09318542     19452.67
      7171.6    0.9991806     3.117419    0.0984751      19453.2
      7171.8    0.9997609     3.136043   0.07927392     19453.55
        7172     1.000577     3.136584    0.0999437      19454.4
      7172.2     1.001466     3.143275    0.1591896     19455.42
      7172.4     1.002247     3.197374    0.1079076     19455.98
      7172.6      1.00286     3.263395  -0.01590363      19454.9
      7172.8     1.003243      3.22291  -0.07849856     19454.58
        7173     1.003666     3.130552  -0.09090193     19456.05
      7173.2     1.004289     3.134575   -0.1203264     19456.49
      7173.4     1.004755     3.190674   -0.2217754     19455.21
      7173.6      1.00486     3.126649   -0.3853276     19453.92
      7173.8     1.004684     2.953131   -0.5375607     19453.93
        7174     1.004517     2.826313   -0.5162269     19455.92
      7174.2     1.004942     2.760625   -0.3204523     19458.48
      7174.4     1.005508     2.713667   -0.1591202     19462.12
      7174.6     1.005707      2.69677  -0.05991964     19463.91
      7174.8     1.006373     2.699017   0.03359244     19463.85
        7175     1.007388     2.712689   0.07518243     19464.26
      7175.2     1.007973     2.740541   0.08570834     19464.99
      7175.4     1.008155     2.756915   0.08735423     19464.14
      7175.6     1.008408     2.767583   0.09171551     19465.18
      7175.8     1.008291     2.782573    0.1161914     19466.47
        7176     1.008731     2.813913     0.123678     19467.35
      7176.2     1.009692     2.849869    0.1170796     19469.47
      7176.4      1.00989     2.866526   0.09075038     19468.98
      7176.6     1.009919     2.876236    0.0716628     19468.67
      7176.8     1.009931     2.886514   0.05670836     19470.91
        7177      1.00996     2.907199   0.01838746     19471.14
      7177.2     1.009658     2.911892  -0.01438948     19471.88
      7177.4     1.009241     2.890946  -0.05560024     19474.81
      7177.6      1.00926     2.875002  -0.06334361     19475.52
      7177.8     1.009431     2.862719  -0.02791049     19474.77
        7178     1.009501     2.861217  -0.01147195      19474.3
      7178.2     1.009496     2.868618 -0.0001344524     19473.87
      7178.4      1.00956     2.865825  -0.01009725      19474.3
      7178.6     1.009438     2.862611  -0.03315737     19475.69
      7178.8     1.009101      2.85314  -0.02816238     19476.78
        7179       1.0091     2.842092  -0.02041176     19476.72
      7179.2     1.009374     2.843295  0.002493393     19477.47
      7179.4     1.009674     2.846282  0.004497846     19478.94
      7179.6     1.009883     2.855134 -0.004127298      19479.9
      7179.8     1.010066      2.84569  -0.01295089     19480.68
        7180     1.010116     2.839993  -0.01005917     19482.44
      7180.2     1.010113     2.835921  0.009510795     19483.75
      7180.4     1.010035     2.847087    0.0170952     19483.17
      7180.6     1.009866     2.853299  0.005110621      19483.4
      7180.8     1.009507     2.853669  -0.03172132     19484.21
        7181     1.009485     2.840009  -0.04503872     19484.19
      7181.2     1.009751      2.82171  -0.01939193     19483.56
      7181.4     1.010194     2.817268   0.01359447     19483.18
      7181.6     1.010539     2.838155    0.0286242     19483.17
      7181.8     1.010705     2.850885   0.03407176     19485.41
        7182     1.010673     2.844609  0.006150813     19487.98
      7182.2     1.010464     2.844525  -0.02326852     19489.44
      7182.4     1.010589     2.843076   -0.0134756     19490.34
      7182.6     1.010822      2.83227 -0.006615984     19491.13
      7182.8     1.011003     2.833829  -0.01553423     19492.41
        7183      1.01142     2.839233  -0.01171456     19493.12
      7183.2     1.011745     2.830649  -0.01371439      19493.1
      7183.4     1.011742     2.822899  -0.01246466     19493.01
      7183.6     1.011972     2.822857  0.007912436     19492.72
      7183.8     1.012366     2.829261  0.002836851     19493.07
        7184     1.012433     2.836979  -0.01710994     19493.45
      7184.2     1.012602     2.825168 -0.002438423     19494.63
      7184.4     1.012689     2.809169  0.004040686     19498.16
      7184.6     1.012658      2.82731   0.01107305     19498.83
      7184.8     1.013019     2.840211   0.04897552     19499.49
        7185     1.013503     2.834027   0.03706312     19501.93
      7185.2     1.013739      2.84835   0.02036712     19501.43
      7185.4     1.013912     2.856961   0.03856312      19500.3
      7185.6     1.013781     2.856505   0.02175677     19501.86
      7185.8     1.013644     2.864877  0.007262265      19502.6
        7186     1.013476     2.865755   0.01074624     19502.38
      7186.2     1.013465      2.86277   0.01885932     19503.92
      7186.4      1.01358     2.865102   0.01144285     19505.62
      7186.6     1.014127     2.879964   0.01035066     19506.55
      7186.8     1.014792     2.874909   0.01831798     19508.99
        7187     1.015026     2.871051  0.008111656     19511.14
      7187.2     1.014758     2.879756   0.01399719     19512.17
      7187.4      1.01442     2.886454   0.01619132     19512.21
      7187.6     1.014422     2.886107   0.00416226     19510.41
      7187.8      1.01471     2.884004  0.001072274     19509.46
        7188     1.015004     2.883086   0.01347399     19509.49
      7188.2     1.015104     2.887312   0.01924532     19509.14
      7188.4     1.014953     2.896886   0.02465041     19510.65
      7188.6     1.014743       2.8994   0.02633549     19513.46
      7188.8     1.014847     2.902806   0.01482758     19515.09
        7189     1.015105      2.90838  -0.00112337     19515.93
      7189.2     1.015062     2.908748 -0.008107564     19516.64
      7189.4     1.014858     2.898501   0.02173016     19516.27
      7189.6     1.014993      2.89632   0.04183246     19515.42
      7189.8     1.015139     2.925764   0.09851677     19516.36
        7190     1.015356     2.942214    0.1782815     19517.44
      7190.2     1.015082     2.977315    0.1680211      19518.1
      7190.4     1.014699     3.038946    0.1487078     19517.41
      7190.6     1.014546     3.060181    0.1044009     19518.57
      7190.8     1.014324     3.061181    0.0142265     19521.86
        7191     1.014022     3.060836   0.02536212     19523.16
      7191.2     1.014191     3.050327   0.04733966      19523.1
      7191.4     1.014521     3.080471   0.03247576     19523.36
      7191.6     1.014703     3.099052   0.04878987        19524
      7191.8     1.014637     3.086816   0.01190621     19524.94
        7192     1.014507     3.089359  -0.05133994     19526.99
      7192.2      1.01421     3.089996  -0.08945207     19529.16
      7192.4     1.013912      3.05798   -0.1448358     19531.42
      7192.6     1.013821     3.015255    -0.175164     19531.93
      7192.8     1.013891      2.97349    -0.135469     19531.11
        7193     1.013896     2.949864  -0.07612195     19530.93
      7193.2     1.013895     2.949605 -0.009974622     19530.31
      7193.4     1.014041     2.954357  0.004662569     19530.78
      7193.6     1.014131      2.96551  -0.01791726     19532.59
      7193.8     1.014428     2.953594  -0.02075528     19534.53
        7194      1.01453     2.935271 -0.006391593     19536.88
      7194.2     1.014478     2.937753   0.02468746     19537.73
      7194.4      1.01438     2.960397   0.05775662     19537.43
      7194.6     1.014414     2.973344   0.09090582     19539.87
      7194.8     1.014718     2.981477   0.06379564     19540.29
        7195     1.015068     3.010477   0.03717174     19539.22
      7195.2     1.015216     3.011434   0.04934586     19540.58
      7195.4     1.015379     3.003082   0.03850454     19542.26
      7195.6     1.015385     3.020953   0.01854393     19541.88
      7195.8     1.015542     3.041281 -0.001255296     19540.95
        7196     1.015729     3.026269  -0.01478392     19539.97
      7196.2     1.016059     3.002078  -0.04662296     19541.58
      7196.4     1.016222     3.009126  -0.04103833     19543.52
      7196.6     1.015816     3.003983  -0.03265405     19545.65
      7196.8     1.015675     2.993438  -0.06070574     19547.44
        7197     1.016161     2.975954  -0.03872038     19547.22
      7197.2     1.016432     2.960562    -0.014258      19547.6
      7197.4     1.016484     2.973006  0.009813713     19548.84
      7197.6      1.01694     2.982032   0.02718377     19550.66
      7197.8     1.017392     2.983805  -0.01260154     19553.05
        7198     1.017383     2.982309  -0.04660077      19554.5
      7198.2     1.017039     2.962925  -0.04830897     19555.17
      7198.4     1.016698     2.944751  -0.03119438     19554.23
      7198.6     1.016774     2.945158  0.007562782     19552.81
      7198.8     1.016998     2.957353   0.02312491     19553.66
        7199     1.017323     2.968975 -0.004718568     19555.51
      7199.2     1.017622     2.963251  -0.04595096     19557.45
      7199.4     1.017346     2.941383  -0.06099181     19557.15
      7199.6     1.017105     2.920592  -0.01496099     19555.87
      7199.8     1.017262     2.920182   0.02096762     19557.43
        7200     1.017982     2.951282   0.04525439     19558.89
      7200.2     1.018358     2.958157    0.0277492     19560.45
      7200.4     1.018444     2.956796  -0.03327056     19562.79
      7200.6     1.018365     2.942381  -0.04966054     19563.92
      7200.8     1.018424     2.924666  -0.06297117     19564.01
        7201     1.018442     2.918429  -0.03973116     19564.88
      7201.2     1.018711     2.906419 -0.003863018     19564.83
      7201.4     1.018786     2.910596   0.01088224     19563.62
      7201.6     1.018339     2.921575   0.02425516     19564.44
      7201.8     1.018208     2.927135  0.008497596     19564.84
        7202     1.018552     2.925823  -0.02357723     19565.02
      7202.2       1.0188     2.917394  -0.05700675     19567.59
      7202.4     1.018844     2.902714  -0.06233606     19569.69
      7202.6     1.018978     2.881529  -0.05521034      19570.7
      7202.8     1.019138     2.875954  -0.01903069     19572.29
        7203     1.019328     2.873226   0.01933643      19573.9
      7203.2     1.019322     2.887489  -0.01276395     19573.97
      7203.4     1.019029     2.896999  -0.03637078     19574.91
      7203.6     1.018606     2.865743  -0.04212754      19575.1
      7203.8     1.018579      2.84413  -0.06522453     19574.37
        7204     1.018793     2.853787  -0.04555364      19573.4
      7204.2     1.018875     2.844819  -0.03577765     19575.17
      7204.4     1.018906       2.8293  -0.04727538     19578.39
      7204.6     1.018998     2.815507  -0.03294056     19580.48
      7204.8     1.019205     2.815967  -0.01370798     19579.97
        7205     1.019253     2.818466   0.01625848     19578.79
      7205.2     1.019558     2.818334 -0.0005879885     19582.05
      7205.4     1.019632     2.828514  -0.02939286     19584.94
      7205.6     1.019246     2.815496  -0.02299583     19584.74
      7205.8      1.01918     2.794952  -0.02560187     19584.54
        7206     1.019294     2.799937  -0.01740055     19584.89
      7206.2     1.019144     2.808033 -0.0003434203     19584.79
      7206.4     1.019298     2.801576 -0.004083338     19584.42
      7206.6     1.019756     2.794677 -0.004467542     19585.94
      7206.8     1.019664     2.796671   0.02582116     19587.85
        7207      1.01959     2.804459   0.04729748      19588.8
      7207.2     1.019998     2.822233   0.02257044     19590.54
      7207.4     1.020044     2.832515  -0.01063258     19590.82
      7207.6     1.019844     2.814727  -0.03107331     19591.89
      7207.8     1.019398     2.795953  -0.02794849     19594.02
        7208       1.0192     2.797374 -0.001452775     19594.35
      7208.2     1.019412     2.810157   0.01571328     19593.85
      7208.4      1.01945     2.813565  0.003113605     19593.83
      7208.6     1.019301     2.808523 -0.006015911      19593.9
      7208.8     1.019399     2.799865   -0.0280562     19594.06
        7209     1.019433     2.805344  -0.03951752     19594.18
      7209.2     1.019291      2.79112 -0.006764398     19595.01
      7209.4     1.019204     2.776909   0.01448163     19595.37
      7209.6     1.019134     2.794453   0.03574649     19595.37
      7209.8     1.019015     2.816929   0.04369221     19595.59
        7210     1.018753     2.819717   0.02803897     19596.36
      7210.2      1.01853     2.811863    0.0235956     19599.61
      7210.4     1.018437     2.816885   0.02580846     19603.39
      7210.6      1.01814     2.835806    0.0227307        19604
      7210.8     1.018052     2.840364  0.009693476      19603.5
        7211     1.018253     2.830048  -0.01130881     19603.26
      7211.2     1.018193     2.824639   0.00239797     19602.84
      7211.4     1.018075     2.826759   0.02384263     19602.84
      7211.6     1.017796     2.842282   0.03754703     19602.33
      7211.8     1.017558     2.849122   0.06312406     19602.93
        7212     1.017323     2.854677   0.06740269     19602.05
      7212.2     1.016924     2.877258   0.08086504     19603.37
      7212.4     1.016477     2.896204   0.09568375     19605.39
      7212.6     1.016296     2.913814   0.06024212     19606.53
      7212.8     1.015994     2.931224   0.03528557     19608.56
        7213     1.015746     2.925452   0.01268754     19609.42
      7213.2      1.01558     2.924433 -0.001032882     19608.73
      7213.4     1.015295     2.923964   0.02630415     19609.92
      7213.6     1.014962     2.930398   0.02357118     19611.79
      7213.8     1.015092     2.946495 0.0001153712     19612.63
        7214     1.015314      2.94329  -0.01045721     19613.66
      7214.2     1.015043     2.924056  -0.02058568     19614.27
      7214.4     1.014745     2.922032 -0.008442824      19613.7
      7214.6      1.01444     2.930026   0.04023563     19613.24
      7214.8     1.013994     2.936535   0.07366674     19612.95
        7215     1.013681     2.956244   0.07877199     19613.61
      7215.2     1.013384     2.980965   0.07740513     19615.82
      7215.4     1.013137     2.993044   0.08099178     19617.35
      7215.6     1.012927     2.998459     0.074328     19618.05
      7215.8     1.012488     3.021038   0.05520083     19618.28
        7216     1.011957     3.040428    0.0678252     19618.15
      7216.2     1.011403     3.037205   0.03199184     19618.34
      7216.4     1.011206      3.05272  0.007329537     19618.42
      7216.6     1.011103     3.046631    0.0214958     19617.72
      7216.8     1.010794     3.046291 -0.005415211     19618.13
        7217     1.010764     3.054401  0.005309212     19617.66
      7217.2      1.01092     3.048387   0.01807342     19618.35
      7217.4     1.010738     3.050879   0.03274895     19621.68
      7217.6     1.010193      3.06075   0.04781722     19622.87
      7217.8     1.009677       3.0806   0.02092878     19622.76
        7218     1.009255     3.086641  -0.01066249     19624.75
      7218.2     1.009009     3.067622  -0.02723954     19626.58
      7218.4     1.008866      3.05222  -0.02787218     19626.28
      7218.6     1.008411     3.058809   -0.0125339     19627.01
      7218.8     1.008069     3.064343  0.001017061     19629.33
        7219     1.008042     3.057595  -0.01110657     19631.01
      7219.2     1.007983     3.053034   -0.0138457      19631.5
      7219.4     1.007966     3.049924   0.01035723     19631.08
      7219.6     1.007795     3.053267   0.03864212      19631.5
      7219.8     1.007412      3.06588   0.05984653     19632.81
        7220     1.006995     3.083948   0.07561603     19633.26
      7220.2     1.006729     3.097801   0.07839369     19632.94
      7220.4     1.006462      3.11376   0.05857048     19633.72
      7220.6     1.006512     3.128595   0.02707585     19635.76
      7220.8     1.006415     3.130804 -0.002894361     19637.49
        7221     1.006597     3.119461  -0.02164172     19637.86
      7221.2     1.006692     3.111444  -0.01306067     19638.51
      7221.4     1.006542     3.111282   0.02717131     19638.19
      7221.6     1.006357     3.120355   0.03925956     19638.95
      7221.8     1.005954     3.141198   0.03382822     19639.16
        7222     1.005467     3.142852  0.008820526     19640.22
      7222.2     1.005222     3.138345  -0.03424925     19641.93
      7222.4     1.004902     3.127412  -0.05799616     19642.12
      7222.6     1.004749     3.113799  -0.07174984     19642.58
      7222.8      1.00488     3.096455  -0.05087814     19643.11
        7223     1.004572     3.080945  -0.02423285     19643.35
      7223.2     1.004032     3.086709 -0.002386856     19644.32
      7223.4     1.004064     3.094413  -0.02130274     19646.27
      7223.6     1.004514     3.094545  -0.06434265     19647.72
      7223.8     1.004664     3.063903  -0.06614633     19647.06
        7224      1.00463     3.035235  -0.03433225     19647.14
      7224.2     1.004378     3.041496  0.006147762     19648.36
      7224.4     1.004112      3.06708  0.002272429        19650
      7224.6     1.003761     3.068821  -0.03176736     19651.19
      7224.8     1.003396     3.037053  -0.05326467     19651.88
        7225     1.003117     3.016082   -0.0361229     19653.28
      7225.2     1.002701     3.024468   0.01128154     19652.47
      7225.4     1.002343     3.039922    0.0576683     19651.26
      7225.6     1.002068     3.046078   0.04431756     19653.73
      7225.8     1.001698     3.062216  0.003699965     19655.71
        7226     1.001532     3.059922 -0.002571036     19655.03
      7226.2     1.001798     3.042882  -0.02271057     19654.88
      7226.4     1.001813     3.044022  -0.03187239     19656.25
      7226.6     1.001306     3.044048 -0.009342672     19656.48
      7226.8     1.000962     3.034424 -0.001442044      19655.8
        7227     1.000842     3.035408  -0.02094832        19656
      7227.2     1.000633     3.042868  -0.05871632     19655.71
      7227.4     1.000542     3.027289  -0.08784564     19656.45
      7227.6     1.000321     2.987451  -0.08770533     19658.88
      7227.8    0.9995003     2.965132  -0.07832275     19658.71
        7228    0.9987648     2.972704  -0.04103224     19658.34
      7228.2    0.9986604     2.964631  -0.02159705     19660.62
      7228.4    0.9982649     2.954625   -0.0538031     19660.48
      7228.6    0.9977613     2.947854  -0.04079179     19661.53
      7228.8    0.9978023     2.929661  -0.02932006     19663.57
        7229    0.9978574     2.931998  -0.03119092     19664.52
      7229.2     0.997898     2.931169  -0.01721175     19666.75
      7229.4    0.9977239     2.922901  -0.02651071     19668.48
      7229.6    0.9972953     2.915892    -0.027636     19668.13
      7229.8    0.9967816     2.910789  -0.03785044     19667.14
        7230    0.9964379      2.90906  -0.05308686      19667.4
      7230.2    0.9960805     2.892621  -0.04197254     19667.12
      7230.4    0.9956554     2.873422    -0.029411     19666.32
      7230.6    0.9952831     2.877211  -0.02105255     19667.92
      7230.8    0.9950625     2.885532  -0.01905719      19669.2
        7231    0.9949652     2.875779  -0.03953798     19667.97
      7231.2    0.9945633     2.858176  -0.06296748     19667.84
      7231.4    0.9943157     2.845581   -0.0680085     19670.03
      7231.6    0.9943966     2.835158  -0.04761937     19672.38
      7231.8    0.9943135     2.821372  -0.02539362      19672.9
        7232    0.9939457     2.820081  -0.02137028     19673.19
      7232.2    0.9937025     2.825266 -0.006323124      19673.4
      7232.4    0.9936194     2.818061  -0.01571491     19673.61
      7232.6    0.9934636     2.816314  -0.03960286      19675.8
      7232.8    0.9933946     2.807509  -0.03454344     19676.11
        7233    0.9931196     2.793584  -0.03367429     19675.34
      7233.2    0.9928774     2.790427  -0.04194007      19675.6
      7233.4    0.9927754     2.789374  -0.02629581      19676.1
      7233.6    0.9925664     2.773957 -0.002791645     19676.26
      7233.8    0.9924201     2.772547  0.003393724     19676.58
        7234    0.9922196     2.788193   0.01783323     19677.74
      7234.2    0.9920042     2.792089   0.01323889     19679.07
      7234.4    0.9918823     2.788224  -0.01531147     19678.69
      7234.6    0.9915588     2.783138  -0.03010909     19676.89
      7234.8    0.9914386     2.775944   -0.0298389     19676.77
        7235    0.9919732     2.768002  -0.02188934     19678.53
      7235.2      0.99235     2.764352  -0.02064464     19679.92
      7235.4    0.9919471     2.765627   -0.0150101     19680.81
      7235.6    0.9913786     2.759428  -0.02469789     19682.07
      7235.8    0.9911923     2.755994  -0.02901112     19684.27
        7236     0.991174     2.744594  -0.01785621     19685.37
      7236.2    0.9912538     2.742418  -0.01135364     19685.38
      7236.4    0.9913597     2.745143 -0.004629009     19685.43
      7236.6     0.991441     2.746911 -0.007639999     19686.57
      7236.8    0.9909866     2.740891  -0.01000866     19686.53
        7237    0.9907704     2.736306  -0.01967751     19687.93
      7237.2    0.9909026     2.737137  -0.02921353     19689.77
      7237.4    0.9910657     2.731169  -0.03583744     19691.96
      7237.6     0.991124      2.71752  -0.03028841     19695.12
      7237.8    0.9908642     2.707636   -0.0177142     19696.74
        7238    0.9905905     2.712906  -0.02192975     19695.92
      7238.2    0.9905521     2.716998  -0.02451195     19693.65
      7238.4    0.9904912     2.699976  -0.01296199     19692.26
      7238.6    0.9903025     2.688026 -0.003532046     19692.77
      7238.8    0.9904403     2.702536   0.01174612     19693.94
        7239    0.9907897     2.714172   0.01479296     19694.99
      7239.2    0.9911185     2.709373  0.004017295     19697.59
      7239.4    0.9913832     2.699861   0.01150689     19699.05
      7239.6    0.9912481      2.70575   0.02892393     19699.73
      7239.8     0.991275     2.723377    0.0427018     19700.24
        7240    0.9917668     2.732512  0.009896823     19700.96
      7240.2    0.9920379     2.734022  -0.03525521     19702.31
      7240.4      0.99234     2.713667  -0.03629718     19702.61
      7240.6    0.9927887     2.695173  -0.01659239     19701.83
      7240.8      0.99296     2.703475   0.02185999     19702.74
        7241    0.9926619     2.720748   0.04022492     19703.26
      7241.2    0.9923017     2.731155   0.01498529     19702.08
      7241.4    0.9923215     2.727353  -0.02155756     19703.22
      7241.6    0.9924285     2.715463   -0.0551993     19705.43
      7241.8    0.9924065     2.703502  -0.07196052     19704.89
        7242    0.9925297     2.686996  -0.06733005     19704.46
      7242.2    0.9927957     2.669785  -0.05195539     19705.52
      7242.4     0.992997     2.661599  -0.03791647     19706.73
      7242.6    0.9932186     2.661938  -0.02167154      19709.3
      7242.8    0.9935154     2.656663  -0.01750452     19709.86
        7243    0.9935886     2.652448  -0.02533215     19710.48
      7243.2    0.9936509     2.647595  -0.04598473     19713.19
      7243.4    0.9936048     2.641672  -0.06745633     19712.71
      7243.6    0.9934623     2.619875  -0.03974101     19712.17
      7243.8    0.9933908     2.598483 -0.002004405     19712.07
        7244    0.9936344     2.615802    0.0433335     19713.11
      7244.2    0.9938618     2.640068   0.08957199     19715.86
      7244.4    0.9942813     2.654542    0.0902266     19717.72
      7244.6    0.9945517      2.67014    0.1226045     19717.62
      7244.8    0.9947923     2.687984    0.1728029     19717.41
        7245    0.9955546     2.738152    0.1885193     19718.33
      7245.2    0.9962222     2.792784    0.2510114      19719.4
      7245.4    0.9964507     2.820956    0.2880731     19719.21
      7245.6    0.9966283     2.888793    0.2326774      19718.8
      7245.8     0.997021     2.968611    0.1778098     19719.44
        7246    0.9974526     2.978926    0.0905862     19717.93
      7246.2    0.9976356     2.963203 -0.003248846     19716.19
      7246.4     0.997683     2.961262  -0.07193542     19717.43
      7246.6    0.9978336     2.966011  -0.09986088     19717.51
      7246.8    0.9980601     2.921378   -0.1009221      19720.2
        7247    0.9980406     2.883315    -0.108798     19720.74
      7247.2    0.9982508     2.880524  -0.08442443     19721.55
      7247.4    0.9985033     2.878973   -0.0681665     19722.76
      7247.6      0.99862     2.853838  -0.07765748     19724.24
      7247.8    0.9987599     2.828782  -0.09760868      19725.4
        7248    0.9987846     2.818398  -0.08860712     19726.31
      7248.2    0.9990238     2.800886  -0.05451358     19727.05
      7248.4    0.9992039     2.782953  -0.04814036     19727.35
      7248.6    0.9990947     2.785171  -0.04145723     19728.37
      7248.8    0.9992003     2.779886  -0.00220399     19728.76
        7249    0.9993414      2.76772  0.007358399     19728.37
      7249.2    0.9995001     2.781189   0.02549073     19728.52
      7249.4    0.9999251     2.791057    0.0463592     19728.68
      7249.6     1.000314     2.800278   0.04429467     19729.38
      7249.8     1.000836     2.804808   0.04457605     19731.73
        7250     1.000872     2.816625   0.01111049     19731.75
        7252     1.002728      2.78079 -0.0004458493     19740.41
        7254     1.005062     2.761764 -0.004013762     19746.82
        7256     1.007551     2.785994 -0.0008586279     19753.71
        7258     1.010484     2.769161  0.002174576     19763.18
        7260     1.012459     2.773921 -0.003814869     19768.73
        7262     1.014707     2.779161 -0.005075809     19773.93
        7264       1.0156     2.755475 0.0005333517     19782.72
        7266     1.017413     2.728555  0.001451466     19791.91
        7268     1.018184     2.778188  0.006241609     19793.83
        7270     1.018983     2.790773   0.01157291     19800.94
        7272      1.01931     2.805408   0.01349759     19808.78
        7274     1.018538     2.821138  0.006232458     19817.11
        7276     1.017901     2.886168  0.005594097     19826.71
        7278     1.017241     2.840632   0.00578708     19831.68
        7280     1.016258      2.85016 -0.004683942      19838.9
        7282     1.014827     2.867434  0.004813228     19839.87
        7284     1.014208     2.848697  0.004002458     19849.96
        7286     1.012402     2.879138    0.0050007     19857.62
        7288     1.010477      2.88218  0.001912748     19861.81
        7290     1.008848      2.90744 -0.002947469      19868.7
        7292     1.007558     2.863999  -0.01064998     19875.88
        7294       1.0073     2.855558  -0.01808123     19885.32
        7296      1.00544      2.79698  -0.01539205     19891.19
        7298     1.004373      2.76279  -0.01929525     19895.52
        7300     1.004285     2.740862  -0.01394938     19903.46
        7302     1.003385     2.701196  -0.00993434     19910.78
        7304      1.00319     2.685385  -0.01108841     19915.84
        7306     1.002596     2.683315 -0.007919403     19921.29
        7308     1.002574     2.652155 -0.004554806     19928.14
        7310     1.002406     2.637841 -0.003289576     19933.99
        7312     1.002237     2.648947 -0.0006828007     19939.54
        7314     1.002079     2.656999      0.00159     19944.73
        7316      1.00187     2.646693 -0.000998951     19951.21
        7318     1.001714     2.650561  -0.00351323     19957.95
        7320     1.002097     2.640955  0.004459605     19968.79
        7322     1.002379     2.628893  0.004114804     19973.83
        7324     1.001965      2.68237 -0.009662252     19979.14
        7326     1.001864      2.68348 -0.009798137     19982.14
        7328     1.000771     2.563657 -0.009278878     19987.58
        7330     1.000744     2.550508  -0.01164783     19998.39
        7332     1.000389     2.608139  0.003819984      20003.4
        7334     1.000474     2.590297  0.004382001     20007.77
        7336     1.000319     2.594217 -0.002455931     20011.08
        7338     1.000251     2.585564 8.827133e-06     20020.69
        7340    0.9997157     2.588491  0.001394611     20024.68
        7342    0.9994379     2.590368  0.002992022     20032.78
        7344    0.9996848     2.605374  0.007863511     20038.03
        7346      1.00019       2.6095   0.01339942     20043.88
        7348       1.0007     2.651399   0.01111697     20054.14
        7350     1.000068     2.697563  0.009446646     20056.71
        7352      1.00044      2.69431  0.004511973     20062.42
        7354      1.00041     2.685073 -0.001292636     20068.46
        7356     1.000672     2.687495  0.003175514     20076.06
        7358      1.00036     2.687222  0.005773825     20082.54
        7360    0.9997913     2.719714  0.004326249     20086.42
        7362    0.9997234     2.731264  0.004998434        20092
        7364     1.000151     2.722105 -2.943739e-05     20098.87
        7366    0.9996626     2.727209 -0.004009517     20106.54
        7368     1.000418     2.719478 -0.003598652     20112.62
        7370     1.000442     2.699188 -0.007880818     20122.66
        7372    0.9995151     2.693316  -0.01045043     20123.72
        7374    0.9992842     2.664163  -0.01185441     20126.58
        7376    0.9999227     2.635875  -0.01492743     20135.99
        7378    0.9993701     2.604352  -0.01672411     20141.27
        7380    0.9989978     2.573896  -0.01496337     20146.89
        7382    0.9989866      2.53037  -0.01354622     20154.04
        7384    0.9986434     2.516168  -0.01017411     20161.67
        7386    0.9985407     2.495983 -0.005311747     20164.61
        7388    0.9983358     2.492503 -0.002262879     20170.68
        7390    0.9983941     2.487876 -0.0004743342     20178.02
        7392    0.9984895     2.498065  0.001174976      20183.7
        7394    0.9980561     2.492188  0.003752765     20189.95
        7396    0.9978344     2.501903 0.0002434697     20197.33
        7398    0.9979942     2.517898  0.001220197     20200.42
        7400     0.998256     2.500013 -0.0006299355      20205.2
        7402    0.9970142      2.50195 -0.002343438     20209.51
        7404    0.9975249     2.496864 0.0001774307     20216.92
        7406    0.9981522     2.499151 -0.002572478     20225.08
        7408    0.9971676     2.501432 -0.002655177      20229.4
        7410    0.9968957      2.48137 -0.004955087     20236.58
        7412    0.9967198     2.475622  -0.00412973     20244.06
        7414    0.9962361      2.45951 0.0009560832     20251.77
        7416    0.9967519     2.468394  0.003802228     20259.48
        7418    0.9970057     2.489018   0.00345834     20263.49
        7420    0.9968985      2.50604 0.0002008348     20267.58
        7422    0.9962929     2.487177 -0.003340361     20271.52
        7424    0.9959289     2.470001 -0.006568606     20276.19
        7426    0.9958341     2.462296 -0.003972129     20280.45
        7428     0.995626     2.453491 -0.002481518     20287.36
        7430    0.9956234       2.4554 -0.0008652331     20297.55
        7432    0.9958912     2.450149 -0.000241618     20300.28
        7434    0.9957469     2.455374 -0.001615015     20306.05
        7436    0.9954296     2.451558 -0.001911246     20310.61
        7438    0.9950657     2.442479 0.0003929934     20315.55
        7440    0.9949256     2.434859  0.001610344     20323.33
        7442    0.9951653     2.458518  0.003698216     20330.76
        7444    0.9947968     2.464441   0.00606562     20330.92
        7446    0.9948542     2.472065  0.002015688     20339.71
        7448    0.9949762     2.483384 0.0009759955     20344.94
        7450    0.9949263     2.474643  0.002101909     20352.93
        7452    0.9948634     2.472249 -0.001233288     20355.78
        7454    0.9950523      2.48888 -0.0003657089     20359.93
        7456    0.9948972     2.473517 -0.001172936      20367.8
        7458    0.9948619     2.471717 -0.002547275     20372.79
        7460    0.9952716     2.462866 -0.002800081      20375.6
        7462    0.9953979     2.468502 -0.004162441     20383.62
        7464    0.9955119     2.451117 -0.003497041     20390.96
        7466    0.9952402     2.438418 -0.004293861        20393
        7468     0.994663     2.434889 -0.003982739     20401.61
        7470    0.9950029     2.434151 -0.004321171     20405.11
        7472    0.9950669     2.419255  -0.00329689     20409.54
        7474    0.9953304     2.403849  -0.00539272     20416.31
        7476    0.9952275     2.408514 -0.003433067     20423.39
        7478    0.9948408      2.39101 -0.001912105      20429.3
        7480    0.9948223      2.39179 -0.003642041     20435.53
        7482    0.9946788     2.388552 -0.003437063      20439.9
        7484    0.9949955     2.379378  -0.00557282     20442.15
        7486    0.9950665     2.363513 -0.004880753     20448.44
        7488    0.9948141     2.347208 -0.005254831     20450.85
        7490    0.9944374     2.349506 -0.005353642     20456.79
        7492    0.9951011     2.337339  -0.00234262     20465.68
        7494    0.9955063     2.320684 -0.003582823     20470.48
        7496    0.9950999     2.328467 -0.002850741     20472.83
        7498    0.9953702     2.320843 0.0002014518     20481.25
        7500    0.9955666     2.314533 -0.001137232     20487.18
        7502    0.9956105     2.322296 3.133878e-05     20490.06
        7504    0.9958463     2.319369  0.002703696     20497.68
        7506    0.9954305     2.321094   0.00185182     20503.09
        7508    0.9954837     2.336163  0.001200712      20507.6
        7510    0.9959989      2.33711 -0.002508701     20511.23
        7512     0.995822     2.328975  -0.00752449     20511.89
        7514    0.9956276     2.301024 -0.005950739     20516.61
        7516    0.9955117     2.275967 -0.003203644     20519.02
        7518    0.9952859     2.289504 -0.001048946     20511.21
        7520    0.9950417     2.303345  0.002227274     20496.93
        7522    0.9951697     2.292633 0.0002096606     20494.12
        7524    0.9957651     2.293785 -0.002565266      20405.6
        7526    0.9962471     2.291182 -0.0006218983     20189.59
        7528    0.9934679     2.282823 -0.001643054     20250.67
        7530    0.9949547     2.287658 -0.002137145      20236.1
        7532    0.9938755     2.280641 -0.001684886     20342.69
        7534    0.9952675     2.274084 0.0001538908     20553.37
        7536    0.9953399     2.269344  0.001778104     20541.33
        7538    0.9952497     2.288889 0.0005045955     20543.29
        7540    0.9950172     2.294866 0.0008673882     20567.84
        7542    0.9948272     2.278121 -0.001416214     20589.32
        7544    0.9950808     2.276283 -0.003766034     20594.78
        7546    0.9952813     2.277559 -0.001463987     20602.22
        7548    0.9952267     2.264737  -0.00113476     20604.02
        7550    0.9947358     2.266409 -0.002569553     20603.76
        7552    0.9949097     2.267205 -0.0009969917     20612.24
        7554    0.9949833     2.257002 -0.0006587546     20617.95
        7556    0.9948064     2.256761 -0.0009775026     20621.87
        7558    0.9949553     2.261139 0.0005010572     20627.85
        7560    0.9947749     2.259385  0.000490403     20633.55
        7562    0.9948671     2.261011 -0.001009067     20641.88
        7564    0.9951953     2.260685 -0.002429958     20645.28
        7566    0.9956976     2.253067 -0.001977767        20650
        7568    0.9953655     2.239946 -0.001484286      20654.1
        7570    0.9952061     2.245189 -0.002427303     20656.76
        7572    0.9957863      2.24881 -0.002476571     20665.26
        7574    0.9959792     2.233648 -0.003372341     20667.43
        7576    0.9957918     2.220133  -0.00424859     20673.36
        7578    0.9958047      2.21821  -0.00476463     20674.24
        7580    0.9958247     2.214822  -0.00352527     20677.76
        7582    0.9964515     2.195531 -0.003822484     20681.77
        7584     0.996558     2.191931 -0.003054805     20683.94
        7586    0.9963112      2.18763 -0.001636335     20688.61
        7588    0.9958919     2.190383 -0.001689222     20688.14
        7590    0.9964733     2.182441 -0.001181111     20694.57
        7592    0.9965306     2.178417 -0.002289463     20698.97
        7594    0.9962982     2.178181  -0.00119663     20698.11
        7596    0.9967056     2.172067 1.845846e-06     20699.77
        7598    0.9967589     2.172867 -0.001007517     20705.38
        7600    0.9967203     2.178432 -0.0007561198     20711.68
        7602    0.9970239     2.170121 -0.001692818     20715.79
        7604    0.9966892     2.166018 -0.002613386     20720.47
        7606    0.9964989     2.159325 -0.003107438     20724.14
        7608    0.9967087     2.157525 -0.002710463     20730.49
        7610    0.9963346     2.145262   -0.0023965     20730.95
        7612    0.9966493     2.144335 -0.001893679     20731.47
        7614    0.9965335     2.140153  -0.00164281     20735.76
        7616    0.9965591     2.142375 0.0003555381     20742.55
        7618    0.9970775     2.132119  0.003097808     20749.23
        7620    0.9973552     2.147179 5.779272e-05     20753.35
        7622    0.9972093     2.164935 -9.978712e-07     20758.46
        7624    0.9967759     2.142838   -0.0021397     20758.43
        7626    0.9968516     2.132111 -0.004549451     20761.61
        7628    0.9969378     2.130061 -0.002516646     20765.99
        7630    0.9969965      2.12854 -0.001490267        20771
        7632    0.9969615     2.122705 -0.002055242     20776.57
        7634    0.9971122     2.120189  -0.00223129     20776.37
        7636    0.9972099     2.113619 -0.002398794     20781.65
        7638    0.9973003     2.110689 -0.002183335     20787.73
        7640    0.9976093     2.103514 -0.001818171      20794.4
        7642    0.9972957     2.102722 -0.003550669     20796.83
        7644    0.9970511     2.099074 -0.004185891     20801.54
        7646    0.9976694     2.082284 -0.002687944     20811.52
        7648    0.9977134     2.070027 -0.002627707     20811.12
        7650    0.9976944     2.081219 -0.001824361     20815.24
        7652    0.9975299     2.078052 -0.0003120368     20816.74
        7654    0.9975787     2.067689 -0.001431821     20819.26
        7656    0.9976661     2.067531 -0.002633594     20825.73
        7658    0.9974569     2.069764 -0.0007631776     20830.58
        7660    0.9977901     2.056984 0.0001251315     20839.66
        7662    0.9971678     2.061584 -0.0005735384     20840.34
        7664    0.9971905     2.068532 0.0002358216     20840.49
        7666    0.9972571     2.065176 4.506124e-05     20845.42
        7668    0.9972783      2.05887 -0.001312744     20847.38
        7670    0.9978571     2.061944 -0.0005880238     20854.28
        7672    0.9977762      2.05803 -0.0008329055     20858.42
        7674    0.9981935     2.060472 -0.001481068     20863.56
        7676    0.9982581     2.052207 -0.0008877437     20865.64
        7678    0.9979583     2.050096 -0.001331773     20870.09
        7680    0.9981119     2.050928 -0.0006382114     20873.85
        7682     0.998128     2.049818 -0.000184409     20875.43
        7684    0.9987631     2.047101 -0.001135134     20882.28
        7686    0.9988087      2.04862 -0.001801273     20883.76
        7688     0.998624     2.041847 -0.002368732      20891.8
        7690    0.9984186     2.035407  -0.00152268     20894.38
        7692    0.9984146     2.028152 -0.001904839     20895.36
        7694    0.9984237     2.036439 -0.002598783     20902.22
        7696    0.9984436     2.026608 -0.001349039     20907.68
        7698    0.9988994     2.014617 -0.002610165     20912.72
        7700    0.9987655     2.017359 -0.002461567     20912.09
        7702    0.9989607     2.015558  -0.00187016     20914.75
        7704    0.9990492     2.006916  -0.00259254     20922.15
        7706    0.9991793     1.999656 -0.001416512      20925.9
        7708    0.9986839     1.996619 -0.0006778029     20926.44
        7710    0.9987091     2.004226 -0.0002699645     20933.77
        7712    0.9989103     2.001493 -0.0001356353     20937.73
        7714    0.9992484     1.997496 -0.001505428     20939.26
        7716    0.9993505     1.995534 -0.001279644     20943.72
        7718    0.9990102     1.992182 -0.001271533     20947.88
        7720    0.9992759     1.991256 -0.0005583403     20953.49
        7722     0.999469     1.987324  0.000380103     20954.57
        7724    0.9992832     1.991067  0.001041278     20955.42
        7726    0.9991586     1.995223 0.0004955232     20958.19
        7728    0.9990056     1.999586 -0.001410405     20961.37
        7730    0.9991093     1.991288 -0.003848071     20963.93
        7732     0.999608     1.979784 -0.004530859     20963.95
        7734    0.9993662     1.964438 -0.002824473     20967.25
        7736    0.9990666     1.963339 -0.001850578     20972.46
        7738    0.9993818     1.968692 0.0001256721      20979.6
        7740    0.9996703     1.964979 -0.0006635087     20979.33
        7742    0.9996379     1.965444 -0.002646256     20980.04
        7744      0.99969     1.958031 -0.001409905     20984.74
        7746    0.9997907     1.947522 -0.001716018     20989.86
        7748     0.999882       1.9537 -0.001709943     20991.82
        7750     1.000007     1.951716 -0.0005133685     20997.32
        7752     1.000618     1.944352 -0.001231943     21003.15
        7754     1.000775     1.943415 -0.0008394997      21005.7
        7756     1.000544     1.943844 -0.0003577618     21006.95
        7758     1.000744        1.945 -8.245887e-06     21009.34
        7760     1.001136      1.94149 -0.0007698894      21017.4
        7762     1.000725     1.943349 -0.002139454     21019.14
        7764     1.000515     1.937685 -0.002286328     21021.33
        7766     1.000466     1.927884  -0.00301532     21023.81
        7768     1.001094     1.923199 -0.002371915     21027.16
        7770     1.000708     1.919227 -0.001323037     21026.23
        7772     1.000997      1.91871 -0.001528248     21029.85
        7774     1.001229       1.9173  -0.00196353     21028.23
        7776      1.00142     1.910973 -0.001715293     21027.71
        7778     1.000707     1.903519 -0.001925321     21022.17
        7780     1.000938     1.904988 -0.001677193     21015.98
        7782     1.001055     1.901897 -0.0006332237     20984.03
        7784     1.002299     1.897556  -0.00137968     20737.91
        7786      1.00447     1.898453 -0.002505379     20148.61
        7788    0.9993607      1.89395 -0.001974622     20044.88
        7790    0.9994882     1.881854 -0.002292439     20239.39
        7792     1.001539     1.881759 -0.001614831     21040.68
        7794     1.001735     1.880113 -0.0005982073     21078.33
        7796     1.001599     1.881032 -0.001418657     21086.91
        7798     1.001445     1.877069 -0.001363721     21090.46
        7800     1.001411     1.870409 -0.001361998     21093.07
        7802     1.001808     1.869203 -0.001293895     21098.88
        7804     1.001827     1.870136 -0.0009237041     21100.14
        7806     1.001608     1.866717 -0.001061974     21103.94
        7808     1.001665      1.86302 -0.001338783        21107
        7810     1.001583     1.860708 -0.001535655     21109.35
        7812     1.001774     1.859425 -0.0009412761     21111.67
        7814     1.002004     1.854432 -0.001221374      21114.7
        7816     1.002172     1.855489 -0.001582586     21116.89
        7818     1.002039     1.850937 -0.0007378275     21117.23
        7820     1.002166     1.846765 -0.001353342      21119.6
        7822      1.00218     1.848529  -0.00157262     21123.83
        7824     1.002376     1.844663 -0.001608555     21126.07
        7826     1.002229     1.838356 -0.002055878     21127.76
        7828     1.002358     1.833896 -0.001760748     21131.36
        7830     1.002549     1.832082 -0.001605475     21134.46
        7832     1.002764     1.830577 -0.001342112     21139.17
        7834     1.002388     1.825512 -0.001014858      21141.8
        7836     1.002516     1.823159 -0.002069768     21145.03
        7838     1.002848     1.823964 -0.0009416439     21147.12
        7840     1.002778     1.814019 -0.0006068612     21154.26
        7842     1.002796     1.817979 -0.002431005     21155.52
        7844     1.003116     1.818304 -0.002732907     21157.36
        7846     1.003267     1.804516  -0.00297407     21161.71
        7848     1.003002     1.792155 -0.001784375     21164.13
        7850     1.003356     1.794186 0.0009461254     21166.47
        7852     1.003606     1.804029  0.001535001     21171.55
        7854     1.003617     1.812085  0.000480467      21168.8
        7856     1.003042     1.804435 -0.001008426     21170.68
        7858     1.003048      1.79803  -0.00293204     21172.65
        7860     1.003289     1.795962 -0.002524058     21173.34
        7862     1.003593     1.788628 -0.002069462     21182.67
        7864     1.003504     1.784243 -0.001611788     21183.63
        7866     1.003649     1.781474 -0.001036852     21186.09
        7868       1.0036     1.783068 -0.001135732     21190.38
        7870     1.003582     1.780333 -0.0009421494        21195
        7872     1.003846     1.775157 -0.001517678     21198.22
        7874     1.003554     1.773937 -0.001804634     21199.04
        7876      1.00368     1.770926 -0.002123349     21200.75
        7878     1.003706     1.765896 -0.002848317      21204.8
        7880     1.003238      1.75817 -0.002565233     21206.87
        7882     1.003191     1.751151 -0.002183931     21210.78
        7884     1.003063     1.750404  -0.00118375     21213.22
        7886     1.003366     1.748425 -0.0006232064     21219.68
        7888     1.003568       1.7487 -0.0006695281     21220.77
        7890     1.003793     1.746165 -0.001060033     21222.93
        7892     1.003909     1.745048 -0.001786044     21226.23
        7894     1.003877     1.739945 -0.001987594     21226.53
        7896     1.003904     1.734412 -0.002376167     21233.04
        7898     1.003594     1.730264 -0.002489727     21235.36
        7900     1.003892     1.726039 -0.001585202     21238.65
        7902     1.003765     1.720027 -0.001284479     21241.96
        7904      1.00385      1.72173 -0.001218271     21242.98
        7906     1.003932     1.719988 -0.000710044     21245.49
        7908     1.004335     1.716293 -0.001400781     21250.71
        7910     1.004402     1.714346 -0.001539557     21253.83
        7912     1.004778     1.710524 -0.001143064     21257.92
        7914     1.004916     1.707672 -0.001406569     21201.44
        7916     1.005563     1.707148  -0.00144154     20925.16
        7918     1.005192     1.703094 -0.001124972     20659.18
        7920     1.004095     1.698992 -0.0009629063      20957.5
        7922     1.004782     1.698672 -0.0007310326     21181.25
        7924     1.005122     1.699445 -0.000705371     21234.43
        7926     1.005115     1.697246 -0.001205293     21246.04
        7928     1.005127     1.693349 -0.001750147     21255.26
        7930     1.005172      1.68903 -0.002368474     21256.65
        7932     1.005156     1.685444 -0.001552322     21260.41
        7934     1.005408     1.678298 -0.0009893787     21266.78
        7936     1.005262      1.68093 -0.0009609922     21271.13
        7938     1.005302     1.681115 -0.0005522219     21275.51
        7940     1.005387     1.677756  -0.00149856     21275.75
        7942     1.005571      1.67388 -0.002065834     21279.37
        7944     1.005816     1.668942 -0.001725738     21282.13
        7946       1.0059     1.664588 -0.001372045     21285.52
        7948     1.005673      1.66395 -0.001108324     21288.67
        7950     1.005567     1.662904 -0.0008975097     21289.22
        7952     1.005898     1.660075 -0.001141972     21291.21
        7954     1.005829     1.657408 -0.0009711044      21295.8
        7956     1.005911     1.654814 -0.001819059     21300.49
        7958     1.005809     1.655135   -0.0014243     21301.25
        7960     1.005473     1.645523 -0.001365311     21301.07
        7962      1.00559     1.646014 -0.001287876     21304.17
        7964     1.005818     1.643892 -0.0005937976     21306.48
        7966     1.005516     1.644832 -0.0007390629     21310.06
        7968     1.005495     1.640772 -0.0002025157     21312.81
        7970      1.00567     1.640101  -0.00177641     21316.64
        7972     1.005427     1.642272 -0.002218273     21315.97
        7974     1.005343     1.630621 -0.003635175     21317.08
        7976     1.005026     1.623026 -0.003084015      21317.9
        7978     1.005045      1.61102 -0.001297899     21322.13
        7980     1.005034     1.617599 -0.0008164286     21325.89
        7982     1.005103     1.620237 0.0003656652     21327.19
        7984     1.004906     1.616495 -0.0007329618     21329.53
        7986     1.005031     1.613945 -0.001829551     21332.98
        7988     1.005021     1.611736  -0.00152326     21335.72
        7990     1.004817     1.605601  -0.00168537     21338.63
        7992     1.004964     1.604309 -0.001629046     21339.26
        7994     1.004783     1.600462 -0.0007717944     21344.12
        7996     1.004824     1.598703 -0.001030939     21343.25
        7998     1.004723     1.599427 -0.0009259232     21344.38
        8000     1.004581     1.596061 -0.001175373     21347.19
        8002     1.004806     1.593055 -0.001635331     21350.54
        8004     1.004768       1.5893 -0.001272434     21352.49
        8006     1.004971     1.586344 -0.001085704     21355.59
        8008     1.004959     1.585882  -0.00113386     21358.71
        8010     1.004719     1.584369 -0.0007711602     21357.04
        8012     1.004562     1.580229  -0.00107221     21361.08
        8014     1.004819     1.580175 -0.001734535     21361.79
        8016     1.004733     1.577304 -0.001375137     21368.64
        8018     1.004574     1.570493 -0.001906801     21370.84
        8020     1.004415     1.569228 -0.001683932     21369.17
        8022     1.004351      1.56492 -0.001139444     21371.39
        8024     1.004262     1.563832 -0.001488483     21371.84
        8026     1.004084     1.561377 -0.001355817     21377.13
        8028     1.004034     1.557321 -0.001376115     21378.59
        8030     1.004143     1.554074 -0.001432063     21380.35
        8032     1.004128     1.552823 -0.001427212     21385.09
        8034     1.004028     1.549921 -0.001091551      21387.5
        8036     1.004238     1.545903 -0.001233941     21386.93
        8038     1.004265     1.545341  -0.00148849        21388
        8040     1.004181     1.542952 -0.001147681     21393.91
        8042     1.004103     1.538013  -0.00131561     21393.07
        8044     1.004074     1.536721 -0.001397772     21393.44
        8046     1.003996     1.534816 -0.001506348     21397.38
        8048     1.003891      1.53177 -0.001465249     21400.34
        8050     1.003961     1.525962 -0.001260876     21401.07
        8052      1.00393     1.524999 -0.001155788     21402.72
        8054     1.003742     1.524729 -0.001335239     21404.13
        8056     1.003677     1.522523 -0.001028177      21408.4
        8058     1.003911      1.51528 -0.001216942     21409.82
        8060     1.004092     1.516774 -0.001891499     21416.09
        8062     1.003632     1.514994 -0.001790284     21414.71
        8064     1.003813     1.507391 -0.002014756      21420.8
        8066     1.003932     1.500958 -0.001854012      21420.6
        8068     1.003893     1.500656  -0.00117347        21422
        8070     1.003562     1.500162 -0.0008448586     21420.78
        8072     1.003463     1.498004 -0.0007620395     21422.48
        8074      1.00311     1.494199 -0.001448412     21421.96
        8076     1.003094      1.49456 -0.001739297     21423.15
        8078     1.003194     1.488575 -0.001161579     21426.94
        8080     1.003436     1.484089 -0.001274217     21432.08
        8082      1.00288     1.484906  -0.00119438     21434.39
        8084     1.002892     1.484366 -0.001031935     21434.01
        8086     1.002808     1.479019  -0.00138829     21435.47
        8088     1.002887     1.475834 -0.001464172     21435.69
        8090     1.003029       1.4738   -0.0010273     21438.43
        8092     1.002853     1.472652 -0.001277496      21442.6
        8094     1.002797     1.470801 -0.001355704     21444.72
        8096     1.002486     1.465614 -0.001381465     21442.97
        8098     1.002153     1.462954  -0.00213795     21440.59
        8100     1.002225     1.461601  -0.00165928     21442.45
        8102     1.002323     1.453697 -0.001273216     21446.19
        8104     1.002483      1.45234 2.236573e-05     21452.94
        8106     1.002034     1.452769 0.0003518547     21452.69
        8108     1.002171      1.46178 -0.0002623654     21454.99
        8110     1.002196     1.456512 -0.0009979985     21456.82
        8112     1.001672     1.450241 -0.002429232     21458.27
        8114     1.001542     1.444785 -0.001900367     21457.83
        8116     1.001027     1.442346 -0.001170884     21457.36
        8118     1.001089     1.441309 -0.0006466138     21464.55
        8120     1.001235     1.440874 -0.0009024997     21467.22
        8122     1.000799     1.439612 -0.001040261     21459.74
        8124     1.000694     1.435126 -0.001568529      21463.8
        8126     1.000671     1.432987 -0.001555192     21465.66
        8128     1.000983     1.428325 -0.001320546     21468.89
        8130     1.000566      1.42717  -0.00127826     21469.89
        8132     1.000678     1.424561 -0.001181371     21468.68
        8134      1.00043     1.422761 -0.001774762     21468.87
        8136     1.000099     1.418874 -0.001841645     21470.99
        8138    0.9998333     1.412972 -0.001947828     21469.79
        8140    0.9997838     1.409828 -0.001524434      21470.5
        8142     0.999798     1.407179 -0.001055787     21472.82
        8144    0.9995297     1.406679 -0.0007263949     21473.98
        8146    0.9996704     1.404526 -0.0008366502     21474.55
        8148    0.9994362     1.404017 -0.001201375     21476.51
        8150    0.9994276     1.400485  -0.00120595     21479.23
        8152     0.999259     1.397068 -0.001631575     21480.31
        8154    0.9986424     1.394878 -0.001111416     21482.52
        8156    0.9983888     1.390965 -0.001001704     21483.52
        8158    0.9982387     1.391594 -0.001171665     21483.37
        8160    0.9980802     1.389054 -0.0008919402     21483.13
        8162    0.9980356     1.385505 -0.001278121        21485
        8164    0.9976315     1.383829 -0.001576185     21488.56
        8166    0.9978576     1.381369 -0.001302762     21487.92
        8168    0.9979139     1.376445 -0.001386908     21489.88
        8170    0.9974662     1.375083  -0.00126522     21488.49
        8172    0.9970609     1.372734 -0.000927286      21490.1
        8174     0.996631     1.371247  -0.00107905     21493.04
        8176    0.9963648     1.369027  -0.00131017      21493.4
        8178    0.9965715      1.36645 -0.001315942     21494.74
        8180    0.9964242     1.362252 -0.001404184     21494.92
        8182    0.9960919      1.36072 -0.001143658     21495.47
        8184    0.9960282     1.357793 -0.001011147      21493.3
        8186    0.9961196     1.357301 -0.0009214518     21494.56
        8188    0.9958355     1.354163 -0.0009006973     21496.61
        8190    0.9952452     1.353348 -0.001183739     21499.08
        8192    0.9953374     1.350588 -0.001133565     21499.84
        8194    0.9950411     1.347831 -0.001318192     21501.56
        8196    0.9949721     1.345095 -0.001607389     21505.01
        8198    0.9947963     1.342803 -0.001373074     21505.84
        8200    0.9944775     1.337728 -0.001270438     21506.42
        8202    0.9943829     1.336847 -0.001507492     21507.57
        8204    0.9938878     1.334931 -0.001218122     21506.22
        8206    0.9937374     1.330743 -0.001405723      21507.9
        8208    0.9937196     1.327983 -0.001383995     21510.27
        8210    0.9934057     1.325601 -0.001140326     21506.91
        8212    0.9932088     1.323859 -0.001260268     21506.03
        8214     0.993069      1.32162 -0.001319683     21505.92
        8216    0.9929933     1.317901  -0.00133537     21511.51
        8218    0.9924585     1.315043 -0.001032319     21509.11
        8220    0.9919865     1.313176 -0.0008769647     21508.79
        8222    0.9916995     1.313362 -0.0008777509     21509.24
        8224     0.991559     1.310886 -0.001074096     21509.59
        8226    0.9914615     1.308021  -0.00137575     21513.99
        8228    0.9910942     1.304584 -0.001275846     21511.49
        8230    0.9911226     1.302356 -0.0009637543     21514.14
        8232    0.9908299     1.300679 -0.000673581     21514.83
        8234    0.9905709     1.300311 -0.001245317      21518.5
        8236    0.9903199     1.299195 -0.001921679     21518.13
        8238    0.9901462     1.292393 -0.002018966     21517.87
        8240     0.990094     1.285305 -0.001824474     21520.06
        8242    0.9897641      1.28416 -0.001125283     21520.59
        8244    0.9893109     1.284599 -0.0006350533     21521.45
        8246    0.9889401     1.283391 -0.0008588693     21521.39
        8248    0.9884099     1.280225 -0.001079118      21521.5
        8250    0.9882839     1.277289  -0.00103087     21521.12
