# This file has been produced by extranormal (v 1.0.1 - February 23, 2017)
# O. Roudenko - Synchrotron SOLEIL. Covered by GPL licence.
#Data from HDF File: /nfs/ruche-rock/rock-soleil/com-rock/2021/Projets/20210209_Hilde/InSitu/10Ni-10Fe_50BN/10Ni-10Fe_50BN_RWGS750_CO2pulses_H2cst_ratio1/10Ni-10Fe_50BN_RWGS750_CO2pulses_H2cst_ratio1_00914.nxs to 10Ni-10Fe_50BN_RWGS750_CO2pulses_H2cst_ratio1_00915.nxs
#Time at start=2021-02-10 14:42:38.997
#Time from start (seconds)=4569.08181562
#Sample temperature (C)=24.8
# Normalization -------------
# pivot spectrum: Pivot_Fe_10Ni-10Fe_50BN_RT_air_av2000_00001.txt
# E0=7112.0   Eshift=1.60035704639
# E0_pivot = 7112.0
# pre-edge params: from E0_pivot-140.0 to E0_pivot-20.0
# pre-edge range: [6972.0, 7092.0]
# post-edge params: from E0_pivot+100.0 to E0_pivot+1140.0
# post-edge range: [7212.0, 8250.0]
# I jump at E0_pivot = 1.24706884331
# shifted energy	normalized	reference	ref.derivative	I0
        6970  0.001156684     1.679461 -0.004677297     18812.71
        6972  0.001156684     1.679461 -0.004677297     18812.71
        6974  0.001159597     1.670633 -0.003286999     18820.88
        6976  0.001350215     1.667477 -0.001822029     18828.92
        6978 0.0009087143     1.668879 -0.001354204     18838.93
        6980  0.000843544     1.664885 -0.001504353     18848.91
        6982 0.0008995828       1.6598 -0.001894269     18856.18
        6984 0.0004608316     1.655443 -0.001293703     18860.69
        6986 0.0007385955     1.653725 -0.001111127      18867.3
        6988 0.0002187268     1.654535 -0.001764663     18876.58
        6990 0.0006393817     1.650911 -0.001124331     18884.31
        6992 -4.856906e-06     1.641325 -0.001271973     18892.35
        6994 0.0001959635      1.64473 -0.001713059     18899.05
        6996 0.0004107606      1.64436 -0.000895007      18906.7
        6998 0.0001451228     1.637206 -0.001797433     18916.85
        7000 0.0002483729     1.634165 -0.002597689     18925.43
        7002 -0.000212744     1.630351 -0.001963487     18929.07
        7004 -0.0001799519     1.623578 -0.001735334     18940.23
        7006 -0.000126993     1.621498 -0.001936084     18950.17
        7008 -0.0001492599     1.620283  -0.00117173     18955.87
        7010 -0.0001809903     1.614862 -0.0008219269      18962.1
        7012 -0.0005877531     1.614204 -0.001259898     18971.26
        7014 -6.53483e-05     1.614923 -0.0008483884     18980.94
        7016 -0.0004457848     1.610203 -0.001351687     18990.18
        7018 -0.0003509907     1.608075  -0.00197701     18998.94
        7020 -0.0002731939     1.603391 -0.002251154      19005.1
        7022 -0.0006577548     1.599107 -0.001718502     19012.63
        7024 2.511018e-05     1.592194 -0.001560715     19023.81
        7026 -0.000154712     1.594327 -0.0009266742     19032.26
        7028 -0.0009532722     1.590905  -0.00093943     19037.28
        7030 -0.001031902     1.591693  -0.00177437     19043.34
        7032 -0.0008574023     1.584679 -0.001703129     19051.28
        7034 -0.0009688342     1.580132  -0.00211103     19061.01
        7036 -0.0006144505      1.57728 -0.001438459     19066.58
        7038 -0.0007150334     1.574805 -0.0004043678     19077.83
        7040 -0.0004929125     1.573171 -0.001201465     19087.53
        7042 -0.001024891     1.576897 -0.001762673     19093.44
        7044 -0.0008420984     1.567668 -0.001758327     19104.83
        7046 -0.0008500456     1.560704 -0.002348503     19111.65
        7048 -0.000912588     1.559104  -0.00213004     19121.73
        7050 -0.0009196859     1.558109 -0.001171987     19129.01
        7052 -0.0007624331     1.550628 -0.001351949     19136.18
        7054 -0.000717657     1.551328 -0.001443798     19144.63
        7056 -0.0007730333     1.548289 -0.0006021465     19153.32
        7058 -0.0009644782     1.546559  -0.00123387     19161.25
        7060 -0.0006167928     1.545811 -0.001286683     19167.66
        7062 -0.0006283343     1.541457 -0.001048654     19177.85
        7064 -0.0005361447     1.537995 -0.001928042     19185.51
        7066 -0.0007537086      1.53817 -0.001971697     19190.48
        7068 -0.0003955025     1.530387  -0.00168435     19198.38
        7070 0.0004688667     1.525683 -0.002378721     19203.85
        7072 7.156233e-05     1.524521 -0.001318506     19210.37
        7074 0.0001902721      1.51914 -0.0005582609     19218.56
        7076  0.000238846     1.519839 -0.000974532     19229.11
        7078 0.0003957203     1.521217 -0.001280162     19235.26
        7080 0.0007576914     1.516724 -0.001630213     19242.53
        7082  0.001064654     1.508899  -0.00136746     19252.11
        7084  0.001173518     1.506797  -0.00208464     19260.33
        7086  0.001750236     1.510277  -0.00155637     19269.37
        7088  0.001532913     1.500047 -0.001188623     19274.05
        7090  0.001940959     1.496448 -0.001764669     19281.78
        7092  0.002215729     1.497288 -0.0005727766     19287.09
        7094  0.002771199      1.49616 -0.0005044582     19296.37
        7096  0.003265346     1.495465 -0.0004556556     19304.89
        7098  0.004466876     1.492412 0.0001348881     19310.09
        7100  0.005666195     1.493643 7.159378e-05     19321.58
      7100.2  0.005775118     1.494148 0.0001574907     19322.23
      7100.4  0.005884042     1.494654 0.0002433877     19322.87
      7100.6  0.005992965     1.495159 0.0003292846     19323.52
      7100.8  0.006101888     1.495665 0.0004151816     19324.16
        7101  0.006210811     1.496171 0.0005010785     19324.81
      7101.2  0.006319734     1.496676 0.0005869755     19325.46
      7101.4  0.006428658     1.497182 0.0006728724      19326.1
      7101.6  0.006537581     1.497687 0.0007587694     19326.75
      7101.8  0.006715031     1.495625 0.0007498508     19327.61
        7102  0.007062051     1.495696 -0.003218403     19330.96
      7102.2  0.007156112     1.494584  0.002174505     19329.76
      7102.4  0.007199356     1.495107 -0.001260452     19330.47
      7102.6  0.007497917     1.497364 -0.001583221     19330.26
      7102.8  0.007592572     1.494688 -0.001479137     19330.74
        7103  0.007906601     1.493317 -0.006593965     19333.04
      7103.2  0.008181873     1.493924 -0.0003717818     19332.26
      7103.4  0.008222704     1.492089   0.00281139     19331.16
      7103.6  0.008400408      1.49439  0.003154796     19334.17
      7103.8  0.008502996     1.495566  0.003310747     19335.47
        7104   0.00877516     1.496447 -0.0004764264     19335.61
      7104.2  0.009052054     1.494738 -0.002059668     19335.51
      7104.4  0.009145805     1.494009 -0.004102826     19334.26
      7104.6  0.009281901     1.493919 -0.003855199     19336.28
      7104.8  0.009321923     1.493165  0.002253526      19337.8
        7105  0.009652023     1.491653  0.001971998     19338.37
      7105.2   0.00964511     1.495812  0.002206293     19335.44
      7105.4  0.009990639     1.495496  0.006440391     19336.87
      7105.6   0.01042627      1.49493 -0.002360147     19338.44
      7105.8   0.01076541     1.496806 0.0004667911     19341.99
        7106   0.01120839     1.493924 0.0003282818     19345.82
      7106.2   0.01143902      1.49587 -0.001330459     19345.34
      7106.4   0.01152827     1.495193 0.0004714346     19343.25
      7106.6   0.01200281     1.495741  0.001420696     19344.95
      7106.8   0.01225503     1.494301  0.001389459     19345.92
        7107   0.01216206     1.497006  0.002545769      19344.1
      7107.2   0.01242255     1.496304  0.005934768     19344.22
      7107.4   0.01300867     1.497778  0.002681042      19347.7
      7107.6   0.01399293     1.499049   0.00635588     19352.94
      7107.8   0.01453151     1.499151  0.007422741     19351.83
        7108   0.01499584     1.501389  0.007662525     19350.95
      7108.2    0.0155555     1.503716  0.007512382     19350.08
      7108.4   0.01615614     1.505179  0.006719655     19350.13
      7108.6     0.016891     1.505161   0.00654602        19351
      7108.8   0.01766662     1.506765  0.008395567     19350.84
        7109   0.01850475     1.508953    0.0151412     19350.43
      7109.2   0.01926366     1.511895   0.01842103     19348.84
      7109.4   0.02023439     1.517274   0.02077955     19352.12
      7109.6   0.02106696     1.521502   0.02475815      19353.6
      7109.8   0.02184932     1.525577   0.02529358     19351.73
        7110   0.02329925     1.531702   0.02827235     19353.56
      7110.2   0.02492598     1.537509   0.03823711     19353.79
      7110.4   0.02669737      1.54412   0.05025209     19350.61
      7110.6   0.02935057     1.556166   0.05973243     19348.93
      7110.8   0.03232967     1.571903   0.07989884     19348.16
        7111   0.03612747     1.585295   0.09592717     19348.04
      7111.2   0.04097639     1.608039    0.1048314     19347.81
      7111.4    0.0465635     1.632908    0.1276028     19348.03
      7111.6   0.05344786     1.655769    0.1400911     19346.14
      7111.8   0.06153012     1.687377    0.1584269     19347.15
        7112   0.07044305     1.720112    0.1645974     19347.06
      7112.2   0.08006847      1.75965    0.1594361      19343.9
      7112.4   0.08954197     1.787446    0.1528618     19341.75
      7112.6   0.09867627     1.814926    0.1358194     19341.05
      7112.8    0.1070615     1.842401    0.1360414     19340.86
        7113    0.1145956     1.868305    0.1208241     19337.54
      7113.2    0.1215604      1.89628    0.1041467     19337.74
      7113.4    0.1282501     1.911585   0.09022044     19336.15
      7113.6    0.1342808     1.925718   0.07599432      19333.6
      7113.8    0.1398075     1.940481   0.07624492     19334.45
        7114     0.145388     1.957075   0.06949118     19333.14
      7114.2    0.1502526     1.972581   0.06972615     19332.51
      7114.4     0.154486     1.981311   0.05480142     19332.28
      7114.6    0.1582264     1.996262   0.05136364     19334.24
      7114.8    0.1611112     2.000916   0.05021266     19337.16
        7115    0.1635371     2.013672   0.03752974      19339.6
      7115.2    0.1652681     2.021481   0.04640656     19337.72
      7115.4    0.1672962     2.026286   0.04393859     19338.88
      7115.6    0.1694751     2.038041   0.04396123     19334.67
      7115.8     0.171834     2.048823   0.04129446     19334.31
        7116    0.1749722      2.05665    0.0227379     19336.41
      7116.2    0.1790911     2.059322   0.01157227     19334.88
      7116.4    0.1836301     2.056232   0.02154737     19338.33
      7116.6    0.1893743     2.058081   0.02737914      19339.6
      7116.8    0.1954957     2.073888   0.03379615     19337.65
        7117     0.202665     2.081225   0.04292855     19338.84
      7117.2    0.2108387     2.083269   0.04141704     19339.24
      7117.4    0.2202829     2.092424   0.05232081     19338.63
      7117.6    0.2309737     2.107022   0.06153751      19337.5
      7117.8     0.242802     2.123082   0.07271052     19338.63
        7118    0.2557579     2.132499   0.08208304     19337.91
      7118.2    0.2699201     2.150592   0.07749382     19337.09
      7118.4     0.285951     2.172688   0.09188706     19338.83
      7118.6     0.303141     2.185077   0.09477361     19339.61
      7118.8    0.3212847     2.206008   0.09144562     19339.83
        7119    0.3412673     2.226411    0.1144507     19341.33
      7119.2    0.3631972     2.245845    0.1107345     19343.18
      7119.4    0.3866222     2.276637    0.1052038     19340.59
      7119.6    0.4109016     2.294596    0.1223762     19340.04
      7119.8    0.4356741     2.310574    0.1161205     19342.48
        7120    0.4605717     2.343746    0.1169808     19339.39
      7120.2    0.4852656     2.369534    0.1425976     19337.14
      7120.4     0.508597     2.388181    0.1419051     19335.82
      7120.6    0.5303054     2.424652    0.1315681     19335.21
      7120.8    0.5502217      2.45727    0.1332103      19336.1
        7121    0.5680073     2.474788      0.12983     19336.58
      7121.2    0.5849543     2.494749    0.1383641     19335.81
      7121.4    0.6005695     2.528516    0.1360294      19336.6
      7121.6    0.6148011     2.567961     0.121756     19337.13
      7121.8    0.6291495     2.583612   0.09734455     19335.58
        7122    0.6437295     2.592154    0.0824402     19335.04
      7122.2    0.6592242     2.606392   0.06823269     19331.94
      7122.4    0.6747529     2.633913   0.07713316      19333.4
      7122.6     0.690277     2.638198   0.08248134     19330.46
      7122.8     0.706666      2.65386   0.05960003     19332.45
        7123    0.7242857     2.672377   0.08412982     19334.06
      7123.2    0.7417265     2.681593   0.07052969     19335.75
      7123.4    0.7595642     2.705502    0.1187843     19335.57
      7123.6     0.778472     2.710284    0.1066564     19334.21
      7123.8    0.7972517     2.767404   0.07030153     19330.65
        7124    0.8155244     2.766918   0.02825941     19327.46
      7124.2    0.8336548     2.761743   0.02572415     19328.57
      7124.4     0.850655     2.732891   0.04092966     19327.48
      7124.6    0.8675199     2.787983   0.02062587     19330.03
      7124.8    0.8836123     2.799662   0.07951735      19328.7
        7125    0.8988699     2.778244    0.0248874     19330.32
      7125.2    0.9137999     2.796505   0.02057348     19329.02
      7125.4    0.9267221     2.807893   0.06735976     19324.71
      7125.6    0.9394132     2.816121   0.03925008     19326.98
      7125.8    0.9519641     2.832131   0.03564334     19328.52
        7126    0.9638697     2.827905    0.0736737     19326.93
      7126.2    0.9753114     2.836408   0.08314819     19325.74
      7126.4    0.9866155      2.87506   0.07589009     19324.67
      7126.6    0.9982698      2.89865   0.08560818     19323.48
      7126.8     1.010488     2.888617    0.0290441      19322.3
        7127     1.022762     2.904895 -0.008473434     19321.14
      7127.2     1.035639     2.898295   0.05766581     19321.22
      7127.4     1.048737     2.891871   0.02943554     19320.22
      7127.6       1.0625      2.93475 0.0003328698     19317.34
      7127.8     1.076683     2.928443   0.06615342     19316.11
        7128     1.090608     2.898561    0.0659776     19317.14
      7128.2     1.106089     2.944794    0.0412124     19318.25
      7128.4     1.121653     2.987532    0.1091126     19318.38
      7128.6     1.136255     2.961413   0.07763473     19318.66
      7128.8     1.149857     2.985851   0.04357366     19317.88
        7129     1.162079     3.006902   0.08195977     19314.46
      7129.2     1.173476     3.022391    0.0721126     19312.03
      7129.4     1.183977     3.026981   0.04755907     19314.65
      7129.6     1.193662     3.043542   0.06639596     19314.75
      7129.8      1.20123     3.044949   0.06124064     19313.31
        7130     1.206348     3.075508   0.02049529     19310.34
      7130.2      1.21164     3.075973   0.05259731      19310.9
      7130.4     1.214715     3.059938 -0.004398514     19311.43
      7130.6     1.216439     3.087027   0.06443125     19308.81
      7130.8     1.217044     3.071989    0.1231679     19308.13
        7131       1.2175     3.127518   0.06020659     19307.75
      7131.2     1.218029     3.158472   0.07917945      19306.3
      7131.4     1.218149     3.135192   0.01927181     19306.69
      7131.6     1.218549     3.135333  -0.06055121     19306.87
      7131.8     1.218592     3.142936  -0.03209073     19303.53
        7132      1.21862     3.110031   -0.1187571     19302.59
      7132.2     1.217852     3.109519  -0.04559117     19305.42
      7132.4     1.216867     3.040327 -0.0007008484     19302.34
      7132.6     1.215599     3.106463  -0.05162098     19303.19
      7132.8     1.214134      3.10947   -0.0169904     19301.13
        7133     1.211188     3.068223   -0.1289604     19300.79
      7133.2     1.206936     3.026735   -0.1684948     19299.77
      7133.4     1.202453     3.003294  -0.08489252     19297.58
      7133.6     1.197883     2.974675  -0.04811805     19300.53
      7133.8     1.192024     3.000309  -0.05609917     19302.78
        7134     1.185718      2.98824  -0.02342565     19305.47
      7134.2     1.179321     2.958415   -0.0488199     19308.04
      7134.4     1.172801     2.955934   -0.0488164      19305.8
      7134.6     1.165637     2.961253  -0.01478751     19306.72
      7134.8     1.157671     2.949187   0.02761395     19307.85
        7135     1.150342     2.946585  0.005367035     19309.55
      7135.2     1.143321     2.978025  -0.04121206     19312.74
      7135.4     1.135601     2.965546  -0.04924064     19310.35
      7135.6     1.128369     2.916217   -0.1126467     19310.89
      7135.8      1.12151     2.907193   -0.1277406     19314.54
        7136     1.114779     2.887908  -0.06107625     19314.49
      7136.2     1.109016     2.863354   -0.0708977     19315.25
      7136.4      1.10294     2.867356  -0.06026074     19314.36
      7136.6       1.0969     2.850474  -0.04283239     19312.69
      7136.8     1.091802     2.839699  -0.03422847     19312.25
        7137     1.086428     2.829088  -0.06124008     19304.64
      7137.2     1.081606     2.839974  -0.08622606     19286.83
      7137.4     1.077802     2.801482   0.01731039     19262.53
      7137.6     1.074257     2.770718    0.0688658      19228.1
      7137.8      1.07109     2.842936    0.1943519     19185.81
        7138     1.067261     2.895066    0.2696347     19142.71
      7138.2     1.064332     2.956964    0.1344337     19110.18
      7138.4     1.061028     2.986426    0.1503409     19088.34
      7138.6      1.05754     2.950483    0.0563889     19080.51
      7138.8     1.054585     3.015339 -0.003617297     19087.15
        7139     1.052442     3.002075  0.001009908     19103.92
      7139.2     1.050592     2.983532   -0.1181375     19130.98
      7139.4     1.048774     2.951291   -0.1491744     19161.49
      7139.6     1.047727     2.920829   -0.1454465     19193.27
      7139.8     1.046304     2.882736  -0.02241497     19222.14
        7140     1.045757     2.867175   0.05868543     19249.07
      7140.2     1.044496     2.933359    0.1684754     19273.61
      7140.4     1.043211     2.967777    0.1403635      19290.8
      7140.6     1.043241     3.017516  -0.02443099     19305.56
      7140.8     1.042889     2.979466  -0.04331574     19312.21
        7141     1.041823     2.913814  -0.04483433     19313.46
      7141.2     1.040788     2.933125   0.03819953     19316.38
      7141.4     1.040188     2.981648   0.09813508     19313.15
      7141.6     1.039786     3.010026   0.08712034     19304.65
      7141.8     1.039024     2.992322   0.01048074     19286.66
        7142     1.038163     3.002821  -0.08754211     19257.55
      7142.2     1.036743     2.990033  -0.03125409     19222.08
      7142.4     1.035946     2.939992  -0.01451113     19182.33
      7142.6      1.03552     2.967319  -0.02654123     19141.66
      7142.8     1.034604     2.991212     0.025376     19104.92
        7143     1.034048       2.9688  -0.03127414     19081.26
      7143.2      1.03338     2.960293  -0.09563702      19073.2
      7143.4     1.031474       2.9423  -0.06142455     19081.15
      7143.6     1.029537     2.914702   0.01901106     19108.34
      7143.8     1.029156      2.91966   0.07591671     19147.07
        7144     1.028482     2.975502    0.1735826     19190.36
      7144.2     1.028159     3.003033    0.1692209     19230.01
      7144.4     1.027009     3.053569   0.09909214     19262.19
      7144.6     1.025728     3.055037 -0.007890394     19287.36
      7144.8     1.024069     3.054775   -0.1476866      19307.5
        7145     1.022851     2.996721  -0.09183022     19317.65
      7145.2     1.022911     2.935419   -0.1524333     19328.29
      7145.4     1.022222     2.981573  -0.09399196     19339.46
      7145.6     1.020732     2.932829   0.06417797     19342.15
      7145.8     1.019045     2.921527  0.002477602     19341.79
        7146     1.017019     2.986762   0.05938326     19342.71
      7146.2     1.014776     2.983555   0.03722469     19345.46
      7146.4     1.012466     2.980335  -0.08056308     19346.71
      7146.6     1.010353     2.951307   -0.1172419     19351.41
      7146.8     1.008101     2.922311  -0.05036661     19354.85
        7147     1.006076     2.889761    0.1510634     19357.59
      7147.2     1.003226     2.940042    0.2445499     19359.99
      7147.4     1.001326     3.072158    0.2755074     19361.07
      7147.6    0.9987413     3.117951    0.1946109     19364.09
      7147.8    0.9954208     3.110167   0.06753513     19363.95
        7148    0.9920617     3.095731   0.01799774     19365.03
      7148.2    0.9894789     3.126186   0.03506964        19368
      7148.4    0.9862151     3.132349   0.05307181     19368.48
      7148.6    0.9828459     3.138223  0.001285024     19369.93
      7148.8    0.9797712     3.138188  -0.01391487     19373.45
        7149    0.9766348     3.127214   -0.0659058     19374.88
      7149.2    0.9732495     3.121217   -0.1022809     19375.19
      7149.4     0.969921     3.085498  -0.08310173     19376.26
      7149.6    0.9666509     3.056363  -0.02901614     19376.53
      7149.8    0.9633138     3.060733   0.04122187     19377.75
        7150    0.9600784     3.098005   0.05823833     19379.28
      7150.2      0.95715     3.118476   0.04719896     19380.65
      7150.4    0.9548199     3.102954  -0.01883581      19383.5
      7150.6    0.9524875     3.098492  -0.01967623     19385.53
      7150.8    0.9502982     3.082936  -0.04212484     19387.85
        7151     0.947575     3.102735  -0.01443719     19386.72
      7151.2    0.9456211     3.069254    0.0638318     19387.04
      7151.4    0.9432786     3.086942   0.03690325     19389.32
      7151.6    0.9414857     3.134001   0.02532466     19388.75
      7151.8    0.9402697     3.132258  0.007917083     19387.75
        7152    0.9391525     3.089514  -0.03729436      19391.5
      7152.2    0.9374645     3.093276  -0.03151842     19392.51
      7152.4    0.9359011     3.104166   0.02752318     19389.45
      7152.6    0.9350954     3.107043   0.02559159     19390.39
      7152.8    0.9338737     3.111532  -0.00901534     19389.61
        7153    0.9330145     3.113749  -0.04143798     19391.66
      7153.2    0.9321019     3.096954  -0.04124497      19393.3
      7153.4    0.9312876     3.073892  -0.07329881     19393.43
      7153.6    0.9306439     3.078536   -0.1021588     19394.51
      7153.8    0.9311825      3.05511  -0.03323501     19398.47
        7154    0.9314518     3.015226  -0.00971392     19402.29
      7154.2    0.9315509     3.047304 -0.008641867     19401.08
      7154.4    0.9321904     3.070765   0.09174647     19402.49
      7154.6    0.9326026     3.048196   0.08939692     19403.92
      7154.8    0.9333653     3.088624  -0.02786181     19402.49
        7155    0.9337862     3.118822  0.005984593     19401.86
      7155.2    0.9348147     3.048476  -0.00271648     19404.98
      7155.4    0.9359366     3.052984  -0.05193772     19408.09
      7155.6    0.9367577      3.08645   0.02999464     19409.88
      7155.8    0.9374497     3.077272 -0.0008283506     19409.05
        7156    0.9384263     3.072472   -0.0439176     19410.19
      7156.2    0.9400435     3.052321  -0.02970725     19412.46
      7156.4    0.9411641     3.051316 -0.006482827     19411.33
      7156.6    0.9422214     3.053506   0.02956448     19412.92
      7156.8    0.9431536     3.067285  0.001072159     19412.89
        7157    0.9438957     3.075973  0.007648023     19411.59
      7157.2    0.9450591     3.052174  -0.03282586     19412.84
      7157.4    0.9466515     3.059624  -0.03804692     19415.26
      7157.6    0.9478394     3.041025    0.0301675     19415.54
      7157.8    0.9481011     3.045535   0.03053155     19416.11
        7158    0.9487219     3.076308   0.05701717     19419.08
      7158.2    0.9507055      3.08405   0.05660941     19418.33
      7158.4    0.9520694     3.086638  -0.01339327     19417.07
      7158.6    0.9530122     3.090823  -0.03992183      19417.3
      7158.8    0.9545361     3.065594 -0.001665703     19419.46
        7159    0.9553469     3.052112  -0.03831789     19419.87
      7159.2    0.9564605     3.085306  -0.03709708     19418.81
      7159.4    0.9572062     3.060169 -0.005399747     19417.78
      7159.6     0.958555     3.035916  -0.06927181     19418.14
      7159.8    0.9595104     3.047792  -0.03287641        19421
        7160    0.9600584     3.029888  -0.01165119     19419.74
      7160.2    0.9610311     3.033868  -0.03129399     19421.41
      7160.4    0.9614708     3.026595   0.01071917     19421.97
      7160.6    0.9618886     3.022757  -0.01854173     19424.62
      7160.8    0.9618894     3.038464 -0.004365297     19424.31
        7161     0.962562     3.019034   0.04837278     19426.74
      7161.2    0.9640867     3.023103   0.02997941     19428.75
      7161.4    0.9652239     3.061455   0.06517038     19427.06
      7161.6    0.9660748     3.062447    0.0686646     19430.08
      7161.8    0.9664187      3.07117  -0.01161248     19431.77
        7162    0.9669327     3.078034  -0.02896301     19429.04
      7162.2    0.9676754     3.052165  -0.04504035     19429.69
      7162.4    0.9676764     3.039277  -0.05056002     19431.54
      7162.6    0.9678083     3.035138  -0.03032603      19430.5
      7162.8    0.9681519     3.037586  -0.03322082      19430.2
        7163    0.9689594     3.027905  -0.04524442     19432.35
      7163.2    0.9702803       3.0127  -0.07749752     19433.14
      7163.4    0.9706219     2.998943   -0.0707055      19434.6
      7163.6    0.9708555     2.975588  -0.02806342     19435.93
      7163.8    0.9715524      2.97134  -0.03505557     19435.03
        7164    0.9713036     2.990249  0.006208243     19436.74
      7164.2    0.9713703     2.970898  -0.02178364     19438.28
      7164.4    0.9721253     2.980555  -0.01547536     19437.36
      7164.6    0.9727859     2.953913   0.04213233     19436.26
      7164.8    0.9738711     2.977869   0.05943966     19435.52
        7165    0.9744793     3.004604    0.1310004     19434.68
      7165.2      0.97469     3.028107   0.07508578     19433.45
      7165.4     0.975653     3.058714   0.01729504     19437.84
      7165.6    0.9761542     3.037938  -0.01500612     19438.49
      7165.8    0.9760038      3.01844  -0.05680583     19439.41
        7166    0.9769211     3.016102  -0.01659119      19439.7
      7166.2    0.9776104     3.013269   0.02216855     19439.95
      7166.4    0.9783788     3.024665  0.004277733     19439.26
      7166.6    0.9791126     3.036175  -0.03655231     19436.87
      7166.8    0.9800354     3.019524  -0.03860324     19436.59
        7167     0.981001     2.984027  -0.04616063      19438.4
      7167.2    0.9820149     2.993782   -0.0359504     19437.87
      7167.4    0.9831473     2.999246    0.0129194     19439.92
      7167.6     0.983579     2.990764  0.004139733     19441.99
      7167.8    0.9837391     2.994363    0.0142864     19441.03
        7168    0.9844822     2.997094    0.0355444     19440.52
      7168.2    0.9853046     3.010676   0.04917785     19439.82
      7168.4    0.9859478     3.019199   0.04452876      19440.5
      7168.6    0.9866697     3.033705   0.03694409     19440.75
      7168.8    0.9875894     3.032717   0.02380459     19441.23
        7169    0.9888255     3.040231  -0.02824053     19442.83
      7169.2    0.9897652     3.038243  -0.01916236     19443.39
      7169.4    0.9901096     3.011112  -0.06327994     19442.33
      7169.6    0.9907358     3.017387   -0.0617522     19445.17
      7169.8    0.9916775     2.989607  -0.01105463      19446.3
        7170    0.9920878     2.988841  0.003743484      19446.2
      7170.2     0.992263     3.002269   -0.0201991     19444.22
      7170.4    0.9936443     3.020382  -0.02234535     19445.54
      7170.6    0.9943296     2.973448  -0.02884594      19445.8
      7170.8    0.9952476     2.970965  -0.02072786     19443.99
        7171    0.9959769     2.979192   0.01246711     19445.17
      7171.2    0.9967258       3.0038 -0.008028601     19448.49
      7171.4    0.9973841     2.983421  0.009577672     19451.64
      7171.6    0.9978917     2.964542  -0.01123317     19450.92
      7171.8    0.9988777     2.986854   0.02180626     19452.41
        7172     1.000316     2.994813  0.002877983     19453.88
      7172.2     1.000927     3.000866  -0.03560776     19453.79
      7172.4     1.001624     2.966844  -0.05122059     19454.37
      7172.6     1.001856     2.958368  -0.04089664     19453.72
      7172.8     1.002098     2.953837   0.01818098      19454.5
        7173     1.003043     2.968149    0.0111788     19456.77
      7173.2     1.003572     2.981389   0.03454446     19457.63
      7173.4     1.003841     2.967311  -0.01334683     19457.38
      7173.6     1.004088     2.981472  -0.03987359     19458.18
      7173.8     1.004661     2.957471 -0.005280614     19461.38
        7174     1.005626      2.94949  -0.06762344     19460.48
      7174.2     1.006021     2.963086   -0.0499601     19457.74
      7174.4     1.006714     2.927373  -0.05864134     19461.28
      7174.6     1.007324     2.917503    -0.041146     19462.19
      7174.8     1.007414     2.902577   0.01446547     19462.66
        7175     1.007846      2.93017   0.01164069     19463.76
      7175.2      1.00748     2.938946   0.04825873      19463.3
      7175.4     1.007597     2.926816  -0.04772546     19463.38
      7175.6     1.007972     2.941184  -0.04659416     19459.77
      7175.8      1.00852     2.891989   -0.0327743      19462.8
        7176     1.008775      2.90167  -0.04560308     19466.49
      7176.2     1.008778     2.900597  0.003350472     19467.68
      7176.4     1.008631     2.904702   0.02323502     19469.64
      7176.6     1.008913      2.89467   0.01229762      19469.3
      7176.8     1.009569     2.920258   0.01724578     19469.98
        7177     1.009686     2.910435   0.02775632     19471.07
      7177.2     1.009984     2.918498 -0.0004400019     19473.33
      7177.4     1.010006     2.916875  0.008017322     19474.02
      7177.6     1.009507     2.919906 0.0006066432     19473.59
      7177.8     1.009518     2.916848 -0.009267015     19474.26
        7178     1.009501     2.918984  -0.02661628     19476.16
      7178.2      1.00952     2.909461   -0.0567777     19475.93
      7178.4     1.009837     2.898613  -0.09662203     19474.74
      7178.6     1.009548     2.871426  -0.08997415     19477.17
      7178.8     1.009376     2.841686   -0.1140665     19480.63
        7179     1.009657     2.837482  -0.05633756     19483.11
      7179.2     1.009612      2.80736   0.01745998     19483.82
      7179.4      1.00972     2.826356  -0.01149607     19482.48
      7179.6     1.009478     2.855654   0.03213073     19483.25
      7179.8     1.009341     2.828285   0.04056829     19482.44
        7180     1.010216     2.833065 -0.0007207809     19482.96
      7180.2     1.010621     2.858811    0.0823787     19484.93
      7180.4     1.010829     2.855077   0.06077178     19483.43
      7180.6     1.010672     2.894188   0.03486635     19481.82
      7180.8     1.010771     2.881682   0.03356581     19482.12
        7181      1.01109     2.886704 -0.009084789     19483.61
      7181.2     1.010593      2.88193  -0.01981833     19486.21
      7181.4     1.010147      2.88692   -0.0029158      19488.5
      7181.6     1.010058     2.865828   0.01959524     19486.93
      7181.8     1.010194     2.884371 -0.0008958064     19488.41
        7182     1.010166     2.897606   0.02944349     19486.57
      7182.2     1.010817     2.886203  -0.00323209     19486.76
      7182.4      1.01107     2.889382  -0.03711906     19487.71
      7182.6     1.011373     2.881786  -0.03132809      19489.1
      7182.8     1.011507     2.867911  -0.05017681     19492.17
        7183     1.011087     2.861141  -0.04372113     19493.51
      7183.2     1.010905     2.849241  -0.03220925     19492.71
      7183.4     1.010736     2.846809  -0.01944961     19492.45
      7183.6     1.010823     2.842143  0.009026089     19494.15
      7183.8     1.011088     2.845581   0.01315851     19494.78
        7184     1.011189     2.856462   0.04509746     19494.72
      7184.2     1.011941     2.857336   0.05172209     19497.01
      7184.4      1.01245     2.878221   0.04110792     19497.84
      7184.6     1.012539     2.886959   0.03016465     19497.18
      7184.8      1.01296     2.889348   0.01771716     19497.78
        7185     1.012662     2.881467  0.001766474      19499.2
      7185.2     1.012721     2.892395  -0.01792334     19499.65
      7185.4     1.013082     2.888372    0.0126427      19501.4
      7185.6     1.013394     2.875009  0.009707011     19503.66
      7185.8     1.013804     2.891581   0.03944442     19504.13
        7186      1.01365     2.900161  0.006575703     19503.27
      7186.2     1.014162     2.919928   0.01933169     19505.93
      7186.4     1.013983      2.88027   0.01111878     19505.96
      7186.6     1.014361     2.907047  -0.02272454     19505.56
      7186.8     1.014596     2.909056   0.01405268     19505.22
        7187     1.015091     2.901748  -0.04586909     19506.66
      7187.2     1.015315     2.891512  -0.02058128     19509.76
      7187.4     1.015261     2.870352  -0.00746545     19511.85
      7187.6     1.015053     2.892591   0.01249991     19509.69
      7187.8     1.014831     2.895776   0.04855514     19509.93
        7188       1.0151     2.901512    0.0322778     19510.89
      7188.2     1.014918     2.909196    0.0895984     19510.19
      7188.4     1.014544     2.918413    0.0800958     19510.46
      7188.6     1.014881     2.967454   0.03657838     19511.25
      7188.8     1.015348     2.965589   0.03591502     19512.37
        7189     1.015767     2.938458  -0.05612618     19513.07
      7189.2     1.015624     2.947145  -0.05362421     19512.75
      7189.4     1.015115     2.922553  0.005470148     19513.39
      7189.6     1.015385     2.922689   0.03152947     19515.84
      7189.8     1.015318     2.942834   0.08015508     19517.13
        7190     1.015168     2.972369   0.06926449     19517.78
      7190.2     1.015415     2.986678   0.02499156     19519.71
      7190.4     1.015073     2.978101   0.01107341     19520.36
      7190.6     1.014864     2.962828  -0.04438421     19518.88
      7190.8     1.014498     2.981227  -0.05795759     19520.43
        7191     1.015067      2.95117  -0.02477599     19525.71
      7191.2     1.014657     2.931735  -0.04895349     19523.12
      7191.4     1.014529     2.943007  -0.01603315      19522.3
      7191.6     1.014152     2.942065     0.020692     19525.62
      7191.8     1.013634     2.938344  -0.00927041     19523.39
        7192     1.013195     2.948289  -0.01527942     19524.84
      7192.2     1.013451     2.935591   0.02305738     19523.32
      7192.4     1.013813     2.929841   0.02512697      19522.3
      7192.6     1.013566      2.95679   0.02210058        19525
      7192.8     1.013652      2.96839   0.04930429     19527.16
        7193     1.014309     2.953271   0.04490646     19529.84
      7193.2     1.014823     2.969284     0.048051     19532.77
      7193.4     1.014801     2.992715   0.06932576     19533.55
      7193.6     1.014306     3.006831   0.03022475     19533.04
      7193.8     1.014059     3.008732   0.04224541     19534.11
        7194     1.014251     2.993464   0.01207883     19536.28
      7194.2     1.014271     3.026511 -0.009370311     19535.21
      7194.4     1.014151     3.016494   0.02597089      19534.2
      7194.6     1.014438     3.001235  -0.01763471     19536.87
      7194.8     1.015148     3.014241   0.01926312     19536.56
        7195     1.015066     3.012403   0.03675884     19537.45
      7195.2     1.014903     3.031904  -0.05976345     19540.55
      7195.4     1.015261     3.030642   -0.0444764     19541.52
      7195.6     1.015491      2.96643  -0.05434707     19542.46
      7195.8     1.015327     2.976822  -0.05647451     19540.49
        7196     1.015496     2.988427   0.04975009     19541.48
      7196.2     1.015779     2.985463    0.0388987     19542.35
      7196.4     1.016297      3.00623   0.02232518     19543.79
      7196.6     1.016784     3.007941   0.02556016     19546.71
      7196.8     1.017499     3.006287  -0.05240723     19548.85
        7197     1.018094     3.005911  -0.05697428        19551
      7197.2     1.018144     2.964304  -0.05219933     19550.49
      7197.4     1.018266     2.962362  -0.05808999     19551.93
      7197.6     1.017975     2.964527   0.02689864     19553.91
      7197.8     1.017735     2.959439  0.008420094     19555.39
        7198     1.018215     2.985823  -0.04634645      19557.3
      7198.2     1.018417     2.969098  -0.05354108     19557.19
      7198.4     1.018439      2.92745  -0.07580107     19557.55
      7198.6     1.018522     2.916606  -0.03268019     19558.54
      7198.8     1.018464     2.925183   0.02248804     19559.37
        7199     1.018645     2.942954  0.003562735     19560.06
      7199.2     1.018825     2.945441  -0.03163084     19561.83
      7199.4     1.019326     2.919456  -0.01392771     19562.89
      7199.6     1.019064     2.899878  -0.07123029     19562.82
      7199.8     1.019163     2.931811 0.0004306813     19563.64
        7200     1.019535     2.888457   0.04390795     19565.29
      7200.2     1.019632     2.919801   0.01315687     19566.05
      7200.4     1.019457     2.935004   0.07093831     19565.96
      7200.6     1.019223     2.942337   0.03657624     19564.35
      7200.8     1.018945     2.945207   0.00138444     19566.21
        7201     1.019242     2.949062 -0.0002317719     19568.55
      7201.2     1.019343     2.936112 0.0005250041     19568.23
      7201.4     1.019748     2.942152  -0.05726761     19568.94
      7201.6     1.020268     2.945627  -0.08385985     19569.73
      7201.8     1.020274     2.903248  -0.07499001     19569.66
        7202     1.019694     2.869024  -0.04963547     19565.61
      7202.2     1.019636      2.88216   0.01624639     19565.55
      7202.4     1.020118     2.905919   0.07293358      19568.7
      7202.6     1.020104     2.916245   0.04641284      19568.8
      7202.8      1.02003     2.927371 -0.003216165     19571.29
        7203     1.019959      2.91929   0.02052331     19573.08
      7203.2     1.019584     2.903346 -0.001716375     19573.69
      7203.4     1.019678     2.932664  -0.06273632      19575.2
      7203.6     1.020234     2.925998  -0.04576375     19575.41
      7203.8     1.020553     2.869101   -0.0539258      19577.7
        7204     1.020349     2.866735  -0.05965705     19577.38
      7204.2     1.020846     2.889523  -0.09200232     19578.57
      7204.4     1.020279     2.878272   -0.1210661      19577.3
      7204.6     1.019974     2.795499   -0.1364121     19578.01
      7204.8     1.020077     2.769882   -0.1481548      19581.6
        7205     1.019856     2.780393  -0.01866719        19581
      7205.2      1.02018     2.759748   0.07039717      19583.7
      7205.4     1.021059     2.780565   0.04326667     19584.68
      7205.6     1.020829       2.8262   0.07875343     19581.61
      7205.8      1.02067     2.815007   0.06827659     19583.38
        7206     1.020764     2.822751   0.03421331     19584.86
      7206.2     1.020696     2.835186   0.08493037     19584.29
      7206.4     1.020728      2.85357   0.07306376     19583.66
      7206.6     1.020744     2.882951  0.006477858     19585.06
      7206.8     1.020336     2.881202  -0.08618115     19587.35
        7207     1.020244     2.840369   -0.1631974     19588.63
      7207.2     1.020798     2.784625   -0.1628315     19589.54
      7207.4      1.02104     2.752393  -0.07400571     19589.81
      7207.6     1.020849     2.750937 -0.006704804     19590.33
      7207.8     1.020311     2.781164   0.03036799        19589
        7208     1.020196     2.779262    0.0668195     19590.16
      7208.2     1.020231     2.776687   0.00831627     19591.39
      7208.4     1.020743     2.804392  -0.01461727     19594.42
      7208.6     1.020981     2.787817  -0.05170838     19595.84
      7208.8     1.020776     2.767568  -0.06289924     19594.79
        7209     1.020371     2.735321  -0.01744475     19597.92
      7209.2     1.019792     2.754073   0.02327859     19600.33
      7209.4     1.019909     2.773861   0.09982614     19599.37
      7209.6     1.020323     2.786191   0.04141784     19600.53
      7209.8     1.020261     2.815182  0.005240376     19601.16
        7210     1.020158     2.787207   0.04261821     19601.14
      7210.2     1.020017     2.778054   0.04274539      19600.1
      7210.4     1.019758     2.820285    0.1051639     19601.46
      7210.6     1.019717     2.849378      0.14976     19600.93
      7210.8     1.019329     2.871338    0.1362854      19599.9
        7211      1.01875     2.897862    0.1001101      19601.4
      7211.2     1.018497     2.929314   0.01523546     19599.77
      7211.4     1.018282     2.929466  -0.05869367     19599.39
      7211.6      1.01823     2.883527   -0.1269747     19602.12
      7211.8     1.017917     2.850907  -0.08376866     19602.41
        7212     1.017154     2.827734  -0.01119016     19605.21
      7212.2     1.016942     2.862451   0.03311789     19607.11
      7212.4     1.016863     2.874575   0.07825987     19608.44
      7212.6     1.016301     2.877401   0.06448062     19607.42
      7212.8     1.016134     2.890342   0.09350689     19605.13
        7213     1.016778     2.914036   0.06162786     19609.61
      7213.2     1.016205      2.94938 -0.002475658     19610.73
      7213.4     1.015924     2.926703  -0.02996869      19610.6
      7213.6     1.015447     2.888361  -0.04738234     19610.24
      7213.8     1.015564     2.890061   0.02794427      19610.7
        7214     1.015527     2.911474   0.05671824     19609.82
      7214.2     1.015301     2.949059    0.1039057     19610.62
      7214.4     1.015401     2.933736    0.1258093     19611.65
      7214.6     1.015345     2.973185     0.071552     19611.36
      7214.8     1.014806     3.012122   0.09434856     19613.71
        7215     1.014321       3.0063   0.05014503     19614.96
      7215.2     1.013916     3.009215  0.002462859     19615.78
      7215.4     1.013671     3.013301  -0.05464612     19618.03
      7215.6     1.013488     3.014092   -0.1129244     19616.83
      7215.8     1.012859     2.962583   -0.1002871     19614.73
        7216     1.012452     2.918875  -0.06028605     19614.77
      7216.2     1.012469     2.933071   0.04301856     19617.15
      7216.4     1.012449     2.965863    0.1293608     19619.03
      7216.6     1.011793     2.996998    0.1033364     19620.39
      7216.8     1.011601     3.022364   0.07811823        19621
        7217     1.011441     3.015741   0.03251412     19622.17
      7217.2     1.010837     3.028358   0.01761234      19622.7
      7217.4     1.010738      3.02301    0.0537504     19623.36
      7217.6     1.010279     3.036454   0.04651798     19622.56
      7217.8     1.009878     3.058741    0.0243264     19621.05
        7218     1.009562     3.065572  0.003645815     19621.78
      7218.2     1.009395     3.042471  0.004794767     19624.09
      7218.4     1.009299      3.03937   0.00754637     19626.35
      7218.6     1.009186     3.062577   0.01343518     19628.44
      7218.8      1.00931     3.071609   0.01455644     19628.55
        7219     1.009417     3.053219   0.03116377     19629.09
      7219.2     1.009287     3.051015   0.04070335     19629.28
      7219.4     1.008819     3.087508   0.04184505     19627.88
      7219.6     1.008523     3.104172   0.05898668     19628.75
      7219.8     1.008361     3.086695   0.04075432      19629.3
        7220     1.007999     3.098205 -0.008502791     19628.44
      7220.2     1.008199     3.120111  -0.01181134     19629.64
      7220.4     1.007559      3.09737   0.02694135     19630.79
      7220.6     1.007368     3.077246  0.009429106     19633.86
      7220.8     1.006316     3.119758   0.06684391     19633.43
        7221     1.006414     3.127654    0.1207046     19631.26
      7221.2      1.00637     3.150845   0.01075269     19634.71
      7221.4     1.006305      3.17381 -0.005407451      19636.3
      7221.6      1.00672      3.12836  -0.07168899     19638.04
      7221.8     1.006599     3.123329  -0.08514744     19636.34
        7222     1.005971     3.093494 -0.005230269     19638.27
      7222.2     1.006182     3.105692  0.008561602     19641.53
      7222.4     1.006167     3.124176    0.0156651     19644.11
      7222.6     1.005802     3.130178  -0.01497379     19643.22
      7222.8     1.005749     3.106026  -0.02483849      19641.4
        7223     1.005343     3.093713   -0.0308806     19645.31
      7223.2     1.005008     3.104305 -0.0005083877     19646.35
      7223.4     1.004767     3.105473  0.003711812     19643.37
      7223.6     1.004429     3.105619  0.003510686     19645.89
      7223.8     1.004473     3.096682  -0.01777347     19647.27
        7224     1.004041     3.107114  -0.05874921     19647.45
      7224.2     1.003853     3.091255   0.01537817     19650.59
      7224.4     1.003644      3.05862  -0.06379241     19646.62
      7224.6     1.003173     3.108985   -0.0546475     19643.43
      7224.8     1.003061      3.05608   0.01793562     19648.64
        7225     1.002731     3.047537  -0.09358027     19647.44
      7225.2     1.002564     3.072968   -0.0373472     19647.53
      7225.4     1.002174      3.03412  -0.02690239      19647.5
      7225.6     1.002431     3.026202  -0.06711026     19649.39
      7225.8     1.001865     3.026015   -0.0462121     19650.75
        7226     1.001796      3.01928  -0.05439774      19652.4
      7226.2      1.00212     2.997151  -0.05164446     19657.23
      7226.4     1.001608     2.982684  -0.04530171     19658.45
      7226.6     1.000925     2.984699  -0.01402322     19656.78
      7226.8     1.000082     2.983038   0.01541609     19655.65
        7227      0.99941     2.985932 -0.006019246     19656.01
      7227.2    0.9992391     2.995016  -0.02761311     19657.47
      7227.4    0.9992428     2.979884 -0.003446489     19658.45
      7227.6    0.9995433     2.960948  0.002086994     19658.86
      7227.8    0.9998658     2.983175 -0.004207525      19658.2
        7228    0.9998933     2.996686   0.05483146     19657.94
      7228.2    0.9990726     2.976518   0.02614292     19658.53
      7228.4    0.9984336     3.004813    -0.011435     19659.41
      7228.6    0.9981021     3.004089  -0.04324301     19660.72
      7228.8    0.9977757     2.987538   -0.1026098     19660.43
        7229    0.9973568     2.941923  -0.06539512     19661.98
      7229.2    0.9974698     2.922725  -0.05733485      19663.7
      7229.4    0.9975076     2.951773  -0.01227945     19665.57
      7229.6    0.9972688      2.94167  -0.02002576     19666.83
      7229.8    0.9970954       2.9321  -0.08231453     19665.92
        7230    0.9967511     2.906705  -0.06822386     19668.83
      7230.2    0.9965589     2.885921  -0.07927615     19667.15
      7230.4    0.9961902     2.887091  -0.05005261     19667.35
      7230.6    0.9959207     2.868679 0.0006861885      19669.4
      7230.8    0.9957251     2.866663  -0.02721008     19669.73
        7231    0.9952043      2.88647   -0.0327945     19669.55
      7231.2    0.9948938     2.865323  -0.02315227     19669.62
      7231.4     0.994743     2.842443   -0.0589617     19669.67
      7231.6    0.9946108     2.848141  -0.03812034     19668.34
      7231.8    0.9946806     2.839301 -0.006342752     19670.52
        7232    0.9940657     2.834827  -0.03708529     19668.76
      7232.2     0.993333     2.837369  -0.03112636     19672.76
      7232.4    0.9933291     2.818473 -0.001910868     19674.34
      7232.6    0.9933739       2.8144  0.001951087     19672.43
      7232.8      0.99297     2.833298   0.03157965     19672.52
        7233    0.9930854      2.83893   0.01597284     19674.47
      7233.2    0.9931606     2.843736  -0.05090214     19675.23
      7233.4    0.9927088     2.827178  -0.06326571     19676.75
      7233.6    0.9927309     2.792576   -0.0512104     19676.96
      7233.8    0.9926575     2.788317  -0.06115219     19676.68
        7234    0.9924601     2.802768  -0.02788765     19678.04
      7234.2     0.991685     2.778257  0.004866279        19678
      7234.4    0.9913648     2.770266  -0.01330731     19677.69
      7234.6    0.9916068      2.79221  0.009033736     19679.83
      7234.8    0.9914368     2.792122    0.0168244     19680.85
        7235    0.9913181     2.785484  -0.02078602     19679.86
      7235.2    0.9914296     2.783726  -0.02622729     19680.03
      7235.4    0.9911034     2.775581   -0.0158632      19680.9
      7235.6    0.9904376      2.77114  -0.06510692     19682.68
      7235.8    0.9911783     2.772793  -0.05497661      19684.4
        7236    0.9907231      2.73164  -0.04738926     19683.71
      7236.2    0.9902463       2.7316   -0.0318953     19688.89
      7236.4    0.9908271     2.733229  0.009956351     19693.33
      7236.6    0.9901515     2.747277   0.01243544     19689.22
      7236.8    0.9902099     2.739605 -0.0009011034      19688.1
        7237    0.9903165     2.741549  -0.02248087     19691.04
      7237.2    0.9905683     2.732508  -0.01312798      19691.5
      7237.4    0.9905389     2.729292  0.008920772     19691.98
      7237.6      0.99043     2.729103   0.02381156     19692.35
      7237.8    0.9904196     2.748685  0.008907315     19694.46
        7238    0.9900795     2.751557   0.02004123     19694.73
      7238.2    0.9903853     2.736418 -0.007245015     19690.71
      7238.4    0.9905766     2.745136   -0.0399281     19689.34
      7238.6    0.9903033     2.742889  -0.01553995     19693.13
      7238.8    0.9908584     2.719615 -0.005536712      19695.4
        7239    0.9911182     2.723986  -0.01331997     19695.15
      7239.2    0.9915248     2.740707   0.02328219      19697.3
      7239.4    0.9921344     2.732233   0.04452112      19696.9
      7239.6    0.9918805      2.73824  0.002509141     19695.42
      7239.8    0.9916227     2.759603    0.0236975     19695.54
        7240    0.9917362     2.742714  -0.01156525      19693.5
      7240.2    0.9915848     2.751191  -0.01987335     19697.67
      7240.4    0.9915768     2.728988  -0.02243883      19699.7
      7240.6     0.991518     2.743704  -0.03508962     19699.83
      7240.8    0.9920525     2.724763  0.001826912     19699.53
        7241    0.9923339     2.723119  -0.02497573     19701.89
      7241.2     0.992084      2.73045 -0.0008142719     19703.08
      7241.4    0.9919752     2.723724   0.02589642     19702.94
      7241.6    0.9921478     2.724111     0.020807     19703.46
      7241.8    0.9920998     2.743837 -0.009828477     19704.59
        7242    0.9921198     2.747095  -0.01612273     19706.83
      7242.2    0.9924944     2.715861   -0.0193996      19705.4
      7242.4    0.9928252     2.711213  -0.02928128     19704.16
      7242.6    0.9930825     2.728317   0.03697544     19708.67
      7242.8    0.9931975      2.72367   0.04037246     19708.15
        7243    0.9933217     2.745441   0.01526307     19710.41
      7243.2     0.993223     2.743511   0.03915236     19713.53
      7243.4    0.9932791     2.740527 0.0005009392     19714.47
      7243.6    0.9932308     2.754992   0.02278192     19711.31
      7243.8    0.9940742     2.745842    0.0328262     19710.43
        7244    0.9944712     2.761737 -0.004457189     19711.48
      7244.2    0.9948247     2.766788    0.0155353     19713.88
      7244.4    0.9952625     2.751426  0.006962995     19712.05
      7244.6    0.9948172      2.75827   0.01533571     19709.32
      7244.8    0.9949316     2.767307   0.05684842     19709.95
        7245    0.9954441     2.779057   0.02644662     19713.11
      7245.2    0.9955267     2.796905 0.0006130539     19714.68
      7245.4     0.996065     2.779427   0.01677132     19716.83
      7245.6    0.9967463     2.767798    0.0164248     19719.09
      7245.8    0.9966885     2.792474    0.0403698     19720.24
        7246    0.9963143     2.810045 -0.001768512     19722.54
      7246.2     0.995954     2.811723  -0.06656872     19722.75
      7246.4    0.9959153     2.766383  -0.07424845     19723.21
      7246.6    0.9961181     2.739219  -0.07386643     19722.52
      7246.8    0.9967844     2.750646  -0.00864085     19724.13
        7247    0.9974565      2.75263   0.03328797     19722.82
      7247.2     0.997527      2.75947    0.0157651     19723.27
      7247.4    0.9974159     2.765849     0.052994     19726.03
      7247.6    0.9980554     2.763258   0.03010817     19725.92
      7247.8    0.9984501     2.795025   0.03275217     19724.74
        7248    0.9990149     2.783557   0.05414964     19725.86
      7248.2    0.9991427     2.792051 0.0007269484     19727.81
      7248.4    0.9990911     2.806578   0.01263224     19726.93
      7248.6    0.9989871     2.795607   0.00528423      19727.7
      7248.8    0.9993269     2.793662  -0.01347248     19730.65
        7249    0.9994684     2.796278  -0.00147025     19731.43
      7249.2     0.999526       2.7958  -0.02090525     19730.93
      7249.4     1.000395     2.794431  -0.04227995     19731.61
      7249.6     1.000651     2.776938   -0.0227913     19732.02
      7249.8     1.000811     2.762455  0.002685175     19731.18
        7250     1.001036     2.777567   0.01401942     19733.68
        7252     1.002702     2.743239 -0.009983254     19742.37
        7254     1.005368     2.766536 -0.0002374945     19751.65
        7256     1.008311     2.737054 0.0002864512     19756.84
        7258     1.010241     2.742585  -0.00158825     19766.15
        7260     1.013057     2.745531  0.003242506     19770.84
        7262     1.015285      2.75383  0.008202434     19777.56
        7264     1.016563     2.762994   0.00187018     19781.75
        7266     1.017574     2.808204  0.006204568     19788.88
        7268     1.018781     2.760492   0.01037471     19794.85
        7270     1.018664     2.803467  0.006669565     19805.66
        7272     1.019125     2.845992  0.007322263     19812.49
        7274     1.018957     2.861561  0.002462247     19819.39
        7276      1.01827      2.81907 -0.005381129     19822.27
        7278     1.017139     2.823165  0.001741992     19828.06
        7280     1.016446     2.802943  0.008425259     19834.66
        7282     1.015376     2.875497   0.01260319     19843.24
        7284     1.014372     2.886472   0.01208262     19849.83
        7286     1.012421      2.92399  0.008099424      19856.2
        7288     1.010999     2.899604 9.668986e-05     19865.34
        7290     1.008836     2.940292  -0.01212851     19874.21
        7292     1.007487     2.887246 -0.007422589     19877.67
        7294     1.006481     2.826962  -0.02250104      19882.8
        7296     1.005061     2.840223  -0.01722018     19890.09
        7298     1.003976     2.760284  -0.01637373     19896.22
        7300     1.003405     2.749484  -0.01890474     19906.67
        7302     1.003452     2.695972  -0.01136492     19907.52
        7304     1.003699     2.688985  -0.01120929     19918.04
        7306     1.002904     2.669365 -0.007161461     19923.39
        7308     1.002718      2.65981 -0.005722421     19931.16
        7310     1.002849     2.638681 -0.005208067     19938.55
        7312     1.002747     2.643206 -0.003655856     19942.69
        7314     1.001774       2.6277  0.003366928     19948.03
        7316     1.001967     2.630563 -0.001218631     19954.55
        7318     1.001976     2.665616  0.001136318     19964.77
        7320     1.001644     2.633457   0.00192707     19967.13
        7322     1.002022     2.636791 -0.005380725     19974.87
        7324     1.002399      2.64598  0.001382595     19984.93
        7326     1.002225      2.62257 -0.002351408     19992.38
        7328     1.001653     2.644517 -0.005228945     19997.88
        7330     1.001619     2.617979 -0.0007017054     20001.64
        7332     1.001431     2.604148 -0.004068734     20008.54
        7334     1.000846     2.616957 -0.003056749      20012.4
        7336     1.000267     2.611967 -0.001035218     20019.87
        7338    0.9999885     2.593525 -0.002042775     20025.21
        7340     1.000415     2.595867 0.0002544326     20029.27
        7342     1.000263     2.600615  0.004212305     20036.17
        7344     1.000235     2.614003  0.003722628     20043.66
        7346      1.00026     2.627224     0.006216     20049.03
        7348     1.000008     2.625648  0.006240785     20053.66
        7350     1.000356     2.650343  0.005683445     20061.22
        7352    0.9995657     2.663929  0.009626413     20064.12
        7354    0.9993294     2.672691  0.006736583     20072.68
        7356    0.9994074     2.702659  0.006962047     20078.67
        7358     1.000145     2.704235  0.007841405     20083.58
        7360    0.9999055     2.719626  0.002623573     20091.22
        7362     1.000632     2.735422  0.004431868     20098.96
        7364     1.000448     2.723647 -0.000336176     20100.84
        7366     1.000396      2.73969 -0.002499871        20106
        7368      1.00022     2.716936 -0.006087546     20114.33
        7370     1.000131     2.715424  -0.01031357     20121.04
        7372     0.999996     2.674947 -0.009558333      20126.7
        7374     1.000534     2.657182  -0.01754912     20130.21
        7376      1.00032      2.64047  -0.01218137     20136.39
        7378     0.999603     2.575031  -0.01880606     20145.53
        7380    0.9992684     2.577496  -0.01623785     20150.93
        7382    0.9995095     2.506733 -0.009463075      20155.9
        7384    0.9992691     2.510567 -0.009613013     20163.39
        7386    0.9990101     2.499326 -0.0005135902     20167.96
        7388    0.9986825     2.500592 -0.002286747     20175.17
        7390    0.9987847     2.502624  0.001668049     20180.65
        7392    0.9986721     2.492273  0.001424975     20185.55
        7394      0.99826      2.51267 0.0005413816     20192.49
        7396    0.9983418     2.511992   0.00290846     20198.53
        7398    0.9978647     2.506955  -0.00139662     20206.93
        7400    0.9985556      2.51554 -0.002084268     20212.06
        7402    0.9981673     2.501497 0.0002845387     20214.99
        7404    0.9978529     2.495318 -0.001655297     20219.09
        7406    0.9976943     2.509232 -0.002721176     20228.54
        7408    0.9970987     2.502298 0.0002327791     20233.77
        7410    0.9970063     2.479728 -0.001521353     20243.25
        7412    0.9968875      2.49718 -0.002982208     20245.73
        7414    0.9973387     2.497061   0.00101869     20254.58
        7416    0.9970782      2.47844 -0.002254989      20257.8
        7418     0.996876     2.487878 -0.003811912        20261
        7420     0.996402      2.47914 -0.0006633056     20266.45
        7422    0.9962418     2.466566   -0.0025037     20272.57
        7424    0.9956731     2.473134 -0.002715182     20279.03
        7426    0.9962029     2.467848 -0.002359829     20283.24
        7428    0.9962861     2.457419 -0.003352164     20292.66
        7430    0.9962763     2.447687 -0.003756119     20297.26
        7432    0.9957488     2.446317 -0.001610447     20303.16
        7434    0.9956265     2.437799 0.0007448251     20311.14
        7436    0.9960329     2.444535  0.001109398     20315.65
        7438     0.995481     2.453646  0.002169546     20321.34
        7440    0.9955765     2.455192  0.001903345     20327.95
        7442    0.9954803     2.455155  0.001825249     20329.54
        7444    0.9956387     2.459762  0.001518422     20336.76
        7446    0.9955955     2.468248  0.001675099     20340.92
        7448    0.9953143     2.467339  0.002424796     20348.79
        7450    0.9955814     2.468556 0.0002819526     20354.89
        7452    0.9957288      2.47916 -0.001032039     20359.56
        7454    0.9955844     2.470503  0.002418011     20364.16
        7456    0.9950549     2.459083 -0.0007059082     20367.86
        7458    0.9955364       2.4879 -0.001710186     20378.32
        7460    0.9956906     2.473513  0.001930411     20382.91
        7462    0.9959272     2.456822  -0.00384937     20388.16
        7464    0.9957687     2.474526 -0.005306615     20390.99
        7466    0.9958378     2.457105 -0.001769875     20401.24
        7468    0.9952248      2.43106 -0.004237562     20404.88
        7470    0.9954463     2.442663 -0.003218143      20408.9
        7472    0.9951088     2.440626 -0.003518039     20414.34
        7474    0.9955892      2.43136 -0.005453829      20420.4
        7476    0.9956416     2.402916 -0.005424462     20423.19
        7478    0.9952701     2.399032 -0.008065185     20427.57
        7480    0.9954779      2.39723 -0.004499256      20440.2
        7482    0.9951615     2.366839 -0.002998163     20442.86
        7484    0.9957151     2.366922 -0.006754398     20446.27
        7486    0.9948589     2.375047 -0.003093405     20449.75
        7488    0.9954308     2.343195  -0.00355239     20449.03
        7490    0.9953572     2.342091 -0.006158866     20459.66
        7492    0.9946264     2.338502 -0.003147345     20463.47
        7494    0.9951268     2.325776 -0.003358877     20469.86
        7496     0.994998     2.318016 -0.003289765      20474.6
        7498     0.994929      2.31522 -0.002057613      20482.3
        7500    0.9952181     2.312184 0.0008459668     20485.31
        7502     0.995066     2.309315  0.001043199      20491.9
        7504    0.9951425     2.324784 -9.403853e-05     20497.21
        7506     0.994882     2.323566 0.0003939992     20503.53
        7508     0.994977     2.311432 -0.001927879     20508.66
        7510    0.9949434     2.312467 -0.001777156     20510.48
        7512    0.9950133     2.309361 -0.0009255658     20513.27
        7514    0.9952247     2.309349 -0.0005464034     20516.95
        7516    0.9951302     2.304028 -0.001146449     20516.72
        7518    0.9951184     2.308096 -0.002076125     20505.48
        7520    0.9948054     2.300189 -0.001477356     20493.96
        7522    0.9951195      2.29274 -0.001567485     20492.72
        7524    0.9955245     2.292209 -0.0007730575     20417.15
        7526    0.9973166     2.295556 0.0002925101     20159.31
        7528    0.9938715     2.294005 -0.0009431122     20269.09
        7530    0.9958576      2.29508 0.0002626234     20219.87
        7532     0.994255     2.284664 -0.001098895     20353.08
        7534    0.9953248     2.297657 -0.001256832     20555.19
        7536    0.9947283     2.285214 -7.874006e-05     20541.57
        7538    0.9947731     2.285025 -0.002413156     20546.84
        7540    0.9948416     2.284034 -0.001192205     20569.83
        7542    0.9949106     2.278352  -0.00211184     20588.84
        7544    0.9950203     2.275676 -0.001409559     20594.49
        7546    0.9944511      2.26813 -0.001242397     20598.94
        7548    0.9947664     2.272757 -0.003140274     20602.44
        7550    0.9947096     2.268412 -0.001159777     20607.57
        7552    0.9945525     2.250554 0.0003258028      20613.4
        7554    0.9946813     2.258852 -0.0003474232      20617.8
        7556    0.9947547     2.275364 0.0005232884     20625.12
        7558    0.9945708     2.265633  0.001063828     20625.71
        7560     0.994616      2.25474 -0.001713219     20636.39
        7562    0.9942682     2.267363 -0.002766223     20640.53
        7564    0.9944843     2.261658 -0.0004720712     20644.18
        7566     0.994216     2.243503 -0.003379591     20647.79
        7568    0.9941845     2.250963 -0.004555161     20654.29
        7570    0.9944628     2.240326 -0.001530389     20658.62
        7572    0.9946044     2.225217 -0.002749908     20663.18
        7574    0.9944295      2.23126 -0.003749782     20665.86
        7576    0.9940542     2.228964 -0.002467982     20670.31
        7578    0.9938168     2.210328  -0.00315388     20675.24
        7580    0.9939894     2.205473 -0.003184827     20679.17
        7582    0.9945539     2.206029 -0.001911931        20685
        7584    0.9942899     2.203486 -0.002128001     20685.75
        7586    0.9942645     2.195032 -0.002645876     20686.26
        7588    0.9945018     2.188449 -0.002773479     20691.07
        7590    0.9941083     2.184862 -0.001843791     20697.13
        7592    0.9939651     2.181298 -0.0009994269      20698.9
        7594    0.9942289     2.180282 -0.0001949874     20698.03
        7596    0.9951381     2.180453 -0.000594208     20703.05
        7598    0.9952085     2.183302  -0.00213139     20708.29
        7600    0.9949184     2.176544 -0.001313011     20715.71
        7602     0.995006     2.163231 -0.001338709     20717.75
        7604    0.9953489     2.169949  -0.00190222     20723.93
        7606    0.9953972     2.172593 -0.001262744     20726.44
        7608    0.9953948     2.161326 -0.002312623     20735.08
        7610    0.9953015     2.153129 -0.004298578     20733.57
        7612    0.9955322     2.151448 -0.002670399     20738.95
        7614     0.995958     2.138204 -0.001091355     20744.88
        7616    0.9957055     2.139963  -0.00159331      20748.4
        7618    0.9956673     2.144398 -0.0007153887     20749.88
        7620    0.9957069     2.138702 -0.000289673     20752.82
        7622    0.9963777     2.132481 -0.001676323     20756.97
        7624    0.9962942     2.137646 -0.002089442     20762.49
        7626     0.995774     2.130988 -0.001356451     20765.28
        7628    0.9957153     2.121986 -0.001733191      20765.6
        7630    0.9963612     2.121629 -0.002017139     20775.25
        7632     0.996816      2.12378 -0.001043524     20780.82
        7634     0.996286      2.11485 -0.0006486587     20782.46
        7636    0.9966427     2.113638 -0.002519492     20782.82
        7638    0.9962684      2.11644 -0.002416285      20787.6
        7640    0.9966961     2.103624 -0.002801707     20792.93
        7642    0.9969989      2.09552 -0.003944825     20796.52
        7644    0.9972655     2.091225 -0.002591283     20801.14
        7646    0.9967965     2.084881 -0.002555653     20803.23
        7648    0.9964699     2.082894 -0.001367446     20808.31
        7650      0.99684     2.075075 -0.001519823     20815.19
        7652    0.9967727     2.080285 -0.0007074911     20816.62
        7654    0.9962043     2.072723 0.0001229317     20816.94
        7656    0.9962764     2.077234  -0.00152815      20819.9
        7658    0.9962794     2.076058 -0.0003594291     20823.58
        7660    0.9965953      2.06806 -0.001176878     20830.22
        7662    0.9963759     2.069847 -0.002166682     20835.41
        7664    0.9963498     2.067819 -0.0008276046     20840.17
        7666     0.997163     2.058725 -0.002107129     20848.94
        7668    0.9965406     2.061439 -0.0005199427      20850.1
        7670     0.996725      2.05299 0.0005441541     20851.88
        7672    0.9971143      2.06366 -0.001977598     20854.32
        7674     0.996865     2.063078 -5.512091e-05      20860.3
        7676    0.9969981     2.045618 -0.000519591      20861.8
        7678    0.9975232     2.052549 -0.001445987     20865.66
        7680    0.9974766     2.059503 0.0003942565     20877.39
        7682    0.9970949      2.05151 -0.002243963     20878.94
        7684    0.9977141     2.048772 -0.002555895     20885.77
        7686    0.9978439     2.034598 -0.001063345     20888.01
        7688    0.9979965     2.039056  -0.00101955      20890.1
        7690    0.9980493     2.043003 -0.0005077823     20890.78
        7692    0.9983218     2.040616  -0.00183852     20900.35
        7694    0.9979516     2.030535 -0.003579243     20903.07
        7696    0.9983398     2.024347 -0.003516021     20907.22
        7698    0.9984382      2.01437 -0.002358998     20908.23
        7700    0.9982943     2.012488 -0.002264176     20913.35
        7702    0.9983535     2.011663 -0.001256666     20916.33
        7704    0.9982827     2.006234 -0.001267703     20922.07
        7706     0.998989     2.004316  -0.00133038     20928.74
        7708    0.9985718     2.002346 -0.0006961586     20931.72
        7710    0.9991034      2.00102 -0.001119439     20933.92
        7712    0.9995196     2.000665 -0.0006170882     20941.14
        7714    0.9987155     1.995361 -0.001334413     20944.44
        7716    0.9995763     1.997409 -0.001598948      20949.4
        7718    0.9995306     1.990345 -0.000818212     20951.67
        7720    0.9994174     1.987873 -0.0003997101     20951.51
        7722    0.9994927     1.988815 -0.0001852532     20954.28
        7724    0.9996266     1.994212 -0.0007012781     20956.57
        7726    0.9998369     1.988863 -0.0008043731     20959.46
        7728    0.9998116     1.982263 -0.001278755     20962.86
        7730     1.000291      1.98238 -0.001513702     20968.43
        7732      1.00013     1.983982  -0.00121409      20971.5
        7734     1.000192     1.976753 -0.000888477     20972.86
        7736     1.000236      1.97255 -0.002025669     20975.75
        7738     1.000454     1.975272 -0.001977529     20981.55
        7740     1.000583     1.967776 -0.001039688     20981.27
        7742     1.000392     1.960933 -0.001377746      20983.1
        7744     1.000547     1.964233 -0.001181977     20987.11
        7746     1.000722      1.96425 -0.001236346      20992.1
        7748     1.000948      1.95832 -0.001329737     20996.75
        7750     1.000588     1.951042 -0.001281578     20997.28
        7752     1.000848     1.953595 -0.001278024     21003.02
        7754     1.000926     1.953998 -0.000980185     21004.68
        7756     1.001129     1.948096 -0.001738507     21005.11
        7758     1.001391     1.943201 -0.001978011     21010.89
        7760     1.001151     1.939687 -0.002150925     21015.84
        7762     1.001083     1.938174 -0.001975086     21016.62
        7764     1.001489     1.930889 -0.001986578     21021.19
        7766     1.001529       1.9274 -0.002316185     21021.15
        7768     1.001733     1.923794 -0.001716734     21022.29
        7770     1.002105     1.919644 -0.002252353     21023.19
        7772     1.001757     1.917155 -0.001946014     21026.04
        7774     1.001869     1.909381 -0.002456974     21025.63
        7776     1.001993     1.908226 -0.001566094     21023.04
        7778     1.002429     1.899988 -0.001293464     21023.39
        7780     1.002277     1.904626 -0.001416412      21013.7
        7782     1.002779     1.899034 -0.0006476508     20983.71
        7784     1.003964     1.896895 -0.001349515     20764.39
        7786     1.005729     1.894807  -0.00247054     20110.51
        7788     1.000427      1.89383 -0.001990755     20072.87
        7790    0.9998334     1.879269 -0.001835632     20217.94
        7792     1.002568     1.880969 -0.001941031      21037.7
        7794     1.002269     1.880122 -0.0003966278     21069.44
        7796      1.00238     1.878302 -0.0007370457     21083.17
        7798     1.002227     1.876096 -0.001311076     21090.57
        7800     1.002328     1.875072 -0.0006145156     21092.34
        7802     1.002576     1.869633 -0.001460334     21095.68
        7804     1.002787     1.873386 -0.001617803     21099.65
        7806     1.002618     1.864414 -0.0007645592     21100.71
        7808     1.002658      1.86213 -0.001873917     21106.71
        7810     1.002929     1.863517 -0.0008336807      21109.8
        7812     1.002691     1.858394 -0.0004952621     21112.59
        7814      1.00293     1.857744  -0.00148026     21116.25
        7816     1.002659     1.858168 -0.001431737     21117.47
        7818     1.002783     1.851675 -0.001506345     21118.94
        7820      1.00257      1.84694 -0.001742853     21122.23
        7822     1.002474     1.845693 -0.0009388435     21124.42
        7824     1.002965     1.844225 -0.001277612     21129.27
        7826     1.003139     1.844164 -0.001178106     21131.98
        7828     1.002872      1.83672  -0.00112172     21133.18
        7830     1.002946     1.836269 -0.001991639     21136.62
        7832     1.003468     1.835251 -0.001650015     21142.52
        7834     1.002942     1.828231 -0.001739767     21141.37
        7836     1.003174     1.823519 -0.001657773     21142.17
        7838     1.003377      1.82235 -0.0005866912     21148.03
        7840     1.003043     1.821989 -0.0004191759     21146.71
        7842     1.002946     1.823537 -0.001013903     21151.57
        7844     1.003191     1.820166 -0.001630544     21155.11
        7846     1.003344     1.814239 -0.001679586     21161.94
        7848     1.003476     1.808945 -0.002029749     21165.18
        7850     1.003535     1.810101 -0.001750325      21163.7
        7852     1.003513     1.803928 -0.001613275     21165.24
        7854     1.002933     1.800237 -0.001546136     21167.88
        7856     1.003716     1.796039 -0.001470152     21173.01
        7858     1.003693     1.797732 -0.001529049     21175.07
        7860     1.003485     1.792167 -0.001103104     21177.13
        7862     1.003684     1.788004 -0.001733833     21181.55
        7864     1.003439     1.787214 -0.001409285     21184.27
        7866     1.003592     1.783861 -0.001316722      21185.2
        7868     1.003379     1.780893 -0.001903425     21191.49
        7870     1.003466     1.777471 -0.001563807     21190.63
        7872     1.004007     1.771986 -0.001842482     21194.42
        7874     1.004304     1.771351 -0.001799064     21199.17
        7876     1.004268     1.766153 -0.001356303     21200.64
        7878     1.004372     1.763078  -0.00144256      21204.4
        7880     1.004431     1.761136 -0.001688053     21207.01
        7882     1.004537      1.75981 -0.001272449     21210.25
        7884     1.004542     1.752648 -0.001808371     21215.22
        7886     1.004293     1.752898  -0.00212435     21217.72
        7888     1.004595     1.746669 -0.001789926     21216.91
        7890      1.00441     1.742815  -0.00190178     21219.86
        7892     1.005133     1.738329 -0.001934178      21227.4
        7894     1.004963     1.737684 -0.001691694     21229.19
        7896     1.004837     1.731195 -0.001331709     21233.31
        7898     1.004804     1.729282 -0.001898646     21234.02
        7900      1.00511     1.727675 -0.001619198     21238.02
        7902     1.004871     1.722495 -0.0009765148     21240.62
        7904       1.0051     1.718242 -0.0008051506     21244.13
        7906     1.004798      1.72147 -0.000947086     21245.92
        7908     1.004574     1.721234 -0.0004687284     21248.55
        7910     1.004859     1.714918 -0.001546817     21254.44
        7912     1.004934     1.714492 -0.001247213     21254.43
        7914     1.005612     1.709095 -0.0004184536     21205.04
        7916     1.006142     1.711256 -0.001541737     20934.46
        7918     1.005902     1.711571 -0.001149148     20619.91
        7920     1.004898     1.702158 -0.001405394     20955.97
        7922     1.005459     1.699902 -0.001416578     21189.15
        7924     1.005722     1.700013 -0.001087857     21234.61
        7926     1.005032     1.700238 -0.001241667     21241.65
        7928     1.005506     1.693455 -0.001484254     21253.02
        7930     1.005027     1.689969 -0.001620353     21253.99
        7932     1.005267     1.688139 -0.001366025     21259.38
        7934     1.004918     1.687275 -0.001923052     21266.84
        7936     1.005355     1.682527 -0.001457387      21270.4
        7938     1.005493     1.674584 -0.001973214     21272.08
        7940     1.004833      1.67648 -0.001324361     21273.12
        7942     1.005119      1.67149 -0.0008089356     21278.52
        7944     1.005201     1.671932 -0.001558432      21281.3
        7946     1.004953     1.668113 -0.001194965     21284.79
        7948     1.005212     1.664013  -0.00160877     21285.42
        7950     1.005015      1.66193 -0.001191376     21288.17
        7952      1.00503     1.659062 -0.001219501     21291.29
        7954     1.005577     1.658582  -0.00118704     21294.02
        7956     1.005063     1.654257 -0.0009402882     21298.38
        7958     1.004654     1.652433 -0.001246056     21297.32
        7960     1.005032      1.65154 -0.001071058     21302.55
        7962     1.004997     1.648613 -0.001457706     21307.09
        7964     1.005079     1.645688  -0.00155217      21308.7
        7966     1.005133     1.640772 -0.001484621     21309.13
        7968     1.004925     1.639122 -0.002084979     21313.14
        7970      1.00509     1.636736 -0.001483958     21317.83
        7972     1.005219     1.629008 -0.001364049     21319.64
        7974     1.004998       1.6289  -0.00135295     21319.81
        7976      1.00504      1.62821 -0.0007979374     21321.18
        7978     1.005255     1.625913 -0.0006912711     21327.51
        7980     1.005234     1.622625 -0.001282164     21330.99
        7982     1.005059      1.62337 -0.001705103     21326.61
        7984     1.005432     1.617953 -0.001169714     21331.83
        7986     1.005441     1.612272 -0.001539003     21333.78
        7988     1.005259     1.613267 -0.001201881     21341.76
        7990     1.005394     1.611058 -0.0006582698     21345.21
        7992     1.004969     1.608338 -0.001275945     21342.63
        7994     1.004966     1.607006 -0.001264058      21340.3
        7996     1.005436     1.603059 -0.001362194     21346.82
        7998     1.005557     1.600945 -0.001630657     21347.15
        8000     1.005483      1.59744 -0.001652482     21349.78
        8002      1.00549      1.59396 -0.001588263     21352.41
        8004     1.005268      1.58984 -0.001430322     21354.05
        8006     1.004953     1.588239 -0.0008063772     21356.92
        8008     1.005168     1.585998 -0.0008307815     21360.61
        8010     1.004806     1.587509 -0.001141847     21362.11
        8012     1.004467     1.583193 -0.001459767     21364.89
        8014     1.004649     1.579105 -0.002433446      21366.3
        8016     1.004886     1.574319 -0.001836785     21367.13
        8018     1.004971     1.568042 -0.001329333      21369.2
        8020     1.004498     1.568499  -0.00151222     21371.43
        8022      1.00463      1.56847 -0.0007615808     21372.64
        8024     1.004603     1.562222 -0.001330244      21373.2
        8026     1.004534     1.561949 -0.001522577     21376.86
        8028     1.004818     1.557857 -0.001646306     21379.65
        8030     1.004983     1.556289 -0.001567043     21383.57
        8032     1.004654     1.549051 -0.0008250836     21379.12
        8034     1.004524     1.549413 -0.001780534     21382.56
        8036     1.004439     1.551256 -0.0008001278     21385.41
        8038      1.00456     1.542045 -0.001301352     21390.02
        8040     1.004196      1.54265 -0.001824312     21389.52
        8042     1.003765     1.539002 -0.0008247225     21387.79
        8044     1.003985     1.536662  -0.00141855     21390.72
        8046     1.004119     1.535447 -0.001467363     21394.86
        8048     1.004012     1.531302 -0.001803984     21397.98
        8050     1.004019     1.527263 -0.002000618     21402.26
        8052     1.003835      1.52223 -0.001364568     21399.38
        8054     1.003733     1.519442 -0.001317181     21400.45
        8056      1.00354     1.520385 -0.001458536     21404.95
        8058     1.003667     1.516726 -0.0007609924     21405.95
        8060     1.004065     1.510562 -0.001461979     21407.63
        8062     1.003696     1.513354 -0.001483358     21411.44
        8064     1.003797     1.508689 -0.001034204     21411.91
        8066     1.003975     1.504859   -0.0014776      21414.7
        8068     1.003405     1.502288 -0.001277633     21416.81
        8070     1.003344     1.501534 -0.0006506312     21416.27
        8072     1.003419     1.498468 -0.0009139468     21418.79
        8074     1.003461     1.499654 -0.001362322     21424.34
        8076     1.003378     1.494977 -0.001211215      21423.4
        8078     1.003707     1.490635 -0.001916918     21425.84
        8080     1.003618     1.488779 -0.001880892     21424.76
        8082     1.003408     1.484318 -0.001379928     21427.81
        8084     1.003545     1.479929 -0.001388297     21432.43
        8086     1.003291     1.479596  -0.00110039     21431.62
        8088     1.002979     1.477672 -0.0009348973     21436.32
        8090     1.002983     1.475515 -0.001138423     21436.67
        8092     1.002982      1.47245  -0.00110459     21440.82
        8094      1.00292     1.470488 -0.001400583     21440.69
        8096     1.003123     1.468835 -0.0009619291     21445.04
        8098     1.003091     1.464311 -0.0008392172     21442.84
        8100     1.002945     1.464755 -0.001369887     21448.23
        8102      1.00297     1.463774 -0.001152512     21449.29
        8104     1.002802     1.457876 -0.001452786     21449.53
        8106     1.002436      1.45509 -0.001788958     21450.88
        8108     1.002252     1.453133 -0.001244047     21454.13
        8110     1.001974     1.449463 -0.001086294     21454.27
        8112     1.001873     1.447924 -0.000925065     21457.22
        8114       1.0018       1.4464 -0.0009007749     21455.76
        8116     1.001394     1.445732 -0.001190547     21458.11
        8118     1.001735     1.442257 -0.001190277     21463.09
        8120     1.001343       1.4384 -0.001815773     21460.59
        8122     1.001172     1.436878  -0.00172969     21462.62
        8124     1.000964     1.431206 -0.001307238     21465.22
        8126     1.000901     1.428419 -0.001203239     21468.03
        8128     1.000475     1.427942 -0.000862885     21467.22
        8130    0.9999246     1.427252 -0.0006119389     21467.28
        8132     1.000154     1.424303 -0.0009555013      21465.2
        8134       0.9998     1.423524 -0.001386814     21468.71
        8136    0.9998123     1.420298 -0.001476747     21471.94
        8138    0.9995224     1.416157 -0.001559236     21470.77
        8140    0.9992222     1.412489 -0.001001048     21471.38
        8142    0.9988657      1.41105 -0.000914393      21474.8
        8144    0.9989111     1.412289 -0.001064494     21472.76
        8146    0.9985625     1.408842 -0.001213452     21474.26
        8148    0.9983252     1.403973 -0.001625089     21474.05
        8150    0.9980398     1.401342 -0.001347021     21477.03
        8152    0.9978591     1.399289 -0.001243555     21479.52
        8154    0.9979245     1.398066 -0.001477152     21478.66
        8156     0.997777     1.394024 -0.001683813     21483.26
        8158    0.9975097     1.389525 -0.001918467     21484.65
        8160    0.9975218     1.385818 -0.001281718     21483.13
        8162    0.9974811     1.382718 -0.001062343     21485.56
        8164    0.9966304     1.383771 -0.0006317004     21484.04
        8166     0.996269     1.381026 -0.001029954     21481.85
        8168    0.9964349     1.380765 -0.001117828     21489.23
        8170    0.9961334     1.374479 -0.000813661     21490.35
        8172    0.9961142     1.374828 -0.001094832     21486.36
        8174     0.995901     1.374517 -0.001223617     21487.95
        8176    0.9959863     1.372006 -0.001203203     21490.53
        8178     0.995946      1.36469 -0.001317549     21489.89
        8180    0.9955752     1.365202 -0.001274494     21494.31
        8182    0.9955822     1.363976 -0.0008354696     21494.67
        8184    0.9953349      1.36181 -0.001251006     21495.13
        8186    0.9950205     1.358006 -0.001259646      21497.2
        8188    0.9953278     1.355194 -0.001692993     21498.84
        8190    0.9947485     1.353899 -0.001421645     21501.58
        8192    0.9947377     1.348266 -0.001687617     21498.36
        8194    0.9945888     1.346633 -0.001745892     21501.53
        8196    0.9947907     1.341693 -0.001174058      21504.9
        8198    0.9943799     1.339932 -0.001311655     21500.83
        8200    0.9944362     1.338873 -0.0008667436     21501.85
        8202    0.9942974      1.33614 -0.001270583     21503.69
        8204    0.9939188      1.33476 -0.001202829     21507.58
        8206    0.9934436     1.329767 -0.001150167     21504.51
        8208    0.9932983     1.329251 -0.001332028     21504.93
        8210    0.9931027     1.326938 -0.001078089     21505.59
        8212    0.9930357     1.324103 -0.001573848     21503.45
        8214    0.9932962     1.321143 -0.001340079     21508.88
        8216    0.9929981      1.31666 -0.001017176     21511.24
        8218     0.992662     1.316218 -0.000948105     21511.25
        8220    0.9922704     1.315966 -0.001032018     21512.48
        8222    0.9922017     1.313558 -0.001235953     21512.18
        8224    0.9917701     1.308404 -0.001514747     21516.28
        8226    0.9916556      1.30633 -0.001447108     21512.56
        8228    0.9915795     1.303848 -0.001153285     21514.49
        8230    0.9912267     1.301981 -0.001088929      21514.1
        8232     0.991165     1.299178 -0.001130758     21514.98
        8234    0.9908067     1.297619 -0.001369359     21518.68
        8236    0.9904366     1.294802 -0.001156007     21519.16
        8238    0.9905205     1.291026 -0.001505544     21515.74
        8240     0.990169      1.28993 -0.001303985      21515.8
        8242    0.9897816     1.285574 -0.001104727     21517.42
        8244    0.9893863      1.28437 -0.001047339     21516.36
        8246    0.9892408     1.282188 -0.0008920703     21518.99
        8248    0.9890641     1.281551 -0.0008750403     21522.23
        8250    0.9888151     1.278438 -0.0008464814     21522.66
