# This file has been produced by extranormal (v 1.0.1 - February 23, 2017)
# O. Roudenko - Synchrotron SOLEIL. Covered by GPL licence.
#Data from HDF File: /nfs/ruche-rock/rock-soleil/com-rock/2021/Projets/20210209_Hilde/InSitu/10Ni-10Fe_50BN/10Ni-10Fe_50BN_RWGS750_CO2pulses_H2cst_ratio1/10Ni-10Fe_50BN_RWGS750_CO2pulses_H2cst_ratio1_01188.nxs to 10Ni-10Fe_50BN_RWGS750_CO2pulses_H2cst_ratio1_01189.nxs
#Time at start=2021-02-10 14:42:38.997
#Time from start (seconds)=5939.57814843
#Sample temperature (C)=24.8
# Normalization -------------
# pivot spectrum: Pivot_Fe_10Ni-10Fe_50BN_RT_air_av2000_00001.txt
# E0=7112.0   Eshift=1.54549672193
# E0_pivot = 7112.0
# pre-edge params: from E0_pivot-140.0 to E0_pivot-20.0
# pre-edge range: [6972.0, 7092.0]
# post-edge params: from E0_pivot+100.0 to E0_pivot+1140.0
# post-edge range: [7212.0, 8250.0]
# I jump at E0_pivot = 1.24854099342
# shifted energy	normalized	reference	ref.derivative	I0
        6970  0.001741527     1.677343 -0.0005188025     18816.82
        6972  0.001741527     1.677343 -0.0005188025     18816.82
        6974  0.001557688     1.675915 -0.001209766     18824.31
        6976  0.001309043     1.671862 -0.001216017     18829.88
        6978 0.0009849828     1.668415 -0.001154788     18834.33
        6980 0.0005811214     1.667615 -0.001995445     18846.92
        6982  0.000669284     1.666677  -0.00214613     18851.62
        6984 0.0004237178     1.655899  -0.00214442      18858.4
        6986 0.0007578561     1.651246 -0.002136722     18870.22
        6988 0.0006660332      1.65046  -0.00108544     18877.44
        6990 0.0002919499     1.649583 -0.001247628     18886.58
        6992 0.0001077171     1.647215  -0.00129602     18891.93
        6994 8.130523e-05     1.641265  -0.00161816     18898.18
        6996 0.0002630481     1.640092 -0.001716036     18907.39
        6998 0.0003966836     1.636638 -0.001870735     18915.48
        7000 -0.0001019976     1.633487 -0.001713758     18924.16
        7002 0.0005353679     1.626299 -0.0009730278     18933.84
        7004 0.0003196749     1.626382 -0.001874898     18940.49
        7006 0.0003179338     1.628854 -0.001268839     18949.86
        7008 1.369995e-05     1.618488 -0.001172599     18957.33
        7010 -0.0003536326     1.616148 -0.001593922     18963.85
        7012 -0.0003530697     1.617001 -0.0009409405     18972.87
        7014 -0.0005220356     1.616102 -0.0008005032     18982.21
        7016 -0.0005808914      1.61096 -0.001913957     18989.75
        7018 -0.0008694828     1.609744 -0.002257943     18993.65
        7020 -0.000800445     1.601689 -0.002074394     19001.09
        7022 -0.0004290735     1.598039 -0.002060335     19011.21
        7024 -0.000534231     1.594365 -0.001275216     19018.22
        7026 -0.0007783272     1.593262 -0.001422046     19025.76
        7028 -0.001027413     1.591487 -0.001320959     19036.15
        7030 -0.0006386972     1.586662   -0.0016954     19044.78
        7032 -0.001067165     1.583797 -0.001715808     19052.07
        7034 -0.0008682577     1.579698 -0.0009878707     19059.45
        7036 -0.0005901535     1.577761 -0.001445879     19066.16
        7038 -0.0007276808      1.57876 -0.001428096     19074.53
        7040 -0.0006980111      1.57223 -0.001739783     19081.78
        7042 -0.0006893334     1.568274  -0.00190566     19092.33
        7044 -0.0005021453     1.563843 -0.001669695     19104.05
        7046 -0.001069144     1.563514 -0.001117324     19111.74
        7048 -0.0009742939     1.558873 -0.001402057     19117.28
        7050 -0.0005189798     1.559335 -0.001242299     19125.32
        7052 -0.0006737468     1.552626 -0.001788364     19132.97
        7054 -0.0006721663     1.553576 -0.001594518      19140.4
        7056 -0.0009336862     1.544566 -0.001888418     19145.16
        7058 -0.0005792919     1.546579 -0.002135141     19154.52
        7060 -0.0008592501     1.537519 -0.000695616     19164.49
        7062 -0.001052928     1.536495 -0.001427084     19168.73
        7064 -0.0006139117     1.539001 -7.498537e-05     19175.54
        7066 -0.0006200651     1.535162 -0.0005791221     19185.34
        7068 -0.0004641443     1.536919 -0.001530448     19194.09
        7070 -2.841455e-05     1.531862 -0.001478758     19202.57
        7072 -2.337707e-05     1.526757 -0.002212148     19209.41
        7074 -0.000288238     1.523332 -0.001602266     19216.73
        7076 0.0001023843     1.519222 -0.001588323     19230.85
        7078 0.0005394506     1.519044 -0.001682656     19238.21
        7080  0.001047083     1.514051 -0.001620831     19243.69
        7082  0.001161028     1.509871 -0.001655517     19250.65
        7084  0.001473984     1.506255 -0.001602871     19262.04
        7086  0.001348952     1.505799 -0.000939616     19268.76
        7088  0.002002659     1.501228 -0.0006691656     19274.96
        7090   0.00222317     1.502354 -0.0001893849     19280.48
        7092  0.002698425     1.500902 -0.001218581     19287.97
        7094  0.003376361     1.504284 -0.001017715     19298.91
        7096  0.004043562     1.491479 -0.001333414     19307.23
        7098  0.004941972     1.494212 -0.001804158      19314.9
        7100  0.005843471     1.490235 0.0009247912     19320.91
      7100.2  0.006019641       1.4898 0.0008070714     19322.05
      7100.4  0.006195812     1.489366 0.0006893517     19323.19
      7100.6  0.006371983     1.488932 0.0005716319     19324.33
      7100.8  0.006548153     1.488498 0.0004539121     19325.47
        7101  0.006724324     1.488064 0.0003361924     19326.61
      7101.2  0.006900494      1.48763 0.0002184726     19327.75
      7101.4  0.007076665     1.487196 0.0001007528     19328.89
      7101.6  0.007292933     1.489858 0.0001470183     19329.05
      7101.8   0.00746007     1.497087   0.00189757     19327.73
        7102  0.007337012     1.494439  0.003453939        19329
      7102.2  0.007513692      1.49221 0.0006386342     19329.18
      7102.4  0.007573207     1.492621  0.008879475     19329.61
      7102.6  0.007635396     1.497598  0.009035496     19328.98
      7102.8  0.007773166     1.501543  0.005746229     19327.41
        7103  0.007857842     1.499438 -0.002197586     19327.42
      7103.2  0.008019253     1.497218 -0.008514247     19332.01
      7103.4  0.008142468      1.49584 -0.006234158      19333.4
      7103.6  0.008360953     1.494731 -0.006908391     19334.01
      7103.8  0.008555365     1.494451 -0.008634968     19331.36
        7104  0.008647021     1.491692 -0.009790094     19330.92
      7104.2  0.008920158     1.488932 -0.008600943     19333.45
      7104.4   0.00919233     1.486899 -0.005972118     19335.15
      7104.6  0.009564596      1.48757 0.0004090009     19335.59
      7104.8  0.009679628     1.486914    0.0109966     19336.49
        7105  0.009810827     1.489259   0.01295244     19337.36
      7105.2  0.009977633     1.495696   0.01467191     19337.85
      7105.4   0.01006278     1.497932   0.01536836     19337.88
      7105.6   0.01052413     1.498651  0.006246629     19337.78
      7105.8   0.01100308     1.501554 -1.98615e-05     19340.13
        7106   0.01108855     1.500694  -0.00310367     19341.78
      7106.2   0.01127743     1.497916 -0.003368348     19344.91
      7106.4   0.01145673     1.496168 -0.0009579175     19345.76
      7106.6   0.01182271     1.498859 0.0006016999      19344.1
      7106.8   0.01232193     1.499927  0.002614163     19343.59
        7107   0.01290674     1.498397  0.001495996     19345.15
      7107.2   0.01342597      1.49826  0.002701133      19344.4
      7107.4   0.01378959     1.500056  0.007102755     19344.09
      7107.6   0.01417085     1.502088  0.009320603     19345.83
      7107.8    0.0145048      1.50408  0.009763441     19347.14
        7108   0.01514692     1.505716   0.01067818     19349.66
      7108.2   0.01593465     1.507866    0.0115736     19352.04
      7108.4   0.01641637     1.510631   0.01198345     19351.92
      7108.6   0.01681687     1.513339  0.009794811     19351.99
      7108.8   0.01730873     1.515303  0.004861321     19352.55
        7109   0.01797747     1.515702 0.0005866077     19353.57
      7109.2   0.01897391      1.51452  0.001273917     19354.65
      7109.4   0.01987036     1.513808  0.007335598     19353.41
      7109.6   0.02087108     1.516322   0.01672268      19351.5
      7109.8   0.02232289     1.521571   0.02742602     19351.39
        7110   0.02385416     1.527898   0.03631869     19351.17
      7110.2   0.02559176     1.535749   0.04208989      19350.7
      7110.4   0.02736973     1.545377   0.05107262     19351.53
      7110.6   0.02942366     1.555243   0.06314182     19350.21
      7110.8   0.03221056     1.568756   0.07461854     19348.43
        7111   0.03622002     1.586262   0.09005097     19347.54
      7111.2   0.04132372     1.605072    0.1070624     19346.42
      7111.4   0.04726369     1.627283    0.1268405     19344.98
      7111.6   0.05451219     1.654406    0.1464799     19346.07
      7111.8    0.0627903     1.687735    0.1596959     19347.58
        7112    0.0717013     1.722256     0.166531     19345.73
      7112.2   0.08120893      1.75504    0.1621392     19345.08
      7112.4   0.09061145     1.787631    0.1500584     19342.48
      7112.6   0.09986444     1.817446    0.1390572     19338.23
      7112.8    0.1085917     1.842303    0.1264178     19336.79
        7113    0.1165502     1.866286     0.111095     19336.35
      7113.2    0.1237393     1.888765    0.1005332     19334.24
      7113.4      0.13014     1.906322   0.09433272     19332.69
      7113.6    0.1363929     1.922729   0.08785675     19330.51
      7113.8     0.142452     1.941752   0.08594259     19331.22
        7114    0.1479024     1.959051   0.08448397     19331.37
      7114.2    0.1528854     1.975076   0.07177999     19335.29
      7114.4    0.1576515     1.990316   0.06021644     19336.46
      7114.6    0.1614816     1.999176   0.05287068     19334.86
      7114.8    0.1646655     2.007224   0.04601083     19334.73
        7115    0.1674011     2.017373    0.0415391     19333.84
      7115.2    0.1695982     2.027125    0.0366206     19333.45
      7115.4    0.1716318     2.032407   0.02962223     19332.24
      7115.6    0.1736727      2.03652   0.01868845     19332.75
      7115.8    0.1762595      2.04107   0.02118765     19336.86
        7116    0.1793163     2.042076   0.02909275     19337.58
      7116.2    0.1831255     2.049358    0.0273642     19339.07
      7116.4     0.187803     2.059794    0.0262644     19340.15
      7116.6    0.1933696     2.062962   0.01782452     19339.54
      7116.8    0.1995121     2.063087   0.01385196     19337.48
        7117    0.2064604     2.063617   0.02464482     19336.96
      7117.2     0.214343     2.070876   0.03842553     19336.44
      7117.4    0.2232123     2.082678   0.04864873     19337.59
      7117.6    0.2333618     2.093828   0.05594467     19340.09
      7117.8    0.2447493     2.102536   0.06002904     19340.11
        7118    0.2569132     2.115632   0.07082593     19338.95
      7118.2    0.2704424     2.130701   0.09486043     19338.07
      7118.4    0.2861592     2.150488    0.1111278     19336.52
      7118.6    0.3032971     2.178424    0.1206541     19336.74
      7118.8    0.3213657     2.204534    0.1275082     19337.82
        7119    0.3413693     2.227224    0.1265179     19336.43
      7119.2    0.3636284     2.252495    0.1230345      19336.6
      7119.4     0.387015     2.279639    0.1195174     19336.41
      7119.6    0.4108294     2.302962    0.1136828      19335.1
      7119.8    0.4352781     2.322838    0.1121568     19335.13
        7120    0.4600535     2.343441    0.1158739     19334.37
      7120.2    0.4842508     2.369364    0.1196903     19335.69
      7120.4    0.5074185     2.395661    0.1235023     19336.17
      7120.6    0.5291235      2.41859    0.1240019     19335.87
      7120.8    0.5490259     2.442243    0.1182993     19334.38
        7121    0.5674935     2.468566    0.1162797     19335.78
      7121.2    0.5846154       2.4903    0.1193095     19336.86
      7121.4    0.6002878     2.511614    0.1168691     19337.04
      7121.6    0.6146133     2.537691    0.1104973     19336.09
      7121.8    0.6287515     2.562061   0.09566138     19335.12
        7122    0.6429144     2.578698   0.09971296      19335.4
      7122.2    0.6578604     2.588143     0.109458     19333.74
      7122.4    0.6727311     2.617461     0.129601     19332.88
      7122.6    0.6882112     2.649627    0.1591004     19332.04
      7122.8    0.7048597     2.682379    0.1362449     19331.38
        7123    0.7223165     2.715423   0.09711458     19333.03
      7123.2    0.7395088     2.726457   0.04628344     19332.76
      7123.4    0.7566393     2.727319  0.005302985     19333.02
      7123.6    0.7747552     2.719406   0.03059033     19333.03
      7123.8    0.7934794     2.719666   0.07406148     19332.48
        7124    0.8115102     2.750929   0.08835966     19331.52
      7124.2    0.8293016     2.786568   0.09787706     19331.51
      7124.4    0.8468489     2.790093    0.0529989     19331.01
      7124.6    0.8643045     2.797967  0.008775612     19329.63
      7124.8    0.8805626     2.793328   0.00826957      19330.3
        7125    0.8954678     2.793589 -0.007589778      19330.6
      7125.2    0.9089103     2.796709 -0.009800648     19329.43
      7125.4    0.9221025     2.791895   0.02671919     19327.85
      7125.6    0.9352746     2.785488   0.03585093     19324.82
      7125.8     0.947563     2.814964   0.06435891     19323.08
        7126     0.959216      2.82539   0.05437313     19323.71
      7126.2      0.97074     2.843383   0.02990883     19323.55
      7126.4    0.9827499     2.828986   0.06870453     19323.12
      7126.6    0.9949549     2.838891   0.04806494     19322.28
      7126.8     1.006937     2.880353   0.08369208     19321.73
        7127     1.018912     2.881835    0.1168332     19320.93
      7127.2      1.03105      2.89594   0.07852146     19320.56
      7127.4     1.043855     2.932358   0.07899046     19321.27
      7127.6     1.057428      2.94317    0.1049434     19320.35
      7127.8     1.071049     2.945027    0.1004241      19318.1
        7128     1.084777     2.979895   0.04652362     19316.58
      7128.2     1.099353     3.012697   0.03118443      19316.4
      7128.4     1.114594     2.980389   0.02075101     19317.43
      7128.6     1.129422     2.969974  -0.05157562     19318.27
      7128.8     1.143232     2.996495  0.002798202      19318.5
        7129     1.156061     2.971436   0.03137163     19319.91
      7129.2     1.167688     2.982628   0.01857404     19319.93
      7129.4     1.178532     2.995072    0.1036755     19318.52
      7129.6      1.18872     3.011355    0.1229774     19317.96
      7129.8     1.196912     3.054377    0.1153275     19313.89
        7130     1.202938      3.08101    0.1202139     19312.14
      7130.2     1.206872     3.087334  0.004273605     19310.27
      7130.4     1.209569     3.107526  -0.01254049     19310.32
      7130.6     1.211557     3.057796   0.01636713     19312.76
      7130.8     1.213522     3.070977 -0.006947547     19313.32
        7131     1.214345     3.100427   0.08192159     19313.89
      7131.2     1.214112     3.101968   0.09934485     19314.11
      7131.4      1.21391     3.123333   0.06009983     19312.06
      7131.6     1.213022     3.150453   0.01295506     19309.09
      7131.8     1.212443     3.148507  -0.04478757     19306.25
        7132       1.2124     3.112332   -0.0813894     19304.41
      7132.2     1.212728     3.087503  -0.07479079        19302
      7132.4     1.212733     3.085342  -0.03729645      19302.5
      7132.6     1.211796     3.088675  -0.03770274     19302.03
      7132.8     1.210044     3.082495   -0.0558385     19301.97
        7133     1.207427     3.057341  -0.09199018     19303.14
      7133.2     1.204078     3.040671  -0.09657672     19304.69
      7133.4     1.200116     3.015083  -0.07812965      19304.8
      7133.6     1.195095     3.005233  -0.08368969     19303.88
      7133.8     1.189014     2.994837  -0.07402929     19304.83
        7134     1.182259     2.973719  -0.09709477     19306.45
      7134.2     1.175476     2.955859   -0.1121187     19308.25
      7134.4     1.168573     2.927557  -0.05769343     19308.56
      7134.6      1.16119     2.905142  -0.01726632     19306.88
      7134.8     1.154133     2.927564 -0.001578522     19307.12
        7135     1.147178     2.942046  0.005455488     19308.75
      7135.2     1.140336     2.926295  -0.02389725     19309.96
      7135.4     1.133787     2.909507 -0.009840297     19312.69
      7135.6     1.126885     2.908447   0.06030079     19315.58
      7135.8     1.119856     2.934174   0.09816598     19315.84
        7136     1.113031     2.974535   0.02604391     19315.84
      7136.2     1.106177     2.988039  -0.05745991     19317.69
      7136.4     1.099875     2.929282  -0.09235246      19318.3
      7136.6     1.094517     2.888206   -0.1056886     19316.46
      7136.8     1.089567     2.900653  0.003924394     19312.51
        7137     1.085404     2.903488   0.05647486     19304.73
      7137.2     1.081515     2.932421   0.02242113     19290.53
      7137.4     1.077759     2.933386   0.01617443     19266.48
      7137.6     1.074155      2.91859  -0.03559105     19234.25
      7137.8     1.069915     2.916428  -0.02362803     19192.25
        7138     1.065966     2.903948 -0.0009135039     19148.85
      7138.2     1.061935     2.914483  0.008106054     19109.67
      7138.4     1.058412     2.917859   0.05990415     19086.59
      7138.6     1.055774     2.922913   0.01307526     19081.76
      7138.8     1.053033     2.951872 -0.001375052     19086.73
        7139       1.0512     2.924944   0.01412358     19105.02
      7139.2     1.048526     2.916759   0.02012836     19130.44
      7139.4     1.046552     2.934212   0.06045647     19160.53
      7139.6     1.044979     2.967975   0.08294698     19192.58
      7139.8     1.043824     2.973309   0.06905589     19222.41
        7140     1.042952     2.983117   0.03565812     19250.42
      7140.2      1.04225     2.989456   0.01742057     19274.35
      7140.4     1.041983     2.996501  -0.02744754     19293.13
      7140.6     1.041729     2.987245  -0.03264239     19306.83
      7140.8     1.041196     2.961159  -0.05575132     19313.38
        7141     1.040411     2.963342  -0.02221618      19316.8
      7141.2      1.03969       2.9519   0.01355173     19316.95
      7141.4     1.039086     2.969472  0.005911173     19313.64
      7141.6     1.038123        2.972   0.03713383     19303.31
      7141.8     1.036984     2.968071   0.03035523     19285.55
        7142     1.036208     2.981607   0.01564731      19258.1
      7142.2     1.035652     2.993756  -0.01333018     19221.03
      7142.4     1.035291     2.984518  -0.02197742     19178.84
      7142.6     1.034629     2.957407  -0.01970371     19136.46
      7142.8     1.033631     2.964025  -0.01472355     19100.73
        7143     1.032731     2.977993   0.02849064     19078.34
      7143.2     1.032098     2.972739   0.03221685     19072.88
      7143.4     1.031539       2.9802   0.05033413     19084.75
      7143.6     1.030486     2.989799   0.06958525     19111.42
      7143.8     1.029203     3.018261   0.01097363     19149.06
        7144     1.027991     3.028408  -0.01477576     19193.14
      7144.2     1.027177     2.988979  -0.07763726     19234.78
      7144.4     1.026308     2.977978   -0.1045164     19268.88
      7144.6     1.025437     2.956151  -0.05600083     19295.41
      7144.8     1.024519     2.944794  -0.02518987     19312.87
        7145     1.023099     2.944178    0.0259934     19321.81
      7145.2     1.021899     2.957826    0.0508729     19328.05
      7145.4     1.021089     2.976946   0.02089233     19333.69
      7145.6     1.019681     2.985493 -0.009289305     19336.81
      7145.8     1.017846     2.960892   -0.0511944     19340.32
        7146     1.016022     2.950395  -0.03894034     19342.32
      7146.2      1.01397      2.93599   0.01655608     19345.22
      7146.4     1.011817      2.95434   0.03511856     19348.07
      7146.6     1.009922     2.974137   0.04658544      19349.9
      7146.8      1.00727     2.978489   0.02330516        19352
        7147       1.0049     2.973258   0.01763708     19355.81
      7147.2     1.001954     2.972985   0.02155758     19358.37
      7147.4    0.9990091     2.988246   0.04746594     19358.24
      7147.6    0.9964019     2.995736   0.03743124      19360.3
      7147.8    0.9938244     3.011231   0.03100037      19360.8
        7148    0.9912496      3.00293   0.06320639     19362.02
      7148.2    0.9884545     3.013047   0.04927442     19364.01
      7148.4    0.9852733     3.046301    0.0410308      19365.5
      7148.6    0.9823588     3.050651   0.01613663     19366.21
      7148.8    0.9791513     3.035754 -0.001850327     19367.61
        7149    0.9757941     3.025956 -0.007508491     19369.32
      7149.2    0.9725831      3.04482  -0.01686475     19371.83
      7149.4    0.9693465     3.044644  -0.02155696     19373.79
      7149.6    0.9661187     3.022262  -0.02960106     19374.21
      7149.8     0.963297      3.00871 -0.006800992     19376.32
        7150     0.960502      3.02114  0.004812899     19376.77
      7150.2    0.9574141     3.039203   0.03783522     19375.47
      7150.4    0.9544474     3.026113   0.03609088      19376.4
      7150.6    0.9515481     3.038979   0.03864866     19377.38
      7150.8    0.9494257     3.050012   0.07688082      19380.3
        7151    0.9471648     3.070122   0.08469639     19383.07
      7151.2     0.944934     3.087617    0.0709478     19384.11
      7151.4    0.9431532     3.106736   0.00288923     19386.58
      7151.6    0.9412103      3.10677  0.004082893     19387.18
      7151.8    0.9395256     3.072433   0.00578058     19385.75
        7152    0.9382365     3.090884  -0.01648883     19389.14
      7152.2    0.9368243      3.11136  0.002065016     19387.69
      7152.4    0.9358703     3.093579  -0.03437581     19388.05
      7152.6    0.9344494     3.074086   -0.0301923     19389.23
      7152.8    0.9332462     3.063383  -0.01574161     19388.84
        7153    0.9327225     3.087206   0.00869869     19391.28
      7153.2    0.9324535     3.080986   0.04276366     19393.91
      7153.4    0.9324234     3.081044   0.01850456     19395.18
      7153.6    0.9327448     3.097594  0.007462974     19396.12
      7153.8    0.9328083      3.10201  0.009768443     19396.67
        7154    0.9327499     3.086956   0.02388197     19396.19
      7154.2    0.9327429     3.088859   0.01036093     19398.22
      7154.4    0.9328664       3.1167  -0.01179946     19399.88
      7154.6    0.9330881     3.110299  -0.01993471     19400.43
      7154.8    0.9334677     3.077517  -0.06616895     19401.61
        7155    0.9341171     3.072911  -0.05989016      19401.7
      7155.2    0.9351887     3.063764  -0.01885249     19403.52
      7155.4    0.9363287     3.062387  -0.01740401        19405
      7155.6      0.93761     3.062435 -0.002056761     19404.42
      7155.8    0.9387402     3.058988 -0.003005897     19403.41
        7156    0.9397752     3.062119  -0.02394495     19404.66
      7156.2    0.9410787     3.059982  -0.03298245     19406.44
      7156.4    0.9420062     3.043279   0.01010584      19405.9
      7156.6    0.9430416     3.032602   0.01849689     19406.78
      7156.8    0.9443517     3.070204  0.003491841     19408.64
        7157    0.9452711     3.074779   0.03726676     19409.49
      7157.2     0.946426     3.046072 -0.009693232     19410.15
      7157.4    0.9476826     3.062416 0.0009252192     19411.26
      7157.6    0.9490842     3.062449   0.03529185     19411.05
      7157.8    0.9503277      3.07552   0.01941347     19412.88
        7158    0.9509732     3.074306   0.02228205     19414.37
      7158.2    0.9517653     3.077946   0.02549512     19415.74
      7158.4    0.9528967     3.080275 0.0007069943     19418.17
      7158.6    0.9540031     3.095916   -0.0166537     19418.78
      7158.8    0.9554954     3.074872 -7.778096e-05     19418.74
        7159    0.9566937     3.064624  -0.04128933     19418.74
      7159.2    0.9577207     3.080212 -0.002712241     19419.34
      7159.4    0.9587688     3.062884   0.01124156     19418.56
      7159.6    0.9594462     3.072702  -0.02255885     19419.98
      7159.8    0.9604922     3.073617  -0.01288798     19420.24
        7160    0.9612031     3.062165  -0.02040715     19421.37
      7160.2    0.9620588     3.052574   0.01141275     19422.58
      7160.4    0.9626766     3.056376   0.02849673     19421.08
      7160.6    0.9633138     3.082747   0.05381435     19419.92
      7160.8     0.963737     3.084963   0.08277245     19419.47
        7161    0.9645179     3.095625   0.04913742     19420.58
      7161.2    0.9652491     3.122594   0.04663075     19423.09
      7161.4    0.9660599     3.122057   0.08907403     19424.61
      7161.6    0.9670572     3.122267     0.119134     19426.43
      7161.8    0.9677243     3.166885    0.1783953     19428.03
        7162    0.9681389     3.217901    0.1820007     19428.94
      7162.2    0.9684946     3.264773   0.09658472     19428.98
      7162.4    0.9690693     3.267868  -0.01586473     19428.59
      7162.6    0.9697947     3.244152   -0.2619907     19429.38
      7162.8    0.9700935     3.205209   -0.3682324     19428.54
        7163    0.9698792     3.055181   -0.3215235     19427.49
      7163.2    0.9698697     2.973282   -0.2832406     19428.19
      7163.4    0.9704915     2.986934   -0.1533721     19428.42
      7163.6    0.9712773     2.978617   -0.0284219     19430.64
      7163.8    0.9717683     2.932483  0.003765181     19433.79
        7164    0.9723131     2.950544   0.02581575     19434.16
      7164.2    0.9728073     2.989946   0.05824221      19435.4
      7164.4    0.9731421      2.99927  -0.02265459     19435.28
      7164.6    0.9735897     2.979077  -0.05516783     19435.05
      7164.8    0.9739875     2.932421  0.001023998     19437.48
        7165    0.9744909     2.945811   0.08812235     19438.95
      7165.2    0.9752482     3.000089    0.1638801      19437.5
      7165.4    0.9764535     3.049575    0.1175899     19438.01
      7165.6    0.9773992     3.063525   0.03627342     19435.39
      7165.8    0.9778118     3.039883  -0.01720472     19435.65
        7166     0.977963     3.029107  0.006677345      19437.4
      7166.2    0.9782442     3.035811  0.009410472     19436.35
      7166.4    0.9790198     3.068867  -0.02478525     19438.13
      7166.6    0.9799656     3.047412    -0.116662     19438.11
      7166.8    0.9802489     3.009279   -0.2128873     19436.63
        7167    0.9806724     2.942481   -0.1449416     19437.07
      7167.2    0.9813523     2.898557   -0.0483006     19438.48
      7167.4    0.9818811     2.931458   0.04335653        19441
      7167.6    0.9824656     2.970639    0.1171619     19442.89
      7167.8    0.9834234     2.977166   0.05842819     19443.21
        7168    0.9843518     2.992286  -0.05967586     19443.42
      7168.2     0.985062     2.978201   -0.0987323     19443.61
      7168.4    0.9858802     2.922898   -0.1397016     19444.71
      7168.6    0.9863885     2.898181   -0.1139015     19445.83
      7168.8    0.9869223     2.880525 -0.007278433     19445.62
        7169    0.9878733      2.88708   0.04300829     19445.31
      7169.2    0.9886745     2.917075   0.06946016     19443.45
      7169.4    0.9890708     2.932587    0.1006471     19443.77
      7169.6    0.9897872     2.936093   0.07081147     19445.87
      7169.8    0.9903762     2.967597   0.04255314     19445.21
        7170    0.9909922     2.973725   0.05455864      19446.3
      7170.2    0.9912401      2.96663   0.03525015      19449.3
      7170.4    0.9925947      2.97974   0.02383892     19448.85
      7170.6    0.9939229     2.995798   0.03841001     19447.94
      7170.8    0.9946953     2.992796   0.01339416      19448.7
        7171    0.9951512     2.997358 -0.0009849535     19447.27
      7171.2    0.9959568     2.990455  0.004758974     19448.55
      7171.4    0.9966539      2.99501   0.01295052     19451.04
      7171.6    0.9974473     2.996603  0.008326283     19450.21
      7171.8    0.9981636     3.007718  -0.01998596     19451.49
        7172    0.9986988     2.997116  -0.04637848     19452.16
      7172.2    0.9993647     2.979021  -0.08138053     19451.78
      7172.4     1.000356       2.9595  -0.08363577     19454.87
      7172.6     1.000957     2.942614  -0.08122616     19456.87
      7172.8      1.00141     2.930208  -0.05655997     19456.16
        7173     1.002113      2.91404  -0.03361522     19457.41
      7173.2     1.002752     2.914252  -0.04473947     19459.31
      7173.4     1.003227     2.915722  -0.03139875      19459.7
      7173.6     1.003763     2.894416  0.005112672     19458.98
      7173.8     1.004154     2.888921   0.02249585      19458.1
        7174     1.004304     2.918342   0.03451428     19459.06
      7174.2     1.004561     2.933718   0.05009203      19460.1
      7174.4     1.004817     2.922028 -0.002953983     19459.04
      7174.6     1.005413     2.928994  -0.04663981     19459.56
      7174.8     1.005946     2.915979  -0.01986747     19463.15
        7175     1.006273     2.896406   -0.0315674     19463.18
      7175.2     1.006466     2.906134 -0.001339927     19462.81
      7175.4     1.007303     2.903741  0.004962724     19463.28
      7175.6     1.007575     2.914907   0.01171468     19462.94
      7175.8     1.007517     2.900377   0.01717834     19462.83
        7176     1.007495     2.915505 -0.005092601     19464.78
      7176.2     1.007779     2.917483 -0.009270371     19466.37
      7176.4     1.008098     2.910833  -0.04785767     19468.88
      7176.6     1.008041      2.89296  -0.05535422     19470.27
      7176.8     1.008395     2.877219   -0.0644735      19468.8
        7177     1.008609       2.8732  -0.05250148     19468.72
      7177.2     1.008729     2.859254   -0.0298357     19468.48
      7177.4     1.008642     2.850959  -0.02734281      19469.5
      7177.6      1.00837     2.853351  -0.02280918     19471.35
      7177.8     1.008039     2.851326  -0.01075098     19470.77
        7178     1.007601     2.841007  0.003332102      19471.8
      7178.2     1.007247     2.842358   0.01382317     19472.08
      7178.4     1.007454     2.856016   0.04635434     19473.12
      7178.6     1.007827     2.862384   0.06599792     19475.33
      7178.8     1.007722      2.87809   0.04760629     19474.29
        7179     1.007384     2.895157   0.04896592     19472.42
      7179.2     1.007288     2.894101    0.0204857     19472.37
      7179.4     1.007361     2.901557   -0.0346788     19474.35
      7179.6      1.00743     2.894479  -0.02085448     19474.29
      7179.8     1.007881     2.867414   0.02364318     19474.98
        7180     1.008229     2.877418   0.05075815      19477.8
      7180.2     1.008341     2.920471   0.05930351     19476.59
      7180.4     1.008417     2.935085   0.01859328     19476.03
      7180.6      1.00844     2.914856  -0.03870912     19477.29
      7180.8     1.008622     2.892293  -0.05488278      19478.1
        7181     1.008982     2.889504   -0.0343145     19480.64
      7181.2      1.00916     2.891179  -0.03629998     19481.95
      7181.4     1.009279     2.887405  -0.04020018     19484.87
      7181.6     1.009573     2.863253  -0.04763947      19485.3
      7181.8      1.00957     2.857344  -0.03657607     19484.26
        7182     1.009611     2.853068  0.007302725     19485.99
      7182.2      1.00966     2.858144    0.0101786     19487.94
      7182.4      1.00956     2.869095   0.02445461     19487.34
      7182.6      1.00948     2.865487   0.03220822     19489.31
      7182.8     1.009483     2.872631   0.01677533     19490.07
        7183     1.009478     2.883911   0.01771799     19489.44
      7183.2     1.010158     2.882515   0.04148808     19491.31
      7183.4     1.011098     2.879661   0.05608467     19493.23
      7183.6     1.011451     2.905822   0.05424805     19494.42
      7183.8     1.011489     2.928778   0.06247068     19495.01
        7184     1.011495     2.925913   0.02271351     19494.22
      7184.2     1.011513     2.929638  -0.02700595     19493.92
      7184.4     1.011772     2.923993   -0.0428533     19493.89
      7184.6     1.012057     2.907174  -0.03848307     19492.89
      7184.8      1.01201     2.891631  -0.02200541     19493.54
        7185     1.012347     2.898851 -0.005575607     19496.32
      7185.2     1.012663     2.906388   0.02452545     19497.27
      7185.4     1.012854     2.902713 -0.002807329     19499.27
      7185.6     1.012872     2.911251  -0.04360335     19502.29
      7185.8     1.012537     2.896605   0.01366073     19500.55
        7186     1.011994     2.871506  -0.01780275     19499.34
      7186.2     1.011791     2.913642  -0.03047501     19501.04
      7186.4     1.011935     2.897009   0.01610462     19502.33
      7186.6     1.012546     2.872225  -0.04505406      19505.8
      7186.8     1.012889     2.884389  -0.01426098     19506.47
        7187     1.012885     2.877598   0.02279315     19508.07
      7187.2     1.013111       2.8856   -0.0190536     19507.85
      7187.4     1.012956      2.89046  -0.01304844     19507.05
      7187.6     1.012883     2.869146   0.01528536     19508.79
      7187.8     1.013107      2.86716   0.06301131     19509.66
        7188     1.013129     2.897828    0.1129549     19508.94
      7188.2     1.013521     2.940869   0.08239795     19510.31
      7188.4     1.013854      2.95951    0.0228691     19510.66
      7188.6     1.013698     2.933078  -0.01467981     19509.98
      7188.8      1.01338     2.916124  -0.03465063     19509.82
        7189     1.013142     2.929125 -0.0002507291     19509.37
      7189.2     1.013342      2.93179   0.03431526     19511.59
      7189.4     1.013266     2.932877    0.0237628      19513.8
      7189.6     1.013105     2.943576   0.02174576     19514.39
      7189.8     1.013331     2.948135   0.02896065     19516.59
        7190     1.013028     2.949186   0.01746364      19518.7
      7190.2     1.012969     2.956046  -0.01356725     19519.22
      7190.4     1.013085     2.957547  -0.01339018     19519.54
      7190.6     1.013003     2.937282  -0.02010089     19519.25
      7190.8     1.013148     2.938474  -0.02230652     19518.44
        7191     1.012989     2.939965 -0.0004749893     19518.13
      7191.2     1.013165     2.939702 -0.0002770946      19520.1
      7191.4     1.013043     2.936902  -0.01113692     19522.24
      7191.6     1.012871     2.938253  0.008163271     19524.92
      7191.8     1.013092     2.931056   0.04552853     19526.94
        7192     1.013067     2.946232   0.06090819     19526.34
      7192.2     1.013188     2.973324   0.04304317     19527.33
      7192.4     1.013175     2.986979   0.02635016     19528.18
      7192.6     1.013173      2.96549 -0.001315309     19529.35
      7192.8       1.0132     2.967312  -0.02571308     19530.44
        7193     1.013078     2.972272   0.01685887     19531.31
      7193.2     1.012972     2.966409   0.02553903     19532.06
      7193.4     1.012944     2.978977   0.03761149      19531.3
      7193.6     1.013144     2.987744   0.05941612     19530.84
      7193.8     1.013471     3.002361    0.0360497     19532.77
        7194     1.013515     3.013942   0.01586625     19534.82
      7194.2     1.013219     3.007817  -0.02466893     19533.76
      7194.4     1.013127     3.000437  -0.02061023     19533.26
      7194.6     1.013587     2.982626  -0.00405558     19535.56
      7194.8     1.013847     2.997453 -0.005355661     19536.04
        7195     1.014049     3.004573 -0.006771223     19538.37
      7195.2      1.01422     2.996152 -0.002450299     19539.85
      7195.4     1.014377     2.977209   0.01706924     19541.63
      7195.6     1.014497     2.995493  0.006925323      19543.8
      7195.8     1.015019     3.018228  0.006622333      19543.3
        7196     1.015085     3.001692  -0.01977261     19543.86
      7196.2     1.015282     2.982507  -0.06418797     19544.51
      7196.4     1.015477     2.979675  -0.03810403      19546.4
      7196.6     1.015217     2.966878  0.002432111     19547.01
      7196.8     1.015455     2.971209  0.001200222     19545.97
        7197     1.015756     2.984453   0.01314896     19547.88
      7197.2     1.015565     2.980635  0.007930373     19548.81
      7197.4     1.015412     2.977397  -0.02842083     19547.51
      7197.6     1.015461     2.977553  -0.03096365     19548.41
      7197.8     1.015821     2.961716  -0.01739776     19551.43
        7198     1.016381     2.955864 -0.006505202     19554.48
      7198.2     1.016815     2.963479   0.01557803     19555.17
      7198.4     1.017085     2.972349  -0.01414082     19553.96
      7198.6      1.01704     2.974179  -0.04005543     19553.73
      7198.8     1.016869     2.944552  -0.04416404     19553.48
        7199     1.016856     2.931434  -0.05910866     19553.73
      7199.2     1.017015     2.937018  -0.02562304     19555.45
      7199.4     1.017418     2.926892   0.01451093     19558.13
      7199.6     1.017731     2.924053 -0.004074172     19560.26
      7199.8     1.017785     2.943043 -0.009884209     19559.87
        7200     1.017852     2.933759 -0.008759585     19561.19
      7200.2     1.017987     2.918984  -0.02095615     19561.57
      7200.4     1.018019     2.917046  -0.01411979        19561
      7200.6     1.018451     2.926278  -0.03759619      19560.2
      7200.8     1.018672     2.922463  -0.03525224     19559.99
        7201     1.018621     2.888907  -0.01963406      19560.6
      7201.2      1.01879     2.888844 -0.009968205     19562.84
      7201.4     1.018934     2.910571   0.01685667     19565.21
      7201.6     1.019072     2.914488 -0.005957098        19565
      7201.8     1.019408     2.902393  -0.04873284      19565.9
        7202     1.019685     2.884078   -0.0501317     19567.98
      7202.2     1.019366     2.871585  -0.03063175      19568.6
      7202.4     1.019122     2.874383  -0.01173385     19570.46
      7202.6     1.019226     2.877887  0.003760588     19573.06
      7202.8     1.019056     2.874691 -0.009365103     19573.08
        7203     1.018932     2.874593  -0.01893876     19571.39
      7203.2     1.019084     2.866891   0.01190337     19570.15
      7203.4     1.019351     2.862736  0.009701514     19570.46
      7203.6     1.019473     2.884214  -0.02134261     19570.85
      7203.8      1.01919     2.882354  -0.03212832     19572.02
        7204     1.019016     2.849817  -0.05701802     19574.28
      7204.2     1.019364     2.837034  -0.06344419      19574.7
      7204.4     1.019034     2.838599  -0.02329068     19575.46
      7204.6     1.018777     2.831599  -0.02569901     19575.61
      7204.8      1.01894     2.831184 -0.001007016     19575.51
        7205     1.018988     2.816474 -0.002704857     19575.67
      7205.2     1.019272     2.837794  -0.02044339     19576.66
      7205.4     1.019335     2.829435 -0.005684154     19578.51
      7205.6     1.019362     2.814829  -0.04246774     19579.75
      7205.8      1.01963     2.811927  -0.06508062     19580.97
        7206      1.01988      2.80382  -0.07748839     19582.01
      7206.2     1.019798      2.77737  -0.07780311     19584.02
      7206.4     1.019999     2.752839  -0.04787514     19585.37
      7206.6     1.020506     2.749685  -0.00267912     19586.12
      7206.8     1.020634     2.765519   0.01965904     19586.42
        7207     1.020643     2.775227    0.0368271     19587.61
      7207.2     1.020765     2.768566   0.04145184     19589.42
      7207.4     1.020853     2.779146   0.01553448     19588.78
      7207.6     1.021067     2.798681  0.005767357     19588.78
      7207.8     1.021147     2.787655  0.001040133     19589.06
        7208      1.02084      2.77318  -0.02659043     19587.78
      7208.2     1.020501     2.779978  -0.01358579     19588.45
      7208.4     1.020411     2.777409   0.03440767     19590.13
      7208.6     1.020248     2.776786   0.05175404     19589.12
      7208.8     1.020564     2.800706   0.07951241     19591.46
        7209     1.020399     2.821382   0.06305598      19593.7
      7209.2     1.020174     2.841018  0.009193441     19593.59
      7209.4       1.0203     2.827231  -0.03325091     19595.83
      7209.6     1.020723     2.808061  -0.06271507     19598.19
      7209.8     1.020765     2.794781  -0.04714692      19597.5
        7210     1.020674     2.790846  -0.02354338     19596.77
      7210.2     1.020346     2.789513   0.01147067     19598.66
      7210.4     1.020084     2.789226    0.0456879     19599.97
      7210.6     1.019709     2.803957   0.04456311     19599.53
      7210.8     1.019601     2.827397   0.03554702     19599.44
        7211     1.019514     2.825164   0.02099666     19598.98
      7211.2     1.019273     2.817664   0.00838243     19599.55
      7211.4       1.0191     2.820755   0.04219076     19600.62
      7211.6     1.018547     2.834103   0.05041764     19601.18
      7211.8     1.018007     2.858916   0.04763601     19602.61
        7212      1.01767     2.857998    0.0125955     19603.38
      7212.2     1.017579     2.858864  -0.01478662     19606.35
      7212.4     1.017667     2.844179   0.02108336     19608.06
      7212.6     1.017461     2.847087   0.02319523      19608.3
      7212.8      1.01709     2.874864   0.06081851     19606.95
        7213     1.017015      2.87742   0.07812206      19605.3
      7213.2     1.016485     2.892834   0.07715525      19606.1
      7213.4     1.016048     2.909585   0.08019615     19607.07
      7213.6     1.016143     2.936589   0.04718883     19609.11
      7213.8     1.016043     2.941577   0.02627474     19610.82
        7214     1.015747     2.930585  0.006241103     19613.62
      7214.2     1.015422     2.930605   0.01622802     19614.14
      7214.4     1.015191     2.941582   0.04081593     19613.18
      7214.6     1.014979     2.954559   0.02886588     19613.12
      7214.8     1.014648     2.963238  0.002502093     19612.09
        7215     1.014385     2.953697  0.009324957     19612.86
      7215.2     1.014183     2.943583   0.02221841      19615.5
      7215.4     1.013788     2.962019    0.0574464     19615.36
      7215.6     1.013283     2.981012    0.1008587     19614.58
      7215.8     1.012969     2.999654   0.07394012     19616.06
        7216     1.012943      3.02427   0.07990452     19617.67
      7216.2     1.013105     3.021171    0.1095117     19618.53
      7216.4     1.013268     3.044936      0.10849     19620.11
      7216.6     1.013207     3.087264   0.08136037     19622.08
      7216.8     1.012926     3.111062   0.09962908     19621.62
        7217     1.012481     3.086259   0.06607853     19621.59
      7217.2     1.012381     3.124639  0.004422604     19621.28
      7217.4     1.012012     3.140127  0.009756742     19621.32
      7217.6     1.011301       3.1146   -0.0362281     19622.36
      7217.8     1.011108     3.094065  -0.04329871     19622.73
        7218     1.010824     3.095657 -0.0004344773     19624.16
      7218.2     1.010383     3.105488   0.03116502     19624.87
      7218.4     1.010093     3.114253   0.02261498     19626.64
      7218.6     1.009695     3.118997   -0.0263721     19626.81
      7218.8     1.009429     3.113749  -0.04014606     19627.94
        7219     1.009491      3.08439  -0.02916188        19629
      7219.2     1.009623     3.082136  -0.02529416     19629.53
      7219.4     1.009623     3.095667   0.03034779     19630.21
      7219.6     1.009217     3.093513   0.03936912     19630.42
      7219.8      1.00856     3.108668   0.01532622     19630.59
        7220     1.008221     3.113631   0.02308897      19629.7
      7220.2     1.008107     3.107928    0.0279492     19630.85
      7220.4     1.007703     3.111985   0.05869543      19632.9
      7220.6     1.006993     3.131028   0.05173163      19634.3
      7220.8     1.006684     3.160588   0.02271464      19635.3
        7221     1.006917     3.149314  -0.01649391     19638.29
      7221.2     1.006904     3.130156  -0.04452168     19640.22
      7221.4     1.006251     3.117832  -0.01935487     19639.49
      7221.6     1.006107      3.12497  0.005031949     19638.51
      7221.8     1.006163      3.13383 -0.002340866     19639.11
        7222     1.006222     3.134182  0.006298393     19639.35
      7222.2     1.006327      3.11596   0.01631163     19640.65
      7222.4     1.006168     3.130009  0.007364192      19640.7
      7222.6     1.005746     3.146879  0.007534135     19639.64
      7222.8      1.00562     3.140073  -0.04205327     19641.16
        7223     1.005685     3.121987  -0.08029632     19643.76
      7223.2     1.005494     3.096366  -0.06995649     19646.21
      7223.4     1.005222     3.082642  -0.04344858     19647.85
      7223.6     1.005011     3.084108  0.007422042     19647.32
      7223.8     1.004706     3.087228   0.02585615     19647.37
        7224     1.004517     3.102304   -0.0217698     19648.97
      7224.2     1.004447     3.103327  -0.03000027     19651.31
      7224.4     1.004324     3.066692  -0.03939408     19654.39
      7224.6     1.004349     3.063228  -0.07274395      19654.9
      7224.8     1.004095     3.070789  -0.04496786     19654.52
        7225      1.00432     3.045132  -0.05532619     19653.82
      7225.2     1.003892     3.030718  -0.04448123     19652.86
      7225.4     1.003263     3.018967   0.01248388     19651.39
      7225.6     1.002977     3.035204 -0.004618221     19654.12
      7225.8     1.002449     3.055119  -0.01201749     19654.53
        7226     1.002205     3.027023  -0.04666181     19654.98
      7226.2     1.002168     3.009353  -0.07202361     19655.38
      7226.4     1.002011     2.997874  -0.03109863     19655.88
      7226.6     1.001642       2.9975  -0.02928139     19656.08
      7226.8     1.001068     3.002144   -0.0245154     19657.32
        7227     1.000424     2.985928 -0.006724094      19658.7
      7227.2    0.9998233     2.978262  -0.01024157     19659.09
      7227.4    0.9995855     2.992121 -0.001960436      19659.7
      7227.6    0.9996189     2.993951  0.001674554     19660.48
      7227.8    0.9995529      2.98436  -0.02252444     19660.75
        7228    0.9995098     2.979602  -0.03583754     19660.42
      7228.2    0.9995268     2.974101  -0.04641167     19662.08
      7228.4    0.9997168     2.965281  -0.03680173     19664.23
      7228.6     0.999252      2.94723  -0.03662652     19663.41
      7228.8    0.9985573      2.95016  -0.04161007     19663.13
        7229    0.9984458       2.9448  -0.02034436      19665.2
      7229.2    0.9978209     2.931993  -0.02841059     19665.92
      7229.4    0.9966769     2.930955  -0.03269479      19666.9
      7229.6    0.9964905     2.927432  -0.04682779     19667.74
      7229.8    0.9963555     2.918644  -0.09359593     19667.57
        7230    0.9963557     2.894531   -0.1290224     19667.89
      7230.2    0.9963825     2.856078   -0.1180798     19668.52
      7230.4    0.9961751     2.824214   -0.0826258     19670.67
      7230.6    0.9959209      2.82418  -0.05561317     19671.58
      7230.8    0.9955451      2.82843  -0.02893743     19672.47
        7231    0.9950221     2.811587   -0.0329601     19674.33
      7231.2    0.9944485     2.801064  -0.05842651     19674.42
      7231.4    0.9941294     2.797812  -0.05216058     19674.59
      7231.6    0.9939795     2.781689  -0.05206426     19675.12
      7231.8    0.9934647     2.769859  -0.08489883     19674.52
        7232    0.9932518     2.759412  -0.08171432     19674.07
      7232.2    0.9932991     2.729893  -0.05359373     19674.18
      7232.4    0.9928965     2.716318  -0.03253155     19674.85
      7232.6    0.9925489     2.726984  -0.03703877     19675.02
      7232.8    0.9922688     2.733387 -0.006933035      19676.8
        7233    0.9920542     2.700262   0.03222693     19676.54
      7233.2     0.991832     2.710771   0.05771287     19675.53
      7233.4     0.991913     2.752766    0.1518197     19677.18
      7233.6    0.9922259     2.779557    0.1781968     19678.36
      7233.8    0.9925057     2.821718     0.121424     19677.88
        7234    0.9925344     2.853329   0.04518183     19678.68
      7234.2    0.9923981     2.849905  -0.03310898     19679.77
      7234.4    0.9920633     2.815703  -0.04195691     19681.43
      7234.6    0.9919961     2.795231  -0.02439916     19685.04
      7234.8    0.9922308     2.819763  -0.02099239     19685.84
        7235    0.9922579     2.830385  -0.04036571     19684.04
      7235.2    0.9920498     2.798909   -0.1174415      19684.2
      7235.4    0.9915706     2.762938   -0.1373449     19684.02
      7235.6    0.9908249      2.72581  -0.04263216     19682.82
      7235.8    0.9903058     2.720509    0.0413833     19682.42
        7236      0.99079     2.764803   0.07660058     19684.76
      7236.2    0.9911387     2.796045   0.08111506     19687.76
      7236.4    0.9908888      2.78709   0.02190959     19688.79
      7236.6    0.9907043     2.785402  -0.03110489     19689.22
      7236.8    0.9906805     2.782331  -0.04859776     19690.27
        7237    0.9907362     2.771161  -0.06591497     19688.27
      7237.2    0.9908419     2.748212  -0.02982534     19689.23
      7237.4    0.9906605      2.73267   0.01663802     19690.77
      7237.6    0.9908372     2.758471   0.04411648     19690.24
      7237.8    0.9908616     2.784471    0.0428485     19690.73
        7238    0.9907916     2.783505  -0.01524859     19691.87
      7238.2    0.9909163     2.766948  -0.06853694     19692.73
      7238.4    0.9906499     2.746272  -0.07507385     19693.78
      7238.6     0.990211     2.729642  -0.04661801     19694.51
      7238.8    0.9900757     2.723446 -0.0009208732     19693.94
        7239     0.989956     2.729654   0.03536996     19693.63
      7239.2    0.9899079     2.745535   0.03075637     19694.73
      7239.4    0.9902126     2.757938   0.04570968     19694.59
      7239.6    0.9905675     2.748051   0.03122157     19696.13
      7239.8    0.9906142     2.766222 0.0008530424     19697.59
        7240    0.9907205     2.770512  0.006435236     19695.96
      7240.2    0.9909457      2.75862  -0.03499328     19696.32
      7240.4    0.9906876       2.7532  -0.05131415     19697.24
      7240.6    0.9908079     2.738227  -0.01301361      19698.8
      7240.8     0.991112     2.729461 -0.001587757     19700.64
        7241    0.9914617     2.748209  0.001518448     19701.94
      7241.2    0.9917393     2.751929  0.004672178      19703.5
      7241.4     0.991713     2.739442  -0.01493896     19705.47
      7241.6    0.9916361     2.733199  0.001706337     19705.07
      7241.8    0.9918101     2.736258   0.02234885     19705.58
        7242    0.9920288     2.753294   0.01289672     19707.35
      7242.2    0.9920059     2.757321   0.01316685     19706.86
      7242.4    0.9923464     2.743516  0.008617074      19706.9
      7242.6    0.9930646     2.746792   0.02213109     19708.12
      7242.8    0.9933169     2.760188   0.04453282     19708.57
        7243    0.9936924     2.775026    0.0383212     19709.13
      7243.2    0.9939192     2.779142 -0.001380815     19709.32
      7243.4    0.9937131     2.777448   -0.0174371     19709.54
      7243.6    0.9937231     2.759083 -0.009156707      19709.7
      7243.8    0.9940392     2.761076  -0.02689143     19710.94
        7244    0.9939865     2.771817  -0.01177088     19713.86
      7244.2    0.9943197     2.755935  -0.01348762      19714.1
      7244.4    0.9944837     2.749667  -0.01619853     19716.58
      7244.6    0.9946704     2.750286   0.01330813      19719.4
      7244.8    0.9944126     2.758858   0.01931464     19719.99
        7245    0.9943939     2.766582    0.0213184     19718.69
      7245.2    0.9949394     2.765118  0.009778764     19719.66
      7245.4    0.9956611     2.767341 -0.004654771     19720.67
      7245.6    0.9959625     2.766681   0.01271527     19719.28
      7245.8    0.9955216     2.762858   0.03117324     19717.28
        7246    0.9952987     2.775291   0.03710527     19716.04
      7246.2    0.9955122     2.792279   0.04467105     19716.85
      7246.4      0.99557     2.796365   0.03372474     19717.03
      7246.6    0.9958907     2.798595  0.003691034     19718.18
      7246.8    0.9964007      2.80227  0.007393388     19720.59
        7247    0.9968302     2.795232  0.002828106     19720.26
      7247.2     0.996703      2.80228 -0.0007401633        19720
      7247.4      0.99666     2.800857   0.01590646     19722.09
      7247.6    0.9968736     2.801678 -0.0001093825     19722.41
      7247.8     0.997051     2.807957   0.01421769     19721.76
        7248     0.997214     2.802193   0.02167051     19721.89
      7248.2    0.9978625     2.812231  0.006744707     19722.38
      7248.4      0.99826     2.819015  0.008277636     19724.26
      7248.6    0.9981855     2.813353  -0.01832358     19726.66
      7248.8    0.9981942     2.808815  -0.03903332     19728.48
        7249    0.9983211     2.797573  -0.02291239     19730.81
      7249.2    0.9984325     2.787788 -0.003615001     19731.19
      7249.4    0.9986608     2.795023   0.01343918     19729.66
      7249.6    0.9990392     2.805923   0.01900803     19730.52
      7249.8    0.9996117     2.808324  -0.00659871     19731.55
        7250     1.000137     2.802994  -0.02854968      19730.4
        7252     1.002097       2.7956  -0.01155629     19741.01
        7254     1.004126     2.725546 -0.009793081     19744.24
        7256     1.006781     2.738539 -0.006997773     19752.41
        7258     1.009598     2.749014  0.004783331     19760.98
        7260     1.011984     2.739618  0.006002539     19765.56
        7262     1.014407     2.763812  0.003464734     19770.76
        7264     1.015501     2.786559  0.004916329     19778.23
        7266     1.016986     2.776732  0.005236304     19787.39
        7268     1.018229     2.778949 0.0008903059     19793.38
        7270     1.018833     2.805703   0.00455897     19801.53
        7272     1.018891     2.793681  0.007669615     19809.21
        7274     1.018616     2.813204   0.00449279     19815.06
        7276     1.018468     2.840305   0.00890137     19822.33
        7278     1.017889     2.841645  0.008203681     19827.88
        7280     1.017016     2.864892  0.005337778      19836.5
        7282     1.015792     2.878833  0.009941447     19838.62
        7284     1.014264     2.883008  0.005687415     19848.78
        7286     1.012506     2.921176  0.002728772     19853.95
        7288     1.010262     2.910392 0.0004116787     19859.32
        7290     1.008854     2.900663  -0.01025249     19869.43
        7292     1.007331     2.886301  -0.01226198     19877.81
        7294     1.006393     2.839157  -0.01550856     19884.87
        7296     1.005455     2.812296  -0.02228831     19891.56
        7298     1.004727     2.776595  -0.01541856     19898.87
        7300     1.003788     2.707995  -0.01417522     19907.51
        7302     1.003804     2.715808  -0.01364795     19912.75
        7304     1.003762     2.698894 -0.005304161     19916.69
        7306     1.003498     2.667411 -0.004773146     19924.52
        7308     1.002876     2.665561 -0.001285081     19929.49
        7310     1.002628     2.677623  0.003840944      19934.1
        7312     1.002463     2.688613 -0.004037903     19941.11
        7314     1.001978     2.698139 -0.009987488     19943.55
        7316     1.001301     2.633258 -0.007912325     19951.13
        7318      1.00099     2.597723  -0.01030034     19959.08
        7320     1.000845     2.625315 -0.002672806     19966.37
        7322     1.001251     2.615736   0.00369738     19974.31
        7324     1.001277     2.611876  -0.00111158     19981.84
        7326     1.000623     2.627302 -4.985748e-05     19987.96
        7328     1.000304     2.616422 0.0004630884     19990.72
        7330     1.000142     2.615337 -0.004169637        19996
        7332     1.000673      2.61558 -0.001143118     20002.02
        7334     1.000427     2.593945 -0.001225003     20008.31
        7336     1.000765     2.607277 -0.003732202      20015.1
        7338     1.000558     2.605537  0.003264755     20021.62
        7340     1.000158     2.585723  0.001559868     20025.68
        7342    0.9999136     2.620063  0.001200952     20030.88
        7344     1.000255     2.619756  0.006681862     20040.01
        7346     1.000185     2.615145  0.006207782     20049.04
        7348     1.000322     2.639178  0.005830185     20056.65
        7350     1.000243     2.669725  0.008717991     20059.77
        7352     0.999792     2.666398  0.007552348     20064.75
        7354     1.000578     2.684889  0.003689471     20071.24
        7356     1.001095     2.699596  0.006810044     20075.77
        7358     1.000575     2.699241  0.003908532      20084.7
        7360     1.000522     2.720878  0.002435168     20092.82
        7362     1.000759     2.716157  0.002154367      20100.6
        7364     1.000615     2.719078 -0.002188452     20107.14
        7366     1.001328     2.716476 -0.002752157     20109.23
        7368     1.000814      2.70337 -0.005849186     20112.83
        7370     1.001119      2.69414  -0.00801241     20121.79
        7372     1.000917     2.672284  -0.00993069     20124.19
        7374     1.000745     2.652377  -0.01062171     20130.95
        7376     1.000657     2.623925  -0.01349242     20135.99
        7378     1.000076     2.609166  -0.01301668     20141.06
        7380    0.9994719     2.564345  -0.01287841      20145.8
        7382     0.999876     2.548243  -0.01394296     20152.88
        7384     0.999647     2.520898  -0.01013648     20158.64
        7386    0.9993164     2.497622 -0.006216946      20165.6
        7388    0.9993062     2.483253 -0.002638386     20172.77
        7390    0.9992467     2.498508 0.0001170904     20178.94
        7392    0.9984903     2.499791  0.002705248     20184.28
        7394    0.9983842     2.498559 0.0003509298      20190.1
        7396    0.9980653     2.504895 -0.002875185     20194.79
        7398    0.9985369     2.501315 -0.003599864     20203.61
        7400      0.99859     2.476789  0.001417366     20209.03
        7402    0.9982621      2.46976  0.004545488     20218.05
        7404    0.9981828     2.516234  0.004014785     20222.38
        7406    0.9979904     2.537679  0.004149087     20226.83
        7408     0.997752     2.508907 -0.001630046     20231.02
        7410    0.9976705     2.502953 -0.004722565     20239.36
        7412    0.9971827     2.503194 -0.0003211727     20243.44
        7414    0.9966054     2.499899 -0.002266293     20248.96
        7416    0.9962461     2.506338 -0.002094214     20257.71
        7418    0.9965303     2.484823 -0.001236759     20263.26
        7420    0.9963996      2.48644 -0.005556153     20266.15
        7422    0.9971083     2.490005 -0.004052962     20273.73
        7424    0.9966661     2.461889 -0.005652199     20276.99
        7426    0.9959742     2.452399 -0.006198817     20280.82
        7428    0.9962443     2.441222 -0.002941871     20291.29
        7430    0.9958219     2.440414 -0.001513308     20298.42
        7432    0.9957998     2.438354 0.0006248455     20300.95
        7434    0.9960735     2.440292  0.001153952     20309.59
        7436     0.995885     2.446221  0.001397989     20312.81
        7438    0.9957498     2.449646  0.002856988     20318.45
        7440    0.9959506     2.449538  0.003848397     20323.09
        7442    0.9957539     2.463148   0.00162856     20332.95
        7444    0.9956605     2.477008  0.002715043     20336.55
        7446    0.9961864     2.462674  0.001560317     20342.44
        7448    0.9959736     2.471258 0.0006691242     20347.72
        7450    0.9953914     2.475631  0.002272438     20353.51
        7452    0.9955102     2.482361  0.001253575     20359.24
        7454    0.9956927     2.480854 -0.0007034726     20362.68
        7456    0.9958158     2.481287 -0.002541958     20368.91
        7458    0.9963846     2.470003 -0.001457071     20374.78
        7460     0.996251     2.462026 -0.001335636     20377.38
        7462    0.9959737     2.469197 -0.001099149     20381.95
        7464     0.995545     2.470602 -0.004075782     20390.42
        7466    0.9952894      2.46121 -0.004446778     20395.44
        7468    0.9958573     2.429419 -0.005746475     20402.44
        7470    0.9957481     2.433623 -0.007399429     20405.59
        7472    0.9955529      2.42463 -0.004281717     20409.62
        7474    0.9952997     2.402014 -0.004528319      20414.7
        7476    0.9955231     2.395166 -0.005380121     20422.38
        7478    0.9955893     2.397396 -0.003609113     20424.93
        7480     0.995254     2.381589  -0.00260265     20431.94
        7482    0.9951122     2.373141 -0.004146062      20436.2
        7484     0.994917     2.374344 -0.003766214     20441.34
        7486    0.9952645     2.364228 -0.002696178     20445.47
        7488      0.99547     2.351459 -0.004105489     20453.72
        7490    0.9955734     2.351572 -0.002220095     20456.35
        7492    0.9959317       2.3415 -0.0005005615     20462.14
        7494    0.9961418     2.346467  -0.00351103     20470.92
        7496    0.9954088     2.347455 -0.005268402     20472.71
        7498    0.9952375     2.323484 -0.006125886     20480.16
        7500      0.99509     2.299353 -0.004877287     20485.08
        7502    0.9951797      2.29746 -0.000508823     20488.81
        7504    0.9948355     2.308436  0.001717995     20494.36
        7506     0.994931     2.319413  0.001902423     20498.45
        7508     0.994594     2.313097  0.001169071     20502.83
        7510    0.9949576     2.312679 -0.001498887     20507.99
        7512    0.9948368     2.317789  -0.00208269     20512.85
        7514    0.9947361     2.307422 -0.002345773      20517.6
        7516    0.9946563     2.296436 -0.001527337     20518.57
        7518    0.9946427     2.293913 -0.0007777673     20507.93
        7520    0.9949655      2.30557  0.001499517     20493.26
        7522     0.994467       2.3012  0.003176754     20487.26
        7524    0.9956171     2.308432 -0.001646682     20407.98
        7526    0.9967458     2.319327 -0.0008898721     20175.83
        7528    0.9934192     2.292397 -0.001417075     20256.37
        7530    0.9952206     2.294081 -0.003920793     20228.25
        7532    0.9937419     2.297095 -0.001575989     20346.79
        7534    0.9945102     2.287961 -0.001474201     20557.84
        7536    0.9941905     2.279789 -0.002356098     20538.24
        7538     0.994331     2.282287 -0.001398071     20543.51
        7540    0.9945417     2.278246 -0.0009016153     20568.21
        7542    0.9944126     2.276776 -0.001614607     20585.37
        7544    0.9940046     2.272576 -0.001282908     20589.52
        7546    0.9943418     2.269371 -0.001127142     20598.56
        7548    0.9946777     2.267983 -0.000150405     20604.57
        7550    0.9942777     2.267759 -0.0004254167     20608.62
        7552    0.9947688     2.271373 -0.001308541     20611.27
        7554    0.9949104     2.265967 -0.0003752291     20614.88
        7556    0.9948567     2.257515 -0.001496722      20621.3
        7558    0.9952436     2.264757  -0.00128997     20628.73
        7560    0.9952959     2.259399 -0.0005308344     20633.76
        7562    0.9942963     2.255647 -0.001537852     20638.23
        7564    0.9951638     2.253268 -0.001709328     20642.34
        7566    0.9953226     2.252454 -0.001021913     20646.09
        7568    0.9954178     2.245724 -0.001083974     20650.69
        7570    0.9956013     2.247472 -0.002943467     20655.05
        7572    0.9952713     2.244596  -0.00201878     20661.76
        7574    0.9952509     2.228907 -0.003860612     20666.19
        7576    0.9959254     2.229574 -0.003918873     20670.72
        7578    0.9960578     2.216587 -0.002166474     20674.36
        7580    0.9956412     2.213245 -0.003776776     20678.01
        7582    0.9956329     2.211575 -0.003583759     20676.34
        7584    0.9961398      2.19936 -0.003915739     20683.04
        7586     0.995996     2.187917 -0.003472829     20684.98
        7588    0.9956624      2.18192 -0.001884738     20692.95
        7590    0.9952476     2.183792 -0.001804082     20698.33
        7592     0.996413     2.184282 -0.001883332     20699.93
        7594    0.9961818     2.173485 -0.002785434     20701.39
        7596    0.9961292     2.166853    -0.002827     20702.47
        7598    0.9957866     2.161509 -0.003662078     20706.03
        7600     0.995691     2.161666  0.001765409      20711.5
        7602    0.9956493     2.144188   0.00209701     20718.14
        7604    0.9960506     2.180976 -0.0001751177     20720.19
        7606    0.9960702     2.178285  0.001572483     20724.48
        7608    0.9954504     2.160265 -0.002448068      20726.6
        7610    0.9959043     2.156768 -0.004254853     20733.04
        7612    0.9959086     2.161392 -0.002532058     20732.76
        7614    0.9950713     2.144246 -0.001808741     20735.82
        7616    0.9954664     2.140008 -0.003141599     20742.27
        7618    0.9955184     2.142298  -0.00120495     20746.52
        7620    0.9955511     2.136259 -0.0009083859     20748.39
        7622    0.9957922     2.134606 -0.001163517     20755.93
        7624     0.994977     2.132741 -0.0009919768     20760.18
        7626    0.9948926      2.13299 -0.002018278     20762.01
        7628      0.99528     2.128323  -0.00225025     20770.01
        7630    0.9954881      2.11846 -0.001753035     20770.35
        7632    0.9951659     2.114739 -0.001913874     20773.94
        7634    0.9954938     2.118965 -0.001652811     20774.75
        7636    0.9952737     2.113012 -0.001186472      20780.5
        7638    0.9950705     2.105238 -0.002965196     20784.04
        7640    0.9953262     2.105248 -0.003041352     20792.46
        7642    0.9954345     2.095244 -0.001982751     20799.04
        7644    0.9954115     2.088681 -0.001853698     20801.46
        7646    0.9960922     2.089376 -0.0007801699     20808.14
        7648    0.9961648     2.090418 -0.001502772     20812.55
        7650    0.9959314     2.089003 -0.002651473     20814.49
        7652    0.9953814     2.076659 -0.001996212        20815
        7654    0.9959462     2.068164  -0.00157041     20818.88
        7656    0.9963178     2.074448 -0.0009110997     20825.38
        7658    0.9961043     2.076439 -0.0002920936     20829.27
        7660    0.9966873      2.06937 -0.001173582     20835.64
        7662    0.9971955     2.065827 -0.0009527074     20840.96
        7664     0.997614      2.06506 -0.001023393     20843.28
        7666    0.9972085     2.068818  2.49123e-05     20844.06
        7668    0.9974841     2.061183 -0.0005613342     20849.67
        7670    0.9975052     2.066026 -0.0009083633     20853.38
        7672    0.9977683     2.060569 -0.0004368921     20857.62
        7674     0.997893     2.061551 -0.0009315038     20858.49
        7676    0.9986291     2.057688 -0.0008445874     20863.71
        7678    0.9984718     2.058574 -0.001902974     20865.85
        7680    0.9981535     2.053812 -0.001909699     20873.34
        7682    0.9980214     2.046327 -0.001899725     20879.72
        7684    0.9983179      2.04241 -0.002123278     20882.03
        7686     0.998343     2.043377  -0.00120318     20883.29
        7688    0.9984903     2.036826 -0.001098549     20885.62
        7690    0.9987922     2.036701 -0.001719024     20893.28
        7692    0.9987768     2.033622 -0.001642271     20896.93
        7694    0.9985544     2.029624 -0.002024252     20898.04
        7696    0.9989881     2.023688 -0.002120981     20905.32
        7698    0.9990206     2.020507 -0.002953351     20909.25
        7700    0.9992267     2.016654 -0.002510931     20915.14
        7702    0.9995371     2.005998 -0.0008326737     20915.92
        7704    0.9995657       2.0036 -0.0006839811     20918.63
        7706    0.9996566     2.013846 0.0002432162      20924.7
        7708    0.9991293     2.011182  0.000878256     20927.01
        7710    0.9990853     2.007943 -0.002194478     20928.69
        7712    0.9985706     2.010626 -0.002491355      20928.2
        7714    0.9988533      1.99629 -0.002842337     20935.83
        7716    0.9987146     1.991251 -0.003370302     20940.16
        7718    0.9991304     1.985205 -0.001817893     20942.84
        7720    0.9990218     1.983664  -0.00121904     20946.49
        7722    0.9994215     1.981747 -0.0004783273     20953.82
        7724    0.9997761     1.981499 -0.0006223576     20955.15
        7726    0.9996027     1.981378 -0.000192461     20956.75
        7728    0.9994332     1.978685 -0.001071026     20959.26
        7730    0.9995499     1.980207  -0.00153678     20960.88
        7732    0.9993481     1.972931 -0.000639263     20967.13
        7734    0.9993776     1.969084   -0.0012573     20970.99
        7736    0.9998854     1.973571 -0.0005234331     20975.08
        7738    0.9993234     1.970149 -0.000271228     20978.03
        7740    0.9996848     1.968743 -0.001167236     20978.27
        7742    0.9999897     1.966914 -0.001050927     20983.25
        7744     1.000019     1.964233 -0.001495946     20988.28
        7746     1.000163     1.961742 -0.002192197     20992.14
        7748     1.000258     1.956776 -0.001123706     20994.32
        7750      1.00042     1.949376 -0.001580544     20996.25
        7752     1.000289     1.955244 -0.001506042     21002.04
        7754     1.000195     1.949097 -0.001568213     21004.35
        7756     1.000591     1.944727 -0.002463965     21006.54
        7758     1.000735     1.936831 -0.001089092     21011.31
        7760     1.000477     1.935532 -0.001095586      21012.5
        7762     1.000796     1.940384 -0.0006860396     21017.05
        7764      1.00123     1.935963 -0.001736957     21019.07
        7766     1.001086     1.931342 -0.002470999     21020.17
        7768     1.001041     1.921636 -0.002510693     21024.69
        7770     1.000845     1.920616 -0.002084941      21025.6
        7772     1.001255     1.915877 -0.001266112     21028.17
        7774     1.001204     1.914663 -0.001750193     21027.95
        7776     1.001439     1.911507 -0.001378338     21030.42
        7778     1.001482     1.906615 -0.002236868     21022.36
        7780     1.001881     1.904851 -0.001698658     21014.35
        7782     1.001878     1.896768 -0.0008235835     20986.04
        7784     1.002852     1.897918 -0.002742003     20754.85
        7786     1.005064     1.900026 -0.002526954     20140.97
        7788    0.9993084     1.882915 -0.001546265     20052.49
        7790    0.9993293     1.876552 -0.002470364     20209.04
        7792     1.001805     1.885548 -0.0002553132     21038.36
        7794     1.002108     1.880263 0.0001515069     21072.74
        7796      1.00179     1.880872 -0.001271495     21080.97
        7798     1.002586     1.877764 -0.0005524843     21091.67
        7800       1.0026     1.875376 -0.0004264611     21092.18
        7802     1.002154     1.875843 -0.001239036     21090.84
        7804     1.002112      1.87746 -0.001468989     21095.81
        7806     1.002648     1.867852 -0.002278708     21103.58
        7808     1.002377     1.863624 -0.002547047     21105.12
        7810     1.002615     1.857614 -0.001014193        21110
        7812     1.002985     1.857084 -0.0008278079     21112.88
        7814     1.002697     1.859739 -0.0009174422     21113.26
        7816     1.002679     1.857002 -0.0004813676     21112.45
        7818      1.00299     1.850274 -0.001324812     21113.77
        7820     1.003407     1.853233 -0.001823807     21119.69
        7822     1.002791      1.84914 -0.001987396     21120.67
        7824     1.003002     1.842411  -0.00331779     21122.07
        7826     1.003114     1.834375 -0.002605895     21125.44
        7828     1.003286     1.826691 -0.0008920891     21127.88
        7830     1.003617     1.828293 -0.0006086721     21133.66
        7832     1.003748     1.835274  0.000562882     21133.67
        7834       1.0037     1.829506 -0.0002217303     21136.34
        7836     1.003438     1.831194 -0.001712507     21142.46
        7838     1.003992     1.826519 -0.001074572     21146.78
        7840     1.003965     1.821574 -0.002182063     21144.22
        7842     1.003988     1.820909 -0.001596867      21150.2
        7844     1.003504     1.813737 -0.001342283     21153.71
        7846     1.003603     1.813744 -0.001401875     21156.52
        7848     1.003843     1.810836 -0.001028433     21157.51
        7850     1.004198     1.809694 -0.001361596     21167.26
        7852     1.004195      1.80551 -0.0007685453     21165.81
        7854     1.004251     1.802851 -0.001921791     21167.13
        7856     1.004553     1.804688 -0.001681948      21167.6
        7858     1.004427      1.79432 -0.002245625        21174
        7860     1.003786     1.792054 -0.002441632     21174.42
        7862     1.004062     1.784886 -0.001628172     21177.44
        7864     1.004454     1.785155 -0.002167566     21184.94
        7866     1.004702     1.781294 -0.001203516     21185.65
        7868     1.004725     1.774714 -0.001161642     21186.98
        7870     1.004686     1.775258 -0.001260991     21190.83
        7872     1.004263     1.775862 -0.0008611818     21191.56
        7874     1.004143     1.771207 -0.001429676      21193.1
        7876     1.004667     1.767824 -0.002305287     21201.53
        7878     1.004562     1.763821  -0.00168491     21204.78
        7880     1.004406     1.757419 -0.001568814     21204.86
        7882     1.004319     1.757727 -0.001490798     21209.86
        7884     1.004268     1.755274 -0.001252246     21214.05
        7886     1.004069     1.751894 -0.001546924     21214.04
        7888     1.004372     1.747401 -0.001653908     21218.96
        7890     1.004436     1.745352 -0.001258718     21223.77
        7892     1.004468     1.742042 -0.001448077     21225.81
        7894     1.004245     1.741825 -0.001611177     21225.11
        7896     1.004218     1.735817 -0.001667096      21229.5
        7898     1.004305     1.732462 -0.001843551     21235.74
        7900     1.003816     1.728706 -0.001616422     21234.87
        7902     1.003906     1.727076 -0.001636665        21236
        7904     1.004509     1.722885 -0.001146073     21238.04
        7906     1.004509     1.719369 -0.001751683      21243.6
        7908     1.004154     1.719537 -0.001204601     21249.49
        7910     1.004547     1.713063 -0.000286802     21253.33
        7912     1.004326     1.713248 -0.000871805     21251.56
        7914     1.004701     1.717075 -0.0007984484      21201.1
        7916     1.006023     1.712563 -0.001869195     20938.34
        7918        1.006     1.706675 -0.002122149      20647.3
        7920     1.004279     1.698295 -0.001788114     20952.44
        7922     1.004387     1.700097 -0.002149942     21177.25
        7924     1.004585     1.698258 -0.001034173     21224.98
        7926     1.004387     1.689476 -0.001089677      21241.6
        7928     1.004162     1.690022 -0.001357727     21246.63
        7930     1.004931      1.69138 -0.0006458624     21255.27
        7932     1.005189     1.687396 -0.001192922     21259.07
        7934     1.004742     1.684309 -0.001908853     21263.39
        7936      1.00462     1.680478 -0.001497569     21268.94
        7938     1.004852     1.676109 -0.001610583     21271.99
        7940     1.004813     1.675415 -0.001172653     21272.74
        7942     1.004856     1.671424 -0.0008986949     21276.49
        7944     1.004966     1.671097 -0.0008099786      21277.7
        7946     1.005266      1.66892 -0.0004633535     21282.65
        7948     1.005003     1.668936 -0.001486794     21284.01
        7950     1.005246     1.667717 -0.001685731     21286.54
        7952     1.005692     1.659203 -0.001719572     21292.58
        7954     1.005592     1.655434 -0.002092089     21295.12
        7956     1.005355     1.655179 -0.001294581     21292.55
        7958     1.005332     1.650981 -0.001543098     21300.09
        7960     1.005003     1.648846 -0.002002633      21297.7
        7962     1.005281     1.643089 -0.001579912     21301.88
        7964     1.004806     1.639158 -0.0009314455     21303.08
        7966     1.004843     1.638341 -0.0007534395     21305.74
        7968     1.005203     1.641394 -0.001203935     21309.89
        7970     1.005022     1.637062 -0.001008578     21314.25
        7972      1.00514     1.629526 -0.001627435      21317.5
        7974     1.005253     1.630273 -0.001750906     21318.11
        7976     1.004734     1.628375 -0.0009088145     21318.12
        7978     1.004758     1.623054 -0.001482572     21320.02
        7980      1.00476     1.622256 -0.001158777     21322.92
        7982     1.004838     1.618412 -0.001198978     21325.26
        7984     1.005081     1.619105 -0.0009681899     21328.67
        7986     1.005101     1.613462 -0.0007538054     21332.68
        7988     1.005214      1.61451 -0.001512581     21332.53
        7990     1.004759     1.612382 -0.001157758     21337.53
        7992     1.004914     1.607004 -0.001324801     21340.88
        7994     1.005344       1.6042 -0.001715226     21341.21
        7996     1.004911     1.603912 -0.0009082466      21342.8
        7998     1.004854      1.59866 -0.001504632     21342.21
        8000     1.004674     1.599738 -0.001573927     21343.22
        8002     1.004896     1.592163 -0.001142051     21345.89
        8004     1.005042     1.591321 -0.001496159     21350.41
        8006     1.004985     1.589523 -0.001323511     21351.32
        8008     1.004792     1.587769 -0.001333475     21355.36
        8010     1.004983     1.581575 -0.001981438     21361.47
        8012     1.004918     1.580653 -0.001660026     21362.42
        8014     1.004899     1.573672 -0.001425078     21364.96
        8016     1.004995     1.574489 -0.001695884      21367.7
        8018     1.004891     1.570175 -0.0007954273     21369.69
        8020     1.004522     1.567086 -0.001079483      21367.4
        8022      1.00458     1.567308 -0.001055658     21371.65
        8024      1.00449     1.565853 -0.0008825699     21374.02
        8026     1.004837     1.561729 -0.001197276      21379.4
        8028     1.004918     1.560025 -0.001886365     21381.33
        8030     1.004771      1.55773 -0.001948418     21381.28
        8032     1.004485     1.550762 -0.001831935     21381.91
        8034     1.004582     1.546142 -0.001324173     21384.16
        8036     1.004378      1.54537  -0.00117793     21385.47
        8038      1.00419     1.547137 -0.001103655     21387.97
        8040     1.004199     1.541338 -0.001196055     21393.49
        8042     1.004057     1.537313 -0.002032095     21392.05
        8044     1.004834     1.535801 -0.001438478     21395.94
        8046     1.004753      1.53088 -0.001463583     21398.88
        8048     1.004483      1.52983 -0.001061495     21398.81
        8050      1.00458     1.525604 -0.0005783377     21404.34
        8052     1.004224     1.527309   -0.0013259     21404.81
        8054     1.004032     1.526253   -0.0012551     21406.98
        8056     1.003812     1.519223 -0.001861606     21410.36
        8058     1.003629     1.515563 -0.001470093     21409.92
        8060     1.003551     1.512416 -0.0008410509     21411.04
        8062     1.003733     1.514493 -0.001174043     21413.39
        8064     1.003886     1.512495 -0.001195525     21415.04
        8066     1.004074     1.506171 -0.001675936     21417.33
        8068     1.004111     1.502852 -0.001894219     21419.26
        8070     1.003576     1.501085  -0.00121234     21418.07
        8072     1.003638     1.497341 -0.001188706     21422.35
        8074     1.003007     1.496472 -0.001947726     21423.27
        8076     1.002873     1.493343 -0.001912123     21428.14
        8078     1.003153     1.485503 -0.001538332     21429.79
        8080     1.003256     1.482044 -0.001179074      21432.7
        8082     1.003106     1.484166 -0.0005549869     21431.87
        8084      1.00294      1.48391 -5.409018e-05     21433.37
        8086     1.002634     1.481063 -0.001085375     21433.04
        8088     1.002467     1.481611 -0.001545218     21434.66
        8090     1.002248     1.475483  -0.00135836     21436.09
        8092     1.001955     1.471548 -0.001656094     21436.65
        8094     1.002365     1.470197 -0.001194268     21439.81
        8096     1.001958     1.468363 -0.0008169829     21443.38
        8098     1.001816     1.465928 -0.001134063     21444.96
        8100     1.002027     1.465012  -0.00121405     21446.54
        8102     1.001995     1.461124 -0.001012779     21446.55
        8104      1.00168      1.45865  -0.00105058     21448.45
        8106     1.001607     1.457826    -0.001454     21450.83
        8108     1.001265     1.456608 -0.001371018     21451.58
        8110     1.001438     1.449492 -0.001425836     21452.13
        8112     1.001459     1.447682 -0.001625434     21457.14
        8114     1.001431      1.44642 -0.0009977903     21458.19
        8116     1.000888     1.443604 -0.001415608     21458.13
        8118      1.00058      1.44151 -0.001573912     21458.42
        8120     1.000451     1.436357 -0.001478872     21460.78
        8122     1.000613     1.433828 -0.001610943     21462.67
        8124     1.000611     1.431773 -0.001201175     21464.96
        8126     1.000433     1.428622 -0.001097228     21463.28
        8128     1.000341     1.426748 -0.001063864     21459.97
        8130     1.000401      1.42505 -0.0006824682     21465.76
        8132     1.000206     1.423262 -0.0006865826     21464.66
        8134     1.000011     1.423162 -0.001155095     21465.91
        8136     1.000011     1.421255 -0.001089984     21472.25
        8138    0.9998628      1.41581 -0.001314679      21474.2
        8140    0.9996554     1.414542 -0.001425015     21475.03
        8142    0.9993737     1.412645 -0.001157819     21472.52
        8144    0.9993603     1.409855  -0.00132258      21470.9
        8146     0.999542     1.406547 -0.001288701     21472.99
        8148     0.999434     1.403962 -0.001305268     21477.01
        8150     0.998902     1.402335 -0.001548147     21474.38
        8152    0.9990319     1.399413 -0.001333746     21476.82
        8154    0.9988338     1.394162 -0.001401462     21477.46
        8156    0.9988289     1.393292 -0.001306163     21477.82
        8158    0.9987115     1.391124 -0.0005656382      21478.3
        8160     0.998527     1.388964 -0.0008831913     21483.02
        8162    0.9982383     1.389637 -0.001204874     21484.42
        8164    0.9976871     1.386226 -0.001307648     21481.95
        8166     0.997852     1.381485 -0.001813852     21482.75
        8168    0.9972142     1.378502 -0.001507261     21484.68
        8170    0.9973063     1.375126 -0.001337915     21489.22
        8172    0.9973909     1.374168 -0.001174512     21487.41
        8174    0.9973347     1.370781 -0.001164583     21487.94
        8176    0.9971519     1.369106 -0.001177476     21492.28
        8178    0.9966694     1.365809 -0.001069794     21492.57
        8180    0.9964994     1.364748  -0.00116125     21487.14
        8182    0.9962001     1.362223  -0.00123885     21489.63
        8184    0.9960319     1.359816 -0.001403331     21494.64
        8186    0.9958283     1.355899 -0.001478566     21495.96
        8188    0.9955636     1.353522 -0.001296927     21500.23
        8190    0.9953206     1.350395  -0.00103199     21498.71
        8192    0.9951456     1.349441 -0.001405246     21500.03
        8194    0.9948592     1.347643 -0.001421313     21501.93
        8196    0.9949218      1.34228  -0.00125294     21502.05
        8198    0.9950791     1.339024 -0.001202533     21503.46
        8200    0.9947277     1.339417 -0.001168073     21500.39
        8202    0.9943182     1.338022 -0.001062087     21503.36
        8204    0.9938444     1.332935 -0.001200722     21505.26
        8206    0.9933399     1.330527 -0.001227134     21503.67
        8208    0.9931692     1.329812 -0.000974497     21500.79
        8210    0.9932733     1.328205 -0.001214828     21502.57
        8212    0.9929806     1.325139 -0.001415264     21503.28
        8214    0.9928876     1.320809 -0.001306027     21506.47
        8216    0.9926788      1.31849 -0.001548679     21509.04
        8218    0.9921612     1.317757 -0.000987493     21505.02
        8220    0.9919106      1.31275 -0.001140612     21510.08
        8222    0.9916323     1.312909 -0.001476942     21509.97
        8224     0.991305     1.309365 -0.001019071     21505.76
        8226    0.9910749     1.305942 -0.001495031     21513.46
        8228    0.9907552     1.304597 -0.001423084     21513.62
        8230    0.9907761     1.300949 -0.001060846     21513.14
        8232    0.9906693      1.29798   -0.0013022     21515.12
        8234    0.9904358     1.297455 -0.001318421     21517.34
        8236    0.9900821      1.29418 -0.001137444     21518.14
        8238    0.9900965     1.290401 -0.000905498     21520.92
        8240    0.9899284      1.28888 -0.001151546     21521.61
        8242    0.9896005     1.290211 -0.0007678186     21517.86
        8244    0.9892284     1.284967 -0.0009550865     21517.32
        8246    0.9892577     1.284259 -0.001419846      21524.9
        8248    0.9889754      1.28124 -0.001403764     21524.16
        8250    0.9889486     1.278852 -0.001990983     21528.42
