# This file has been produced by extranormal (v 1.0.1 - February 23, 2017)
# O. Roudenko - Synchrotron SOLEIL. Covered by GPL licence.
#Data from HDF File: /nfs/ruche-rock/rock-soleil/com-rock/2021/Projets/20210209_Hilde/InSitu/10Ni-10Fe_50BN/10Ni-10Fe_50BN_RWGS750_CO2pulses_H2cst_ratio1/10Ni-10Fe_50BN_RWGS750_CO2pulses_H2cst_ratio1_00627.nxs to 10Ni-10Fe_50BN_RWGS750_CO2pulses_H2cst_ratio1_00628.nxs
#Time at start=2021-02-10 14:42:38.997
#Time from start (seconds)=3133.56189392
#Sample temperature (C)=24.9
# Normalization -------------
# pivot spectrum: Pivot_Fe_10Ni-10Fe_50BN_RT_air_av2000_00001.txt
# E0=7112.0   Eshift=1.70327454649
# E0_pivot = 7112.0
# pre-edge params: from E0_pivot-140.0 to E0_pivot-20.0
# pre-edge range: [6972.0, 7092.0]
# post-edge params: from E0_pivot+100.0 to E0_pivot+1140.0
# post-edge range: [7212.0, 8250.0]
# I jump at E0_pivot = 1.24472501824
# shifted energy	normalized	reference	ref.derivative	I0
        6970  0.001404798     1.674835 -0.0003735272     18810.17
        6972  0.001404798     1.674835 -0.0003735272     18810.17
        6974  0.001487935     1.673992 -0.0006988341     18819.03
        6976  0.001662893     1.671544 -0.001144313     18828.29
        6978  0.001397779      1.66705 -0.002180779     18836.35
        6980 0.0009126733     1.665681 -0.002379576      18848.1
        6982  0.001055735     1.656546 -0.001414349     18854.97
        6984 0.0008854751     1.652507  -0.00180812     18858.18
        6986  0.000871401     1.655735 -0.0007668783     18863.24
        6988  0.001280703     1.651216 -0.0007867064     18874.48
        6990 0.0005633384      1.65041 2.263379e-06     18882.85
        6992 0.0007622493     1.646214 -0.001260954      18890.4
        6994 -7.688913e-05     1.655754 -0.001426797     18896.83
        6996  0.000104681     1.641128 -0.001774902     18905.47
        6998 -2.806313e-05     1.638996 -0.002751333     18917.59
        7000 -7.573677e-05     1.632015 -0.001589098     18920.69
        7002 -0.0004407693     1.633743 -0.001745295      18927.8
        7004 -0.0002461043     1.628415  -0.00150202     18939.49
        7006 -0.0002219665     1.625034 -0.002076896     18947.26
        7008 -0.0005533407     1.619998 -0.002054351     18951.08
        7010 0.0001092173     1.617128 -0.001274141     18962.26
        7012 -0.0004427383     1.611981 -0.000497393     18971.27
        7014 -0.0005156518     1.614841 -0.001482179     18976.05
        7016 -0.001056476     1.616019 -0.001665054     18984.05
        7018  -0.00047676      1.60527 -0.002588114     18995.33
        7020 -0.0005911203      1.59866 -0.001480879     19004.13
        7022 -0.0007770532     1.594136 -0.001074495     19009.04
        7024 -1.840853e-05     1.604172 -0.0007694177     19022.28
        7026 -0.0005120524     1.596674 -0.001484734     19030.67
        7028 -0.001046694     1.592505 -0.002468771     19039.23
        7030 -0.000681787     1.582258 -0.002307719     19046.47
        7032 -0.0009333878     1.584422 -0.001801118     19050.28
        7034 -0.001293243     1.578213 -0.000651315     19059.29
        7036 -0.0009865319     1.578096 -0.0009732794      19066.4
        7038 -0.001652476     1.577047 -0.0003706325     19070.83
        7040 -0.001282681     1.576636 -0.001771651      19081.9
        7042 -0.001315354     1.575248 -0.001599636     19093.18
        7044 -0.0009841324     1.563923 -0.001273981     19098.28
        7046 -0.0004837805      1.56425 -0.002305814     19109.51
        7048 -0.001046192     1.566444 -0.001172383     19116.59
        7050 -0.0007386474     1.556801  -0.00150222     19124.14
        7052 -0.0006542772     1.554544 -0.002199541     19132.18
        7054 -0.0006514374     1.552232 -0.001309067     19140.31
        7056 -0.001194034     1.548848 -0.001870404     19153.26
        7058 -0.000879217     1.546328 -0.001391828      19161.1
        7060 -0.0005759398      1.53958 -0.001452947     19165.33
        7062 -0.0004801044     1.541098 -0.002048107     19175.47
        7064 -0.0003384391     1.537224 -0.001483701     19183.35
        7066 -0.0002057592     1.529944 -0.001441777     19191.05
        7068 -0.0004164132     1.527711 -0.001698665     19198.22
        7070 1.783409e-05     1.529564 -0.0003766328     19205.34
        7072 5.320314e-06     1.523635 -0.0005915538     19213.54
        7074 0.0002402935     1.526931 -0.0009678048      19217.8
        7076 0.0002747436     1.522978 -0.0001035899     19227.54
        7078 0.0004710014     1.521821 -0.001846249     19236.77
        7080 0.0007651268     1.522806 -0.001966241     19247.04
        7082 0.0008279135     1.512161 -0.002339475     19252.55
        7084  0.001300883     1.507248 -0.002888108     19257.77
        7086  0.001864972     1.503105 -0.0008819421     19262.86
        7088  0.001618398     1.499701 -0.001214149     19271.97
        7090  0.002611452     1.505105 -0.0001363877     19280.42
        7092      0.00306     1.497535 -0.0007862337     19289.96
        7094  0.003422474     1.502014 -0.001731348     19295.06
        7096  0.004108454     1.493411 -0.0005886905     19302.35
        7098  0.005077444     1.491254 -0.001107813     19312.49
        7100  0.006054076     1.492826 -8.131705e-05     19321.32
      7100.2  0.006196979     1.492872 -4.61032e-05     19322.46
      7100.4  0.006339882     1.492918 -1.088934e-05      19323.6
      7100.6  0.006482785     1.492964 2.432452e-05     19324.75
      7100.8  0.006625688     1.493011 5.953837e-05     19325.89
        7101  0.006768591     1.493057 9.475223e-05     19327.03
      7101.2  0.006911494     1.493103 0.0001299661     19328.17
      7101.4  0.007054397     1.493149 0.0001651799     19329.31
      7101.6    0.0071973     1.493195 0.0002003938     19330.45
      7101.8  0.007196794     1.493115 0.0001360294     19330.69
        7102  0.007276378     1.492497 0.0005048875     19329.55
      7102.2  0.007617529     1.492403  0.001091056     19328.93
      7102.4  0.007944159     1.493429 0.0003089167     19328.49
      7102.6  0.008164276     1.493988 -0.003550221     19328.06
      7102.8  0.008221969     1.492744 -0.006175793      19330.8
        7103  0.008230793     1.489563 -0.005327033     19333.18
      7103.2  0.008319128     1.488488 -0.002767832     19333.54
      7103.4  0.008553977     1.489727  0.003078265     19332.78
      7103.6   0.00891198     1.490529  0.006598788     19332.48
      7103.8  0.009218664     1.492025  0.007288134     19334.14
        7104  0.009385176     1.493768   0.00643653     19335.78
      7104.2  0.009254919     1.495557  0.001462055     19336.52
      7104.4  0.009193807     1.495679 -0.002425614     19336.02
      7104.6  0.009430846     1.493195 -0.006622389     19337.08
      7104.8  0.009677659     1.491827 -0.007418472     19338.55
        7105   0.01002581     1.490259  0.000520612     19338.77
      7105.2   0.01032628     1.489744  0.005960375     19339.12
      7105.4   0.01052735     1.493611  0.009073421     19339.99
      7105.6   0.01076485     1.496595   0.01110445     19339.86
      7105.8   0.01093673     1.497518  0.007350824     19340.74
        7106   0.01118627     1.498627  0.004999577     19342.66
      7106.2   0.01149079     1.499492  0.003825868     19342.46
      7106.4   0.01185601     1.500595 0.0008746807     19343.23
      7106.6   0.01250737     1.500579 -0.0008662857     19346.92
      7106.8   0.01305325     1.499327 -0.001778676     19348.69
        7107   0.01333595     1.498799  0.001011965     19347.85
      7107.2    0.0135747     1.499172  0.003265482     19346.83
      7107.4   0.01385564     1.501388  0.001881486     19346.88
      7107.6   0.01425884      1.50194  0.002561311      19348.8
      7107.8   0.01486695     1.500304  0.002933899     19351.22
        7108   0.01556309     1.501221  0.004149765     19352.72
      7108.2   0.01616757     1.503735  0.008405183     19353.15
      7108.4   0.01668094     1.505259  0.008896619     19352.57
      7108.6   0.01721825     1.507028  0.006619158     19352.73
      7108.8   0.01785994     1.508338  0.007602772     19352.95
        7109   0.01864223     1.509031   0.01081581     19353.26
      7109.2   0.01960635     1.511342   0.01558231     19354.91
      7109.4   0.02060382     1.515681   0.02161923     19356.28
      7109.6   0.02153591     1.520804   0.02647422     19355.85
      7109.8   0.02253941     1.526326   0.03026769     19354.95
        7110   0.02377365     1.532521   0.03553081     19355.14
      7110.2   0.02569151     1.539895    0.0425977     19356.36
      7110.4   0.02823658     1.549229   0.04867906     19356.04
      7110.6   0.03090047     1.560404   0.05715277     19353.51
      7110.8   0.03397935     1.571464   0.07143536     19352.99
        7111   0.03771763     1.585617   0.08720479     19354.28
      7111.2   0.04232266     1.606377    0.1085141     19352.81
      7111.4   0.04819065     1.630168    0.1297798     19349.39
      7111.6   0.05517311     1.658275    0.1438019     19348.71
      7111.8   0.06332705     1.689441    0.1540802     19348.43
        7112   0.07249178     1.721419    0.1585233     19346.88
      7112.2   0.08203394     1.753432    0.1579357     19346.41
      7112.4   0.09124199     1.785094    0.1501078     19344.71
      7112.6   0.09996032      1.81579    0.1387804      19343.2
      7112.8     0.108359     1.841505    0.1249074     19342.26
        7113    0.1161755     1.864457    0.1140755      19340.4
      7113.2    0.1234468      1.88502    0.1108573     19341.57
      7113.4    0.1300481      1.90705    0.1030446     19342.72
      7113.6    0.1360493     1.930191   0.09372665      19340.2
      7113.8    0.1417794     1.946892   0.08362273     19337.48
        7114    0.1473643     1.960001   0.07241107     19335.93
      7114.2    0.1524577     1.973948    0.0679867     19335.41
      7114.4    0.1566347      1.98812   0.06490332     19335.47
      7114.6    0.1601952     2.001282   0.05739199     19336.35
      7114.8    0.1634278     2.011924   0.04729429     19337.74
        7115     0.166112     2.019862   0.03477168     19337.87
      7115.2    0.1683597     2.025955   0.02562399     19338.81
      7115.4    0.1704366     2.029099   0.02540752     19339.79
      7115.6    0.1725632     2.032423   0.03148962     19340.75
      7115.8     0.175229     2.040188   0.03815504      19343.1
        7116    0.1784124     2.051147   0.04041237        19343
      7116.2     0.182312     2.059623    0.0366685     19340.98
      7116.4    0.1870902     2.064753   0.02839865     19339.57
      7116.6    0.1924674     2.069523    0.0228226     19339.37
      7116.8    0.1987453     2.073866   0.02124732     19340.18
        7117    0.2061752     2.077881   0.02875179     19340.57
      7117.2    0.2145496     2.081751   0.04241361     19340.17
      7117.4    0.2237655     2.092524   0.05578339     19339.29
      7117.6    0.2339628     2.107797   0.07176961     19339.16
      7117.8    0.2454226     2.122508    0.0712766     19339.52
        7118    0.2581664     2.139167   0.06537953     19338.85
      7118.2    0.2720612     2.149545   0.07394943     19338.04
      7118.4    0.2875521       2.1601   0.07757015     19337.42
      7118.6    0.3047823     2.181667   0.09193929     19337.61
      7118.8     0.323172     2.201223    0.1157486     19337.85
        7119    0.3429062     2.223097    0.1233382     19337.39
      7119.2    0.3645493     2.252699    0.1321915     19338.11
      7119.4    0.3874378     2.280338    0.1334745      19339.5
      7119.6    0.4107826     2.306976    0.1232632     19341.21
      7119.8    0.4347523     2.329876    0.1201101     19341.82
        7120     0.459406      2.35131    0.1220466     19341.56
      7120.2    0.4839328     2.376426    0.1314085     19340.98
      7120.4    0.5069269     2.404613    0.1415829     19338.64
      7120.6    0.5282038     2.435003     0.140698     19336.97
      7120.8    0.5480579     2.464576    0.1334192     19336.05
        7121    0.5663098     2.488984    0.1325036     19333.84
      7121.2    0.5833391     2.511349    0.1371746     19333.36
      7121.4    0.5992931     2.541006    0.1505078     19335.02
      7121.6    0.6143978     2.574316    0.1700819     19335.45
      7121.8    0.6290613     2.609391    0.1552178     19335.69
        7122    0.6439648     2.647414    0.1419187      19336.6
      7122.2    0.6591881      2.66518    0.1333163     19336.69
      7122.4    0.6743962     2.687851   0.07675904     19335.51
      7122.6    0.6902056     2.716044   0.02227337        19335
      7122.8    0.7065765     2.708821  -0.03415995      19333.8
        7123    0.7235268     2.682999  -0.06606352     19331.91
      7123.2    0.7411039     2.660523  -0.03574204     19331.82
      7123.4    0.7585895     2.663193   0.03429933     19331.96
      7123.6    0.7768911     2.680228    0.1045874     19331.62
      7123.8    0.7959325     2.710439    0.1362814     19331.58
        7124    0.8143245     2.744193    0.1692791     19330.93
      7124.2    0.8320169     2.772218    0.1765031     19331.11
      7124.4    0.8493432     2.815651    0.1338701     19332.97
      7124.6    0.8662868     2.851641   0.08316403     19331.96
      7124.8    0.8821668     2.851289 -0.005754173     19328.96
        7125    0.8973307     2.838749  -0.06689205     19327.37
      7125.2    0.9117592     2.811048  -0.03945628     19327.41
      7125.4    0.9252129     2.798127  -0.01682857     19327.87
      7125.6     0.937835     2.819724   0.03567859     19327.42
      7125.8    0.9501449     2.825286    0.1030939     19327.14
        7126    0.9628146     2.839591     0.130892     19326.89
      7126.2    0.9746825     2.880603    0.1161376     19325.42
      7126.4    0.9858341     2.924437   0.03414749     19323.79
      7126.6    0.9974126     2.918196  -0.02478259     19323.23
      7126.8      1.00958     2.866909  -0.05448259     19321.56
        7127     1.022379     2.860777  -0.04359466     19319.42
      7127.2     1.035264     2.880851   0.03689383     19318.68
      7127.4     1.048288     2.883321   0.07484772     19317.86
      7127.6     1.061824     2.896424    0.1054117     19316.49
      7127.8     1.075546     2.920655    0.1625577     19315.76
        7128     1.089655      2.96518    0.1152057     19315.77
      7128.2     1.104015     3.013367 -0.008773686     19315.53
      7128.4     1.118494     2.988588  -0.09986949     19314.29
      7128.6     1.133275     2.913636   -0.1286909     19313.27
      7128.8     1.147265     2.885285  -0.05843975     19312.63
        7129     1.159576     2.910414   0.07564812     19311.48
      7129.2     1.171064     2.941836    0.1426892     19311.82
      7129.4     1.181752     2.974154    0.1008229     19314.44
      7129.6     1.190754     2.999436   0.02804548     19315.66
      7129.8     1.198289     2.991072  0.005545398      19315.8
        7130     1.204036     2.964273   0.01305335     19316.98
      7130.2     1.207863     2.978591   0.02254737     19316.26
      7130.4     1.211174     3.009879   0.05797112     19313.28
      7130.6     1.213785      3.00911   0.04935721     19310.74
      7130.8     1.215389      3.01065   0.02218778     19309.61
        7131     1.216668     3.018076   0.05955694     19309.63
      7131.2     1.217257     3.027629   0.09178845     19308.31
      7131.4     1.217312     3.056756   0.08454412     19307.02
      7131.6     1.217341      3.08408   0.04925852     19305.61
      7131.8     1.217446     3.085712  -0.00334182     19303.69
        7132     1.217251     3.067036  -0.06620293     19303.46
      7132.2     1.216349     3.054082   -0.1272042     19303.35
      7132.4     1.215212     3.031118  -0.09138464     19303.07
      7132.6     1.213603     2.983948  -0.03052631     19301.78
      7132.8     1.211442     2.993928 -0.0002042002     19301.39
        7133     1.209292     3.029661   0.04948422     19303.54
      7133.2      1.20635     3.030955   0.02447509     19305.29
      7133.4     1.202452     3.023536  -0.04550297     19306.73
      7133.6     1.197551     3.013508  -0.03108599     19307.67
      7133.8     1.191566     2.993259  0.002240425     19305.48
        7134      1.18514     3.006086  -0.02957801     19304.52
      7134.2     1.178691     3.025328  -0.02508576     19305.71
      7134.4     1.171995     2.989846  -0.03212101      19307.7
      7134.6     1.164446      2.97319  -0.07991207     19309.67
      7134.8     1.156773     2.980389   -0.0925281      19310.2
        7135      1.14951     2.961398   -0.1151854     19310.36
      7135.2     1.142219     2.915823    -0.124584     19311.74
      7135.4     1.135405     2.881042   -0.1088015     19314.73
      7135.6     1.128692     2.880722  -0.07585359     19316.95
      7135.8     1.121931     2.874357  -0.05028219     19318.03
        7136     1.115729      2.85514  -0.05565599     19318.01
      7136.2     1.109568     2.840816   -0.0332076     19315.94
      7136.4     1.103136     2.836197  0.007615185     19314.47
      7136.6     1.097124     2.847791   0.03797463     19314.08
      7136.8      1.09186     2.861233   0.06324409     19310.76
        7137     1.087114     2.871196   0.07124564      19301.3
      7137.2     1.082706     2.886792   0.06545396     19284.74
      7137.4     1.078697     2.904788   0.05528149     19259.89
      7137.6      1.07537     2.913596   0.03945894     19225.82
      7137.8     1.071914     2.915421   0.02937213     19186.11
        7138     1.068059      2.91836   0.03333254     19148.31
      7138.2      1.06462     2.928285    0.0394101     19116.54
      7138.4     1.061615     2.940262   0.04523487     19095.98
      7138.6     1.058731     2.946949   0.03034614     19089.43
      7138.8     1.055861     2.954548 -0.005218637     19093.86
        7139     1.053049     2.952562    -0.011826     19110.13
      7139.2     1.050748     2.936087   0.00305263     19134.68
      7139.4     1.049115     2.937488 -0.009799989     19161.96
      7139.6     1.047877      2.95699  0.002997864     19191.05
      7139.8     1.046851     2.944722   0.02785306     19218.62
        7140     1.045899     2.938485 -0.009297386     19243.47
      7140.2     1.045091     2.959771  -0.02818947     19267.56
      7140.4     1.043989     2.949552  -0.01725369     19287.09
      7140.6     1.042825     2.922171   0.01826659     19300.16
      7140.8     1.041984     2.924682   0.06622856     19309.24
        7141     1.041527     2.974384     0.098786     19313.66
      7141.2     1.040958     3.002535    0.1067237     19314.32
      7141.4     1.040288     3.001199    0.0337758     19310.82
      7141.6     1.040211     3.010061  -0.02662013     19299.55
      7141.8      1.03971     3.001405  -0.02038154     19279.87
        7142     1.038368     2.981238 -0.007434926     19251.48
      7142.2     1.037083     2.984894   0.01613125      19215.9
      7142.4     1.035925     3.004113    0.0605439     19176.58
      7142.6      1.03493      3.01431   0.05534245     19138.75
      7142.8     1.034306     3.029674   0.02136521     19107.42
        7143     1.033576     3.029168   0.02062064     19087.32
      7143.2     1.032532     3.021205 -0.009897927     19083.18
      7143.4     1.031403     3.030806  -0.03999413     19094.15
      7143.6     1.030295     3.021755  -0.06172472     19117.89
      7143.8     1.029396     2.997173  -0.09543012     19151.56
        7144     1.028681     2.971826    -0.102782     19192.93
      7144.2      1.02787     2.954462  -0.07041752     19234.37
      7144.4     1.026751      2.93953   0.01819019     19266.45
      7144.6     1.025983     2.940839   0.06320593     19292.31
      7144.8     1.025519     2.986378   0.07879385     19309.73
        7145     1.024345     3.005027    0.0958258     19317.95
      7145.2     1.022679     3.002565    0.0346761     19324.79
      7145.4     1.020743     3.017499  -0.01784242     19329.85
      7145.6      1.01912     3.014119   -0.0406746     19334.48
      7145.8     1.017744     2.990753  -0.05720355     19340.05
        7146     1.016353     2.970025  -0.01475852     19344.08
      7146.2     1.015049     2.971737   0.05170073      19347.4
      7146.4     1.013284     3.002312   0.05633719     19349.04
      7146.6     1.010928     3.032114   0.04236417     19348.19
      7146.8     1.008224     3.015095   0.02580114     19349.23
        7147     1.005362     3.005628    -0.023431     19352.58
      7147.2      1.00257     3.022953  -0.02967951     19356.38
      7147.4     1.000188     3.013369  -0.01238793     19359.34
      7147.6    0.9980056     2.991351  0.007142754     19361.17
      7147.8    0.9956989     2.995718   0.03772291     19363.54
        7148    0.9930191     3.028667   0.03420262     19365.27
      7148.2    0.9898376     3.043547  0.005565201     19366.25
      7148.4    0.9860551     3.018713  -0.02023128     19367.39
      7148.6    0.9824322      3.00017  -0.03525681     19369.87
      7148.8    0.9795085     3.012482  -0.01688488      19371.6
        7149    0.9767953     3.015342   0.02883153     19371.65
      7149.2    0.9738694     3.005205   0.03566026        19372
      7149.4    0.9704773     3.023235   0.03447357     19373.07
      7149.6    0.9669961      3.04101   0.06519606     19374.57
      7149.8    0.9642945     3.042921    0.0560751     19377.11
        7150    0.9617213     3.057362    0.0311553     19379.23
      7150.2     0.958645     3.068095   0.02327635     19379.78
      7150.4     0.955751     3.065934  -0.01054309     19379.36
      7150.6    0.9534265     3.061542  -0.03459452     19380.76
      7150.8    0.9511653     3.048928  -0.01731917     19383.04
        7151    0.9486091     3.040419    0.0163316     19383.54
      7151.2    0.9462766     3.052079   0.07390515     19383.37
      7151.4    0.9443173     3.074607    0.0857026     19382.97
      7151.6    0.9421624     3.108052   0.05089703      19383.5
      7151.8    0.9402031     3.108982   0.01719939     19385.69
        7152    0.9387159     3.092797 -0.009432155     19388.07
      7152.2    0.9374175     3.088366   0.02153581      19389.2
      7152.4    0.9366163     3.100506   0.04346228        19389
      7152.6    0.9362812      3.12621   0.03533822     19388.92
      7152.8    0.9355602     3.127567 -0.007919819     19390.36
        7153    0.9341792     3.116637  -0.04305747     19391.87
      7153.2    0.9329845      3.09417  -0.04343774     19392.62
      7153.4    0.9324345     3.091764   -0.0595728     19393.77
      7153.6     0.932402     3.092816  -0.06147665     19396.38
      7153.8    0.9324862     3.068979  -0.05870866      19396.7
        7154       0.9327     3.044989  -0.05570488     19395.69
      7154.2    0.9332429     3.044797  -0.03118197      19396.8
      7154.4    0.9338666     3.048252 -0.007641776     19398.35
      7154.6    0.9344104     3.044033 -0.009822648     19399.95
      7154.8    0.9350418     3.038876  0.003371543     19400.68
        7155    0.9354914     3.036939   0.04498014     19402.14
      7155.2    0.9361258      3.05095   0.07239312     19404.47
      7155.4    0.9373017     3.080017   0.06514034     19405.62
      7155.6    0.9385052      3.09679   0.04371802     19407.43
      7155.8    0.9396581     3.089051   0.02314863      19408.7
        7156    0.9410246     3.085924   0.01680962     19407.98
      7156.2    0.9422574     3.098536   0.02795734     19408.63
      7156.4    0.9429826     3.110238  0.006490418      19409.2
      7156.6    0.9434551     3.111417  -0.03069626     19408.95
      7156.8    0.9441657     3.091116  -0.02622615     19409.98
        7157    0.9456881     3.073979  -0.01717394      19412.4
      7157.2    0.9474829     3.089257  -0.02113281     19413.97
      7157.4    0.9488239     3.097678  -0.03538143     19415.34
      7157.6    0.9501208      3.07421  -0.07057206     19418.17
      7157.8    0.9510949     3.045674  -0.09222997     19418.27
        7158    0.9518915     3.032799  -0.06163429     19416.94
      7158.2    0.9529074     3.023894  0.003186788     19416.81
      7158.4    0.9542134     3.024903  0.007897795     19418.02
      7158.6    0.9555754     3.048223  -0.00774009     19419.73
      7158.8    0.9567166     3.039117  0.007242075     19420.17
        7159    0.9580373     3.017702   0.01905962     19421.38
      7159.2    0.9593772     3.030696    0.0632718      19422.2
      7159.4    0.9602814     3.063471   0.09958568      19422.8
      7159.6    0.9609749     3.089735    0.0678388     19424.59
      7159.8    0.9616013     3.097371   0.02838768     19425.07
        7160    0.9622224     3.084967   0.01358682     19423.17
      7160.2    0.9630094     3.086181 -0.004330945     19422.28
      7160.4    0.9636383     3.100604 -0.003546212     19423.78
      7160.6    0.9643376     3.093906  -0.04049686     19424.71
      7160.8    0.9652164      3.08213  -0.07479277     19425.96
        7161    0.9661476     3.053784  -0.07586714     19427.05
      7161.2    0.9665515      3.04077  -0.06609432     19425.45
      7161.4    0.9665982     3.033212  -0.01392985     19424.91
      7161.6    0.9670219     3.029255 -0.008089841     19427.83
      7161.8    0.9675775      3.04264  -0.02186755     19429.59
        7162    0.9681478     3.034298  -0.01939696     19430.18
      7162.2    0.9688749     3.015718  -0.02967849     19429.93
      7162.4    0.9692568     3.013737  0.003135407     19429.34
      7162.6    0.9692761     3.018897   0.04275564     19429.61
      7162.8    0.9696078     3.036807    0.0341709        19431
        7163     0.970136     3.049923  0.008872605     19433.41
      7163.2    0.9706369     3.041074  -0.02991045     19433.28
      7163.4    0.9711676     3.025995  -0.05056737     19432.66
      7163.6    0.9715797     3.012878  -0.01926762     19435.04
      7163.8    0.9718843     3.009469   0.01713705      19435.9
        7164    0.9725047      3.02566   0.04273554     19434.81
      7164.2    0.9733102     3.039705   0.03299823     19435.34
      7164.4    0.9742449     3.047067 -0.004580705     19435.11
      7164.6    0.9749303     3.035867  -0.02851308     19432.81
      7164.8     0.974967     3.021996   -0.0519256     19431.19
        7165    0.9749221     3.016894  -0.03438006     19432.38
      7165.2    0.9752916     3.005526   -0.0177655     19434.95
      7165.4    0.9760798     3.008363   -0.0192524     19436.32
      7165.6    0.9769709     3.007783  0.006946198     19437.46
      7165.8    0.9779097     3.001492   0.02098522     19439.02
        7166    0.9783767     3.011083  0.008258017     19438.67
      7166.2    0.9788881     3.025151   0.01932474     19438.15
      7166.4    0.9797966      3.01439   0.02260602     19439.64
      7166.6    0.9805333     3.016952  -0.01241684     19440.35
      7166.8    0.9810798     3.029168  -0.02984792     19439.77
        7167    0.9818391     3.015218  -0.05051908     19438.97
      7167.2    0.9826839     2.990511  -0.05713231     19440.11
      7167.4    0.9834399     2.976537  -0.02733427     19441.49
      7167.6    0.9842405     2.983462 0.0008930293      19441.3
      7167.8     0.985427     2.993351  0.008280633     19441.61
        7168    0.9865716     2.991226 -0.007152215     19441.27
      7168.2    0.9870177     2.983161 -0.007457747     19440.57
      7168.4     0.987159      2.97774   0.01335745     19441.01
      7168.6    0.9876012     2.987384   0.02581963     19441.71
      7168.8    0.9884471     3.001912   0.02328255     19442.62
        7169    0.9893991     3.003817   0.01087198     19443.59
      7169.2    0.9902422     2.996366  -0.01955612     19444.19
      7169.4     0.991126     2.996082  -0.03210996     19445.12
      7169.6    0.9919193     2.986267  -0.02852641      19446.3
      7169.8    0.9927441     2.978129  -0.03336608      19447.6
        7170    0.9935995     2.973545  -0.03078531     19447.01
      7170.2    0.9944742     2.969389  -0.04047093     19444.26
      7170.4    0.9952524     2.961638 -0.001861272     19444.08
      7170.6    0.9958902     2.945752   0.04536333     19446.16
      7170.8    0.9967012     2.972056   0.04182513      19447.3
        7171    0.9975901      3.00568   0.03232344     19449.32
      7171.2    0.9983725     2.995099 -0.004903445     19452.21
      7171.4    0.9985987     2.971611  -0.05616514     19450.22
      7171.6    0.9990269     2.968133   -0.0553541     19448.17
      7171.8      1.00019     2.960748  -0.02172162     19451.26
        7172     1.001083     2.950815  0.001317674     19454.41
      7172.2      1.00165     2.954234   0.02867319     19456.29
      7172.4     1.002477     2.969188   0.03964253     19457.91
      7172.6     1.003155     2.983686    0.0245081     19458.86
      7172.8     1.003432     2.982529  0.004180413     19459.66
        7173     1.003488      2.97384  -0.02691286     19461.34
      7173.2     1.003516     2.972532  -0.03337638     19463.27
      7173.4     1.003984     2.962156  -0.03739667     19464.55
      7173.6     1.005123     2.955828  -0.05514257      19464.5
      7173.8     1.006252     2.943923  -0.03563089     19462.41
        7174     1.006906     2.928418  -0.01561266     19460.81
      7174.2     1.007039     2.933651  -0.02050683     19461.67
      7174.4     1.006829     2.943338  -0.02042787     19462.33
      7174.6     1.006947     2.927518   -0.0158957     19463.21
      7174.8     1.007543     2.912076  -0.03192662     19466.78
        7175      1.00809     2.920935  -0.02130229     19469.25
      7175.2     1.008499     2.917797 -0.007548842     19469.98
      7175.4     1.009058     2.910476   -0.0171383     19470.18
      7175.6     1.009352     2.906036   0.01004841     19469.78
      7175.8     1.009373     2.907224   0.01972839     19469.46
        7176     1.009507     2.925835 -0.005857584     19468.33
      7176.2     1.009686     2.926259 -0.009715892     19468.82
      7176.4     1.009789      2.90135  -0.02657271     19470.79
      7176.6     1.009721     2.899451  -0.03674391     19471.35
      7176.8     1.009667     2.904577 -0.007659505     19470.85
        7177     1.009718     2.896863  0.002162683     19471.68
      7177.2     1.009754     2.895223  0.007342012     19472.48
      7177.4     1.009988     2.901181   0.01661188     19473.64
      7177.6     1.009937     2.910451 -0.009066534     19475.42
      7177.8     1.009451     2.910153  -0.03835341     19475.37
        7178     1.009581      2.88797  -0.04305658     19476.68
      7178.2     1.009481     2.870499  -0.04793331     19478.92
      7178.4     1.008796     2.876006   -0.0418576     19479.13
      7178.6     1.008802     2.871806   -0.0323947     19479.73
      7178.8     1.009324     2.854483  -0.03503753     19479.93
        7179     1.009695     2.844583  -0.02432343     19478.65
      7179.2     1.009678     2.847976 -0.006693013     19478.45
      7179.4     1.009184     2.852348   0.02154914     19480.24
      7179.6     1.009032     2.849129   0.02371971     19481.59
      7179.8     1.009371     2.861822  0.001631558     19481.61
        7180     1.009577     2.866951   0.02899397     19483.27
      7180.2      1.00965     2.853653   0.03138798     19485.08
      7180.4     1.009767     2.872324  0.003538818     19484.32
      7180.6     1.010159     2.886933   0.02060224     19483.98
      7180.8     1.010596     2.869782   0.01352477     19484.47
        7181     1.010908     2.870135 0.0006844548      19484.1
      7181.2     1.011249     2.883144  0.009519516     19485.61
      7181.4     1.011236      2.88748  0.009087339     19487.51
      7181.6      1.01102     2.877398  -0.00379295      19487.4
      7181.8     1.010952     2.877404   -0.0306555     19488.05
        7182     1.011108      2.88011  -0.03372357     19489.09
      7182.2     1.011334     2.862956  -0.05408562     19489.33
      7182.4     1.011225     2.850419  -0.06019243     19490.01
      7182.6     1.011084     2.834136  -0.02626662     19489.93
      7182.8     1.011221     2.831956  -0.00573526     19489.98
        7183     1.011346     2.841942   0.02648776     19490.98
      7183.2     1.011295     2.845831   0.03304454     19490.54
      7183.4     1.011408     2.855326   0.02249907     19491.27
      7183.6     1.011633     2.858391   0.02170199      19493.7
      7183.8     1.011809     2.859942 -0.0006465698     19494.84
        7184       1.0121     2.863193  -0.01657155     19496.93
      7184.2     1.012551     2.854809   -0.0220697     19499.96
      7184.4     1.012783     2.845134  -0.02274702     19500.12
      7184.6     1.012743     2.842286 -0.001943235     19497.96
      7184.8     1.012698     2.844995  0.009746136     19496.72
        7185     1.012768     2.853254  0.003501392     19498.49
      7185.2     1.013346     2.852931 -0.001296769     19502.77
      7185.4      1.01349     2.845087  0.001865752     19505.28
      7185.6      1.01307     2.843958  -0.03915062     19505.37
      7185.8     1.013371     2.854747  -0.08112367     19507.12
        7186     1.013782     2.821611  -0.05207436     19508.68
      7186.2      1.01397     2.780188  -0.02803417     19508.62
      7186.4     1.013915     2.802298   0.02533877     19509.07
      7186.6     1.013638      2.83232   0.07366995     19510.46
      7186.8     1.013538     2.841882   0.08712619     19511.99
        7187      1.01318     2.839124   0.09561298     19512.58
      7187.2     1.013241     2.871999    0.1189233     19513.02
      7187.4     1.013913      2.90881    0.1577964     19514.11
      7187.6     1.014614      2.93702    0.1046005     19515.53
      7187.8     1.015271     2.965361   0.02850629        19516
        7188     1.015409     2.955679  -0.01172158     19516.51
      7188.2     1.015288     2.931615  -0.03377934     19517.29
      7188.4     1.014969     2.927643  -0.04310939     19515.81
      7188.6     1.014677     2.938338  -0.04439373        19514
      7188.8     1.014541     2.921192  -0.05862166     19513.79
        7189     1.014466       2.8961  -0.09068116     19515.03
      7189.2     1.014675     2.880746  -0.05564829     19517.28
      7189.4     1.014792     2.865793  0.007538343     19518.72
      7189.6     1.014805     2.876673    0.0755079     19519.43
      7189.8     1.015022     2.902131    0.1473322     19520.32
        7190     1.014905     2.941152    0.1402951     19520.56
      7190.2     1.014166     2.983659   0.09984526     19520.86
      7190.4     1.013832     2.988909   0.04116809     19520.05
      7190.6     1.013907     2.982007  -0.03798973     19519.31
      7190.8     1.013811     2.974086  -0.06551359     19522.15
        7191     1.013674     2.953267  -0.06072654     19524.82
      7191.2     1.013464     2.936498  -0.08639773     19526.02
      7191.4      1.01334     2.933426   -0.1019802     19527.57
      7191.6     1.013253     2.904968  -0.05246172     19528.12
      7191.8      1.01336     2.871683    0.0117139     19528.64
        7192     1.013591     2.894529      0.10938     19529.32
      7192.2     1.013947     2.942797    0.1716813     19528.29
      7192.4     1.014152     2.992472    0.1151889     19528.57
      7192.6     1.013903     3.009028   0.03859961     19531.83
      7192.8     1.013635      2.98668  -0.03817023     19534.06
        7193     1.013431     2.973676   -0.0831167     19534.09
      7193.2     1.013299     2.961936 -0.009514263     19535.71
      7193.4     1.013621     2.942534   0.07603259     19537.32
      7193.6     1.014157     2.979069    0.1185752     19536.53
      7193.8     1.014881     3.034503     0.150436     19536.82
        7194     1.015477     3.056796   0.08621075     19537.72
      7194.2     1.015485     3.062883  0.004735948     19537.85
      7194.4     1.014995     3.048037  -0.02334649     19539.16
      7194.6     1.014533     3.038291  -0.06066485      19539.7
      7194.8     1.014587     3.038119  -0.07877586     19539.73
        7195     1.014753     3.014351  -0.07447813     19540.97
      7195.2     1.015068     2.985017  -0.03659445     19540.94
      7195.4     1.015498     2.978709   0.06879086     19540.85
      7195.6     1.015542     3.008843    0.1225386     19541.94
      7195.8     1.015764     3.069384    0.1043404      19543.1
        7196     1.016178     3.083048   0.05940983     19544.14
      7196.2     1.016486     3.062181  -0.02623171     19544.84
      7196.4     1.016699     3.056371  -0.05075738     19546.58
      7196.6     1.016615     3.048399  -0.05022445     19548.09
      7196.8     1.016536     3.042442  -0.05464281        19548
        7197     1.016357     3.022002  -0.04343335     19548.11
      7197.2     1.016495     3.012657  -0.05768037     19549.14
      7197.4     1.016866     3.013652   -0.0453754     19548.34
      7197.6     1.016972     2.996297  -0.03640115     19545.92
      7197.8      1.01704     2.985701  -0.03895044     19546.03
        7198     1.017084     2.983536  -0.01739208     19547.98
      7198.2     1.017085     2.982492  -0.01970509     19549.27
      7198.4     1.017126     2.982384   -0.0245833     19551.13
      7198.6     1.017563     2.969937  -0.01123821     19554.57
      7198.8     1.017972      2.96387  -0.02740292     19557.03
        7199     1.018057     2.973501  -0.02839577     19557.24
      7199.2      1.01827     2.960461  0.001038494     19557.43
      7199.4     1.018508     2.947221 -0.006718981     19557.72
      7199.6     1.018498       2.9647 -0.004950154      19558.4
      7199.8     1.018488     2.968126 -0.009059697     19560.25
        7200     1.018581     2.956501  -0.06410083     19561.05
      7200.2     1.018584     2.939973  -0.07979293     19560.04
      7200.4     1.018633      2.91342   -0.0437774     19559.49
      7200.6     1.018473     2.904291 -0.002703582     19560.58
      7200.8     1.018576     2.921479   0.02588589     19561.84
        7201      1.01896      2.93781   0.01887218      19561.9
      7201.2     1.019229     2.934128  -0.02157047     19562.08
      7201.4     1.019268     2.919389  -0.05821297     19562.97
      7201.6     1.019005     2.904223  -0.05108281      19563.2
      7201.8     1.018621      2.89124 -0.0004979647     19564.03
        7202     1.018488     2.893262   0.05079567     19565.13
      7202.2     1.019124     2.918991   0.07486267     19565.92
      7202.4     1.019748      2.94486   0.06161835      19567.2
      7202.6     1.019858      2.95113   0.01322148     19567.63
      7202.8     1.019815     2.942557  -0.03300428     19568.39
        7203     1.019558     2.929568  -0.06209374      19569.4
      7203.2     1.019602     2.918456  -0.08243097     19568.88
      7203.4     1.020147     2.901455   -0.1001539     19569.79
      7203.6     1.020515     2.876612   -0.1082256        19572
      7203.8     1.020635     2.849445   -0.1007673      19572.9
        7204     1.020627     2.831876  -0.07651175     19574.04
      7204.2      1.02055     2.820841  -0.03552277     19576.52
      7204.4     1.020588     2.815403  -0.03623557     19576.69
      7204.6     1.020596     2.821027  -0.04225335     19577.22
      7204.8     1.020381     2.802887   -0.0151052     19579.65
        7205     1.020131     2.787038  -0.01519605     19579.45
      7205.2     1.020046     2.803319 -0.005550513     19579.82
      7205.4      1.01997      2.80887     0.018165     19581.46
      7205.6     1.019777     2.798447   0.02241841     19581.58
      7205.8     1.019606      2.80157   0.03233394      19581.1
        7206     1.019725     2.821253   0.03096086     19582.84
      7206.2     1.020001     2.834737    0.0131213     19584.59
      7206.4     1.020016     2.823215  0.009823157     19585.27
      7206.6     1.020028     2.812067   0.01190265     19587.16
      7206.8     1.020194     2.829112   0.01992946     19586.97
        7207     1.020325     2.844259    0.0156031     19585.82
      7207.2     1.020354     2.839159  -0.01650041     19587.52
      7207.4     1.020302      2.82455  -0.04303559     19588.13
      7207.6     1.020323     2.815911  -0.06396435     19588.92
      7207.8     1.020318     2.809831  -0.06190643     19591.34
        7208      1.02057     2.787988   -0.0554875     19592.31
      7208.2     1.020869     2.775025  -0.06361771     19593.38
      7208.4     1.020597     2.771521  -0.04628022      19594.9
      7208.6     1.020431     2.758936  -0.02473088     19594.57
      7208.8     1.020727     2.750963 -0.005138938     19594.25
        7209     1.020885      2.75524   0.02675819     19594.97
      7209.2     1.020597      2.76741   0.04340605      19594.9
      7209.4     1.020262     2.780343   0.04707612     19596.37
      7209.6     1.019952     2.785688   0.04098003     19597.96
      7209.8     1.019511     2.792901   0.02065249     19597.65
        7210     1.019364     2.800194   0.03262121     19598.33
      7210.2     1.019536     2.796865   0.03885922      19601.1
      7210.4     1.019681     2.811785  0.006257109     19602.96
      7210.6     1.019959     2.823988  0.008477832     19601.89
      7210.8     1.020216       2.8052   0.02356612     19600.39
        7211     1.020057     2.803647   0.01868418     19599.93
      7211.2     1.019553     2.830638   0.04014972     19599.98
      7211.4     1.018934     2.838935   0.05757972      19601.2
      7211.6     1.018326      2.83732   0.04671953     19602.65
      7211.8     1.017943     2.849711   0.05954636     19602.28
        7212     1.017757     2.868014   0.07834179     19601.68
      7212.2     1.017512     2.886573   0.04769507     19603.23
      7212.4     1.017098     2.899993  0.009599942     19605.89
      7212.6     1.016999     2.887867  -0.00178238     19607.09
      7212.8      1.01685     2.875694  -0.00520052     19607.38
        7213     1.016561     2.885147   0.03236601     19608.96
      7213.2     1.016566     2.895833   0.03466598     19610.48
      7213.4     1.016409      2.91376  0.004972388     19610.88
      7213.6     1.016262     2.903426   0.01043082     19611.34
      7213.8     1.015953     2.889125  0.002562422     19611.79
        7214     1.015408     2.904177   0.02989238     19612.29
      7214.2     1.014792      2.91581   0.06076982     19612.68
      7214.4     1.014274      2.92734   0.04629063     19613.01
      7214.6     1.014278      2.93774   0.04798113     19614.16
      7214.8     1.014658      2.94121   0.07624543     19615.57
        7215     1.014745     2.954195   0.09826486     19616.29
      7215.2     1.014363     2.988337    0.1106803     19616.18
      7215.4     1.013754     3.016352    0.1056853     19616.27
      7215.6     1.013032     3.029754   0.06280254      19616.7
      7215.8     1.012497     3.038743   0.01068134     19616.86
        7216     1.012284     3.038579 -0.002848628     19616.12
      7216.2     1.011878     3.024897   0.01247743     19614.89
      7216.4     1.011255     3.027475   0.02623167      19614.7
      7216.6     1.010851     3.048725   0.02517351     19616.16
      7216.8     1.010744     3.059564   0.01953058     19619.05
        7217     1.010899     3.045036   0.02591869     19621.38
      7217.2     1.011041       3.0431   0.02392888      19622.2
      7217.4     1.010862      3.06946   0.04458835     19622.44
      7217.6     1.010607     3.078707   0.02716259     19622.69
      7217.8     1.010462     3.080707  -0.01471218     19623.62
        7218     1.010266      3.06483  -0.01397702     19624.58
      7218.2     1.010272      3.05769  -0.02113346     19625.47
      7218.4     1.010142     3.067526   0.01596172     19626.51
      7218.6     1.009743       3.0638   0.05952192     19627.02
      7218.8     1.009604     3.077599   0.06607579     19627.26
        7219     1.009402     3.105308   0.07732342     19626.95
      7219.2     1.009116     3.120386   0.06965399     19626.84
      7219.4     1.008959     3.125659   0.04648782     19627.97
      7219.6     1.008985     3.133322   0.01390048     19629.44
      7219.8     1.009097     3.142498  0.001991556     19632.15
        7220     1.008838     3.131507   0.01180687     19634.19
      7220.2     1.008456     3.127252   0.01653627      19633.7
      7220.4     1.008199     3.142768   0.02536595      19634.2
      7220.6      1.00816     3.155727    0.0162297     19636.48
      7220.8     1.008106     3.151799  -0.01920204      19639.5
        7221     1.007638     3.140236  -0.06796129     19639.85
      7221.2     1.007316     3.127406  -0.06321098     19637.37
      7221.4     1.007137     3.101358  -0.04250338     19636.15
      7221.6     1.006687     3.101231   -0.0515881     19636.77
      7221.8     1.006147     3.106233  -0.03114432      19636.8
        7222     1.005908     3.086136  -0.02434928     19637.76
      7222.2     1.005943     3.076442  -0.02893527     19641.77
      7222.4     1.005921     3.081751  0.009097737     19643.04
      7222.6     1.005826     3.083085   0.02821361     19642.27
      7222.8     1.005698     3.093414   0.00491426     19643.04
        7223     1.005231     3.099013 -0.004350093      19643.8
      7223.2     1.004656     3.085682  -0.01612575     19643.66
      7223.4     1.004399     3.079605  -0.02312942     19643.37
      7223.6     1.004307     3.080513  -0.01415917     19644.75
      7223.8     1.004106      3.08051 -0.0009551349     19646.61
        7224     1.003966     3.074355   0.01367085     19646.66
      7224.2     1.004114     3.078841 0.0007723469     19647.88
      7224.4     1.004023      3.09145  -0.01784705      19650.9
      7224.6     1.003435     3.081128  -0.03022682     19651.79
      7224.8     1.002972     3.060078  -0.05179563     19650.72
        7225     1.002882     3.054659  -0.05638472     19650.16
      7225.2     1.002888     3.050014  -0.03817772     19649.88
      7225.4     1.002779      3.03602  -0.03407756     19649.94
      7225.6     1.002744     3.029535  -0.01885027     19650.38
      7225.8     1.002824     3.027397 -0.007015243     19651.76
        7226      1.00299     3.034933  -0.01012674     19655.12
      7226.2     1.002917     3.030408   0.01037356     19656.08
      7226.4     1.002192     3.021434   0.01239806     19654.77
      7226.6     1.001414     3.035696 -0.007324754     19656.45
      7226.8     1.000945     3.044852  -0.03612023     19658.52
        7227     1.000494     3.024548  -0.08009855     19658.18
      7227.2     1.000169     2.992538  -0.09154401     19658.01
      7227.4     1.000168     2.971617  -0.05082459      19658.5
      7227.6     1.000125     2.971617  -0.01106493      19657.7
      7227.8    0.9997825     2.983888 -0.007941365     19658.08
        7228    0.9994094     2.983686  -0.01992434      19660.3
      7228.2    0.9990704     2.965264  -0.02699827     19660.93
      7228.4    0.9984929     2.955677  -0.04084448     19659.55
      7228.6    0.9980136      2.96229  -0.02633553      19658.8
      7228.8    0.9977447      2.95101   -0.0209641     19660.69
        7229    0.9976746     2.944196  -0.07095691     19663.04
      7229.2    0.9977166     2.938906  -0.07080046     19665.26
      7229.4    0.9974089     2.905524  -0.04737047     19666.32
      7229.6    0.9971731      2.89437  -0.03719684     19665.02
      7229.8    0.9971109     2.906299  -0.01524471     19664.19
        7230    0.9970779     2.909148  -0.02028272      19664.3
      7230.2    0.9969905     2.893328  -0.01788496     19665.16
      7230.4    0.9967027     2.878144 -0.007134584     19666.11
      7230.6    0.9964088     2.891991 -0.001925563     19667.04
      7230.8    0.9959783     2.903441   0.01464147     19668.79
        7231    0.9954604     2.891788 -0.002971614     19670.05
      7231.2    0.9951025     2.889857  -0.02341638      19670.2
      7231.4    0.9947513     2.889614  -0.02503132     19670.63
      7231.6    0.9945522     2.884708  -0.05804711      19671.8
      7231.8    0.9943644     2.871763  -0.07914232     19672.14
        7232    0.9940003     2.843419  -0.08226262     19671.54
      7232.2    0.9937345       2.8263  -0.07028904     19672.81
      7232.4    0.9935018     2.818897   -0.0334099     19674.84
      7232.6    0.9935047     2.815532  -0.01795475     19673.97
      7232.8    0.9935952     2.816691  -0.02829792     19673.51
        7233    0.9934052     2.811936  -0.03422899     19676.56
      7233.2    0.9931293     2.796259   -0.0206613     19678.04
      7233.4    0.9929098     2.788148  -0.01771619     19677.57
      7233.6    0.9928466     2.800162  -0.01756835     19678.78
      7233.8    0.9928255     2.797763 -0.005695838      19678.9
        7234    0.9925903     2.782204  -0.02905109     19677.46
      7234.2    0.9923875     2.783592  -0.05106206     19677.29
      7234.4    0.9925027     2.776921  -0.02726617     19678.67
      7234.6    0.9925722     2.756914  -0.01693622     19680.58
      7234.8    0.9924133     2.760391  -0.01092694     19681.36
        7235    0.9921455     2.770043   0.02317406     19681.62
      7235.2    0.9917566      2.76818   0.02239231     19681.97
      7235.4    0.9915239     2.775453  0.005644389     19681.86
      7235.6    0.9917263     2.778305  0.005542759     19683.34
      7235.8     0.991833     2.774558  -0.02017048     19686.79
        7236    0.9914724     2.772614  -0.03160029      19688.6
      7236.2     0.991102     2.759317  -0.02678634      19688.4
      7236.4    0.9909394     2.753025  -0.02879563     19689.45
      7236.6    0.9908449     2.753129  -0.01101671     19690.32
      7236.8       0.9909     2.749578 -0.0001553141      19689.1
        7237    0.9909954     2.750503  -0.02062568     19688.64
      7237.2    0.9910263     2.752901  -0.03999585     19690.03
      7237.4    0.9907339     2.736629  -0.02827697     19690.24
      7237.6    0.9902617     2.717581  -0.01870854     19689.34
      7237.8     0.990132     2.727882  -0.01055665     19688.85
        7238    0.9900436     2.737934  -0.00422565     19689.87
      7238.2    0.9899408     2.728183  -0.01217258     19692.31
      7238.4    0.9900235       2.7142  -0.01318598      19691.5
      7238.6    0.9901879     2.718144 -0.003652368     19689.66
      7238.8    0.9902943     2.727385   0.01959832     19691.44
        7239    0.9904547     2.725261   0.02710309     19693.99
      7239.2    0.9904744     2.729879  0.005683528      19695.1
      7239.4    0.9907632     2.739826 -0.004425003     19697.07
      7239.6    0.9910247     2.731932  -0.01574669     19697.19
      7239.8    0.9908272     2.721721  -0.02712406     19694.93
        7240    0.9908708     2.717282 -0.008194603      19695.6
      7240.2    0.9909353     2.718127   0.01193578     19696.37
      7240.4     0.991147     2.725376   0.03047855      19696.9
      7240.6    0.9915922      2.73127   0.03773531     19699.54
      7240.8    0.9916974     2.741664   0.03184095     19702.02
        7241    0.9916539     2.748315   0.02747442     19703.25
      7241.2    0.9916404     2.750849  0.009093759     19702.67
      7241.4    0.9915686      2.75325  -0.01058089     19702.49
      7241.6    0.9918954     2.748939 -0.009862428     19703.57
      7241.8    0.9922745      2.73985 -0.007632606     19703.24
        7242    0.9923344     2.742959 -0.008125862     19702.94
      7242.2    0.9925953     2.747143  0.002124093     19704.33
      7242.4    0.9930077     2.742439  0.001339728     19705.12
      7242.6    0.9930794      2.74155  0.008036495     19706.02
      7242.8    0.9932879     2.744031   0.02429315     19707.44
        7243    0.9935645     2.753573   0.02415823     19708.72
      7243.2    0.9936689     2.761873  0.005687671      19709.2
      7243.4    0.9938917     2.760876  -0.02465433     19710.33
      7243.6    0.9938506     2.748581  -0.03708608     19710.75
      7243.8    0.9938869     2.733849  -0.02293914     19709.92
        7244      0.99413     2.732204  0.003607905     19711.27
      7244.2    0.9942851     2.742525   0.01700245     19712.68
      7244.4    0.9945356     2.751467     0.035598     19713.86
      7244.6    0.9947555     2.747451     0.039361     19714.72
      7244.8    0.9950284     2.760683    0.0263711     19715.28
        7245    0.9953572     2.774014   0.04434933     19716.12
      7245.2    0.9955121     2.772564   0.03496437     19715.91
      7245.4    0.9954873     2.782931  0.007034457     19715.33
      7245.6    0.9955767     2.788654  0.005820682     19716.54
      7245.8     0.996038     2.779641   0.01106811     19717.32
        7246    0.9964956     2.777221   0.01762699     19718.26
      7246.2    0.9966911     2.791785   0.02235243     19720.44
      7246.4    0.9968652     2.802756  0.009495737     19721.89
      7246.6    0.9972962     2.797523  -0.02575768     19723.51
      7246.8    0.9976128     2.784817  -0.04173156     19725.11
        7247    0.9974674     2.771179  -0.01528673     19725.75
      7247.2    0.9974597     2.769371   0.02208523     19725.49
      7247.4    0.9977728     2.785294   0.03999915     19724.96
      7247.6     0.998072     2.802486    0.0250035      19725.1
      7247.8    0.9981302     2.803178 -0.007931581     19724.95
        7248    0.9983172     2.789373  -0.02518828        19725
      7248.2    0.9987259     2.778949  -0.02584968     19725.97
      7248.4    0.9988274     2.782335 -0.007347037      19726.4
      7248.6     0.998836     2.782499   0.01509975     19727.68
      7248.8    0.9988473     2.783496   0.01114896     19729.91
        7249     0.998801     2.791028  0.002621543     19729.74
      7249.2    0.9990817     2.791254   0.01227923     19729.96
      7249.4    0.9995481     2.784596   0.01269717     19732.43
      7249.6    0.9999647     2.793319 -0.008330444     19734.74
      7249.8     1.000229     2.801186 -0.005123956     19736.21
        7250     1.000518      2.78459  0.003108252     19736.87
        7252      1.00256     2.783389 -0.0008377298     19739.95
        7254     1.005537     2.773156  0.001353179     19746.87
        7256      1.00779     2.771938  0.002684863     19758.84
        7258     1.010549     2.781913  0.001070098      19762.2
        7260     1.012065     2.804867 -0.000612213     19767.32
        7262     1.014675     2.781717 0.0003436481     19775.76
        7264     1.015899      2.76704 -0.003526217     19783.61
        7266     1.017657     2.784663 -0.001294709     19794.84
        7268     1.018259     2.776658  0.002163964      19799.2
        7270     1.018713     2.771359  0.006222456     19807.01
        7272     1.018408     2.784352  0.009658852     19811.29
        7274     1.017934     2.834442  0.006538605     19816.24
        7276     1.017917     2.853929  0.009065244     19825.68
        7278     1.017478     2.823668  0.005156072     19833.46
        7280     1.016626     2.856874  0.007088262      19839.2
        7282     1.015384     2.875691  0.009288969     19843.55
        7284     1.013593     2.910635  0.007316176      19849.1
        7286     1.012172      2.89798  0.003916236      19857.6
        7288     1.010192     2.915403 -0.001881433      19863.6
        7290     1.008518     2.907021 -0.005565543     19871.81
        7292      1.00593     2.895583  -0.01564875     19875.94
        7294     1.005827     2.853456  -0.01500821     19886.54
        7296      1.00482     2.790213  -0.01906462     19891.73
        7298     1.003987     2.786955  -0.01752655     19895.55
        7300     1.003431     2.743066  -0.01309084     19906.33
        7302     1.002893     2.713243  -0.01502668     19908.08
        7304     1.002712     2.685487 -0.006275488     19916.54
        7306     1.003091     2.666742 -0.009229372     19925.68
        7308     1.002884     2.692862 -0.004875352     19930.26
        7310     1.002066     2.639408 -0.0008112868     19934.52
        7312     1.002824     2.646484 -0.008553569     19943.96
        7314        1.002     2.660251 -0.0003906925     19947.67
        7316     1.002476     2.624434 0.0001102882     19951.95
        7318     1.002463     2.636283 -0.006783938     19961.66
        7320     1.002444     2.647366  0.001230926     19973.34
        7322     1.001878      2.60598  0.001377056     19979.23
        7324     1.001458     2.634281 -0.001462572     19983.24
        7326     1.001769     2.647299  0.004411561     19988.13
        7328      1.00222     2.635665 0.0001251484     19991.85
        7330     1.001862     2.641272 -0.005937509     20000.27
        7332     1.001261     2.635282 -0.002862366     20005.33
        7334     1.001147     2.599799 -0.006187129     20012.22
        7336     1.001434     2.612766 -0.005697949     20021.49
        7338     1.000423     2.591775 -0.003673277     20026.04
        7340     1.001052     2.589699 -0.003375854      20028.7
        7342     1.000778     2.570413  0.004267757     20036.71
        7344     1.000533      2.58576   0.00646833        20046
        7346     1.000856     2.625917    0.0140196     20050.04
        7348     1.000824     2.641445  0.006442576     20057.16
        7350      1.00083      2.68257   0.01569855     20064.31
        7352     1.000208       2.6373   0.01039444     20065.82
        7354      1.00036     2.751506  0.003081274     20074.95
        7356     1.000311     2.724601   0.01194158     20080.82
        7358     1.000296      2.70722 -0.002931937     20085.91
        7360     1.001026     2.732833 -0.001143653     20094.33
        7362     1.000358      2.72805  0.002473753     20100.01
        7364    0.9997079     2.715452  -0.00251066     20107.65
        7366     1.000178      2.72701 -0.005369362     20110.95
        7368     1.000196     2.712748 -0.006007265     20115.64
        7370     1.000485     2.685095  -0.01127362     20124.46
        7372    0.9999481     2.667394   -0.0117116     20131.38
        7374     1.000224     2.636821  -0.01044741     20135.42
        7376    0.9997538     2.619055  -0.01435101     20139.94
        7378    0.9996682     2.601516  -0.01142072     20148.45
        7380     1.000132     2.552586  -0.01369889     20154.51
        7382    0.9993925     2.545455  -0.01192304     20157.58
        7384    0.9996856     2.509464 -0.006766794        20166
        7386    0.9988501     2.506132 -0.006204265     20171.35
        7388    0.9991296     2.498451 -0.0009632538     20177.88
        7390    0.9993903     2.495821 -0.001738751     20181.22
        7392    0.9983954     2.501758  0.001314594     20187.53
        7394    0.9990353     2.492222  0.001541778     20194.42
        7396    0.9989976     2.508968 0.0004350072     20198.99
        7398    0.9992206     2.508155 0.0009201864     20210.35
        7400    0.9987886     2.505238  0.000122817      20212.4
        7402    0.9983538     2.499583 -0.0009150651      20215.5
        7404    0.9977948      2.50995 -0.001439289     20222.28
        7406    0.9977758     2.500835  -0.00186504     20230.07
        7408    0.9982313     2.493723 -0.003909744     20234.69
        7410    0.9986744     2.484663 -0.0008848526     20241.64
        7412    0.9973258     2.478673 -0.0007266021     20245.16
        7414    0.9973335     2.493756  0.001173447     20251.78
        7416    0.9971509     2.487911 -0.001530243     20258.01
        7418    0.9967678      2.49405 -0.003629074     20261.79
        7420    0.9972535     2.466431 -0.003079241     20270.91
        7422    0.9972272     2.464723 -0.006882162     20273.75
        7424    0.9973208     2.463277  -0.00198869     20281.44
        7426    0.9970842     2.438993 -0.002927864     20284.57
        7428    0.9970457     2.450521  -0.00168844     20289.16
        7430    0.9964657       2.4413  0.004112691     20294.47
        7432    0.9965031     2.449769 -0.001596046     20302.61
        7434    0.9959403     2.471895 4.362602e-05     20308.91
        7436    0.9960109     2.437753  0.001890587     20310.91
        7438    0.9955831     2.441649  -0.00383623     20318.73
        7440    0.9958635     2.464894  0.001822711     20325.63
        7442    0.9955907     2.441205  0.001358182     20331.94
        7444    0.9954224     2.452334 -0.0005264007     20335.76
        7446    0.9950305     2.452515  0.004678407     20340.18
        7448    0.9954926     2.460683   0.00192059     20347.41
        7450    0.9956261     2.478632 0.0007605392     20352.34
        7452    0.9952957     2.467699 8.513558e-05     20359.67
        7454    0.9953368     2.458599 -0.001220228     20363.84
        7456    0.9951646     2.461364 -0.0008776383     20369.88
        7458    0.9948365      2.46887 0.0008932115        20374
        7460     0.995408     2.460678 0.0003683362      20378.6
        7462    0.9956231     2.465745  -0.00210744     20386.47
        7464    0.9951492      2.46431 -0.001673887     20391.57
        7466    0.9948927     2.452011 -0.003109455     20398.13
        7468    0.9951664     2.447287 -0.006173553     20400.75
        7470    0.9950752     2.440869 -0.004831967     20408.84
        7472    0.9947265     2.414922  -0.00677198     20414.09
        7474    0.9950704     2.413355 -0.005932936     20415.67
        7476    0.9948538     2.393111 -0.004736596     20424.97
        7478    0.9947404     2.393406 -0.004877268     20430.76
        7480    0.9943971     2.377029 -0.004575358      20437.2
        7482    0.9948731     2.374337  -0.00544815      20437.7
        7484     0.994944     2.356508 -0.003477975     20444.06
        7486    0.9949099      2.34982 -0.004223711     20449.41
        7488    0.9944762     2.349205 -0.002831526     20455.27
        7490    0.9946025     2.340547 -0.003230013     20460.43
        7492    0.9943083     2.333856 -0.002921537     20467.82
        7494    0.9941412      2.32398 -0.003542091     20469.99
        7496    0.9949069     2.325833  -0.00290143        20477
        7498      0.99497      2.31221 -0.0007949763     20481.04
        7500    0.9943754     2.310645 -0.0008634919     20482.85
        7502    0.9947823     2.317621 0.0003928843      20488.2
        7504    0.9943186     2.318925 0.0005859501     20492.24
        7506    0.9940881     2.315354 -0.0003814072     20499.57
        7508    0.9944065     2.315332 -0.001193781     20503.66
        7510    0.9947135     2.314569 -0.001320061     20508.05
        7512    0.9942905     2.309375 0.0001214223     20509.17
        7514     0.994049     2.304793 -0.001032697     20518.65
        7516    0.9939625     2.316304 -0.001354973     20517.73
        7518    0.9945536     2.306308  -0.00078138      20501.1
        7520    0.9945292     2.298535 -0.002422396     20491.06
        7522    0.9943384     2.298542 -0.001803081     20489.75
        7524    0.9948746     2.296924 -0.0004335529     20416.93
        7526    0.9966341     2.291883 -0.001448849     20105.56
        7528    0.9938498     2.295067 -0.003293629     20294.04
        7530    0.9955116     2.286951 -0.002094961     20160.95
        7532    0.9942236     2.270575 -0.002854351     20386.02
        7534     0.995267     2.275123 -0.000709405     20555.41
        7536    0.9951795     2.272232  0.001094417     20540.73
        7538    0.9949454     2.281276 -0.0004719244     20544.63
        7540     0.994988     2.279331  0.002076946     20567.03
        7542    0.9951621     2.271348 -0.001283863     20585.52
        7544     0.995259     2.288848 -0.0002602553     20588.39
        7546    0.9954158     2.271005 0.0001554976     20597.38
        7548    0.9952792     2.277249 -0.002902965     20602.38
        7550    0.9947215     2.272592 -0.001797906     20602.16
        7552    0.9947148     2.265624 -0.001377903     20609.28
        7554    0.9952593     2.256622 -0.001845385     20616.55
        7556    0.9949024     2.266225 -0.0009977719     20621.77
        7558    0.9946191     2.257829  0.000422956     20623.82
        7560    0.9948613     2.257642 -0.000925709     20628.61
        7562    0.9947117     2.260005 9.612083e-05     20633.53
        7564    0.9950334      2.25882 -0.001828176     20642.02
        7566    0.9947545     2.258598 -0.002288239     20647.41
        7568    0.9947907     2.243016 -0.002369914     20648.97
        7570    0.9948477       2.2417 -0.004051404     20655.26
        7572    0.9943682      2.23986 -0.002069563     20657.67
        7574    0.9943951     2.226187 -0.003004689     20664.77
        7576    0.9948251      2.22646 -0.004201867      20665.6
        7578     0.994938     2.217662 -0.003114707     20673.85
        7580    0.9949236     2.206245 -0.002736641     20675.61
        7582    0.9949736     2.201269 -0.001555971     20677.04
        7584    0.9948227     2.204567 -0.001601279     20679.42
        7586    0.9943027     2.205214 -0.001242751     20682.94
        7588    0.9947884     2.193435   -0.0018746     20686.63
        7590    0.9951289     2.191327 -0.002354632     20687.51
        7592    0.9951508      2.18957 -0.002018019     20693.35
        7594    0.9952111     2.186377 -0.002090906     20695.98
        7596    0.9951947     2.177291 -0.001296731      20703.6
        7598     0.995345       2.1746  -0.00187021     20701.69
        7600     0.995292     2.179196 -0.0007623483     20707.31
        7602    0.9946027     2.171416 -0.001270037     20706.05
        7604    0.9951958     2.171192 -0.001809063     20716.26
        7606    0.9949877     2.164439 -0.001883614     20720.59
        7608    0.9950973     2.164723 -0.002376003      20722.5
        7610    0.9957155     2.156347 -0.002666339     20724.79
        7612    0.9956706     2.152184 -0.002393001      20731.8
        7614    0.9961073     2.143109 -0.001078135     20733.83
        7616    0.9955033     2.145579 -0.001507494     20737.61
        7618    0.9950168     2.147722 -0.002223248     20738.76
        7620    0.9951794     2.140124 -0.001097764     20743.81
        7622    0.9959211     2.125323 -0.001880518     20751.87
        7624    0.9954931     2.136797 -0.001681658     20755.86
        7626    0.9960982     2.132677 -0.0006667473     20761.35
        7628    0.9960791     2.126671 -0.001621207     20763.55
        7630    0.9960144     2.119989 -0.002003584      20765.7
        7632    0.9962595     2.123828 -0.001472163     20773.91
        7634    0.9966689     2.116649 -0.0007401812     20774.89
        7636    0.9964183     2.114894 -0.001675755     20776.93
        7638    0.9965872     2.114067 -0.002906324      20780.1
        7640     0.996455     2.110422 -0.003766456     20789.39
        7642    0.9959813     2.093398 -0.001670902     20789.46
        7644      0.99684     2.084762 -0.003405645     20795.84
        7646    0.9963817       2.1007 -0.002070501     20798.66
        7648    0.9960991     2.083176 -0.001972943     20800.41
        7650    0.9957874     2.076834 -0.002776027     20805.27
        7652    0.9960833     2.068979 -0.002666806      20808.9
        7654    0.9961019     2.078492 -0.001409606     20815.48
        7656     0.996239     2.061842 -0.0006545894     20819.97
        7658    0.9962922     2.065557 -0.002509796      20823.7
        7660    0.9957418     2.063742 -0.0002562971     20822.97
        7662    0.9962777     2.058414 -0.0004800937     20831.48
        7664    0.9964303     2.059792 -0.001237372     20830.96
        7666    0.9965641     2.061717 -0.0002868072     20837.77
        7668    0.9965721     2.053843 -0.000503112     20841.55
        7670    0.9970929     2.056119 -0.0005954652     20844.71
        7672    0.9972091     2.055767 0.0009365213      20849.8
        7674    0.9968692     2.056953 0.0002838345     20855.62
        7676     0.996486     2.061335 -0.001164171     20857.13
        7678    0.9968214      2.05839 -0.000944621     20858.42
        7680    0.9968119     2.046453 -0.002283789     20864.33
        7682    0.9968556     2.049396  -0.00237233     20868.98
        7684     0.996822     2.043065 -0.001251882     20870.16
        7686    0.9975355     2.039411 -0.0008978719     20877.91
        7688    0.9978699     2.036438 -0.001956615     20882.04
        7690    0.9969218     2.042213   -0.0023396     20879.98
        7692      0.99749     2.027412 -0.001637819     20886.65
        7694      0.99737     2.020694 -0.002656269     20893.01
        7696    0.9978709     2.023336 -0.001534944      20898.3
        7698    0.9982719     2.020963 -0.0007021108      20903.4
        7700    0.9982697     2.015132 -0.001386627     20902.49
        7702    0.9979697     2.015077 -0.001985593     20906.85
        7704    0.9982926     2.012243 -0.001166422     20907.96
        7706    0.9981591     2.005078 -0.001336176     20911.81
        7708    0.9990816     2.005801 -0.001219272     20913.99
        7710    0.9993847     2.004388 -0.001213828     20922.83
        7712    0.9990974     2.002489 -0.001653358     20926.18
        7714    0.9994075     1.995367 -0.001818689     20930.21
        7716    0.9994992     1.992574 -0.001914587     20933.56
        7718    0.9995492     1.989839 -0.0003751883     20936.26
        7720    0.9994457     1.987172 -0.0006030202     20937.54
        7722    0.9992297     1.992366 -0.0003332823     20942.45
        7724    0.9991333      1.98775 -0.0009680989     20947.03
        7726    0.9996889     1.987172 -0.001281948     20948.39
        7728    0.9995455     1.979427 -0.001271552     20953.88
        7730    0.9996862      1.98211 -0.001514287     20957.52
        7732     0.999753     1.977577 -0.0004048206     20962.84
        7734    0.9998939     1.975058 -0.0008687808      20962.6
        7736    0.9995777     1.976189 -0.001588692     20962.82
        7738    0.9998184      1.97516 -0.001584452     20971.63
        7740    0.9996002     1.964868 -0.001785508     20973.81
        7742    0.9994072     1.962382 -0.002553936     20975.16
        7744    0.9999521     1.961904 -0.001803194     20979.59
        7746     1.000381     1.954729 -0.001243231     20987.23
        7748     1.000575     1.950442  -0.00235876     20990.09
        7750     1.000914     1.952436 -0.001960863     20992.02
        7752     1.000684     1.943034 -0.0009702869     20994.12
        7754     1.000393     1.939042 -0.001589595     20998.76
        7756     1.000601      1.94268 -0.0001759011     21000.39
        7758     1.000653      1.93972 5.756754e-05      21004.4
        7760     1.000514     1.941627 -0.000663454     21006.16
        7762     1.000561     1.939502 -0.001068724     21009.51
        7764     1.000403     1.937372 -0.0008439665     21011.52
        7766     1.000727      1.93117 -0.002183844     21016.32
        7768      1.00045     1.934875  -0.00227224     21015.77
        7770     1.000911     1.922031 -0.002032071     21018.45
        7772     1.001257     1.919194 -0.003727704     21021.22
        7774     1.001054     1.914913 -0.001558444      21018.7
        7776     1.001314     1.905054 -0.001452783     21015.84
        7778       1.0018     1.909564 -0.001723969     21016.43
        7780     1.002023     1.907572   -0.0005523     21008.28
        7782     1.001797     1.901122 -0.001736627     20973.34
        7784     1.003104     1.900635  -0.00231354     20762.69
        7786     1.005566     1.895671 -0.003386927     20011.35
        7788     1.000544     1.889064 -0.002428831     20082.18
        7790    0.9989016     1.874026   -0.0019008     20272.88
        7792     1.001718     1.881205 -0.0008366543     21034.94
        7794     1.001543     1.880464 7.727457e-05     21066.18
        7796     1.001666     1.882371 -0.001099105     21076.59
        7798     1.002043     1.874644 -0.001479431     21077.11
        7800     1.001578     1.872412 -0.001043314     21085.63
        7802     1.001914     1.868629 -0.000624521     21084.46
        7804     1.002256     1.874024 -0.0006855017     21093.58
        7806     1.002241     1.869648 -0.0004737066     21092.47
        7808      1.00249     1.866928 -0.001479037     21098.79
        7810     1.002653     1.864839  -0.00116657     21102.03
        7812     1.002899     1.862192 -0.001648468     21104.73
        7814     1.002922     1.860316 -0.001519294     21107.56
        7816     1.002963      1.85374 -0.001553617     21108.21
        7818     1.003051     1.852685 -0.002033472     21107.68
        7820     1.003072     1.849763 -0.001675146     21112.44
        7822     1.002634     1.844048 -0.001157023     21114.36
        7824     1.003352     1.840339 -0.001379032     21119.42
        7826     1.003408     1.843429 -0.001356928     21121.62
        7828     1.003563     1.838731 -0.0007757153     21122.19
        7830     1.003618     1.833192 -0.001899064     21124.46
        7832     1.003888     1.834133 -0.001630975     21127.53
        7834     1.003713     1.828236 -0.000444056     21132.91
        7836     1.003089     1.825683 -0.001764332     21137.27
        7838     1.003356      1.82964 -0.001675677     21139.42
        7840     1.003392     1.820019 -0.001135269     21141.55
        7842     1.003328     1.814831  -0.00176119     21143.89
        7844     1.003472     1.816601 -0.001179054     21147.05
        7846     1.003926      1.81555 -0.0008293679     21152.55
        7848     1.003652     1.810586 -0.001350028        21153
        7850     1.003532     1.808196 -0.002520939     21155.04
        7852     1.003743       1.8058 -0.001672826     21156.79
        7854     1.004066     1.795383 -0.001732224     21159.17
        7856     1.003648     1.797204 -0.001919529     21163.68
        7858     1.004018     1.794338 -0.0008428353     21166.15
        7860     1.004226     1.790444 -0.001337941      21169.7
        7862     1.004367      1.78864 -0.001495373     21171.41
        7864     1.004485       1.7865 -0.001031254        21174
        7866     1.004281     1.782375 -0.001371709     21175.08
        7868     1.004343     1.782194 -0.001435021     21177.19
        7870     1.004284     1.777667 -0.0007563186     21184.41
        7872     1.004385      1.77502 -0.001509487      21183.4
        7874     1.004302     1.776325 -0.001754754     21189.23
        7876     1.004545     1.770118 -0.001652513     21191.93
        7878     1.004474     1.763629 -0.001768803        21195
        7880     1.004827       1.7618 -0.001614619     21198.27
        7882      1.00463     1.762174 -0.001406882     21204.57
        7884     1.005068     1.757201 -0.002452725     21205.07
        7886      1.00485     1.752374 -0.002394849     21208.31
        7888     1.004476     1.742178 -0.001826903     21210.51
        7890     1.004411     1.743015 -0.001782738     21214.35
        7892     1.004726     1.742586 -0.001470503     21220.59
        7894     1.004838     1.738112 -0.001706473      21218.7
        7896     1.005182     1.730414 -0.001402894     21223.26
        7898     1.005236     1.729364 -0.001804064     21225.35
        7900      1.00504     1.731363 -0.0006428553     21230.17
        7902      1.00535     1.723679 -0.001370459     21233.86
        7904     1.005076     1.725271 -0.001610822      21235.2
        7906     1.005046       1.7184  -0.00111281     21239.68
        7908     1.005611     1.718476 -0.001638427      21243.1
        7910     1.005428     1.714777 -0.0006894426     21244.17
        7912     1.005158     1.712164 -0.0004445744     21244.41
        7914     1.005465     1.712884 -0.001281163     21201.24
        7916     1.005964      1.71492 -0.001445464     20935.58
        7918     1.005743     1.704527 -0.001408439     20585.94
        7920     1.005015       1.7006 -0.002105605     20948.85
        7922     1.004847     1.701617 -0.001299616      21183.7
        7924       1.0053     1.698075 -0.001524908     21224.85
        7926     1.005265      1.69413 -0.002122723     21237.29
        7928     1.005039     1.688401 -0.001765275     21243.28
        7930     1.005221     1.684635 -0.001338905     21251.33
        7932     1.004973     1.683953 -0.001376291     21253.23
        7934     1.004842     1.683419 -0.001726821      21253.9
        7936     1.005037      1.67739 -0.001179148      21259.2
        7938     1.004857     1.670821 -0.001471834     21262.61
        7940     1.004787      1.67452 -0.001214623     21266.74
        7942      1.00538     1.671644 -0.0004112902     21269.49
        7944     1.005474     1.667673 -0.001426844     21275.55
        7946     1.005635      1.66753 -0.001148354     21277.65
        7948     1.005087     1.663105 -0.001117299     21277.16
        7950     1.005403     1.662458 -0.001189835     21283.16
        7952     1.005141     1.658735 -0.001121347     21286.91
        7954     1.005219     1.658012 -0.001324915     21294.44
        7956     1.005368     1.654134 -0.001157625     21294.38
        7958      1.00565     1.651858   -0.0015014     21291.71
        7960     1.005895     1.649474 -0.001110616     21294.35
        7962     1.006373        1.646 -0.001438108     21297.61
        7964     1.006346     1.645249 -0.001355963     21302.02
        7966     1.005687     1.640353  -0.00161358     21302.81
        7968     1.005902     1.638626 -0.001710083     21306.18
        7970     1.006242     1.633092 -0.001204534     21312.06
        7972      1.00571     1.631568 -0.001438738     21309.61
        7974     1.005843     1.630717 -0.0008352424     21311.85
        7976     1.005757     1.627116 -0.0009291648     21317.22
        7978     1.006038      1.62641 -0.0009719335     21316.89
        7980     1.006056     1.624135 -0.0008700131     21319.53
        7982     1.006028     1.622942 -0.001043797     21323.33
        7984     1.005823     1.620156 -0.001545594        21324
        7986      1.00604     1.618059 -0.001652841      21324.6
        7988     1.006288      1.61177 -0.001638189     21328.09
        7990     1.006613     1.609719 -0.001916763      21329.7
        7992     1.006466     1.607051 -0.001503503      21334.1
        7994     1.006288     1.602725 -0.001824946      21336.1
        7996     1.006093     1.599742 -0.001446769      21334.1
        7998     1.005718     1.595119 -0.001127377     21335.12
        8000     1.006208     1.595477 -0.0008219425     21339.54
        8002      1.00591     1.593706 -0.0007281728     21340.03
        8004     1.006273     1.593167 -0.001038132     21345.24
        8006     1.006055     1.589294 -0.0008576188     21345.88
        8008     1.006164     1.587172 -0.001579843     21350.91
        8010      1.00599     1.586845 -0.001098788     21349.48
        8012     1.005876     1.580528 -0.001019315     21354.91
        8014      1.00589     1.580504 -0.001386994     21356.76
        8016     1.005537     1.579017  -0.00133714     21355.11
        8018     1.005302     1.575749 -0.001611208      21361.1
        8020     1.005547     1.569831 -0.001852533     21362.86
        8022     1.005471     1.567614 -0.001872807     21363.07
        8024     1.005213     1.564197 -0.001222496     21363.98
        8026     1.005405     1.560767  -0.00129126      21366.9
        8028     1.005447     1.560051 -0.001307506     21369.19
        8030     1.004913     1.557284 -0.001546294     21371.97
        8032     1.004868     1.553737 -0.001925507     21374.69
        8034     1.005005     1.548397 -0.001950059     21374.33
        8036     1.004327     1.544647 -0.001781607     21374.96
        8038     1.004374     1.541684 -0.0009169933     21378.52
        8040     1.004567     1.539484 -0.0008953538     21377.54
        8042      1.00432     1.541061 -0.001055392     21381.14
        8044     1.004313     1.537484 -0.0007020202     21382.77
        8046     1.004196      1.53324 -0.001383313     21386.35
        8048     1.004275     1.533868 -0.001563571     21389.96
        8050     1.004273     1.529994 -0.001568557     21390.22
        8052     1.003966     1.524976 -0.001497131     21395.17
        8054     1.004059     1.520692 -0.001533122     21398.41
        8056     1.003557     1.521891 -0.001183037     21401.22
        8058     1.003727     1.517729 -0.001281429     21402.73
        8060       1.0034     1.515511 -0.002217689     21400.91
        8062     1.003326     1.510441 -0.001823614     21403.37
        8064     1.003373     1.504149 -0.001477486     21407.08
        8066     1.002921      1.50314 -0.001222028     21405.73
        8068     1.003358     1.503691 -0.0006397298     21411.89
        8070     1.003309     1.500664 -0.001175609     21411.59
        8072     1.002757     1.499031 -0.001370189     21414.59
        8074      1.00291     1.493735 -0.001225449     21413.64
        8076     1.002872      1.49273 -0.001309665     21414.66
        8078     1.002844     1.490861 -0.0007491284     21414.92
        8080     1.002954     1.488554  -0.00106968     21415.48
        8082     1.003264     1.487742 -0.0007496708     21419.97
        8084     1.002872     1.484172 -0.001187582     21420.57
        8086     1.002864     1.484863 -0.001719087      21421.6
        8088     1.002673     1.479053 -0.001491497     21423.04
        8090     1.002839      1.47399 -0.001951985        21428
        8092     1.002672      1.47224  -0.00158048     21430.65
        8094     1.002856     1.469247 -0.001244805     21429.68
        8096     1.002774      1.46641 -0.001225995     21434.39
        8098     1.002624     1.464031 -0.001384017     21437.35
        8100     1.002644     1.462432 -0.001010144     21436.15
        8102     1.002248     1.458175 -0.000831013     21437.61
        8104      1.00212     1.458328 -0.0008900148     21436.71
        8106     1.001981     1.457383 -0.001052196     21439.12
        8108     1.001525     1.455312 -0.001392171     21438.54
        8110     1.001466     1.449758 -0.001286738     21441.35
        8112     1.001607     1.447191 -0.001411829     21443.99
        8114     1.001521     1.447089 -0.001373386     21445.06
        8116     1.002071     1.444018 -0.0008762178     21449.46
        8118     1.001376     1.438771 -0.001657024     21446.49
        8120     1.001115     1.440181 -0.001318008     21448.56
        8122     1.000945     1.433833 -0.0008909026     21449.12
        8124     1.000636     1.433474 -0.001166483     21449.57
        8126     1.000244     1.431643 -0.0006452237     21451.97
        8128     1.000468     1.430849 -0.001099077     21452.23
        8130      1.00032     1.428671  -0.00082857     21456.23
        8132    0.9997909     1.424681 -0.001765988     21452.97
        8134     0.999435     1.425015 -0.001575416     21448.02
        8136    0.9998404     1.416721 -0.001374734     21457.06
        8138     0.999461     1.416068 -0.001539516     21459.32
        8140    0.9994264     1.413683 -0.0009274402     21460.35
        8142    0.9990108     1.412699 -0.001395751     21459.69
        8144     0.998604     1.409302 -0.001290281     21457.58
        8146    0.9986266     1.404902 -0.001689251     21458.79
        8148    0.9984739     1.403361 -0.001567458     21461.35
        8150    0.9983868     1.399185 -0.001303962     21462.15
        8152    0.9983843     1.396762 -0.001385544     21465.19
        8154     0.998067      1.39447 -0.001060237     21466.17
        8156    0.9977361     1.392277 -0.0009396451     21464.54
        8158    0.9977563     1.390703 -0.0008598282     21465.09
        8160     0.996908     1.389245 -0.001016928     21466.84
        8162    0.9969359     1.387592 -0.001252715     21466.29
        8164    0.9966335     1.384141 -0.001207924     21470.49
        8166    0.9971663     1.380681 -0.001181288      21475.6
        8168    0.9971404     1.379582 -0.0008207118     21475.08
        8170    0.9969639     1.378141 -0.000978378     21473.88
        8172    0.9966794     1.377575 -0.001521639     21476.41
        8174    0.9964085     1.372854  -0.00122971     21478.25
        8176    0.9963178     1.367409 -0.001415912     21477.06
        8178    0.9960643     1.368304 -0.001559414     21477.75
        8180    0.9954106     1.366248 -0.0008420552     21474.71
        8182    0.9957089     1.360379  -0.00171777     21481.92
        8184    0.9952863     1.360672 -0.001783924     21481.22
        8186    0.9952849     1.354561 -0.001047843     21484.46
        8188     0.995319     1.351977 -0.001585112     21484.57
        8190    0.9947738     1.351996 -0.001019505     21483.98
        8192    0.9948027     1.347991 -0.0006101259     21487.28
        8194    0.9945892     1.346405 -0.001123298     21488.57
        8196    0.9945453     1.347096 -0.0008159571     21489.08
        8198     0.994343      1.34301 -0.001241027     21485.45
        8200    0.9939029     1.341464 -0.001663206     21486.88
        8202    0.9937365     1.336477 -0.001555103     21488.28
        8204    0.9933779      1.33379 -0.001689581     21490.33
        8206    0.9935424     1.330569 -0.001316444     21489.29
        8208    0.9932862     1.327947 -0.001285616     21492.12
        8210    0.9930865     1.325946 -0.0009336851     21491.03
        8212    0.9930725     1.323505 -0.001096528     21491.51
        8214    0.9928412     1.323099  -0.00106932     21494.97
        8216    0.9922299     1.319175 -0.001244645      21493.1
        8218    0.9922565     1.317391 -0.001562947     21493.19
        8220    0.9921231     1.313548 -0.001279469     21494.54
        8222    0.9920032     1.310596 -0.001509002     21499.61
        8224    0.9915215     1.308939  -0.00145639     21498.31
        8226    0.9911704     1.305319  -0.00108692     21498.28
        8228    0.9909222     1.301897 -0.001160034     21499.77
        8230    0.9904573       1.3019 -0.000920962     21499.58
        8232    0.9906997     1.299659 -0.0007803445     21502.14
        8234    0.9903562     1.297951 -0.001029715     21503.76
        8236    0.9902231     1.295654 -0.001129927     21504.05
        8238    0.9901646     1.293663 -0.001421979     21506.83
        8240    0.9898911     1.290619 -0.001612289     21504.51
        8242    0.9892497     1.286575 -0.001589282     21502.23
        8244    0.9889086     1.282756 -0.001242391     21503.04
        8246    0.9887746     1.280948 -0.0009302672     21507.38
        8248    0.9884728      1.28068 -0.0009011797     21508.61
        8250    0.9881316     1.279133 -0.001241976     21506.43
