# This file has been produced by extranormal (v 1.0.1 - February 23, 2017)
# O. Roudenko - Synchrotron SOLEIL. Covered by GPL licence.
#Data from HDF File: /nfs/ruche-rock/rock-soleil/com-rock/2021/Projets/20210209_Hilde/InSitu/10Ni-10Fe_50BN/10Ni-10Fe_50BN_RWGS750_CO2pulses_H2cst_ratio1/10Ni-10Fe_50BN_RWGS750_CO2pulses_H2cst_ratio1_00070.nxs to 10Ni-10Fe_50BN_RWGS750_CO2pulses_H2cst_ratio1_00071.nxs
#Time at start=2021-02-10 14:42:38.997
#Time from start (seconds)=347.5537404
#Sample temperature (C)=24.8
# Normalization -------------
# pivot spectrum: Pivot_Fe_10Ni-10Fe_50BN_RT_air_av2000_00001.txt
# E0=7112.0   Eshift=1.93957458295
# E0_pivot = 7112.0
# pre-edge params: from E0_pivot-140.0 to E0_pivot-20.0
# pre-edge range: [6972.0, 7092.0]
# post-edge params: from E0_pivot+100.0 to E0_pivot+1140.0
# post-edge range: [7212.0, 8250.0]
# I jump at E0_pivot = 1.24266092096
# shifted energy	normalized	reference	ref.derivative	I0
        6970  0.002215593     1.676445 -0.0004805793     18812.18
        6972  0.002215593     1.676445 -0.0004805793     18812.18
        6974  0.002044642      1.67542 -0.001490866     18817.65
        6976  0.001339043     1.670389 -0.001426482     18824.77
        6978  0.001361892     1.666789 -0.001482472     18829.16
        6980  0.001036547     1.665033 -0.0008034274        18837
        6982 0.0007799454     1.663561 -0.001492028     18845.78
        6984 0.0005508559     1.663962 -0.001572517     18854.16
        6986 0.0004215865     1.654853 -0.001300776     18861.55
        6988  0.001318113     1.652453 -0.001437437     18868.26
        6990 0.0007924919     1.653154  -0.00125879        18878
        6992  0.000491777     1.652462 -0.002201777     18888.32
        6994 0.0002277264     1.644782 -0.002107259     18892.13
        6996 0.0002856387     1.634838 -0.001677881     18903.32
        6998 0.0002474044     1.636296 -0.001691738     18910.63
        7000 0.0001501942     1.639039 -0.001024536     18917.29
        7002 -0.0004264627     1.631248 -0.001142249      18924.5
        7004 0.0002028911     1.626642 -0.001825692      18937.3
        7006 -0.0004580669     1.627158 -0.001329245     18944.67
        7008 -0.0003294123     1.624434 -0.001496229      18949.7
        7010 -0.0001221051     1.620614  -0.00159316      18962.9
        7012  0.000136956     1.614672 -0.001686477     18970.39
        7014 -0.0007559976     1.614413 -0.001635107     18977.94
        7016 -0.0007455915     1.610942 -0.001684602     18984.87
        7018 -0.0005434336     1.607534 -0.001451143     18993.33
        7020 -0.0007471709     1.601195 -0.001799639     19002.27
        7022 -0.0006344807     1.602804 -0.001749357     19008.29
        7024 -0.0009637092     1.596545 -0.001541523     19016.18
        7026 -0.001165183     1.593539 -0.001987982     19021.99
        7028 -0.001282233     1.588863 -0.0005861049     19034.73
        7030 -0.0006093236       1.5869 -0.001673925     19041.95
        7032 -0.0008829564     1.591856 -0.001156439     19050.06
        7034 -0.001729162     1.580147 -0.001130742     19055.51
        7036 -0.001091422     1.579612 -0.002643188     19064.65
        7038 -0.0005607533     1.577854 -0.001484702     19069.41
        7040 -0.001329664     1.570711  -0.00192949     19081.93
        7042 -0.0008684098      1.56827 -0.001609285     19095.12
        7044 -0.000409316     1.564176  -0.00159327     19103.18
        7046 -0.0004527015      1.56498  -0.00138266     19108.73
        7048 -0.001162187     1.557964 -0.0008567168     19117.68
        7050  -0.00130891     1.557208 -0.001529104     19123.94
        7052 -0.001755805     1.557322 -0.0006685292     19133.07
        7054 -0.0004938978     1.552747 -0.000954998     19142.33
        7056 -0.0005969906     1.552616 -0.001857291     19148.58
        7058 -0.0008457724     1.549568 -0.001292217     19160.49
        7060 -0.0006610405     1.542464   -0.0014261      19165.1
        7062 -0.0002752101     1.542409 -0.002121452     19171.28
        7064 -9.994395e-05     1.541207 -0.0004188611     19176.71
        7066 -9.450386e-05     1.532597 -0.001781551     19187.08
        7068 -0.000392175     1.539113 -0.002026253     19193.39
        7070 0.0003395141     1.528157  -0.00127571     19201.25
        7072 0.0002751805     1.524997 -0.001916196     19211.43
        7074 -6.05575e-05     1.522391 -0.0008425157     19215.46
        7076 3.265023e-05     1.523783 -0.001110296     19222.92
        7078 0.0007339397     1.521417 -0.002165862     19233.89
        7080 0.0007138367     1.516115 -0.001461081     19243.85
        7082 0.0006811681     1.505064  -0.00241012     19250.68
        7084  0.001475795     1.512095 -0.001263012     19258.43
        7086  0.001653594     1.502136 0.0004802868     19263.56
        7088  0.001506661     1.506011 -0.001635459     19267.99
        7090  0.002492711     1.508906 -0.0005371539     19281.09
        7092  0.002601562     1.499011 -0.001082729     19285.68
        7094  0.003377052     1.497838 -0.001669352     19296.14
        7096   0.00323162     1.497349 -0.000604013     19298.78
        7098  0.004676227     1.495552 -0.0007281439     19306.39
        7100  0.005739409     1.494179 -0.0005656734     19315.72
      7100.2  0.005860059     1.493953 -0.0005422509     19316.47
      7100.4   0.00598071     1.493727 -0.0005188284     19317.22
      7100.6   0.00610136     1.493501 -0.0004954059     19317.97
      7100.8   0.00622201     1.493275 -0.0004719834     19318.72
        7101  0.006342661     1.493049 -0.0004485609     19319.47
      7101.2  0.006463311     1.492823 -0.0004251384     19320.22
      7101.4  0.006583962     1.492598 -0.0004017159     19320.97
      7101.6  0.006704612     1.492372 -0.0003782934     19321.72
      7101.8  0.006825263     1.492146 -0.0003548709     19322.47
        7102  0.006883012     1.492551 -0.0006383158     19322.57
      7102.2  0.006905044     1.493928 -0.001405601     19322.14
      7102.4  0.007214986     1.493101 -0.001203396     19324.19
      7102.6  0.007469482     1.490768 0.0009882365     19326.25
      7102.8  0.007486626     1.491589  0.004675576     19327.16
        7103  0.007778507     1.494719  0.005561659     19328.83
      7103.2  0.008242362     1.496841  0.003168063     19328.91
      7103.4  0.008514296     1.495218 -0.0009757418     19328.42
      7103.6  0.008599186     1.494123 -0.004429402     19328.97
      7103.8  0.008631209     1.493938 -0.002466531     19330.87
        7104  0.008835558     1.493298  0.001409986     19331.46
      7104.2  0.009245859     1.493244  0.003734158      19333.5
      7104.4  0.009590174     1.495251  0.005515142     19335.71
      7104.6  0.009938168     1.496926  0.004515674     19336.65
      7104.8   0.01015354      1.49771  0.001483333     19337.64
        7105    0.0102524     1.496857 -0.004093891      19338.3
      7105.2   0.01037025     1.496438 -0.006045824     19340.43
      7105.4   0.01055616     1.493651 -0.004766466     19341.97
      7105.6   0.01084819     1.492873 -0.003042357     19341.89
      7105.8   0.01115478     1.493044  0.001110308     19342.01
        7106   0.01139077     1.494004  0.001833584     19340.74
      7106.2   0.01176155     1.494539  0.002180704      19341.2
      7106.4   0.01223996      1.49434 0.0009539536     19340.93
      7106.6    0.0128322     1.494788  0.002266007     19342.88
      7106.8   0.01318386     1.494767  0.004238961     19343.75
        7107   0.01365711     1.496352  0.008260336     19343.09
      7107.2   0.01425884     1.497731   0.01214276     19344.38
      7107.4   0.01466755     1.501397  0.009840266     19344.53
      7107.6   0.01501731     1.504481  0.007670296     19345.27
      7107.8   0.01568211     1.504224  0.003120185     19346.97
        7108   0.01641424     1.503868  0.002123122     19349.26
      7108.2   0.01701238     1.503893  0.004370037      19350.6
      7108.4   0.01774952      1.50618  0.005781734     19350.51
      7108.6   0.01872767      1.50772  0.009764408     19350.69
      7108.8   0.01949727     1.508493   0.01261948     19350.47
        7109   0.02001525     1.511704   0.01373109     19350.53
      7109.2   0.02087771     1.516275   0.01648245     19353.25
      7109.4   0.02212978     1.518705   0.02176048     19354.98
      7109.6   0.02365968     1.521679   0.02242441     19354.01
      7109.8   0.02542537     1.529113   0.02378872      19354.3
        7110   0.02729608     1.534215    0.0293967     19355.22
      7110.2    0.0294529     1.537736    0.0312932     19355.11
      7110.4   0.03218359     1.545196   0.03910867      19352.9
      7110.6   0.03551147     1.554147    0.0568447     19349.78
      7110.8   0.03960699     1.565502   0.07609166     19348.59
        7111   0.04493999     1.583211   0.09646819     19347.87
      7111.2   0.05137839      1.60607    0.1179639     19346.26
      7111.4    0.0592287     1.631322    0.1293207     19345.51
      7111.6   0.06853132     1.659873    0.1338914     19347.66
      7111.8   0.07890019     1.686668     0.146665     19348.38
        7112    0.0903944     1.713183     0.157636     19348.31
      7112.2     0.102846     1.748654    0.1628644     19345.32
      7112.4    0.1159141     1.785982    0.1615862     19342.39
      7112.6    0.1282274     1.816959    0.1493014     19339.72
      7112.8    0.1397441     1.842452    0.1319108      19337.6
        7113    0.1507621     1.868095    0.1108179     19336.45
      7113.2     0.161155      1.89151   0.09565237     19334.85
      7113.4    0.1706579     1.905614    0.0846813      19334.4
      7113.6    0.1792305     1.918974   0.08580485     19333.86
      7113.8    0.1873752      1.93584   0.08984706     19334.04
        7114    0.1951258     1.960154   0.09161782     19333.73
      7114.2    0.2024402     1.977491   0.08174255     19333.98
      7114.4    0.2092394     1.992268   0.05962011      19334.2
      7114.6    0.2154966     2.001234   0.05184175     19334.57
      7114.8    0.2210648      2.00785    0.0447441     19335.64
        7115    0.2257427     2.018965   0.04238403     19336.66
      7115.2    0.2297594     2.028063   0.04412842     19338.02
      7115.4    0.2331163     2.035141   0.03807075     19337.75
      7115.6    0.2359867     2.043153   0.03403713     19337.67
      7115.8    0.2392389     2.049421   0.02736143     19337.54
        7116     0.242623     2.055293   0.02378707      19336.7
      7116.2     0.246383      2.05703   0.02157083     19336.66
      7116.4    0.2504735     2.062183    0.0160422     19336.46
      7116.6    0.2549946     2.066678   0.01737057     19335.91
      7116.8    0.2606363     2.068127   0.02593957     19337.26
        7117    0.2673057     2.070927   0.03675754     19338.31
      7117.2    0.2743444     2.082934   0.04829048      19339.2
      7117.4    0.2818122     2.096084   0.06395846     19339.81
      7117.6    0.2903371     2.106759   0.06944964      19339.5
      7117.8    0.3000526     2.122094   0.07300397     19339.09
        7118      0.31082     2.138494   0.07380217     19338.62
      7118.2    0.3224288     2.154487   0.06796373     19338.27
      7118.4    0.3351107     2.165801   0.07744442     19338.21
      7118.6    0.3491479     2.176465   0.09404453     19337.27
      7118.8    0.3643766      2.20045    0.1041786     19337.38
        7119    0.3803821     2.229723    0.1148253     19338.16
      7119.2    0.3970262     2.249144    0.1131966     19338.92
      7119.4    0.4145584     2.268325    0.1097203      19339.8
      7119.6    0.4333145     2.291007    0.1266235     19340.79
      7119.8    0.4526122     2.317499    0.1410544      19341.8
        7120    0.4714533     2.350443    0.1492659     19339.95
      7120.2    0.4901477     2.381168    0.1408671     19336.66
      7120.4    0.5090841      2.41042    0.1251581     19335.63
      7120.6    0.5276941     2.430193    0.1163793     19337.51
      7120.8    0.5447782     2.450569    0.1041129     19338.71
        7121    0.5605161     2.474272    0.1156883     19338.62
      7121.2    0.5755615      2.49371    0.1214223     19339.48
      7121.4    0.5898469     2.522744    0.1179887     19338.93
      7121.6     0.603564     2.547707    0.1146397     19338.39
      7121.8    0.6171271     2.568663    0.1055965     19338.41
        7122    0.6307017     2.585422    0.1130765     19337.25
      7122.2    0.6447452     2.607221    0.1083818     19336.17
      7122.4     0.659705     2.638168    0.1199514     19336.18
      7122.6    0.6749455     2.655368    0.1069361     19335.75
      7122.8     0.690065     2.681383   0.07204466     19335.65
        7123    0.7051671      2.69277    0.0847392     19333.11
      7123.2    0.7208438     2.695804   0.07816451     19331.52
      7123.4    0.7370862      2.72316   0.07135551     19330.62
      7123.6    0.7533559     2.743915   0.09317805     19329.92
      7123.8    0.7697651     2.749854   0.08165244     19331.85
        7124    0.7864723     2.770346   0.05140088     19331.06
      7124.2    0.8030812     2.788482   0.04151014     19329.03
      7124.4    0.8192171     2.785035   0.04012138     19328.99
      7124.6    0.8342341     2.783062   0.03867517     19329.75
      7124.8    0.8490501     2.802443   0.03076922     19330.16
        7125    0.8634304     2.819422    0.0275856     19330.68
      7125.2    0.8771078     2.809651    0.0185196     19330.82
      7125.4    0.8899641     2.805131  -0.02650246      19329.1
      7125.6    0.9022273     2.817259  -0.03218388     19329.07
      7125.8    0.9136459      2.79822   -0.0321622     19328.84
        7126    0.9254108     2.783904  -0.02151277     19328.37
      7126.2    0.9369875     2.779401   0.06135945     19326.85
      7126.4    0.9484287     2.800049    0.1184532      19326.1
      7126.6    0.9598621     2.847307    0.1252782     19325.72
      7126.8    0.9706479     2.878666   0.09656801     19324.09
        7127    0.9810809     2.879623   0.05023646     19322.89
      7127.2    0.9919512     2.877303   0.02620592     19322.65
      7127.4     1.002757     2.887496    0.0127748     19322.58
      7127.6     1.013263     2.899631   0.03520345     19321.58
      7127.8     1.024509     2.889843    0.1226306     19321.07
        7128     1.035976     2.905466    0.1327534     19320.69
      7128.2     1.046949     2.985601    0.1122696     19318.85
      7128.4     1.057794     3.005834    0.1354378     19318.82
      7128.6     1.068523     2.979659   0.06045367     19320.48
      7128.8     1.079048     3.013816   0.06928389     19320.61
        7129     1.088791     3.033964    0.1717614     19319.36
      7129.2      1.09773     3.061261    0.1702945     19317.25
      7129.4     1.106377     3.117068    0.1249682     19315.36
      7129.6     1.114645     3.150052   0.09226617     19316.02
      7129.8     1.121997     3.133938   0.04533148     19316.41
        7130     1.127947     3.135074   -0.0186348     19314.26
      7130.2     1.132963     3.153333  -0.01066102     19315.79
      7130.4     1.137178     3.135144   -0.0701876     19315.21
      7130.6     1.140664      3.12541   -0.1036443     19313.18
      7130.8     1.143739     3.078924  -0.06021677     19311.74
        7131     1.146433     3.070418   -0.1108342     19310.49
      7131.2      1.14906     3.086971  -0.07786257     19310.59
      7131.4     1.151508     3.036742  -0.03867609     19309.24
      7131.6     1.154435     3.016633   0.02888368     19307.39
      7131.8     1.156804     3.039477    0.1126372     19305.14
        7132     1.159276     3.110078    0.1900007     19305.29
      7132.2     1.161833     3.126852    0.1597735     19304.61
      7132.4     1.163214     3.168634   0.03859818     19304.43
      7132.6     1.164027     3.167296  0.008764874     19303.65
      7132.8      1.16456     3.140956  -0.09201491     19302.94
        7133     1.164388     3.133864   -0.1564593     19302.47
      7133.2     1.163683     3.095022   -0.1665798      19303.2
      7133.4      1.16203     3.042128   -0.1618963     19304.35
      7133.6     1.159427     3.007692   -0.1497276     19307.12
      7133.8     1.155791     3.004347   -0.1197044     19311.06
        7134     1.151411      2.97524  -0.07846392     19311.22
      7134.2     1.146656     2.946365  -0.08894398     19311.44
      7134.4     1.141828     2.944921  -0.07364148      19313.2
      7134.6     1.136752     2.933192  -0.02258758     19312.56
      7134.8     1.131383     2.916327   0.02635199     19311.46
        7135     1.125873     2.928295   0.06044023     19311.49
      7135.2     1.120168     2.966003   0.06805808      19310.9
      7135.4     1.114981     2.981544   0.03494452     19310.87
      7135.6       1.1099     2.970773   0.01835806     19313.95
      7135.8     1.104666      2.95625   0.02919163     19317.09
        7136     1.099568     2.980689  0.002657147     19318.35
      7136.2     1.094563     3.004897   -0.0199464     19317.92
      7136.4     1.089781     2.972899  -0.05285214     19315.88
      7136.6     1.085309     2.940293  -0.07486748     19314.33
      7136.8     1.081158     2.938407  -0.07214012     19311.63
        7137     1.076518     2.945003  -0.07088055     19304.15
      7137.2     1.072144     2.915187  -0.08810928     19288.25
      7137.4      1.06889     2.883589   -0.1032273     19262.79
      7137.6       1.0657      2.86792  -0.09893751     19229.65
      7137.8     1.062596     2.862421  -0.01574798     19190.39
        7138     1.059474     2.836037    0.1165508     19148.49
      7138.2     1.056032     2.870991    0.1807526     19114.29
      7138.4     1.052899     2.961161    0.2401403     19092.98
      7138.6     1.050047     3.007023    0.1876537      19085.5
      7138.8     1.047321     3.028149    0.1028048      19092.9
        7139     1.044769     3.021113   0.03429642     19110.62
      7139.2     1.042607     3.043404    -0.025466     19136.18
      7139.4     1.040847     3.034461  -0.04292808     19164.47
      7139.6     1.039266     3.007776  -0.09013756     19191.77
      7139.8     1.037786     2.986771  -0.09135975     19220.31
        7140     1.036498     2.971294  -0.06382446     19245.98
      7140.2     1.035136     2.961373  -0.02794548     19268.68
      7140.4     1.033583     2.956717   0.01317715     19287.05
      7140.6     1.032461     2.964415    0.0100293     19300.97
      7140.8     1.031527     2.981836  -0.03152964     19308.11
        7141     1.030749     2.969396   -0.0331087     19311.98
      7141.2     1.029767     2.931493  0.004889948     19313.54
      7141.4     1.028488     2.937928  0.002502993     19308.68
      7141.6      1.02758     2.985748   0.00839308     19297.06
      7141.8     1.026912     2.971399   0.03085518     19280.31
        7142     1.025811     2.938207   0.03719748     19252.81
      7142.2     1.024974     2.962612   0.07882877     19216.02
      7142.4     1.024157     3.015506    0.1319102     19174.51
      7142.6      1.02315     3.034462   0.09288377     19135.51
      7142.8     1.022105     3.043736   0.01258706     19105.36
        7143     1.020674     3.036919  -0.02519121     19084.79
      7143.2     1.018833     3.025576  -0.04900551     19077.99
      7143.4     1.017317     3.014309   -0.0385702     19089.43
      7143.6     1.016426     3.004531  -0.05273739      19114.9
      7143.8     1.015882     3.006063  -0.06229346     19149.45
        7144     1.015643     2.983386  -0.06986733      19189.2
      7144.2     1.015395     2.964474  -0.07273178     19227.96
      7144.4     1.015117     2.948637  -0.06988671     19262.34
      7144.6      1.01463     2.947877  -0.05949503     19287.78
      7144.8     1.013916     2.927476  -0.03386366     19305.01
        7145     1.013275     2.916878  0.002148375     19317.45
      7145.2     1.012664     2.921546   0.05048971     19325.65
      7145.4     1.011909     2.949596   0.07720721     19331.61
      7145.6     1.011134     2.967868   0.06922184     19336.47
      7145.8     1.010248     2.978644   0.04534024     19339.72
        7146     1.008792     2.976924   0.02330058     19343.93
      7146.2     1.007865     2.985868   0.04665833     19346.59
      7146.4     1.007009     2.986509   0.04319327     19351.25
      7146.6      1.00566      3.01597   0.01947672     19352.87
      7146.8     1.004507     3.011479   0.02963229     19353.42
        7147     1.002876      3.00145  -0.01525097     19352.73
      7147.2      1.00119     3.010215 -0.001548796     19353.89
      7147.4    0.9996811     3.003769  0.007390516     19356.54
      7147.6    0.9985442     3.010239  -0.02802745     19358.04
      7147.8    0.9969385     3.007362  -0.02884921      19361.3
        7148    0.9946742     2.987793  -0.02282105      19362.9
      7148.2    0.9920066      2.98069  -0.01629962     19363.64
      7148.4    0.9894835     2.991983   0.01637574     19365.64
      7148.6    0.9875953     2.994322   0.01977331     19369.16
      7148.8    0.9858463     3.000893  0.009089228     19370.56
        7149    0.9835157     2.996509   0.03416353     19371.49
      7149.2    0.9806833     2.999254   0.05307738     19371.59
      7149.4     0.978072     3.021653   0.09154498     19374.19
      7149.6    0.9759816     3.043355   0.09080686     19378.11
      7149.8     0.974243     3.069745    0.0351442     19378.96
        7150    0.9724375       3.0719  0.004803854     19379.96
      7150.2    0.9704941     3.049768  0.001270793     19380.58
      7150.4    0.9685476     3.047198   0.02508113     19380.85
      7150.6    0.9664984     3.070761   0.04043571     19381.69
      7150.8    0.9648438     3.091964   0.03988424     19381.88
        7151    0.9636506     3.082117   0.01247509     19383.38
      7151.2    0.9625641     3.079106  -0.02645572     19384.31
      7151.4    0.9614655     3.080741   -0.0185726     19384.93
      7151.6    0.9601893       3.0708  -0.03281859     19386.89
      7151.8    0.9593423     3.067259  -0.05571593     19389.79
        7152       0.9581     3.052851  -0.04075454     19391.74
      7152.2    0.9567003     3.036169  -0.02116197     19390.34
      7152.4    0.9556599     3.038196  0.002702908     19388.12
      7152.6    0.9552298     3.050329   0.02790005     19390.67
      7152.8    0.9545858     3.055013   0.03721945      19391.2
        7153    0.9546414     3.058489   0.03368532     19392.61
      7153.2    0.9549652     3.067972   0.01425694     19392.68
      7153.4    0.9554976     3.077278   0.02867644     19394.17
      7153.6     0.956134     3.066419  0.002193713     19395.84
      7153.8    0.9564309      3.08143  -0.03318282     19398.07
        7154    0.9563104     3.069727  -0.03349106     19398.82
      7154.2    0.9566461     3.050731  -0.03284495      19398.7
      7154.4    0.9570977     3.039626   -0.0396582     19399.08
      7154.6    0.9574762     3.055154  -0.04389953     19400.67
      7154.8    0.9580622        3.038  0.001527764     19403.17
        7155    0.9590756     3.015612   0.01161199     19403.76
      7155.2    0.9600588     3.040848   0.02734708     19403.44
      7155.4    0.9609059     3.064444   0.05012926     19404.75
      7155.6    0.9620646     3.059878   0.02682713     19406.27
      7155.8     0.963191     3.055715   0.01668475      19407.7
        7156    0.9646586      3.06231   0.04937306     19408.64
      7156.2    0.9659734     3.077791   0.05394038     19410.91
      7156.4    0.9669039     3.099376     0.023125     19412.15
      7156.6    0.9682726     3.098867   0.02590271     19412.66
      7156.8    0.9694253      3.08081   0.01770313     19413.33
        7157    0.9704621     3.098513 -0.008506197     19412.91
      7157.2     0.971563     3.113539 -0.008067924     19414.12
      7157.4     0.972488     3.092062  -0.07816212      19414.4
      7157.6    0.9736098     3.074355   -0.1260315     19415.33
      7157.8    0.9745365     3.035984   -0.1045402     19415.09
        7158    0.9759257     3.012714  -0.07400153     19414.31
      7158.2    0.9767629      3.00843  -0.01809319     19414.15
      7158.4    0.9772615     3.015154 -0.001676313     19415.44
      7158.6    0.9778225     3.021509   0.04197981     19417.52
      7158.8    0.9781099     3.011373   0.05970481     19417.33
        7159    0.9792659     3.042014   0.02660681     19419.81
      7159.2     0.980379     3.062918   0.05182169     19421.66
      7159.4     0.981156     3.042795     0.029298     19423.16
      7159.6    0.9816726      3.05283  0.003358323     19423.58
      7159.8    0.9820876     3.065453   0.03686871     19423.82
        7160     0.982844     3.065605   0.05648559     19424.05
      7160.2     0.983575      3.07229   0.03893863     19423.48
      7160.4    0.9840201     3.098018   0.01640252     19425.02
      7160.6    0.9841552     3.096603  -0.01321481     19426.54
      7160.8    0.9841169     3.078727  -0.07143002     19426.43
        7161    0.9842877     3.061718  -0.07586685     19426.36
      7161.2     0.985008     3.040874  -0.05038713     19428.13
      7161.4    0.9855017      3.03591  -0.03911107     19431.69
      7161.6    0.9857401     3.038417  -0.03037628     19434.15
      7161.8    0.9860584     3.030429  -0.01975577     19434.99
        7162    0.9859649     3.016573   -0.0270495     19434.31
      7162.2     0.986142     3.020105  -0.01557383     19433.98
      7162.4    0.9861764     3.016777   0.02000079     19433.86
      7162.6    0.9854813      3.01797   0.01299332     19432.12
      7162.8    0.9851233     3.032574   0.01301392      19430.8
        7163    0.9847525       3.0305  0.002365311     19432.16
      7163.2    0.9842132     3.027188   0.01564101     19433.74
      7163.4    0.9842466     3.019862      0.04414     19433.35
      7163.6    0.9844453     3.045087   0.02765911      19433.9
      7163.8    0.9845043     3.065812   0.06061922     19434.77
        7164    0.9846765     3.049316   0.02554784     19436.09
      7164.2    0.9846781     3.068357   0.00383337        19437
      7164.4    0.9842398     3.065525   0.02087151     19436.98
      7164.6    0.9837319     3.068879  -0.02274275     19437.22
      7164.8    0.9832226     3.066013  -0.02324218     19438.32
        7165    0.9827996     3.050163  -0.01435296     19439.44
      7165.2     0.982421     3.046931 -0.002212144     19440.64
      7165.4    0.9820338     3.057396   0.01088792     19439.94
      7165.6    0.9818926     3.064243   0.03718136     19439.12
      7165.8    0.9817713     3.058874 -0.008979829     19439.39
        7166    0.9812278     3.076676   -0.0514077     19440.05
      7166.2    0.9811312     3.050212  -0.07114727     19441.59
      7166.4     0.981146     3.023117   -0.1062659     19442.02
      7166.6    0.9814453     3.001956   -0.1084572     19442.86
      7166.8    0.9819911     2.991664  -0.07702584      19443.2
        7167    0.9822317     2.963447   -0.0495496      19443.2
      7167.2    0.9828199     2.961496  -0.02355748     19442.23
      7167.4    0.9827323     2.962316   0.05112483     19440.57
      7167.6    0.9825199     2.972818   0.07511892     19439.69
      7167.8    0.9827645     3.004347     0.075907     19439.99
        7168    0.9830215     3.021591   0.05694526     19440.53
      7168.2    0.9834722     3.023042   0.01112104     19441.02
      7168.4    0.9842101     3.018374  0.006149587     19443.06
      7168.6    0.9847068     3.013243   0.03611384     19444.38
      7168.8    0.9848731     3.026511   0.05848468     19444.97
        7169      0.98502     3.051933   0.05678032     19446.67
      7169.2    0.9850205     3.065162  0.003837884     19446.71
      7169.4    0.9852859     3.058668  -0.04821685     19447.54
      7169.6    0.9854669     3.029581  -0.08313699     19447.91
      7169.8    0.9861242     3.013359  -0.03111944      19447.7
        7170    0.9866556     2.998652  -0.01242528     19448.18
      7170.2    0.9870223     3.033772  -0.00561731      19447.4
      7170.4    0.9874796     3.019641  -0.02267805     19448.51
      7170.6    0.9880187     3.008865  -0.06627667     19449.95
      7170.8     0.988719      2.98051   -0.0442815     19448.98
        7171    0.9892958     2.980751  -0.04027875     19447.73
      7171.2    0.9894792     2.984216  -0.02122531     19445.63
      7171.4    0.9898901     2.976642  0.002979704     19446.86
      7171.6    0.9903346     2.963529  0.008915164     19449.85
      7171.8    0.9911468     2.983135   0.01634128     19451.99
        7172    0.9920927     2.991348    0.0593773        19454
      7172.2     0.992652     2.989716   0.03389542     19456.43
      7172.4    0.9932102     3.011031 -0.008438415      19457.8
      7172.6      0.99401     3.010251 -0.005732708     19457.14
      7172.8    0.9941237     2.984597  -0.04586011     19456.86
        7173    0.9941698     2.985129  -0.06871914     19456.92
      7173.2    0.9944814     2.974343  -0.01591047     19457.44
      7173.4    0.9947967     2.955276 -0.005087079     19459.39
      7173.6    0.9948681     2.971869   -0.0305055     19459.43
      7173.8    0.9951116      2.98106  -0.02208859     19458.47
        7174      0.99581     2.949939  -0.01801997     19461.06
      7174.2    0.9963496     2.937605  -0.02825072        19464
      7174.4    0.9967774     2.957453 0.0001645838     19464.15
      7174.6    0.9970869     2.958459 -0.001256134     19464.43
      7174.8    0.9972677      2.95007  -0.06085383     19464.71
        7175    0.9975584       2.9366    -0.079432     19464.26
      7175.2    0.9982068      2.90877   -0.0484164      19465.5
      7175.4    0.9988109     2.894913  -0.03916166     19466.02
      7175.6     0.999233     2.911337  0.002658578     19467.06
      7175.8    0.9994952      2.90527   0.05346643     19470.09
        7176    0.9996469     2.910897   0.03526817     19470.94
      7176.2    0.9994885     2.937687   0.01793859     19470.28
      7176.4    0.9992757     2.939552  0.003824458     19469.87
      7176.6    0.9992444     2.919621 -0.001721542     19471.86
      7176.8    0.9990731     2.913956  -0.02140608     19470.34
        7177    0.9993785     2.936309  -0.01846376     19471.77
      7177.2    0.9993234     2.922427   -0.0161382     19470.78
      7177.4    0.9990731      2.90485  -0.03180685     19470.31
      7177.6    0.9990323     2.901046  -0.04655844     19470.98
      7177.8    0.9991784     2.910864  -0.04292871     19474.04
        7178    0.9991408      2.88518  -0.04688258      19475.2
      7178.2    0.9989122     2.870507  -0.06431066     19477.58
      7178.4    0.9986704      2.86354    -0.026268     19481.33
      7178.6    0.9986466     2.859415  0.004509483     19480.31
      7178.8    0.9985165     2.864166   0.02323686     19479.85
        7179    0.9983703     2.874115   0.01682919     19481.83
      7179.2    0.9981905     2.882129 -0.003357226     19481.56
      7179.4    0.9980686     2.872879  -0.01774041     19483.03
      7179.6    0.9981858      2.86148  -0.02791292     19484.61
      7179.8    0.9979195     2.859923  -0.03177116     19482.61
        7180    0.9977532     2.859799 -0.001464021     19483.23
      7180.2     0.997815     2.847462  0.001959243     19486.35
      7180.4    0.9982181     2.860309  -0.01178271     19489.47
      7180.6    0.9987939      2.86149 -0.004492997     19490.12
      7180.8    0.9986377     2.850373   0.01161466     19488.57
        7181    0.9983941     2.843867   0.02986267     19488.06
      7181.2    0.9981718     2.869601   0.04690721     19489.17
      7181.4    0.9978602      2.88538   0.04156612     19489.07
      7181.6    0.9984569     2.887899  0.003585214     19490.25
      7181.8    0.9992126      2.87712  -0.02679816     19490.98
        7182    0.9996704     2.872469  -0.03510154     19491.16
      7182.2    0.9994188     2.863942  -0.02019571     19488.94
      7182.4    0.9991893     2.859817  -0.02775674     19487.71
      7182.6    0.9991897     2.860964  -0.00640457     19490.27
      7182.8     0.999611     2.850263   0.01853935     19491.45
        7183     1.000365     2.858818   0.02589305      19492.5
      7183.2     1.000843     2.874649    0.0416356     19495.16
      7183.4     1.001139     2.881678   0.02821052     19495.81
      7183.6     1.001416     2.883572   0.01212773     19496.93
      7183.8      1.00146     2.881386  0.002362082     19498.59
        7184     1.001353     2.884351  -0.01362742     19498.56
      7184.2     1.001602     2.883568 -0.009148354     19500.59
      7184.4     1.002227      2.87267   0.01480414     19502.32
      7184.6     1.002789     2.874068   0.02690262     19501.27
      7184.8     1.003078     2.896194   0.02902039     19500.82
        7185      1.00332      2.90509   0.03582073     19500.57
      7185.2     1.003597     2.895886  0.002938205     19501.29
      7185.4     1.003313     2.902724    0.0025206     19502.35
      7185.6     1.002921     2.898545    0.0281168     19504.16
      7185.8     1.002572     2.907106   0.02034648      19504.8
        7186     1.002599      2.91838   0.01112693     19505.48
      7186.2     1.003164     2.919001  -0.01547896     19508.11
      7186.4     1.003479     2.907446  -0.04203529     19509.53
      7186.6     1.003652     2.894723  -0.03416245     19509.71
      7186.8     1.004011     2.884751 -0.006741558     19511.33
        7187     1.004481     2.891672  0.009113374     19513.49
      7187.2     1.004851     2.902053   0.01168103     19514.31
      7187.4     1.005334     2.902014  0.008604687     19515.76
      7187.6     1.005375     2.894096    0.0102604     19515.92
      7187.8     1.005619     2.898555  0.003866881     19517.16
        7188     1.005609     2.910261   0.01365332     19516.67
      7188.2     1.005806     2.905107   0.03248897      19515.8
      7188.4     1.005922     2.905019   0.01778076     19515.87
      7188.6     1.005803     2.924546   0.01433657     19516.21
      7188.8     1.005919     2.924486   0.03095858     19517.44
        7189      1.00608     2.916577   0.02903061     19517.44
      7189.2     1.006362     2.929786   0.02278226     19517.74
      7189.4     1.006904     2.947771   0.02223803     19519.87
      7189.6     1.007312     2.942712   0.03227221     19521.06
      7189.8     1.007385     2.934367    0.0251422        19522
        7190     1.007439     2.955603   0.05219841     19522.77
      7190.2     1.007532     2.967885   0.05792301     19523.22
      7190.4     1.007515     2.984471   0.03622859     19523.22
      7190.6     1.007569     2.980706   0.02589576      19522.4
      7190.8      1.00781     2.984586 -0.001780693     19523.45
        7191     1.008277     2.988601  -0.05649862     19525.86
      7191.2     1.008595     2.983046  -0.06623584     19527.24
      7191.4     1.008438     2.935507  -0.04866342     19527.89
      7191.6     1.008436     2.931598  -0.02766017     19530.34
      7191.8     1.008545     2.949671    0.0488915     19530.07
        7192     1.008477     2.960918   0.04730469     19529.76
      7192.2       1.0087      2.97462  0.006186999     19530.61
      7192.4     1.009081     2.969441   0.02633862     19533.39
      7192.6     1.009566      2.95462   0.02405269     19536.23
      7192.8     1.009764     2.981989   0.05797206     19537.29
        7193     1.009966     2.993862    0.1330323     19537.24
      7193.2      1.01028     3.015819   0.08955902     19538.49
      7193.4     1.010317     3.061046   0.02777253     19536.86
      7193.6     1.010858     3.053636 -0.008065183     19533.86
      7193.8     1.011571      3.01608  -0.07320239      19535.1
        7194      1.01181     3.009367   -0.1102949     19537.27
      7194.2     1.011919     3.002484  -0.07747047     19537.81
      7194.4     1.011626       2.9654  -0.03771561     19538.49
      7194.6     1.011307     2.954104  -0.03397471     19539.88
      7194.8     1.011493     2.979194 -0.004898898     19541.63
        7195     1.012085     2.975304   0.01240776     19542.52
      7195.2      1.01258     2.961481  -0.03399448     19542.35
      7195.4     1.012996      2.96403  -0.03973864     19543.14
      7195.6     1.013577     2.951999  0.003125907     19545.56
      7195.8     1.013841     2.943513   0.03576261     19547.04
        7196     1.013676     2.963982   0.03330534     19545.91
      7196.2      1.01388      2.99264   0.02815396      19545.8
      7196.4     1.014113     2.978643  -0.01529426     19548.29
      7196.6     1.014129     2.966037  -0.04557481     19549.56
      7196.8     1.013931     2.951746  -0.02795085     19550.06
        7197     1.014228      2.95618  0.001458122     19549.32
      7197.2     1.014757     2.956282   0.04701659     19548.04
      7197.4      1.01517     2.967203   0.03172881     19548.27
      7197.6     1.015285      2.98936  -0.01897756     19551.08
      7197.8     1.015538     2.981563  -0.06903143     19554.06
        7198     1.015837       2.9411  -0.08409135     19555.43
      7198.2     1.016177     2.911978  -0.06163742     19557.23
      7198.4      1.01688     2.922086  -0.02553634     19560.51
      7198.6     1.017481     2.932253   0.01752553     19560.65
      7198.8     1.017822     2.920671   0.03135521     19558.45
        7199     1.018061     2.925998   0.01239822     19558.61
      7199.2     1.018311     2.947171  0.002046537     19559.72
      7199.4      1.01893     2.942172   0.02043547     19562.81
      7199.6      1.01951     2.922309 -0.002242499     19566.13
      7199.8     1.019843     2.942347 -0.003388542     19566.28
        7200     1.020088     2.945377   0.02480279     19566.09
      7200.2     1.020637     2.939461 -0.003188992     19568.11
      7200.4     1.020808     2.942151  -0.02678286     19568.42
      7200.6     1.020716     2.939796 -0.003753735     19568.22
      7200.8     1.020793      2.92395 -0.007399039     19568.22
        7201     1.020806     2.936458 -0.002248147        19567
      7201.2     1.021035     2.936232   -0.0262002     19567.97
      7201.4     1.021414     2.937997  -0.07972125     19567.79
      7201.6     1.021773      2.90299  -0.05359162     19568.82
      7201.8     1.022003     2.872681  -0.05386574     19571.68
        7202     1.022106     2.893358  -0.04135164     19573.44
      7202.2      1.02216     2.894904  -0.03442088     19574.62
      7202.4     1.022295     2.869909  -0.07625816     19575.14
      7202.6     1.022457     2.845144    -0.085909     19574.16
      7202.8     1.022588     2.832352  -0.06477695     19571.44
        7203     1.022853     2.826177  -0.03389124     19571.32
      7203.2      1.02312     2.818087  -0.00953109     19573.54
      7203.4     1.023166     2.818031   0.01277999     19573.64
      7203.6     1.023261     2.824727   0.03789879     19576.25
      7203.8     1.023532     2.836401   0.08047597     19579.34
        7204      1.02366     2.848406   0.09841005     19578.35
      7204.2     1.023657     2.882412   0.06206778     19580.35
      7204.4     1.024118     2.903455  -0.02885958     19583.48
      7204.6     1.024715     2.886055  -0.08970573     19583.58
      7204.8     1.024757     2.825319  -0.06433088     19584.52
        7205      1.02458     2.810647  -0.04064207     19582.48
      7205.2      1.02469      2.85199  -0.03757777     19581.48
      7205.4     1.024805     2.853542  -0.06088056     19583.61
      7205.6     1.024829     2.795256   -0.1265851     19583.98
      7205.8     1.025178     2.761943   -0.1206946     19584.39
        7206     1.025727     2.750722  -0.05282588     19585.55
      7206.2     1.025676     2.756986  -0.01361079     19586.53
      7206.4     1.025697     2.752996    0.0125056     19587.12
      7206.6     1.026184     2.751054  0.002781686     19587.19
      7206.8     1.026309     2.760727   0.00286231     19589.09
        7207     1.026147     2.759211   0.02480398      19591.3
      7207.2     1.025979     2.755286   0.02041583     19591.53
      7207.4     1.025684     2.770898 -0.002735238     19591.52
      7207.6      1.02564     2.777059  0.002945343     19592.06
      7207.8     1.025724     2.757023   0.02079975     19592.64
        7208     1.025694     2.757642   0.03404866     19593.38
      7208.2     1.025674     2.787537   0.05633793     19594.89
      7208.4     1.025362     2.804298     0.083175     19596.26
      7208.6     1.025193     2.802094   0.07231028     19596.46
      7208.8     1.025151     2.824182   0.04947465     19596.78
        7209      1.02499     2.845386  0.004481346     19596.22
      7209.2     1.024894     2.843878  -0.06423091      19594.5
      7209.4     1.025637     2.805679  -0.07876329     19594.41
      7209.6     1.025792     2.772797  -0.05901122     19598.85
      7209.8      1.02548     2.782375   0.01376413      19602.3
        7210     1.025369     2.796669   0.05513373     19603.71
      7210.2     1.025295      2.81669   0.01435353     19605.36
      7210.4     1.024991     2.816904   0.01454321     19607.08
      7210.6      1.02449     2.793858   0.02931113     19605.64
      7210.8     1.024287     2.808304   0.04033425     19603.28
        7211     1.024278     2.840139    0.0544787     19603.49
      7211.2     1.024174     2.849172   0.01469361     19605.18
      7211.4     1.023983     2.837441  -0.01443643     19605.22
      7211.6     1.023985     2.820058  0.009114995     19606.27
      7211.8     1.023842      2.82859   0.03324448     19607.77
        7212     1.023281     2.856464   0.03669181     19606.49
      7212.2     1.022926     2.864036   0.03281266     19607.13
      7212.4     1.022744     2.849412   0.04129985     19609.09
      7212.6     1.022492      2.85484   0.04069573     19610.17
      7212.8     1.022162     2.889503   0.08556621     19612.06
        7213     1.022032     2.896593   0.09320311     19613.02
      7213.2     1.021713     2.917865    0.0599733     19613.75
      7213.4     1.021259     2.929402     0.050744     19614.62
      7213.6     1.020989     2.937482   0.02358459     19617.09
      7213.8     1.020441     2.937188    0.0185737      19616.2
        7214     1.019846     2.936732   0.01429099     19614.47
      7214.2     1.019292     2.944261    0.0352246     19616.68
      7214.4     1.018883     2.948915   0.05923111      19617.5
      7214.6     1.018503     2.965368   0.05770608     19616.43
      7214.8     1.018288     2.984117    0.0753655     19617.02
        7215     1.018339     2.990426   0.07361098     19617.74
      7215.2     1.018536     3.009207   0.03814806     19618.14
      7215.4     1.018768     3.024257   0.01051841     19619.44
      7215.6     1.018766     3.014636  -0.01069528     19620.97
      7215.8     1.018414     2.998841 -0.002457755     19621.82
        7216       1.0178     3.000651   0.01832337      19622.6
      7216.2     1.017047      3.02229   0.02533069     19623.54
      7216.4     1.016725     3.029295   0.01835149     19624.18
      7216.6     1.016632     3.019105   0.01151356     19624.25
      7216.8      1.01609     3.015332   0.04449104     19624.82
        7217     1.015732     3.031501   0.06425273     19626.95
      7217.2     1.015361     3.064887   0.09425171     19626.84
      7217.4      1.01508     3.070508   0.09339189     19628.37
      7217.6     1.014616     3.090734   0.05511961     19627.19
      7217.8     1.014447     3.106215   0.01091404     19626.93
        7218     1.014247     3.108983  -0.01427777     19628.54
      7218.2     1.014139     3.079239  -0.01688321     19629.63
      7218.4     1.013915     3.079311  0.006002743     19628.09
      7218.6     1.013444     3.092708   0.06550328     19628.22
      7218.8     1.012548     3.113785   0.06654265     19630.18
        7219     1.012071     3.131642   0.05675255     19630.42
      7219.2     1.011382     3.132546   0.04143612     19630.21
      7219.4     1.010852      3.13811  0.007035272     19632.19
      7219.6     1.010888     3.146934  -0.01280484     19634.56
      7219.8     1.010457      3.13727  -0.03555775     19635.93
        7220     1.009906     3.122302  -0.05527207     19636.73
      7220.2     1.009899     3.109664  -0.01522445     19636.56
      7220.4     1.010049     3.102716   0.03555502     19636.43
      7220.6      1.01023      3.12509   0.04693452     19637.39
      7220.8     1.010181     3.150746   0.02301232     19637.73
        7221     1.009853     3.147212  -0.03728465     19637.13
      7221.2     1.009744     3.121126  -0.06208769     19639.46
      7221.4     1.009264     3.095262  -0.05180619     19642.98
      7221.6      1.00855     3.101075  -0.01583873     19643.67
      7221.8     1.008097     3.105767  0.004245944     19644.68
        7222     1.008034     3.108455  0.004945957     19644.36
      7222.2     1.007939     3.098659  0.007762878     19643.58
      7222.4     1.007816     3.105032   0.03850822     19646.66
      7222.6     1.007589     3.111977   0.09260521     19648.79
      7222.8     1.007182     3.139262    0.1121011     19649.86
        7223     1.006718     3.172743    0.0697158     19649.53
      7223.2     1.006446     3.194713  -0.01017289     19649.63
      7223.4     1.006168      3.16775  -0.05812679      19648.9
      7223.6     1.006191     3.131124  -0.07968341     19648.37
      7223.8     1.006303     3.126242   -0.0484283     19648.27
        7224     1.005951     3.130966  -0.04862138     19647.55
      7224.2     1.005637     3.129007   -0.0662223     19648.09
      7224.4     1.005447     3.092227  -0.03916706     19649.01
      7224.6     1.005177     3.073264  -0.03307899     19651.41
      7224.8     1.004824     3.099633  0.009644529     19653.19
        7225     1.004226     3.102544   0.02115825     19653.11
      7225.2     1.003578     3.099942  -0.02575925     19653.69
      7225.4     1.003228     3.090191  -0.05846455     19655.35
      7225.6     1.003153     3.079025   -0.1011368     19656.24
      7225.8     1.003032     3.055772   -0.1141023     19657.81
        7226     1.002747     3.019033   -0.1213662     19658.41
      7226.2     1.003088     2.998909  -0.08916576        19661
      7226.4     1.003048     2.981932  -0.04818755     19664.99
      7226.6     1.002383      2.98444  -0.03172214     19664.39
      7226.8     1.001899     2.980483  -0.02146279     19664.21
        7227     1.001449     2.973531  -0.03355473     19663.21
      7227.2     1.001022     2.964762   -0.0153149     19662.09
      7227.4     1.000423     2.957596  0.009075397     19662.97
      7227.6     0.999774     2.968231   0.02146774     19664.46
      7227.8     0.999667     2.980791   0.01855622     19665.01
        7228    0.9994545     2.981936  0.002629395     19664.42
      7228.2    0.9990005     2.972441  0.009877949     19664.33
      7228.4    0.9987269     2.970334   0.01582604     19664.82
      7228.6    0.9980097     2.988694    0.0252095     19666.73
      7228.8    0.9972688     2.994597 -0.0003406106     19667.45
        7229    0.9965695     2.992608  -0.04018172     19666.24
      7229.2    0.9964285     2.970062  -0.07044364     19666.68
      7229.4    0.9965509     2.956548  -0.08531495     19667.17
      7229.6    0.9964063     2.938242  -0.04339254     19666.87
      7229.8    0.9959945     2.924356   -0.0295831     19666.57
        7230    0.9953839     2.935348  -0.04630575     19667.83
      7230.2    0.9946561     2.932882   -0.0672808     19670.84
      7230.4    0.9941606     2.901198  -0.08016688      19672.3
      7230.6    0.9943697     2.870532  -0.08154371      19673.6
      7230.8    0.9947226     2.871214  -0.05187692     19674.98
        7231    0.9947162     2.867647  -0.02980064     19673.37
      7231.2    0.9945381     2.859696  -0.05443534     19672.49
      7231.4    0.9942313     2.846691  -0.05917905     19673.82
      7231.6    0.9936919     2.827666  -0.05190027     19674.61
      7231.8    0.9934067     2.820304  -0.02851068     19675.51
        7232    0.9936709     2.818176  -0.01936737     19676.21
      7232.2    0.9935576     2.823883  -0.03172399     19676.33
      7232.4    0.9929428     2.812172  -0.02172739     19676.47
      7232.6     0.992405     2.794925  0.001285502     19677.23
      7232.8    0.9914386     2.800794   0.01252576     19678.49
        7233    0.9911783     2.824911    0.0132389     19677.76
      7233.2    0.9914862     2.822193 -0.001961878     19679.19
      7233.4    0.9915834     2.805516  -0.02459255     19682.42
      7233.6     0.991557     2.799224  -0.01685303     19682.49
      7233.8     0.991432     2.805237 -0.004911146     19683.27
        7234    0.9912659      2.80871 -0.009321238     19683.58
      7234.2    0.9909891     2.801587  -0.02518886     19682.44
      7234.4    0.9908381     2.791767  -0.02665535     19682.26
      7234.6    0.9905339     2.785086 -0.005009626      19683.2
      7234.8    0.9903016     2.787386  0.007079362     19682.59
        7235    0.9901759     2.797579  -0.00464156     19682.76
      7235.2    0.9899459     2.797431  -0.02957127     19685.89
      7235.4    0.9900098     2.781373  -0.06275728     19688.39
      7235.6     0.990174     2.763729  -0.07646337     19687.51
      7235.8    0.9901222     2.747373  -0.05140151     19685.66
        7236    0.9899573      2.73626  -0.02325707     19686.31
      7236.2    0.9896191     2.740251 -0.007409029     19688.58
      7236.4    0.9895051     2.745123  0.005217515     19690.75
      7236.6    0.9892302     2.741446 -0.002288697     19691.62
      7236.8    0.9892361     2.740434  -0.02322669     19692.81
        7237    0.9893427     2.738421 -0.006886486      19693.2
      7237.2    0.9892763     2.726542  -0.00583488     19693.52
      7237.4    0.9894151     2.735937  -0.01673647     19695.28
      7237.6     0.989369     2.735766   -0.0134873     19695.52
      7237.8    0.9892196     2.725031  -0.02875613     19696.81
        7238    0.9890025     2.715752  -0.03122124     19695.33
      7238.2    0.9887432     2.712932  -0.02540248     19695.65
      7238.4    0.9886575     2.710789  -0.01391426     19697.76
      7238.6    0.9890568     2.704709  0.006200055     19698.01
      7238.8    0.9894689     2.704621   0.02322706     19697.98
        7239    0.9895233     2.717892   0.03463316     19699.08
      7239.2    0.9896496     2.729371   0.03367231     19699.51
      7239.4    0.9895281     2.732416 -0.0005386134     19698.28
      7239.6    0.9891239     2.731559  -0.02902241     19698.29
      7239.8    0.9891735     2.717461  -0.03247078      19698.5
        7240    0.9894421     2.706153  -0.02040779     19698.72
      7240.2    0.9898992     2.706439   -0.0106197     19700.02
      7240.4    0.9900155     2.715232   0.01528768     19698.66
      7240.6    0.9903261     2.708965   0.02374689     19701.55
      7240.8    0.9905281     2.718383   0.02608363     19703.67
        7241    0.9906642     2.725437   0.04065137     19704.19
      7241.2    0.9908651     2.736099   0.01466997     19703.83
      7241.4    0.9905143     2.741486  0.001829779     19704.08
      7241.6    0.9903728     2.730119 0.0006405482     19704.15
      7241.8    0.9906308     2.726901   0.00233928      19703.5
        7242    0.9907168     2.736612  0.002953381     19704.44
      7242.2    0.9907972     2.743358  -0.00724101     19707.05
      7242.4    0.9910897     2.732482  -0.01184664     19708.52
      7242.6    0.9914257     2.721108 -0.003356094     19709.14
      7242.8     0.991512     2.727134   0.02874067     19710.37
        7243    0.9915093     2.740673   0.03785766     19712.53
      7243.2    0.9917114     2.755474   0.01195413        19714
      7243.4     0.991735     2.751394  -0.01291193     19713.01
      7243.6    0.9917876     2.736698  -0.03289057      19713.3
      7243.8    0.9919387     2.730343  -0.02637857     19712.59
        7244    0.9923642     2.729162   0.02821106     19712.15
      7244.2      0.99276     2.730291   0.05588107     19713.46
      7244.4    0.9931989     2.759266   0.04244869     19714.51
      7244.6    0.9936237     2.775048    0.0259552      19715.8
      7244.8    0.9938479     2.763121 -0.009970383      19717.9
        7245    0.9938784     2.751055  -0.04007974     19719.14
      7245.2    0.9937674      2.75129  -0.03204626     19717.96
      7245.4    0.9936397     2.742985  -0.02653879     19718.14
      7245.6    0.9940307     2.737484  -0.02754415      19719.7
      7245.8    0.9946491     2.729824    0.0030663     19720.67
        7246     0.994626     2.729255   0.01868569     19721.91
      7246.2    0.9943212     2.745438   0.02530886     19724.69
      7246.4    0.9942718     2.752433   0.02650719     19725.71
      7246.6    0.9941553     2.750071   0.02216103     19724.94
      7246.8    0.9941807     2.750461   0.02129242     19726.63
        7247    0.9945185     2.763166   0.03221411     19726.05
      7247.2    0.9947035     2.769466   0.03424084     19725.78
      7247.4    0.9950607     2.775843   0.02304095     19727.03
      7247.6    0.9957099     2.777853    0.0205209     19729.12
      7247.8    0.9958057     2.781599   0.01939773     19728.94
        7248    0.9957854     2.785883    0.0142686     19728.25
      7248.2    0.9959577     2.791361    0.0102514     19728.21
      7248.4    0.9961423     2.789268  0.004124278     19730.29
      7248.6    0.9963729       2.7898  -0.01392277     19732.24
      7248.8    0.9964689     2.789183  -0.01171516     19732.91
        7249    0.9968969     2.780223  -0.01321759     19733.37
      7249.2    0.9974227     2.779896 -0.009206916     19734.02
      7249.4    0.9976449     2.779226  0.009586979      19733.7
      7249.6    0.9975938     2.781817 -0.006855679     19734.45
      7249.8     0.997538     2.787892 -0.006319866     19735.45
        7250    0.9978541     2.774412 -0.003142893     19734.73
        7252    0.9997881     2.779442 -0.007554956     19742.83
        7254     1.002776     2.749576 -0.009652426     19748.85
        7256     1.005489     2.758009 -0.0004786546     19760.81
        7258     1.008733     2.724076  0.002090953     19765.12
        7260     1.011027     2.775613 -0.0005979142     19768.96
        7262     1.013947     2.766303   0.00991607     19777.78
        7264     1.016614     2.753225   0.00281564     19788.73
        7266     1.018442     2.803404  0.005967061     19793.15
        7268     1.019468     2.798138  0.007948281     19803.22
        7270     1.020274      2.81404  0.006209983     19807.47
        7272       1.0214     2.816811  0.004397376      19818.5
        7274       1.0206     2.853084  0.003776459     19824.52
        7276      1.02014     2.833317   0.00348868     19829.29
        7278     1.019615     2.844252  0.006211342     19833.38
        7280     1.018507     2.844721  0.007818862     19838.49
        7282     1.016955     2.902775   0.00799274     19845.91
        7284     1.015859     2.895868  0.009203282     19855.21
        7286     1.014143     2.908194 -0.003256229     19861.23
        7288     1.012289     2.918347 -0.000255894     19872.25
        7290     1.009519     2.876725 -0.006889145     19877.31
        7292     1.007922      2.89382  -0.01414788     19882.84
        7294     1.004852      2.85308  -0.01321406     19885.28
        7296     1.005081     2.805164  -0.01690978     19898.29
        7298     1.003381     2.771013  -0.01847011      19900.8
        7300     1.002408     2.758542  -0.01437816     19914.08
        7302     1.002782      2.70532  -0.01328522     19915.45
        7304     1.003204     2.690139  -0.01181229     19924.16
        7306     1.001908     2.664731 -0.006704414     19927.18
        7308     1.001289     2.664044 -0.004386044        19931
        7310     1.001762     2.651684 -0.002504151     19936.45
        7312     1.001343     2.655051 -0.002580168     19944.13
        7314     1.000592     2.644698 -0.0008285856     19954.83
        7316     1.000389     2.643403 -0.005731117     19957.19
        7318     1.000522     2.645056 5.461579e-05     19968.13
        7320     1.001243     2.609202 0.0009429893      19973.5
        7322     1.000813     2.645135 -0.002755575     19981.43
        7324     1.000559     2.650947  0.004809333     19986.12
        7326     1.000982     2.623011 -0.002880944     19992.91
        7328     1.000206     2.647676 -0.003093101     19996.99
        7330     1.000756     2.622087 0.0003113041     20002.39
        7332     1.000651     2.626202 -0.005806536     20009.67
        7334     1.001012     2.625501 -0.002022388     20017.78
        7336     1.001475     2.601224 -0.001937647     20021.83
        7338     1.000814     2.605908 -0.006233723     20030.56
        7340     1.000838     2.610701 0.0004904046     20030.34
        7342     1.001276     2.575632  0.002905908     20036.63
        7344     1.001276     2.605147  0.003056921     20049.64
        7346     1.001295     2.629155   0.01206572      20053.6
        7348     1.002608     2.635156  0.009213061     20057.39
        7350     1.001656     2.672157  0.002909179     20065.55
        7352     1.001488     2.678852  0.009075272     20069.61
        7354     1.002039     2.652429  0.004110475     20078.59
        7356     1.002358     2.707758  0.004052312     20085.49
        7358     1.002003     2.705041  0.008087796     20092.93
        7360     1.001623      2.71127  0.003184707     20102.22
        7362     1.001461     2.717131 -0.003806544     20104.32
        7364     1.000784     2.733236 -0.002885839     20106.42
        7366     1.001326     2.674589 -0.001347786     20122.87
        7368     1.000723     2.688184 -0.005717457      20124.1
        7370     1.000814     2.706349 -0.004471902     20132.65
        7372     1.000403     2.687496 -0.005965383     20132.98
        7374    0.9996296     2.638814  -0.01299166     20134.83
        7376    0.9992547      2.64046  -0.01412631     20144.92
        7378    0.9986576     2.602416   -0.0117705     20152.63
        7380    0.9994381     2.574486  -0.01344662     20157.14
        7382    0.9988118      2.54465  -0.01096856     20166.69
        7384     0.998793     2.532887   -0.0105886     20167.57
        7386    0.9983022     2.514667 -0.005281496     20173.67
        7388    0.9985025     2.489777 -0.002886959     20181.47
        7390    0.9977525     2.502398 -0.002281808     20188.72
        7392    0.9972543     2.509792  0.002923819     20192.79
        7394     0.998176     2.496413 0.0006067729     20200.34
        7396    0.9976981     2.513167 -0.001386785     20205.12
        7398    0.9974763     2.507252  0.002096759     20212.98
        7400    0.9970593     2.498698 -0.001132749     20220.75
        7402    0.9976556     2.513187 -0.001117054        20227
        7404    0.9974292     2.504105   0.00165743      20228.6
        7406    0.9964281     2.498315 -0.004283141     20233.43
        7408    0.9962511     2.511957 -0.0007209073     20239.83
        7410    0.9969823     2.478922 -0.0001445196     20245.87
        7412    0.9971733     2.498338 -0.004127173     20251.79
        7414    0.9971918     2.497159 -0.0002513262     20261.05
        7416    0.9973494      2.47894  -0.00108325     20263.31
        7418    0.9968848     2.476911 -0.001358772     20268.05
        7420     0.996527     2.489672 -0.003480225      20278.1
        7422    0.9963487     2.486289 -0.002990387      20280.4
        7424    0.9966999     2.451098 -0.004588108     20287.75
        7426    0.9967036     2.452988 -0.005772279     20293.37
        7428    0.9972242     2.452967  0.001035865     20302.12
        7430    0.9967474     2.440111 -0.000685677     20308.63
        7432    0.9970592     2.459385 -0.001449009     20315.18
        7434    0.9969104     2.447502  0.001087072     20320.98
        7436    0.9970749     2.441375 -0.0009222716     20325.24
        7438    0.9969114     2.448807  0.003319291     20328.38
        7440    0.9963062     2.452007  0.001688435     20333.45
        7442    0.9965013     2.474057  0.003428203      20339.9
        7444     0.996727     2.454883    0.0043281     20348.08
        7446    0.9971286     2.476233 0.0005237113     20350.66
        7448     0.996404     2.486631 -1.680644e-05     20357.49
        7450    0.9967163     2.478246 -5.962408e-05     20364.92
        7452    0.9961822     2.454748  -0.00530834      20370.9
        7454    0.9957877     2.475756  0.001169183     20371.27
        7456    0.9955721     2.444165  0.002426408     20375.86
        7458    0.9961507       2.4876 -0.003287708     20385.31
        7460    0.9956572     2.474159  0.001446723        20390
        7462    0.9950209     2.449454 -0.002749367     20396.83
        7464    0.9955034     2.455738 -0.003402808     20402.47
        7466    0.9960498     2.465605 -0.002195749     20411.36
        7468    0.9953126     2.446937 -0.004326934     20413.26
        7470    0.9952915     2.431888 -0.008228098     20416.74
        7472     0.995905     2.421123  -0.00654536     20423.23
        7474    0.9947257      2.39978 -0.006281452     20429.01
        7476     0.995371     2.394574 -0.004455898     20435.11
        7478    0.9952831     2.381637 -0.003228082      20440.6
        7480    0.9953376     2.385476  -0.00457394     20447.82
        7482    0.9947511     2.373956 -0.002453033     20447.27
        7484    0.9951899     2.357983 -0.004119923      20458.4
        7486    0.9949134     2.362012 -0.002690672     20462.71
        7488    0.9949752     2.352516 -0.003667859     20463.55
        7490     0.994233      2.35243  -0.00539195     20467.62
        7492    0.9946073      2.32864 -0.003090333     20475.62
        7494    0.9951089     2.318877 -0.004900034     20484.16
        7496    0.9951494     2.327794 -0.0006074641     20487.41
        7498    0.9951815      2.31323  0.000573487     20495.87
        7500    0.9948288      2.32378 0.0004510222     20498.28
        7502    0.9948686     2.323465 0.0005472256     20503.24
        7504     0.994443     2.331402 0.0001553844     20506.47
        7506    0.9948384     2.317608 -0.001167525      20512.2
        7508    0.9944106     2.325023  -0.00219115     20512.62
        7510    0.9944903     2.314125 -0.0008221166     20518.55
        7512    0.9944243     2.313873 -0.0003820955     20526.56
        7514    0.9944878     2.311031 -0.0005917284     20528.16
        7516    0.9948315     2.321966  -0.00224207     20530.47
        7518    0.9949645     2.309391 0.0001353737      20510.7
        7520    0.9948483     2.295936 -0.003090586     20503.19
        7522    0.9945959     2.312114 -0.003026354     20502.97
        7524    0.9954465     2.297242 -0.000872742     20466.76
        7526    0.9966628      2.28518 -0.001918495     20005.13
        7528    0.9939624     2.288954 -0.0004375533     20383.46
        7530    0.9956935     2.296766 -0.0002390293     20052.88
        7532     0.994156     2.293741 -0.0001998657     20452.01
        7534    0.9948198     2.283268 -0.001650247     20559.82
        7536    0.9949864     2.287355 -0.001605862     20552.27
        7538    0.9950452     2.283564 -0.0006856068     20553.87
        7540    0.9950048     2.280894   -0.0042372     20576.48
        7542    0.9952204     2.277783 -0.002461294     20594.78
        7544    0.9956863     2.253458 -0.0005395417     20601.32
        7546    0.9957952     2.263873 -0.001716033     20607.82
        7548    0.9958482     2.276578  -0.00056021     20612.04
        7550    0.9960164     2.264055  -0.00160013     20613.67
        7552    0.9958486     2.248976 0.0007937469     20618.89
        7554    0.9959536     2.251072 -0.002654327     20618.18
        7556    0.9963595     2.282928  0.001025941     20630.62
        7558    0.9953692      2.24282  0.001352728     20632.47
        7560    0.9956294     2.257184 -0.003969886     20641.57
        7562    0.9962451     2.261894 0.0002758812     20646.13
        7564    0.9966617     2.251169 -0.0007474148     20652.95
        7566    0.9955442     2.245027 -0.0006524175     20657.26
        7568    0.9957741     2.251204 -0.002461592     20657.21
        7570    0.9958693     2.256675 -0.0001498832     20663.97
        7572    0.9963149     2.231476 -0.001454037     20670.65
        7574    0.9962228     2.243828 -0.005130025     20676.34
        7576    0.9957378     2.239572 -0.001805103        20677
        7578    0.9959919     2.215635 -0.003677232     20683.89
        7580    0.9960148     2.217035 -0.003139649      20690.1
        7582      0.99653      2.21441 -0.001835177     20692.13
        7584    0.9954817     2.214455 -0.003726176     20693.62
        7586    0.9955407     2.200953 -0.002456684     20697.38
        7588     0.996225     2.187226 -0.003732609      20699.7
        7590    0.9961346     2.194757 -0.002151614     20707.58
        7592    0.9955801     2.184594 -0.001096701     20711.55
        7594    0.9960081      2.18374  -0.00269417     20708.47
        7596    0.9954743     2.178452 -0.001368841      20711.2
        7598     0.996058     2.173203 -0.001655826     20718.59
        7600    0.9955614     2.173643 -0.001782873     20722.01
        7602    0.9963989     2.170494 -0.001411593     20728.39
        7604    0.9960484     2.164189 -0.001934906     20735.51
        7606    0.9957416      2.16191 -0.002475087     20735.27
        7608    0.9955613     2.158164 -0.001198923     20734.18
        7610    0.9960881     2.150693 -0.001562159     20746.23
        7612    0.9957763     2.154598 -0.002375828     20747.96
        7614    0.9955861     2.149413 -0.001328775     20747.68
        7616    0.9957697     2.139157 -0.003229443     20754.55
        7618    0.9953789     2.140063 -0.001532977     20752.36
        7620    0.9959365     2.128762 -0.0003271281     20761.08
        7622    0.9960584     2.137149 -0.001043119     20766.14
        7624    0.9968414      2.13654 0.0006808726     20772.35
        7626    0.9965744     2.131718 -0.002358468     20775.13
        7628     0.996906     2.134209 -0.002833516     20777.35
        7630    0.9967808     2.118282  -0.00143224     20780.99
        7632    0.9964194     2.113872 -0.003119091     20787.24
        7634    0.9968045      2.12026 -0.001505001      20790.4
        7636     0.996329     2.109257 -0.001514694     20789.65
        7638    0.9970442     2.106242 -0.003169443     20798.02
        7640    0.9967006     2.101755 -0.002267892     20799.87
        7642    0.9962539     2.094904 -0.001661671     20802.97
        7644    0.9967796     2.091113 -0.003052891     20812.19
        7646    0.9965487     2.092948 -0.001138503     20809.33
        7648    0.9972527     2.077331 -0.001196848        20819
        7650    0.9976827     2.085796 -0.003460922      20821.4
        7652    0.9977576     2.081539 -0.001883501     20824.14
        7654    0.9971405     2.065261 -4.421302e-05     20826.77
        7656    0.9972372     2.062263 -0.0009922893     20831.46
        7658    0.9981982     2.085443 -9.687541e-05     20836.54
        7660     0.997475       2.0736  0.002066199     20847.07
        7662    0.9973171     2.064486  -0.00264472     20847.03
        7664    0.9971703     2.078793 -0.001948127     20847.35
        7666    0.9983379     2.064285 0.0001563004     20858.62
        7668    0.9981667     2.058015 -0.002174087     20859.36
        7670    0.9982231     2.065736 -0.0006457367      20861.5
        7672    0.9977734       2.0614 -0.0001702471     20863.53
        7674    0.9976735     2.059119 -0.0003644728     20866.61
        7676    0.9979299     2.056653 -0.0003672574     20870.47
        7678    0.9975841     2.062821 -0.001896977     20875.07
        7680    0.9979832     2.058462 -0.0004400161     20879.05
        7682     0.998274     2.043943 -0.002033816     20884.86
        7684    0.9986648     2.053133 -0.002461836     20888.78
        7686    0.9983008      2.04655 -0.001224634     20891.33
        7688     0.998336     2.038768 -0.002986385     20893.18
        7690    0.9977766     2.034146 -0.002254448     20894.42
        7692    0.9983915     2.029242 -0.001715064     20899.04
        7694    0.9982214     2.028514 -0.001082539     20905.71
        7696    0.9987991     2.025047 -0.001456652     20911.42
        7698    0.9989877     2.025486 -0.002757302     20912.57
        7700    0.9988764     2.017589 -0.001790425     20920.21
        7702    0.9986172     2.006456 -0.002397001     20920.45
        7704    0.9991756     2.010724 -0.002317606     20923.28
        7706     0.999153      2.00631 -0.0006434404     20927.46
        7708     0.998736     1.999048 -0.0004140654      20928.9
        7710    0.9994008     2.001308 1.224984e-05     20935.86
        7712    0.9988319     2.007411 -0.0002554712     20940.51
        7714    0.9989457     2.006408 -0.0008439682     20947.51
        7716    0.9993627     1.997004 -0.0007491733      20946.3
        7718    0.9994548     1.994557 -0.002145089     20957.58
        7720    0.9989735     2.001418 -0.0003386256     20952.87
        7722    0.9993902     1.989247 -0.0007750074     20959.31
        7724    0.9998697     1.994295 -0.002311496     20963.49
        7726    0.9993509     1.988357 -0.001054207     20968.07
        7728    0.9992804     1.982926  -0.00125165     20968.62
        7730    0.9993144     1.980814 -0.001567837      20979.3
        7732    0.9996307     1.984282 -0.001198084     20980.98
        7734     1.000425     1.975814 -0.000691674     20980.39
        7736    0.9997941     1.973341 -0.001994485     20986.07
        7738    0.9999755      1.97528 -0.001667862     20986.36
        7740      1.00038     1.968326 -0.002664464     20989.51
        7742     1.000011     1.962471 -0.002255317     20995.64
        7744    0.9997474     1.952025 -0.001743161     20994.46
        7746     1.000347     1.957238 -0.001489039     21001.35
        7748     1.000538     1.954381 -0.0001145268     21002.07
        7750     1.000774     1.950559 -0.0009200604     21011.16
        7752     1.000807     1.951109 -0.000259587     21012.32
        7754     1.000281     1.949877 -0.0003611841     21011.53
        7756     1.000203     1.952304 -0.002002945     21014.36
        7758     1.000536     1.947669 -0.001307694     21018.09
        7760     1.000276     1.935086 -0.002588475     21024.43
        7762     1.000635     1.939416 -0.003105746     21021.25
        7764     1.000844     1.931596 -0.001707877     21027.63
        7766     1.000481     1.922823 -0.002006201     21030.73
        7768     1.000073     1.921423 -0.002592013     21029.38
        7770     1.000961     1.923366 -0.001372923      21034.9
        7772     1.000192      1.91086 -0.001706548     21035.23
        7774     1.000482      1.91184 -0.002296665     21038.57
        7776     1.000249      1.90777 -0.001494445     21032.56
        7778     1.000144     1.904993 -0.002639475     21032.56
        7780     1.000498     1.898905 -0.001136731     21021.31
        7782     1.000966     1.890724 -0.001041423     20996.53
        7784     1.002381     1.898676 -0.001209809     20838.01
        7786     1.003808     1.896661 -0.001408963     19821.64
        7788     1.001563     1.889226 -0.001499376     20056.53
        7790     0.997891     1.879452 -0.001851583     20461.18
        7792     1.000637     1.886681 -0.001644117        21057
        7794     1.000721     1.881849 -0.0004735119     21081.61
        7796     1.001408     1.876073 -0.0004541798     21093.43
        7798     1.001108     1.875664 -0.0007596334     21094.75
        7800     1.001532     1.883048 -0.001090029     21099.62
        7802      1.00151     1.875772 -0.0004111918     21100.92
        7804     1.001536     1.867353 -0.001831763      21103.8
        7806     1.001584     1.872375 -0.0008241084     21106.91
        7808     1.001681     1.868394 -0.0004029821     21108.33
        7810      1.00199     1.869179 -0.001555217     21116.17
        7812     1.002232     1.864129 -0.000927482     21116.03
        7814     1.002298     1.859933 -0.001781696     21124.87
        7816      1.00188     1.860974   -0.0014496     21121.45
        7818     1.002455     1.854925  -0.00189773     21127.07
        7820     1.002741     1.852533 -0.001665031     21126.24
        7822     1.003096     1.844751 -0.001530769     21130.79
        7824     1.002862     1.847654 -0.002141411     21132.05
        7826     1.002974     1.842679 -0.002207743     21138.44
        7828     1.002656     1.835401 -0.001720481     21138.61
        7830     1.003162     1.827089 -0.002025023     21143.88
        7832     1.002605      1.83389 -0.0009477011     21148.61
        7834     1.002966     1.826479 -0.0004442049     21148.85
        7836     1.003194      1.82782 -0.001660956     21150.06
        7838     1.003342     1.823536  -0.00124538     21154.78
        7840     1.003212     1.820602 -0.002040582     21157.52
        7842     1.003071     1.816516 -0.002360129     21166.33
        7844     1.003135     1.811495 -0.001158161     21165.53
        7846     1.003239     1.804655 -0.0004758237     21169.56
        7848     1.003071     1.811337 -0.001255125     21174.38
        7850     1.003137     1.812709 -0.0007866472     21171.19
        7852      1.00329     1.801454 -0.001655939     21176.97
        7854      1.00325     1.798361 -0.002294664     21178.96
        7856     1.002772     1.798089  -0.00174862     21180.13
        7858     1.003153     1.794352 -0.001178841     21182.46
        7860     1.002845     1.787465 -0.001610977     21185.08
        7862     1.003212     1.788931 -0.001349094     21192.17
        7864     1.003508     1.785202 -0.0003104431     21192.48
        7866     1.003441     1.783559 -0.001004568     21195.85
        7868     1.003434     1.784981 -0.001589953     21202.91
        7870     1.002874     1.780894 -0.001860446     21205.91
        7872     1.003398     1.772482 -0.002329092     21207.36
        7874     1.002917     1.768675 -0.001542564     21207.29
        7876     1.003251     1.766349 -0.001983609     21213.42
        7878     1.003131     1.768554 -0.001583924     21213.92
        7880     1.003121     1.756613 -0.001150385     21215.35
        7882     1.003635     1.756004 -0.002443366      21221.4
        7884     1.003805     1.757146 -0.001728891     21226.13
        7886     1.003416     1.749007 -0.001457101     21224.16
        7888     1.003331     1.742782 -0.001674099        21230
        7890      1.00265     1.744347 -0.0008156944     21231.78
        7892     1.003445     1.743753 -0.001320215     21234.67
        7894     1.003219     1.742481 -0.001580009     21240.71
        7896     1.004019      1.73222 -0.001315286      21239.7
        7898     1.003746     1.731707 -0.002110374     21240.65
        7900     1.003925     1.733231 -0.001457061     21244.99
        7902     1.003891     1.725598 -0.0008620307     21245.47
        7904     1.004032     1.720564 -0.001900383     21256.63
        7906     1.003742     1.724811 -0.001091161     21257.68
        7908     1.003812     1.718028 -0.0004445742     21265.06
        7910     1.003971     1.716869 -0.001887528      21265.9
        7912     1.004187     1.717007 -0.001178136      21270.1
        7914     1.004701     1.709711 -0.001946785     21230.41
        7916     1.005517     1.708602  -0.00195807     20959.87
        7918     1.004395     1.701295 -0.001310251     20545.75
        7920     1.004472     1.701343 -0.001233244     20970.24
        7922      1.00455     1.699229 -0.0007182582     21207.25
        7924      1.00433     1.698736 -0.001353316     21238.07
        7926     1.004909     1.695549 -0.001967253     21248.42
        7928     1.004704     1.690516 -0.001557245     21256.07
        7930      1.00507     1.683491 -0.0008758287      21265.4
        7932     1.005919     1.686279 -0.001433393     21275.91
        7934     1.005753     1.688542 -0.001080648     21275.32
        7936     1.005453     1.679049 -0.0008399436     21275.27
        7938     1.005705     1.674846 -0.001375952     21279.72
        7940     1.005105     1.679559 -0.001067814     21282.84
        7942     1.005412     1.677534 -0.0009196446     21293.15
        7944     1.004914     1.670506 -0.001970805     21287.93
        7946      1.00565     1.667488 -0.001237944     21295.33
        7948     1.005557     1.663793 -0.001125366     21293.69
        7950     1.005715     1.667631 -0.0009511307     21300.57
        7952     1.005737     1.661503 -0.0008373183     21299.98
        7954     1.005903     1.659879 -0.001766642     21303.12
        7956      1.00575     1.657094  -0.00126557     21305.97
        7958     1.006012     1.653498 -0.001556039     21311.26
        7960     1.005726     1.651379 -0.001771831     21310.75
        7962     1.005623     1.647431 -0.001512852     21316.77
        7964     1.006382     1.642919   -0.0014052     21315.14
        7966     1.006158     1.641395 -0.001206959     21315.81
        7968     1.005865     1.640137  -0.00123301     21313.34
        7970     1.006404     1.637775  -0.00083465     21319.35
        7972     1.006008     1.633055 -0.001279647     21327.42
        7974     1.006148     1.634718 -0.001328944      21325.4
        7976     1.006305       1.6299 -0.000758175     21328.03
        7978     1.005968     1.627144 -0.001572275     21332.47
        7980     1.006179      1.62699 -0.001522534     21333.67
        7982      1.00604     1.622139  -0.00174509     21333.66
        7984     1.005386      1.61772 -0.001705215     21339.18
        7986     1.005861     1.613183 -0.001088211     21342.95
        7988     1.005956     1.613348 -0.001399006      21344.8
        7990     1.005484     1.613434 -0.001285678     21343.77
        7992      1.00554     1.606528 -0.001132025     21348.16
        7994     1.005671     1.602898 -0.001898672     21349.35
        7996     1.006023     1.604292 -0.0009259866     21352.17
        7998     1.005643     1.598244 -0.001338109     21353.76
        8000     1.005663      1.59912 -0.001791253     21357.57
        8002     1.005591     1.592193 -0.0001771943     21357.24
        8004     1.005598     1.589962 -0.001826197     21362.74
        8006     1.005121     1.596827 -0.001477925      21365.8
        8008     1.005082      1.58451  -0.00068019      21364.6
        8010     1.004963     1.580369 -0.002033289     21365.19
        8012     1.005153      1.58452 -0.001317571     21370.82
        8014     1.004972      1.58056 -0.001086367     21371.01
        8016     1.005072      1.57397 -0.001943869     21370.77
        8018     1.005245     1.571678 -0.001724008     21375.08
        8020     1.004598     1.568969 -0.001542254     21380.71
        8022     1.005088     1.566768 -0.001246633     21382.32
        8024     1.004905     1.561632 -0.001552799     21384.51
        8026     1.004997     1.561705 -0.001349994     21386.17
        8028     1.004782     1.556547 -0.0009965073     21389.38
        8030     1.004447     1.555968 -0.001529391     21391.23
        8032     1.004382      1.55366 -0.001311445     21388.72
        8034     1.004689      1.54947 -0.001255532     21396.57
        8036     1.004702     1.546055 -0.001517826     21396.39
        8038     1.004284     1.545924 -0.001502325     21394.24
        8040      1.00424     1.541517 -0.001252834     21402.22
        8042      1.00409     1.537452 -0.001244407     21402.51
        8044     1.004218     1.536033 -0.001362317     21404.59
        8046      1.00409     1.535969 -0.0007740503     21406.84
        8048      1.00421     1.530619 -0.001236869     21409.99
        8050     1.003754     1.531259 -0.001120491     21409.44
        8052      1.00387     1.526138 -0.001052719     21409.83
        8054     1.003671     1.527005 -0.001563813     21414.61
        8056     1.003942     1.522197 -0.0009919273      21414.5
        8058     1.003833     1.518749 -0.001815039     21421.34
        8060     1.003433     1.518202 -0.001503685     21420.63
        8062     1.003434     1.512485 -0.001643978     21423.94
        8064     1.003392     1.510167 -0.001480616     21424.73
        8066     1.003958     1.505597 -0.001105213     21426.94
        8068     1.003507     1.506358 -0.001713176     21428.84
        8070     1.003772     1.503643  -0.00121281     21430.25
        8072     1.003211     1.496462 -0.001323492     21428.92
        8074     1.003253     1.495894  -0.00171124     21430.86
        8076     1.002634      1.49577 -0.001119067     21435.71
        8078     1.002916     1.489953 -0.001040027     21434.88
        8080     1.002649     1.487509 -0.001529678     21431.89
        8082     1.002387     1.487574 -0.001049972     21432.61
        8084     1.002786     1.483532 -0.001172926      21435.6
        8086     1.002815     1.481553 -0.001364009     21439.97
        8088     1.002757     1.478126 -0.001340545     21443.39
        8090     1.002973     1.476662 -0.001255654     21447.46
        8092      1.00249     1.472808 -0.001238877     21445.77
        8094     1.002253     1.471508 -0.001420264     21444.33
        8096     1.002024     1.468215 -0.0009792543     21446.04
        8098     1.002136       1.4653 -0.0008539545      21452.8
        8100     1.002466     1.464974 -0.001415953     21453.06
        8102     1.002154     1.464676 -0.0009245071     21454.38
        8104     1.002456     1.456887 -0.001524364     21457.53
        8106     1.002576     1.457904 -0.001871966     21455.22
        8108     1.002146     1.452779 -0.0009144113      21458.5
        8110     1.002261     1.449701 -0.001663036     21454.51
        8112     1.002166     1.449572 -0.001566023     21462.32
        8114     1.001807       1.4446 -0.0009778423      21459.1
        8116     1.001781     1.440251 -0.001233516     21464.01
        8118     1.001962     1.441878 -0.001181227     21468.51
        8120     1.001799     1.439704 -0.0008355981     21467.85
        8122     1.001516      1.43515 -0.001598577      21461.9
        8124     1.001288     1.433566 -0.001418702     21467.36
        8126     1.001085     1.429089  -0.00124611      21471.6
        8128     1.000856     1.428354 -0.001056026     21469.34
        8130     1.000845     1.425181 -0.0006220969     21469.55
        8132     1.000195     1.425118  -0.00190363     21471.69
        8134     1.000363     1.424113 -0.0007542485     21470.55
        8136     1.000162     1.413125 -0.001139393     21475.76
        8138     1.000401     1.419147 -0.001214836     21478.22
        8140     1.000382     1.416003 -0.0007472363     21477.63
        8142    0.9999804     1.414394 -0.001183442     21480.82
        8144    0.9998194     1.407147 -0.001497725     21477.09
        8146    0.9996816     1.409679 -0.001458377     21477.87
        8148    0.9995162     1.404021 -0.0009571995     21480.36
        8150    0.9989035     1.402727 -0.001486053     21476.13
        8152    0.9985072      1.39949 -0.001320011     21479.59
        8154    0.9989291     1.397791 -0.001147981     21484.91
        8156    0.9985164     1.393461 -0.0009596236      21485.5
        8158    0.9985312     1.393543 -0.001723601     21484.67
        8160    0.9980983     1.391813 -0.001050229     21485.98
        8162    0.9979179     1.384002 -0.0008726214     21488.01
        8164    0.9977389     1.385059 -0.001411433     21491.77
        8166     0.997569     1.386562 -0.001275238     21493.39
        8168     0.997188     1.380521 -0.001185682     21491.92
        8170    0.9967389       1.3738 -0.001637144     21488.91
        8172    0.9967372     1.375573 -0.0009995422     21498.87
        8174    0.9969237     1.373465 -0.0008656882      21495.9
        8176    0.9963097     1.372525 -0.001297589     21494.01
        8178    0.9964881     1.366875 -0.001545316     21498.57
        8180    0.9959351     1.365193 -0.001323677     21498.22
        8182    0.9959442     1.361102 -0.001370924     21501.46
        8184    0.9954144     1.361936 -0.001111342     21498.69
        8186    0.9952438     1.355907 -0.001495724     21501.82
        8188    0.9952026     1.356302 -0.001335008     21500.16
        8190       0.9951     1.349137 -0.000936558     21506.84
        8192    0.9945083     1.351256 -0.001471785     21508.62
        8194     0.994869     1.348415 -0.0008212295     21506.03
        8196    0.9942694     1.344528 -0.001593832     21509.81
        8198    0.9945898     1.342567 -0.001590262      21510.8
        8200    0.9939297     1.338505 -0.001264787     21513.07
        8202    0.9937949     1.335693 -0.001292838     21510.38
        8204    0.9936442     1.334409 -0.001200142     21515.22
        8206    0.9935596     1.332224 -0.001383287     21512.02
        8208    0.9935397     1.328904 -0.001315531     21513.59
        8210    0.9930976     1.324627 -0.001017974     21514.11
        8212    0.9928777     1.323885 -0.001073725     21514.72
        8214    0.9925001      1.32408 -0.0009705486     21512.46
        8216     0.992258     1.320314 -0.000998667     21513.59
        8218    0.9924856     1.316862 -0.001421733     21515.99
        8220    0.9920597     1.315896 -0.001476152     21517.34
        8222     0.991449     1.312706 -0.001178728     21515.36
        8224    0.9915091     1.308505 -0.001343187     21523.73
        8226     0.991153     1.307432 -0.001186257     21519.29
        8228    0.9908959      1.30515 -0.001165165     21519.25
        8230    0.9911333     1.303216 -0.001291575     21522.83
        8232    0.9905694     1.299183 -0.001229789     21522.19
        8234    0.9902645       1.2971 -0.001355136     21521.16
        8236    0.9902559     1.295312 -0.001059001     21521.62
        8238    0.9902586     1.292375 -0.001000209     21522.35
        8240    0.9899308     1.290711 -0.001152849     21525.04
        8242    0.9894275     1.289098 -0.001152858      21519.6
        8244     0.989491     1.286089 -0.0007729307     21524.19
        8246    0.9894018     1.283152 -0.001547238     21524.49
        8248     0.989326     1.284528 -0.001342635     21522.96
        8250    0.9890798      1.27672  -0.00222181      21530.4
