# This file has been produced by extranormal (v 1.0.1 - February 23, 2017)
# O. Roudenko - Synchrotron SOLEIL. Covered by GPL licence.
#Data from HDF File: /nfs/ruche-rock/rock-soleil/com-rock/2021/Projets/20210209_Hilde/InSitu/10Ni-10Fe_50BN/10Ni-10Fe_50BN_RWGS750_CO2pulses_H2cst_ratio1/10Ni-10Fe_50BN_RWGS750_CO2pulses_H2cst_ratio1_00229.nxs to 10Ni-10Fe_50BN_RWGS750_CO2pulses_H2cst_ratio1_00230.nxs
#Time at start=2021-02-10 14:42:38.997
#Time from start (seconds)=1142.84148258
#Sample temperature (C)=25.0
# Normalization -------------
# pivot spectrum: Pivot_Fe_10Ni-10Fe_50BN_RT_air_av2000_00001.txt
# E0=7112.0   Eshift=1.88000000376
# E0_pivot = 7112.0
# pre-edge params: from E0_pivot-140.0 to E0_pivot-20.0
# pre-edge range: [6972.0, 7092.0]
# post-edge params: from E0_pivot+100.0 to E0_pivot+1140.0
# post-edge range: [7212.0, 8250.0]
# I jump at E0_pivot = 1.24428410656
# shifted energy	normalized	reference	ref.derivative	I0
        6970  0.002318791     1.673681  0.002195543     18810.38
        6972  0.002318791     1.673681  0.002195543     18810.38
        6974  0.001404094     1.677612 -0.001312759     18818.23
        6976 0.0009716363     1.667424 -4.317502e-05     18826.77
        6978   0.00098096     1.662631  -0.00225563     18831.34
        6980 0.0009368009     1.673335 -0.001035381     18843.02
        6982 0.0009291265     1.659567 -0.0007088816     18852.45
        6984  0.001176388     1.659141 -0.002835844     18859.73
        6986  0.001085168      1.65696 -0.002174621     18871.08
        6988 0.0008319178     1.650648 -0.001470885     18874.62
        6990 0.0003811895      1.64217 -0.001619322     18882.27
        6992 0.0006323169     1.647374 -0.001171094     18891.08
        6994 0.0003340777     1.644006 -8.833675e-05     18893.58
        6996 0.0004756478      1.64128 -0.001231576     18904.37
        6998 0.0001164439     1.641464 -0.0008306981     18916.21
        7000 9.729788e-05     1.637521 -0.001698899     18918.98
        7002 7.244237e-06      1.63736 -0.001817625     18927.64
        7004 -2.562665e-05     1.627688 -0.002441488     18937.55
        7006 -0.0003859528     1.626923 -0.002306542     18947.71
        7008 -0.0002700013     1.617989 -0.001398825     18956.94
        7010 -0.000514208     1.618908 -0.001726145     18961.01
        7012 -0.0008546525     1.616498 -0.0009840456     18970.18
        7014 -0.0005068897     1.613113 -0.002102409     18979.88
        7016 -0.0004809832     1.610117 -0.001857199     18984.68
        7018 -0.000879937     1.602088  -0.00101933     18988.96
        7020 -0.0008932695      1.60164 -0.001273168     19000.21
        7022 -0.0006675428     1.604959 -0.001258028     19008.41
        7024 -0.0005366352     1.599932 -0.001280053     19017.72
        7026 -0.0008108129     1.592024 -0.001878468     19027.71
        7028 -0.0006240347       1.5914 -0.001729266     19036.98
        7030 -0.0009403835     1.589931 -0.0004557623      19044.7
        7032 -0.0005136514     1.586097 -0.001585438     19051.75
        7034 -0.0005351669     1.588378 -0.0009968967     19058.34
        7036 -0.0006608232     1.578716  -0.00128776     19065.51
        7038 -0.0008640995     1.581956 -0.001883317      19072.2
        7040 -0.001021894     1.575795 -0.002400091     19079.72
        7042 -0.001014112     1.573312 -0.002690444     19092.78
        7044 -0.0007990262     1.559516 -0.001826577      19094.7
        7046 -0.001104666     1.560432 -0.001507625     19106.92
        7048 -0.0006462523     1.561183 5.669643e-05     19115.91
        7050 -0.0009533233     1.561251 -0.0009861208     19125.67
        7052 -0.0008531757     1.559969 -0.001044621     19132.89
        7054 -0.0006845607     1.552543 -0.002132989        19142
        7056 -0.0009738551     1.552826 -0.002129087     19152.07
        7058 -0.0005696404     1.544187 -0.0008488146     19157.09
        7060 -0.0008035324     1.542937 -0.002693566     19163.79
        7062 -0.0006037124     1.545753  -0.00106035     19174.97
        7064 -0.0006413684     1.531277 -0.001514981     19182.29
        7066 -0.0001518369     1.535704 -0.002543023     19189.52
        7068 7.686909e-06     1.530817 -0.0006638057     19197.28
        7070 -0.0002118219     1.525409 -0.0008560807     19202.42
        7072 5.602375e-05     1.525967 -0.0009615182     19212.17
        7074 0.0002017531     1.528855 -0.001139006     19219.73
        7076 0.0002472939     1.523125 -0.001502168     19229.04
        7078 0.0002885599     1.516297 -0.002510436     19232.82
        7080 0.0006633843     1.513949   -0.0022495     19242.46
        7082   0.00137266     1.508772 -0.0007990297     19253.71
        7084  0.001022713     1.505129 -0.000234851     19259.22
        7086  0.001671207     1.509904 -0.0009218023     19269.85
        7088  0.001534854     1.512071 -0.0007540448     19274.16
        7090  0.002423072     1.501397 -0.001613978     19283.84
        7092  0.002255718     1.499096 -0.001869565     19284.82
        7094  0.003261206     1.496993 -0.0009391459     19296.24
        7096  0.003796419     1.497114 -0.001491816     19305.53
        7098  0.004175106     1.493884 -0.0007036398     19310.11
        7100  0.005730149     1.487162 -0.0008874832     19319.69
      7100.2  0.005863356     1.487618 -0.0008307536     19320.57
      7100.4  0.005996563     1.488075 -0.000774024     19321.45
      7100.6   0.00612977     1.488532 -0.0007172944     19322.33
      7100.8  0.006262978     1.488989 -0.0006605648     19323.21
        7101  0.006396185     1.489446 -0.0006038352     19324.09
      7101.2  0.006529392     1.489902 -0.0005471056     19324.97
      7101.4  0.006662599     1.490359 -0.000490376     19325.85
      7101.6  0.006795806     1.490816 -0.0004336464     19326.73
      7101.8  0.006929013     1.491273 -0.0003769168     19327.61
        7102  0.006915384     1.491529  0.001207952     19328.75
      7102.2  0.006977713     1.492295 -0.0002378759     19329.68
      7102.4  0.007291215      1.49275 -0.002807447        19331
      7102.6   0.00760587     1.491058  -0.00112579     19330.83
      7102.8  0.007998055     1.489283 0.0005260525        19330
        7103  0.008123704     1.491394   0.00397292      19331.6
      7103.2  0.008248992     1.493171  0.005124378     19334.67
      7103.4  0.008404737     1.494236 -0.001123782     19334.21
      7103.6  0.008708275     1.493383  -0.00487598     19333.74
      7103.8  0.008848017     1.490495 -0.004068123      19333.2
        7104  0.008912748     1.489271 -0.0005427426     19335.96
      7104.2  0.008996217     1.490981  0.002177737     19339.29
      7104.4  0.009004112     1.492949  0.002065993     19339.05
      7104.6  0.009169984     1.492237   0.00023198     19336.49
      7104.8  0.009421256     1.490923  0.000105035     19337.74
        7105  0.009814453     1.491167   0.00321094     19338.75
      7105.2   0.01006039     1.493033  0.004784178      19339.7
      7105.4  0.009977126     1.494806  0.004406263     19340.01
      7105.6   0.01005608     1.494751  0.002948335     19339.85
      7105.8   0.01068098     1.494692  0.001758995     19342.01
        7106    0.0114195     1.495391  0.001592855     19344.04
      7106.2   0.01178115     1.496213  0.002901325     19345.01
      7106.4   0.01199943     1.496025   0.00342453     19346.89
      7106.6   0.01233902     1.497013  0.003676292     19348.88
      7106.8   0.01275689     1.498131   0.00356486     19349.23
        7107   0.01314229     1.499154  0.003659082     19348.56
      7107.2   0.01358121     1.498877  0.005111912     19349.24
      7107.4   0.01382927      1.49994  0.005606088     19349.87
      7107.6   0.01413928      1.50222  0.005898752     19348.85
      7107.8    0.0147618     1.503639  0.006370632      19347.6
        7108   0.01534199     1.503596  0.008684207     19347.06
      7108.2   0.01558284     1.505037   0.01155571     19348.05
      7108.4   0.01584473     1.509168   0.01269227     19350.41
      7108.6   0.01647318     1.512884  0.009402833      19351.9
      7108.8   0.01723616      1.51375  0.004195903     19351.66
        7109   0.01818856     1.512559  0.002166283     19352.01
      7109.2    0.0193513     1.512525  0.005412355        19354
      7109.4   0.02042684     1.514617   0.01216903     19356.36
      7109.6   0.02138814      1.51808    0.0198129     19357.21
      7109.8   0.02242403     1.522294   0.02541632     19355.99
        7110   0.02383726     1.528375   0.03110198     19355.27
      7110.2   0.02555706      1.53495   0.04052872     19355.59
      7110.4   0.02759099     1.542961   0.05033548     19355.44
      7110.6    0.0304268     1.554717   0.06217997     19354.66
      7110.8   0.03367346     1.568643   0.07998191     19352.92
        7111   0.03743972     1.584694   0.09950247     19351.07
      7111.2    0.0423588     1.606947    0.1157038     19350.61
      7111.4    0.0485771     1.634319    0.1286536     19350.11
      7111.6   0.05588163     1.661206    0.1389485     19350.05
      7111.8    0.0641908     1.687616    0.1460872     19349.38
        7112   0.07331551     1.718105    0.1542231      19346.5
      7112.2   0.08300048     1.751189    0.1595781     19344.03
      7112.4   0.09288201     1.784585    0.1553119     19343.57
      7112.6    0.1023311     1.815279    0.1447889     19344.14
      7112.8    0.1112478     1.842355    0.1301744     19343.82
        7113    0.1195358      1.86702    0.1149735      19341.2
      7113.2     0.127103     1.888724    0.1003478      19338.8
      7113.4    0.1341512     1.907258   0.08662984        19338
      7113.6    0.1406096     1.922633   0.07820184     19337.13
      7113.8    0.1467065     1.936324   0.07284115     19336.98
        7114     0.152335     1.951286    0.0743415     19337.94
      7114.2    0.1574927     1.965531   0.07801225     19337.54
      7114.4    0.1619861     1.982106   0.08217055     19336.61
      7114.6    0.1660934     1.998734   0.07814459     19335.95
      7114.8    0.1695414     2.017022   0.06152063     19335.12
        7115    0.1724371     2.028046    0.0491305     19335.89
      7115.2    0.1749746     2.031323    0.0319953     19337.11
      7115.4    0.1771885     2.038038    0.0292444     19337.92
      7115.6    0.1792598     2.042619   0.03410316     19337.62
      7115.8    0.1817181     2.051442   0.02780594      19337.9
        7116    0.1850944     2.058605   0.02843466     19338.51
      7116.2    0.1892878     2.060283    0.0209183     19338.34
      7116.4    0.1942516     2.065366   0.01377771     19338.67
      7116.6    0.1999772     2.068177   0.02096575     19339.36
      7116.8    0.2065924     2.069628   0.02382649      19339.9
        7117    0.2140966     2.077056   0.03336496     19340.69
      7117.2     0.222281     2.084427   0.04927448     19341.28
      7117.4    0.2313008     2.094868   0.05373636     19340.38
      7117.6    0.2414333     2.109047   0.06312143     19338.78
      7117.8    0.2529604     2.120045     0.071991     19338.69
        7118    0.2656395     2.134925   0.07555828     19338.62
      7118.2    0.2792838     2.152461   0.08467941     19338.67
      7118.4    0.2940694     2.169494   0.08786117     19339.23
      7118.6    0.3102835     2.187788   0.09291137     19338.19
      7118.8    0.3281509     2.205214    0.1065304     19337.72
        7119    0.3474019      2.22679    0.1185552     19337.32
      7119.2    0.3678734     2.254718    0.1249374     19337.29
      7119.4      0.38976     2.282632     0.124274     19338.31
      7119.6    0.4126999     2.305163    0.1124414     19336.42
      7119.8    0.4358364      2.32621    0.1050401     19335.66
        7120    0.4590943     2.344671    0.1209186     19337.24
      7120.2    0.4825096     2.366665    0.1262049     19337.71
      7120.4    0.5052876     2.401898    0.1317881     19337.82
      7120.6    0.5266206     2.427173     0.139362     19337.76
      7120.8    0.5462288     2.450102    0.1394817     19338.07
        7121    0.5639956     2.478154    0.1487465     19338.01
      7121.2    0.5807448     2.513484    0.1445611     19336.48
      7121.4    0.5964595     2.546171    0.1365616     19334.79
      7121.6    0.6116559     2.565751    0.1225454     19335.18
      7121.8    0.6265798     2.587403   0.09915624     19334.53
        7122      0.64094      2.61152   0.09851067     19334.05
      7122.2    0.6554748     2.625496   0.09955591      19333.3
      7122.4    0.6709164     2.644559   0.09001443     19334.37
      7122.6    0.6871368     2.667048   0.08754729        19336
      7122.8    0.7035425     2.683531   0.06984149     19335.82
        7123    0.7202106     2.695533     0.051881     19336.43
      7123.2    0.7377519     2.700432   0.07239078     19336.08
      7123.4      0.75567     2.708553   0.08182491     19333.58
      7123.6    0.7736707     2.741444    0.0755523     19332.94
      7123.8    0.7920273     2.760993   0.06039361     19331.35
        7124    0.8103709     2.760874   0.02182949     19331.26
      7124.2    0.8281596     2.756868   0.03121403     19331.25
      7124.4    0.8454452     2.758908   0.05207738     19330.15
      7124.6    0.8621736     2.785965   0.05868835     19329.93
      7124.8    0.8786787     2.802536   0.07190372      19328.6
        7125    0.8943854     2.803818   0.07478689      19326.5
      7125.2    0.9090092     2.816431   0.08391445      19326.5
      7125.4     0.922344     2.845794   0.08260458     19325.07
      7125.6     0.934873     2.869668   0.05955923     19324.48
      7125.8    0.9468601     2.869902   0.02883887     19325.95
        7126    0.9584875     2.864078  -0.01507953     19325.23
      7126.2    0.9706491     2.868865  -0.01561626     19323.62
      7126.4    0.9828484     2.857604   0.03540151     19322.62
      7126.6    0.9940825     2.857409   0.03221896     19320.98
      7126.8     1.005341     2.892399   0.03226594     19318.76
        7127      1.01767      2.89464   0.06842729     19317.84
      7127.2     1.030193     2.883417   0.06781585     19319.32
      7127.4     1.042546     2.912151   0.08197034     19320.01
      7127.6     1.055425     2.946652   0.09966378     19318.91
      7127.8     1.068449     2.960217   0.08516715     19318.27
        7128     1.082092     2.963148   0.09279416     19318.13
      7128.2     1.096571     2.980285    0.1022584     19317.15
      7128.4     1.110774     3.020887   0.05240176     19315.86
      7128.6     1.124813     3.042023 -0.008015622     19316.46
      7128.8     1.138159     3.005069  -0.02413589     19316.52
        7129     1.150504     2.973872  -0.02125747      19315.8
      7129.2     1.161569     3.001579  -0.02306752     19316.04
      7129.4     1.171725     3.025017   0.01768459     19315.79
      7129.6     1.180899     2.986615   0.03577262     19316.43
      7129.8     1.188757      2.98802   0.04772267     19318.85
        7130     1.194522     3.030197   0.09059975     19318.51
      7130.2     1.198514     3.063196   0.06608632     19317.61
      7130.4     1.201452     3.059095   0.02839314      19316.1
      7130.6     1.203968     3.040889   0.03935308     19312.81
      7130.8     1.205601     3.052911   0.05686003     19309.24
        7131     1.206358     3.094678   0.06860406     19306.75
      7131.2     1.206964     3.104583   0.06115329     19304.42
      7131.4     1.207505     3.095772 -0.005149406     19304.92
      7131.6     1.207263     3.101834   0.01738304     19304.24
      7131.8     1.207218     3.090558   0.04946284     19303.55
        7132     1.207189     3.118489   0.05139846     19303.88
      7132.2     1.206641     3.135342   0.06928968     19302.84
      7132.4     1.206017     3.142953 -0.005083415     19303.01
      7132.6     1.204977      3.14599  -0.09378252     19303.91
      7132.8     1.203157     3.114423   -0.1180813     19302.63
        7133     1.200869     3.060316    -0.106809     19302.26
      7133.2     1.197839     3.048488   -0.1577782     19302.65
      7133.4     1.193847     3.060543   -0.1822694      19301.3
      7133.6     1.188885       2.9882   -0.1665002     19302.25
      7133.8     1.183448     2.914501    -0.149736     19304.25
        7134     1.177641     2.915287  -0.05935956     19306.15
      7134.2     1.171503     2.940754   0.03903442     19307.05
      7134.4     1.165377     2.940713   0.03219199      19308.8
      7134.6     1.158903     2.945728  -0.01450902     19310.86
      7134.8     1.151942     2.941041  -0.03262379     19311.55
        7135     1.144903     2.929147  -0.05633903     19311.28
      7135.2     1.137985     2.914613  -0.01465445     19311.89
      7135.4     1.131164     2.900657   0.03129366     19313.42
      7135.6     1.124662     2.929317    0.0643646     19313.32
      7135.8     1.118325     2.954182    0.1067884     19312.85
        7136     1.111873     2.966105   0.06093459     19313.42
      7136.2     1.105809     2.986088  0.009975908     19314.17
      7136.4      1.10029     2.978065  -0.01275706     19314.64
      7136.6     1.094884     2.962163  -0.04853352      19313.9
      7136.8     1.089278     2.955899  -0.03010666     19309.86
        7137       1.0842     2.947261  -0.00777322     19302.31
      7137.2      1.07994      2.95398  -0.02065828     19288.45
      7137.4      1.07577     2.955944 -0.006095993     19265.07
      7137.6     1.072092     2.939373  0.006312785     19233.25
      7137.8     1.068695     2.942384   0.03314952     19194.63
        7138     1.065141      2.95903   0.09358733     19154.12
      7138.2     1.061641     2.982464   0.08886461     19117.16
      7138.4     1.058078     3.014243 0.0002935671     19091.63
      7138.6     1.054718     3.013476  -0.07165527     19082.68
      7138.8     1.051462     2.959265  -0.04950798     19088.59
        7139     1.048685     2.925139   0.01263367     19105.29
      7139.2      1.04659     2.974636   0.04192165     19130.58
      7139.4     1.044659     3.023583  0.003607184     19159.07
      7139.6     1.042925     2.992802   -0.1041676     19187.89
      7139.8     1.041964     2.928025   -0.1793475     19217.01
        7140     1.041188     2.891302   -0.1176014     19243.82
      7140.2     1.040295     2.880105  -0.01515563     19266.78
      7140.4     1.039271     2.898721   0.08423752     19286.82
      7140.6     1.038553     2.915901    0.1882042     19301.76
      7140.8     1.038266     2.958692    0.1927191     19310.61
        7141     1.037499     3.030668    0.1150857     19313.25
      7141.2     1.036744     3.052896   0.02139545     19313.02
      7141.4     1.036354     3.007969  -0.07091886     19309.27
      7141.6     1.035914     2.975809   -0.0909286     19298.94
      7141.8     1.034962     2.973933  -0.04876884     19279.63
        7142     1.033358     2.980154  -0.05180462      19251.2
      7142.2     1.031951     2.968954  -0.06078831     19215.87
      7142.4     1.030954     2.934365  -0.04795649     19176.12
      7142.6     1.029981     2.925302  0.003804686     19136.02
      7142.8     1.029335     2.941788   0.09143873     19103.63
        7143     1.028727     2.971998   0.07775755     19083.09
      7143.2     1.027882     3.007516  -0.03045392     19076.93
      7143.4     1.027125     2.987509    -0.128309     19090.01
      7143.6     1.026205     2.917425   -0.1557757     19117.76
      7143.8     1.025305     2.869351  -0.09573716     19153.61
        7144     1.024421     2.882895 -0.007693189     19193.93
      7144.2     1.023055     2.910919   0.05180973     19233.43
      7144.4      1.02175     2.911271   0.01264208        19266
      7144.6     1.020762     2.910798   -0.0314999     19291.53
      7144.8     1.019648     2.893009 -0.005025843     19310.98
        7145     1.018679     2.885719 -0.007637619     19323.46
      7145.2     1.017697      2.90725 0.0006817117     19330.42
      7145.4     1.016535     2.904688   0.03744264     19335.72
      7145.6     1.014803     2.893554   0.02205827      19339.5
      7145.8     1.012917     2.915673   0.02999773     19340.79
        7146     1.011754     2.924897    0.0442343     19342.57
      7146.2     1.010332     2.928687   0.02176474     19345.18
      7146.4     1.008105     2.928942   0.03462911     19347.49
      7146.6     1.006095     2.933085   0.03265796     19350.54
      7146.8     1.003906       2.9526   0.03258684     19352.41
        7147     1.001686     2.954813   0.03918951     19354.66
      7147.2     0.999372     2.955011   0.01504825     19357.05
      7147.4    0.9970232     2.964436   0.01502217     19361.05
      7147.6    0.9947488     2.964638   0.01430767     19363.79
      7147.8    0.9923131     2.966831   0.00214427     19364.17
        7148    0.9893518     2.966457   0.01976597     19365.18
      7148.2    0.9859687     2.966152   0.04672101     19366.73
      7148.4    0.9828631     2.980451   0.05862975     19369.78
      7148.6    0.9803592     3.004207   0.05744584     19372.77
      7148.8    0.9775528     3.013361   0.05857001     19375.14
        7149    0.9744096     3.012108   0.03357913     19376.66
      7149.2    0.9712736     3.027307 -0.000170587     19377.27
      7149.4    0.9679796     3.031071   0.00187673     19377.07
      7149.6     0.964784     3.013225 -0.0004931922     19375.05
      7149.8    0.9617869      3.01361   0.01464619     19373.57
        7150    0.9592144     3.026913   0.06059162     19375.29
      7150.2    0.9570497     3.042788    0.0667178     19377.56
      7150.4    0.9548596     3.061698   0.04993673     19377.51
      7150.6    0.9526801     3.066984   0.01524096     19378.76
      7150.8    0.9502278     3.066862  -0.02431495     19381.79
        7151    0.9476717     3.054981  -0.02224096     19384.07
      7151.2    0.9456908     3.042246  -0.03182118     19387.57
      7151.4      0.94376     3.049191  -0.03108541     19389.76
      7151.6    0.9423584     3.041405  -0.02280529     19388.67
      7151.8     0.941308     3.030112  -0.04213765        19388
        7152    0.9399883     3.024002  -0.03289067     19388.02
      7152.2    0.9379588     3.015481  0.008212474     19387.86
      7152.4    0.9364255     3.015093   0.03677244     19389.57
      7152.6    0.9357042     3.036682   0.03799357      19391.4
      7152.8    0.9352794      3.05342   0.04849296     19392.96
        7153    0.9348756     3.045876  0.003771819     19396.29
      7153.2    0.9345553     3.053887  -0.01713145     19398.02
      7153.4    0.9344741       3.0397    0.0313787     19398.13
      7153.6    0.9343856     3.039715    0.0212979     19399.86
      7153.8    0.9342647     3.070979   0.04792219      19402.4
        7154    0.9344028     3.070925   0.05535021      19403.7
      7154.2    0.9345899     3.078037   0.04124262     19404.44
      7154.4    0.9348737     3.083995   0.06806467     19403.93
      7154.6    0.9353611     3.103973   0.04575846     19403.46
      7154.8    0.9360946     3.125377   0.02540804     19403.15
        7155    0.9370063     3.114644  -0.01116009     19402.88
      7155.2    0.9378468     3.104321  -0.04993894     19403.59
      7155.4    0.9385608     3.095045  -0.03082924      19404.1
      7155.6    0.9394926     3.085426  0.003533274     19404.66
      7155.8     0.940575     3.089981   0.02316492     19405.52
        7156    0.9417411     3.107148   0.02009233     19407.05
      7156.2    0.9431983     3.113577  0.009576718     19410.89
      7156.4    0.9444297       3.1015  -0.02750262     19413.75
      7156.6    0.9453783     3.097642  -0.06429011     19413.35
      7156.8    0.9463966     3.085146   -0.0546535     19413.98
        7157    0.9474983     3.062145  -0.05358699     19415.96
      7157.2    0.9489877     3.057777  -0.04522342     19416.87
      7157.4     0.950348     3.054773 -0.008562441      19417.9
      7157.6    0.9514063     3.048967   0.01657578     19418.45
      7157.8    0.9525235     3.055295   0.02199993     19417.88
        7158    0.9535276     3.071038   0.02234207     19417.56
      7158.2    0.9543593     3.072372   0.05387112     19417.07
      7158.4    0.9552598     3.066841   0.05643561     19416.79
      7158.6    0.9560699     3.098392    0.0414267     19417.42
      7158.8    0.9569274     3.116186   0.02550879     19417.36
        7159    0.9580961     3.105514 -0.009114772     19418.21
      7159.2    0.9595875     3.087248  0.001224872     19419.04
      7159.4    0.9607138       3.0911   0.01697131     19420.61
      7159.6     0.961724     3.117166   0.03380546     19421.79
      7159.8    0.9625941     3.119091   0.02277468     19422.79
        7160    0.9630988     3.114292   0.00622285     19423.89
      7160.2    0.9634334      3.10932  0.005544718     19426.33
      7160.4    0.9637286     3.122144 -0.002043135     19427.73
      7160.6    0.9643868     3.123527  -0.02720723     19427.44
      7160.8    0.9653687     3.112658  -0.07414728     19425.38
        7161    0.9662966     3.087554   -0.1050359     19424.45
      7161.2    0.9671134     3.062826   -0.1070932     19426.47
      7161.4    0.9675626     3.039498  -0.05099569     19428.48
      7161.6    0.9677717     3.026983  0.006785144     19430.37
      7161.8    0.9682895     3.046757   0.03383564     19432.59
        7162    0.9692689     3.068255   0.03947192     19435.34
      7162.2    0.9700235     3.066566  0.005200839     19437.52
      7162.4    0.9701672     3.058561  -0.05055958     19436.79
      7162.6    0.9700518     3.050918  -0.03911902     19434.76
      7162.8    0.9697579     3.027807   0.01236681     19432.68
        7163    0.9697509     3.035271   0.01669489      19431.1
      7163.2    0.9701916     3.068454   0.03615955     19431.55
      7163.4    0.9709676     3.064274  0.009084531     19431.63
      7163.6    0.9719701     3.056735  -0.03426942      19430.7
      7163.8    0.9730036     3.042539 -0.005447499     19431.38
        7164    0.9739459     3.041038   0.01629319        19433
      7164.2    0.9744074     3.059916   0.03360046     19434.37
      7164.4    0.9744589     3.069769   0.01288919     19434.91
      7164.6    0.9749189     3.069419  -0.05224019     19436.65
      7164.8    0.9753918      3.05135  -0.07025993     19437.05
        7165    0.9761024     3.018124   -0.0844612     19437.62
      7165.2    0.9767832     3.013561  -0.04418009     19439.33
      7165.4    0.9774115      3.00185   0.02212528      19440.8
      7165.6     0.977925     3.016006   0.03172094     19440.79
      7165.8    0.9781017     3.035824    0.0405889     19439.88
        7166    0.9779329     3.038938  0.001398744     19437.84
      7166.2    0.9780399     3.034321  -0.04979895     19437.97
      7166.4    0.9786381     3.017125  -0.04875825     19439.14
      7166.6    0.9795305     2.995985  -0.04263826        19439
      7166.8    0.9803922     2.999931  -0.02488223     19440.07
        7167    0.9811728     3.000211 0.0002514896     19441.83
      7167.2    0.9820489     2.997219   -0.0140946     19443.18
      7167.4    0.9831677     2.996186 -0.004074033     19442.46
      7167.6    0.9841878     2.988656   0.02260352     19440.91
      7167.8     0.984812     2.996952   0.04609188     19441.44
        7168    0.9856545     3.015302   0.06481829     19442.79
      7168.2    0.9866061      3.03306   0.05188859     19443.66
      7168.4    0.9869091      3.04051   0.02097074     19443.84
      7168.6    0.9872224     3.038462    -0.023391     19443.56
      7168.8    0.9882084     3.032078  -0.04558531     19443.92
        7169     0.989227     3.014347  -0.04612791     19445.96
      7169.2    0.9899723     3.004042  -0.03375312     19447.12
      7169.4    0.9903294      3.00156 -0.008065351     19448.53
      7169.6     0.990625     3.005076    0.0202825     19449.24
      7169.8    0.9912594     3.007895   0.03137159     19447.43
        7170    0.9919946     3.020268   0.01590498     19447.45
      7170.2    0.9929327     3.026657 -0.008949497     19449.08
      7170.4    0.9936901       3.0178  -0.04508509     19448.88
      7170.6    0.9943352     3.000735  -0.04923822     19449.88
      7170.8    0.9951683       2.9842  -0.02360909     19449.34
        7171    0.9958843     2.987267  0.004676537     19448.31
      7171.2    0.9965278     2.998913   0.02719723     19448.45
      7171.4    0.9971625     3.004476  0.004340718     19449.41
      7171.6    0.9978226     3.005958  -0.01123757      19451.5
      7171.8    0.9981431     2.990739  -0.02566484     19453.97
        7172    0.9984188     2.989923  -0.04148046     19453.92
      7172.2    0.9990504     2.983944  -0.01994528     19453.93
      7172.4    0.9999644     2.972773  -0.04536088     19455.33
      7172.6       1.0008     2.974783  -0.06554412     19457.66
      7172.8     1.001588     2.953634  -0.04306719     19457.53
        7173     1.002188     2.931509  -0.03392648     19456.18
      7173.2     1.002434      2.93832  0.009019169     19457.47
      7173.4     1.002759     2.947642   0.05967701     19456.94
      7173.6      1.00302     2.960849   0.04487973     19455.32
      7173.8     1.003274     2.979251   0.02349545     19457.47
        7174     1.003874     2.974223   0.02408327     19460.61
      7174.2      1.00437     2.966438 -0.001704994     19462.36
      7174.4     1.004772     2.980116  -0.01419334      19463.5
      7174.6     1.005078     2.977887  -0.03088366     19464.25
      7174.8     1.005183     2.962869  -0.06492692     19465.78
        7175      1.00545     2.941731  -0.04857248     19466.78
      7175.2     1.005599     2.928174  -0.04352327     19465.56
      7175.4     1.005798     2.939029   -0.0357313     19465.77
      7175.6      1.00621      2.92805  0.002016289     19468.28
      7175.8     1.006565     2.913146  -0.02671134     19470.27
        7176     1.006713     2.929787  -0.04048765     19470.47
      7176.2     1.006869      2.91766  -0.05006078     19471.21
      7176.4     1.007239      2.89566  -0.08834456     19472.48
      7176.6     1.007597     2.873098  -0.05765078     19470.61
      7176.8       1.0078     2.859112  -0.02989184     19470.82
        7177     1.007592     2.871539 -0.002429188     19472.06
      7177.2     1.007108     2.871746   0.02056762     19473.21
      7177.4     1.007066     2.871154  -0.01024304     19475.26
      7177.6      1.00758     2.875566  -0.02691815     19475.94
      7177.8     1.007859     2.863344 -0.005279581     19474.23
        7178     1.007352     2.850212   0.01925702     19474.03
      7178.2     1.006956     2.866931   0.03477637      19475.4
      7178.4     1.007243     2.890971   0.03471888     19476.27
      7178.6     1.007365     2.891166  0.000173661     19478.11
      7178.8     1.007166     2.877987  -0.02109294     19478.77
        7179     1.007001      2.86707  -0.01410778      19478.1
      7179.2     1.006705     2.874097  -0.01530181     19478.36
      7179.4     1.006529     2.879879 0.0009454819     19476.72
      7179.6     1.006707     2.865746 -0.003367452     19475.51
      7179.8     1.006964     2.867826  -0.04896125     19477.96
        7180     1.007138     2.871403  -0.02651311     19479.84
      7180.2     1.007268      2.84071  -0.01105675     19481.32
      7180.4     1.007333     2.844535  -0.02988958     19482.71
      7180.6      1.00715     2.858981  0.001518266     19483.33
      7180.8     1.006616     2.847491   0.02751002      19482.9
        7181     1.006424     2.841925  0.009505813        19484
      7181.2     1.006574     2.866543   0.01313789      19484.7
      7181.4     1.006992     2.866585   0.02796079     19484.17
      7181.6     1.007542     2.858002  -0.01067168     19485.36
      7181.8     1.007473     2.864294 -0.009144658     19486.65
        7182     1.007529     2.858006  0.003858895     19486.98
      7182.2     1.008017      2.85927 0.0006732425     19487.96
      7182.4     1.008227     2.861089   0.02006757     19488.04
      7182.6     1.008293     2.864832    0.0143325     19488.79
      7182.8     1.008134      2.87406 -0.009262017     19489.21
        7183     1.008182     2.870736  -0.03921291     19490.17
      7183.2     1.008683     2.853679  -0.06144104     19492.61
      7183.4     1.009119     2.833462  -0.04085539     19494.96
      7183.6     1.009279     2.824907  -0.01315421        19497
      7183.8     1.009193     2.838051  0.009220587     19497.33
        7184     1.009105     2.843156   0.03917227     19496.79
      7184.2     1.009221     2.840838   0.02495085     19498.36
      7184.4     1.009554     2.856245   0.02916466     19500.06
      7184.6     1.009923     2.858012   0.04174901     19499.26
      7184.8     1.010143     2.866488  0.007329534     19499.24
        7185     1.010308     2.874238 -0.003062583     19499.75
      7185.2     1.010289     2.862108 -0.008579437     19500.17
      7185.4     1.010036     2.855562  -0.01363822     19501.02
      7185.6     1.009959     2.859624 -0.001415775     19503.12
      7185.8     1.010477     2.863327   0.01447824     19505.17
        7186     1.011207     2.860976   0.03826583     19507.06
      7186.2     1.011605     2.867144   0.02959554      19505.7
      7186.4     1.011806     2.890237   0.02819554     19505.42
      7186.6     1.011776     2.887003   0.04001692     19506.45
      7186.8     1.011666     2.883532  0.005257594     19508.34
        7187     1.011614     2.899158 -0.007989725     19511.12
      7187.2     1.011561     2.894443   0.01110139     19511.46
      7187.4     1.011668     2.880612 -0.001182597     19511.06
      7187.6     1.011778     2.892413 3.403454e-05     19512.35
      7187.8     1.012188     2.898212  0.005403818     19514.94
        7188     1.012562      2.89447    -0.024825     19514.75
      7188.2     1.012835     2.884935  -0.01324724     19514.16
      7188.4     1.013123     2.872553   0.01316626     19515.37
      7188.6     1.012941     2.887614   0.02671573      19515.3
      7188.8     1.012608     2.905003   0.04711346     19515.28
        7189      1.01254     2.906307   0.02250214     19515.81
      7189.2     1.012557     2.910244 0.0003747075     19516.64
      7189.4     1.012574     2.905616    0.0195957     19517.24
      7189.6     1.012615     2.905303   0.02983808     19516.61
      7189.8     1.012414     2.921984   0.03733406     19518.07
        7190     1.012112     2.934115   0.03615702     19520.26
      7190.2      1.01187     2.935483   0.02377465      19521.8
      7190.4      1.01171     2.934228 -0.0007574219     19520.89
      7190.6     1.011897     2.941004   0.01410889     19522.25
      7190.8     1.012275     2.933509   0.01965475     19523.73
        7191     1.012459      2.94677   0.01321041     19524.05
      7191.2     1.012618     2.949952    0.0473314     19524.96
      7191.4     1.012623     2.951572   0.02053471     19525.37
      7191.6     1.012497     2.971374    0.0235795     19525.97
      7191.8     1.012172     2.963198   0.04794803     19526.92
        7192     1.012023     2.968816   0.03204806     19528.31
      7192.2     1.011992      2.98993   0.03705354      19529.6
      7192.4      1.01196     2.997012    0.0309149     19529.72
      7192.6      1.01233     2.992841 -0.003729537     19530.01
      7192.8     1.012601     2.993548  -0.03567016     19531.48
        7193     1.012647     2.986947  -0.02987988     19533.46
      7193.2     1.012491     2.968476  -0.01772174     19532.87
      7193.4     1.012187     2.968937  -0.02057758      19530.8
      7193.6     1.012077      2.97937  -0.01650653     19531.99
      7193.8      1.01226     2.970485  -0.01673578     19535.63
        7194     1.012702     2.955271  -0.02598549     19537.63
      7194.2     1.012909     2.955548  -0.01415568     19537.38
      7194.4     1.013083     2.958582   0.01597596     19537.47
      7194.6     1.012989      2.95916   0.03612233     19536.37
      7194.8     1.012946     2.968052   0.03461962     19536.35
        7195     1.013304     2.984446    0.0361219     19537.46
      7195.2     1.013709     2.986278   0.03128533     19539.25
      7195.4     1.013963     2.988058  0.006087743     19541.53
      7195.6     1.014122      2.99308   0.01446275     19542.82
      7195.8     1.014478     2.989316 0.0008456209     19544.47
        7196     1.015161     2.997848  -0.02481754     19545.72
      7196.2     1.015475     2.988734  -0.02294165     19545.96
      7196.4     1.015508     2.973226    -0.023081     19547.88
      7196.6     1.015747     2.970963   -0.0244968      19549.3
      7196.8     1.015975     2.979383  -0.02535923     19550.75
        7197     1.016271     2.969137  -0.03906356     19552.06
      7197.2     1.016485     2.952939  -0.05254546     19552.93
      7197.4     1.016428     2.939712  -0.01884444     19552.58
      7197.6      1.01663     2.937347  0.001960475     19551.65
      7197.8     1.016883     2.954061    0.0112067     19552.11
        7198     1.016754     2.954507   0.02473225      19553.2
      7198.2     1.016711     2.948678 -0.001883077     19554.58
      7198.4     1.016777     2.957132  -0.02568304     19555.84
      7198.6     1.017034     2.952555  -0.03796899     19556.17
      7198.8     1.017785      2.93396  -0.03946204      19556.7
        7199     1.018066     2.918302 -0.006655123     19558.42
      7199.2     1.017782     2.925563 -0.004513054     19559.42
      7199.4      1.01772     2.947231 -0.007774748      19560.4
      7199.6     1.017677      2.93035  -0.01511924     19562.98
      7199.8     1.018016     2.912083  -0.01204963     19565.47
        7200     1.017895     2.913467  -0.01012456     19564.09
      7200.2     1.017939     2.937591  -0.00623191     19563.85
      7200.4     1.018305      2.92225  -0.01788897     19564.11
      7200.6     1.018743     2.907097  -0.04590139     19564.31
      7200.8     1.018812     2.899156   -0.0211953     19564.89
        7201     1.018781      2.90087    0.0146796     19565.67
      7201.2     1.018434     2.905294   0.01267126     19566.98
      7201.4     1.018023     2.918841  -0.01672833     19566.14
      7201.6     1.018249     2.909293  -0.02834625     19565.99
      7201.8     1.018859     2.887487  -0.04668687     19567.86
        7202     1.019287     2.882617  -0.03232421     19570.07
      7202.2     1.019409     2.881491  -0.01819676     19572.22
      7202.4     1.019499     2.883434  -0.03004069     19572.92
      7202.6     1.019422      2.87293   -0.0296041     19571.97
      7202.8     1.019266     2.858585   -0.0329273     19571.59
        7203     1.019499     2.857808  -0.03564476     19573.64
      7203.2     1.019741     2.857092  -0.06420328     19576.95
      7203.4     1.019719     2.844414  -0.08521339     19578.38
      7203.6     1.019739     2.807222  -0.09518766     19577.89
      7203.8     1.019743     2.789637   -0.1057367     19578.16
        7204      1.01938     2.780942  -0.07527124     19578.01
      7204.2     1.019326     2.759824  -0.02394592     19576.93
      7204.4     1.019366     2.747005    0.0271824     19577.15
      7204.6     1.019383      2.77048   0.05266548     19579.73
      7204.8     1.019645     2.802688   0.05714537     19582.28
        7205     1.019762     2.801957   0.01899405     19583.85
      7205.2      1.01991     2.792721  -0.01758707     19583.61
      7205.4     1.020037     2.785676 -0.0005683933     19584.25
      7205.6     1.020101     2.788618   0.02667445     19585.17
      7205.8      1.02018     2.801502   0.03812719     19584.56
        7206     1.020419     2.814061   0.01282906     19584.85
      7206.2      1.02063     2.816177  -0.02480213     19585.95
      7206.4     1.020235     2.798881  -0.04913552     19587.16
      7206.6      1.01979      2.78166  -0.04782773      19587.5
      7206.8     1.019838     2.774752   0.01166524     19587.85
        7207     1.019785     2.777915   0.06544018     19589.71
      7207.2     1.019905     2.808214   0.05203084     19591.24
      7207.4     1.020616     2.834013   0.01448272     19592.53
      7207.6     1.021183     2.816377  -0.05067979     19593.65
      7207.8     1.021221     2.789501   -0.0994735     19594.19
        7208     1.020752      2.76767  -0.05453259     19595.57
      7208.2     1.020518     2.754434     0.041134     19596.64
      7208.4     1.020572     2.772751   0.08162108     19595.78
      7208.6     1.020608     2.822409   0.09079517     19595.96
      7208.8     1.020701     2.832967   0.04829138      19597.4
        7209      1.02049      2.82707  -0.03122204      19597.3
      7209.2     1.020153     2.811384  -0.04498288      19596.2
      7209.4     1.020068     2.797431  -0.06031854     19597.54
      7209.6     1.019844      2.79698  -0.07743785      19600.3
      7209.8     1.019541     2.778815  -0.02659875     19600.62
        7210     1.019523     2.749434   0.06564342     19599.83
      7210.2     1.019721     2.776152    0.1400874     19600.67
      7210.4     1.020009     2.849495    0.1636248     19601.03
      7210.6     1.020204     2.890885    0.1111502     19601.75
      7210.8     1.020218     2.880334   0.02618543     19603.34
        7211     1.020111     2.865072  0.001221412     19604.29
      7211.2     1.019802     2.870443   0.06414136     19604.62
      7211.4      1.01935     2.891862    0.1063877     19604.24
      7211.6     1.018828     2.931647   0.07343434     19604.03
      7211.8     1.018319     2.950182   0.02953683     19604.57
        7212     1.018101     2.929191  -0.02753431     19605.46
      7212.2     1.017936     2.915492  -0.06447325     19605.54
      7212.4     1.017629     2.909619  -0.03770014     19606.26
      7212.6     1.017145     2.898604   0.02643338      19607.8
      7212.8     1.016961     2.899031   0.04258533     19608.86
        7213     1.016857     2.936638   0.06568196     19607.38
      7213.2     1.016943     2.943688   0.08825481     19608.42
      7213.4     1.017004     2.951149    0.0357656     19611.62
      7213.6     1.016717     2.969635    0.0393101     19613.46
      7213.8     1.016272     2.965251   0.06354995     19612.98
        7214     1.015715     2.975136   0.04362603     19613.21
      7214.2     1.015303     3.001989   0.02847195     19613.12
      7214.4     1.014959     3.004535   0.02775269     19612.08
      7214.6      1.01455     2.988028   0.02828331     19613.93
      7214.8     1.014569     2.997338   0.04874956     19614.84
        7215     1.014787     3.024616    0.0797164     19614.68
      7215.2     1.014223     3.043535   0.05638591     19616.76
      7215.4     1.013626     3.051801   0.01186913     19619.31
      7215.6     1.013541     3.042447  0.008341515     19619.77
      7215.8     1.013086     3.034111   0.02455305     19618.33
        7216     1.012761     3.050208   0.02796207     19619.91
      7216.2     1.012634     3.071444   0.01090863     19622.89
      7216.4     1.012187     3.064816  -0.01218194     19622.88
      7216.6     1.011504     3.042838 -0.006507545     19619.84
      7216.8     1.011063     3.040463   0.01314427     19618.79
        7217     1.011083     3.066238   0.04668018     19619.44
      7217.2     1.011088     3.075332   0.07223983     19620.88
      7217.4     1.011206     3.080182   0.04121495     19623.09
      7217.6     1.011203     3.098255 -0.0001294144     19623.98
      7217.8     1.010938      3.09921  -0.00476775     19624.04
        7218     1.010502     3.075228   0.02599027     19624.98
      7218.2     1.010336     3.076368   0.03977592     19625.97
      7218.4     1.010256     3.119047   0.05928362     19626.82
      7218.6     1.010012     3.131031    0.0724321     19627.56
      7218.8     1.009686     3.122655   0.04927297     19627.89
        7219     1.009499     3.134314   0.05845405     19630.57
      7219.2     1.009494     3.158465   0.05169326     19632.99
      7219.4     1.009192     3.177794   0.01106468     19633.07
      7219.6     1.008803      3.16401   -0.0195168     19634.15
      7219.8     1.008927     3.143166  -0.04393563     19635.37
        7220     1.008967     3.142852  -0.02327985        19636
      7220.2     1.008325     3.142645  -0.01029632     19637.12
      7220.4     1.007663     3.145386  -0.03595558      19639.8
      7220.6     1.007442     3.134929  -0.05391208     19641.21
      7220.8     1.007489     3.114087  -0.04217495     19640.63
        7221     1.007584     3.099516  -0.01817982     19640.66
      7221.2     1.007471     3.111646   0.00502978     19642.07
      7221.4     1.006901     3.120385   0.04360856     19641.36
      7221.6     1.006794     3.118111     0.045828     19641.94
      7221.8     1.007038     3.134402   0.04658188     19644.13
        7222     1.006679     3.148308   0.05337928     19643.88
      7222.2     1.006044      3.15765    0.0348138     19641.96
      7222.4     1.005696     3.160815   0.01345799     19640.05
      7222.6     1.005217     3.162253   -0.0132689     19640.85
      7222.8      1.00472     3.159075  -0.02664748     19643.07
        7223     1.004624     3.147035  -0.03306348     19645.86
      7223.2     1.004611     3.139497   -0.0455504     19647.04
      7223.4     1.004627     3.135803  -0.05131313     19645.64
      7223.6     1.004574     3.122634  -0.04778348        19646
      7223.8     1.004292     3.105985   -0.0572781     19647.66
        7224     1.004132      3.10127  -0.05897686     19648.43
      7224.2     1.003933      3.08998  -0.03291472     19648.33
      7224.4     1.003845     3.075453  -0.02987408     19649.55
      7224.6     1.003921     3.079653  -0.02985775     19651.34
      7224.8     1.003732      3.07737  -0.03009464      19651.3
        7225     1.003591     3.066094  -0.07249161     19651.67
      7225.2      1.00346     3.051377   -0.1023714     19652.01
      7225.4     1.003365     3.021659   -0.1066562     19652.17
      7225.6      1.00306     2.995473  -0.09121754     19652.57
      7225.8     1.002344     2.980769  -0.08501783     19651.62
        7226     1.002005     2.978403  -0.07085865     19652.51
      7226.2     1.001821     2.953645  -0.02101671     19652.82
      7226.4     1.001459     2.938786   0.02165669     19652.41
      7226.6      1.00138     2.963956   0.06808718     19653.99
      7226.8     1.001378     2.995728   0.07710747     19656.13
        7227     1.001016     3.008115   0.03532565     19657.84
      7227.2     1.000716     3.000472  -0.02319005     19658.94
      7227.4     1.000466     2.992216  -0.06641008     19659.48
      7227.6    0.9999532     2.977176  -0.06356674     19660.53
      7227.8    0.9996534     2.954987  -0.06413757     19661.94
        7228    0.9995597     2.949619  -0.04447471     19663.91
      7228.2    0.9994188     2.940906  0.005353271     19666.68
      7228.4    0.9991152     2.941596   0.01588898     19666.52
      7228.6    0.9989738      2.95927  0.005407385     19667.07
      7228.8    0.9988638      2.96233 -0.0007632899     19667.61
        7229    0.9983531     2.945232  -0.06514038     19667.44
      7229.2    0.9973537     2.940986     -0.11677     19667.95
      7229.4    0.9966605     2.907157   -0.1105906     19666.85
      7229.6    0.9964199     2.868914  -0.08024889     19666.79
      7229.8    0.9961816      2.85676  -0.03721646     19669.26
        7230    0.9960661     2.876787  -0.01196078     19670.83
      7230.2    0.9958833     2.877384  -0.01293716     19671.07
      7230.4    0.9955918     2.859346  -0.05435744     19672.32
      7230.6    0.9953302      2.84641  -0.06139414     19673.08
      7230.8    0.9952986     2.833301   -0.0412658     19672.75
        7231    0.9952354     2.828269  -0.01495505     19673.55
      7231.2    0.9949501     2.826333  0.005682055     19675.65
      7231.4    0.9946414     2.834446 -0.005639824     19676.47
      7231.6    0.9940715     2.837846  0.009544694     19674.86
      7231.8    0.9936887     2.823757  0.007839261     19674.24
        7232    0.9935236     2.833969   0.00131954     19674.82
      7232.2    0.9931423     2.840717   0.02427253     19675.72
      7232.4    0.9931092     2.838902 -0.005537404     19678.97
      7232.6    0.9929865     2.843175  -0.04253708     19679.94
      7232.8    0.9927395     2.829539  -0.06528365     19677.69
        7233    0.9927143     2.806688  -0.07873814     19677.47
      7233.2    0.9923272     2.786675  -0.04936693     19677.01
      7233.4    0.9919207     2.780184  -0.02596215     19676.78
      7233.6    0.9918643     2.790045  -0.01917215     19677.88
      7233.8    0.9918857     2.785918 -0.004339085     19678.32
        7234    0.9916582     2.771337  -0.01233604     19678.07
      7234.2    0.9914377     2.776713  -0.02609604      19678.4
      7234.4    0.9914413     2.780176  -0.01240301     19679.29
      7234.6    0.9914805     2.765041 -0.009480567     19679.58
      7234.8    0.9916502     2.761415  -0.02141058     19681.77
        7235    0.9917428     2.769129  -0.01600184     19684.79
      7235.2    0.9914827     2.763048  -0.00845075     19684.24
      7235.4    0.9913143      2.75224   -0.0134963     19683.66
      7235.6    0.9912568     2.754654  -0.03067739     19684.07
      7235.8    0.9909605     2.758332  -0.04147056     19684.49
        7236    0.9906007     2.738506  -0.03283277     19686.98
      7236.2    0.9905351     2.719063   -0.0229396     19688.91
      7236.4    0.9904831     2.728388 -0.009726365     19687.75
      7236.6    0.9905049      2.73998  0.003069565     19686.49
      7236.8    0.9904524     2.730725  -0.01394815     19687.25
        7237    0.9907896     2.721519  -0.02345973     19688.33
      7237.2    0.9911234      2.71723  0.004737087      19689.2
      7237.4      0.99121     2.721212  0.007380393     19690.38
      7237.6    0.9913472     2.734515   0.00872184     19691.78
      7237.8     0.991399     2.727423   0.01497849     19692.36
        7238    0.9913037     2.724207  -0.01219285     19692.05
      7238.2    0.9911802     2.733195 -0.005254291     19691.65
      7238.4    0.9910618      2.72476  0.007155648     19690.79
      7238.6    0.9909876      2.72322 -0.007285587     19690.16
      7238.8     0.990953     2.729932    0.0187686     19691.95
        7239    0.9908264     2.727366   0.03034759     19694.69
      7239.2    0.9906237     2.739775   0.01107393     19696.06
      7239.4    0.9904889     2.747498   0.00940015     19697.93
      7239.6    0.9905278     2.738791  -0.01526017     19698.84
      7239.8    0.9906129     2.734887  -0.01353516     19698.68
        7240    0.9908789     2.727567   0.01295518     19699.23
      7240.2    0.9914225      2.73667 0.0001644232     19701.23
      7240.4    0.9914579     2.749155 -0.009624995     19703.66
      7240.6    0.9916179     2.735018  -0.00879142     19703.78
      7240.8    0.9917205     2.719867  -0.00720643     19704.86
        7241    0.9914817     2.729636  0.001288677     19704.35
      7241.2    0.9915401      2.74339   0.01531579     19702.58
      7241.4    0.9917691     2.736049   0.01131844     19701.16
      7241.6    0.9921278      2.73212  -0.01298669     19702.17
      7241.8    0.9927813     2.738691  -0.01361048     19705.26
        7242    0.9931481        2.733  -0.00411783     19705.94
      7242.2    0.9929798     2.725161  -0.00874657     19706.05
      7242.4    0.9929297     2.728825 -0.005498768     19707.08
      7242.6    0.9931014     2.731694   0.00821162     19708.16
      7242.8    0.9932665     2.728601   0.00977157     19710.52
        7243    0.9936976      2.73173  0.007818205     19711.35
      7243.2    0.9939723     2.736643   0.01905249     19711.61
      7243.4    0.9941312     2.737949   0.02965414     19712.22
      7243.6     0.994217     2.743843   0.03280125        19711
      7243.8    0.9940778     2.755453   0.02314922     19709.02
        7244    0.9945045     2.762884  0.008341058     19710.54
      7244.2    0.9948028     2.756468  -0.00459686     19711.35
      7244.4    0.9952243     2.750516  0.003404277     19712.19
      7244.6    0.9956525     2.751776   0.02119634     19714.76
      7244.8    0.9956864     2.765607  0.002177321     19717.08
        7245    0.9955885     2.773425 -0.008501478      19718.6
      7245.2    0.9954528     2.752258    0.0029333     19719.03
      7245.4    0.9954096     2.744975  0.003434265     19718.87
      7245.6    0.9956471     2.767954   0.01798104     19717.26
      7245.8    0.9961073     2.776172   0.02337246     19715.46
        7246    0.9964779     2.766643 -0.001408174     19716.53
      7246.2    0.9965734     2.763673  -0.01911096     19717.47
      7246.4    0.9965223     2.766827 -0.002541303     19717.39
      7246.6    0.9966669     2.760884   0.03836886     19718.95
      7246.8    0.9968461      2.76461   0.04893486     19719.99
        7247    0.9968887     2.794368   0.02942806     19719.95
      7247.2     0.997571     2.805975 -0.001965922     19721.92
      7247.4    0.9980364     2.784426  -0.02094187     19723.03
      7247.6    0.9982709     2.763037 -0.008335491     19723.54
      7247.8     0.998632     2.777614  0.009323785     19724.73
        7248    0.9987481     2.799307   0.02202877      19725.9
      7248.2    0.9989158     2.791885   0.01118016     19725.72
      7248.4    0.9988941      2.78066  -0.01544181     19725.62
      7248.6    0.9990006     2.786558  -0.01558644      19727.4
      7248.8    0.9991626     2.786953 -0.0009409402     19729.25
        7249    0.9989815     2.779416 0.0004952501     19730.52
      7249.2    0.9992144     2.779907   0.01265172     19731.57
      7249.4     0.999802     2.786955   0.02489506     19731.96
      7249.6    0.9999061     2.797075   0.01356632     19731.82
      7249.8    0.9996795     2.799332  -0.01512393      19731.5
        7250    0.9997726     2.790761  -0.04268602     19732.24
        7252     1.002959     2.788731 -0.007167609     19738.26
        7254     1.005212     2.776197  -0.00433837     19746.48
        7256     1.007732     2.746137 -0.002218311     19755.55
        7258     1.010557     2.744192 -0.001419446     19762.99
        7260     1.012712     2.770985  0.002189897     19770.49
        7262     1.014418     2.764842   0.00177715     19774.62
        7264     1.016984     2.763656  0.000554342     19784.43
        7266     1.018213     2.758409  0.005119689     19794.84
        7268     1.019243      2.77542  0.003161357     19800.33
        7270      1.01894     2.805799  0.007321102     19801.41
        7272     1.019136     2.788947   0.01031169     19813.26
        7274     1.018654     2.816978  0.003421891     19816.82
        7276     1.018592     2.857913   0.01047447     19825.59
        7278     1.017935     2.833174   0.01172784      19829.9
        7280     1.017114     2.872743 0.0006397833     19840.08
        7282     1.015221       2.9108  0.001984692     19843.01
        7284     1.013717     2.863031  0.007088067     19847.88
        7286     1.012296     2.849052 -0.009936201     19853.55
        7288       1.0108     2.929447 -0.004667169     19863.82
        7290     1.008942     2.831311 -0.003085028        19871
        7292     1.007079     2.825694   -0.0185286     19876.99
        7294     1.005825     2.824372  -0.01086424     19889.78
        7296     1.004928     2.781218  -0.01137667     19890.57
        7298     1.003686     2.744397  -0.01625766     19894.51
        7300     1.003172     2.734681  -0.01032347     19905.92
        7302     1.002861     2.694311 -0.008279869     19910.98
        7304     1.002755     2.698631 -0.008107063      19915.8
        7306      1.00261     2.678158 -0.004056635     19926.04
        7308     1.002766     2.669824 -0.002032465     19930.52
        7310     1.001939     2.661857 -0.002747385     19936.91
        7312      1.00165     2.682371 -0.001642684     19938.37
        7314     1.001115     2.656179 -0.0003438148     19947.05
        7316     1.001481     2.656683 -0.003162436     19959.51
        7318     1.001597     2.659107 -0.003641275     19963.62
        7320     1.001639     2.657071 -0.004640279     19973.41
        7322     1.001013     2.627049  -0.00290152      19979.3
        7324     1.000733      2.61956 -0.003858699     19983.28
        7326     1.000389     2.635895  0.001029293     19990.32
        7328     1.001464     2.626202 0.0007448364     19995.64
        7330      1.00145     2.635283 -0.004197922     20004.96
        7332     1.001226     2.625519 -0.002771057     20007.65
        7334     1.000989     2.602311 -0.005750172     20012.87
        7336    0.9997944     2.604033 -0.004269195      20019.8
        7338    0.9999717     2.589281 -0.001416974     20028.35
        7340     1.000356     2.591366 -0.002777406     20033.97
        7342     1.000306     2.590976  0.003448647     20036.81
        7344     1.000696     2.581814  0.005835185     20047.89
        7346     1.000993     2.616871  0.007672676     20053.69
        7348     1.000533     2.638047  0.007732624     20059.92
        7350     1.000208     2.652357  0.007412408     20059.18
        7352     1.000649     2.643675  0.008614164     20071.93
        7354     1.000605      2.67617  0.004151373     20077.59
        7356     1.000392      2.70696   0.00781118     20082.11
        7358     1.000867     2.685568  0.004969129     20090.35
        7360     1.000536     2.706165 -0.0006574376     20093.13
        7362     1.000627     2.715923  0.002950447     20099.02
        7364      1.00122     2.701701 -0.002774985     20104.08
        7366     1.001766     2.709172 -0.001427089     20113.25
        7368     1.000986     2.683965 0.0008265374     20121.11
        7370     1.001458     2.704506 -0.004445628     20121.47
        7372     1.000374     2.708313 -0.006495035     20126.54
        7374    0.9995005     2.673607  -0.01001254     20132.98
        7376    0.9996682     2.632004  -0.01444104     20139.97
        7378    0.9999959     2.624406  -0.01426407     20146.82
        7380    0.9993907     2.592785   -0.0122221     20155.97
        7382    0.9988212     2.559494  -0.01469637     20157.62
        7384    0.9988147     2.534228  -0.01057442     20165.56
        7386    0.9986352     2.506835 -0.007705894     20169.74
        7388    0.9993514     2.508189 -0.004747653     20181.74
        7390    0.9984775     2.497847 -0.002255621     20187.26
        7392    0.9983531     2.496246 -0.001506363     20188.51
        7394    0.9980222      2.48879 0.0001425715     20199.99
        7396    0.9975373     2.496139 0.0005126567     20201.19
        7398    0.9971761     2.498987  0.000139303     20210.21
        7400    0.9976217     2.500348 -0.0005130277      20216.3
        7402    0.9979088     2.489904 0.0007634358     20218.86
        7404    0.9975791     2.492034 -0.0002282675     20224.31
        7406    0.9970858     2.505095  0.002308544     20232.89
        7408    0.9970869     2.498522 -0.0007938283      20239.7
        7410    0.9969867     2.508373 -0.001419153     20246.55
        7412    0.9968111     2.485684 -1.195287e-05     20249.59
        7414     0.996346     2.493742 -0.003756807     20257.52
        7416    0.9972506     2.498426 -0.0001169668     20263.78
        7418    0.9967178     2.478318 -0.001559013     20266.38
        7420    0.9958647     2.484748 -0.003585748     20268.07
        7422    0.9958782      2.48127 -0.001340731     20277.84
        7424     0.996091      2.46974  -0.00379119     20280.39
        7426    0.9963532     2.467592 -0.003174878     20285.94
        7428     0.996579     2.454418 -0.0009762137     20290.88
        7430    0.9961766      2.45587 -0.001481091      20302.1
        7432    0.9959438      2.46193  0.001232495     20306.43
        7434     0.996036     2.455744 -0.002648261     20311.85
        7436    0.9954852     2.464278 0.0001823759     20316.87
        7438    0.9957052     2.434684 -0.0002762743      20324.6
        7440    0.9964297     2.463389 -6.515106e-05     20330.69
        7442    0.9962513     2.453533  0.002674132     20333.57
        7444    0.9962151     2.463757  0.002068317      20341.7
        7446    0.9962407     2.456077  0.003520109     20347.01
        7448    0.9960497     2.479936  0.001842637     20351.64
        7450    0.9955229     2.481694  0.002775816     20357.25
        7452    0.9958074     2.478498 -0.0001408621     20366.12
        7454    0.9965415     2.478284 8.647123e-05     20373.63
        7456    0.9965564     2.478809 -0.001987549     20374.47
        7458     0.996405     2.482386 2.542665e-05     20381.57
        7460    0.9960433     2.462598 -0.002700687     20385.83
        7462     0.995929     2.478487 -0.007458276     20391.92
        7464    0.9955638     2.457203 -0.003691474     20394.54
        7466    0.9958502      2.42272 -0.007936244     20403.64
        7468    0.9953316     2.433066 -0.006254304     20408.77
        7470    0.9956026     2.414997 -0.002553807     20412.16
        7472    0.9963004     2.407169 -0.005429439     20416.84
        7474    0.9953725     2.402289 -0.004221674     20423.35
        7476    0.9950119     2.389631 -0.003626106     20425.99
        7478    0.9954465     2.381224 -0.004358444     20433.61
        7480    0.9951495      2.37816 -0.002962868     20439.72
        7482    0.9958635     2.367422 -0.003841137     20449.03
        7484    0.9952177     2.365928 -0.001943566     20448.86
        7486    0.9953845     2.350495  -0.00150012     20454.81
        7488    0.9948848     2.362612  -0.00411103     20458.13
        7490    0.9951733     2.355421 -0.001394284     20463.39
        7492    0.9953655     2.333039 -0.002632874     20467.26
        7494    0.9951011     2.339341 -0.004344971     20478.56
        7496     0.994429     2.341549 -0.002225188     20479.81
        7498    0.9954646     2.320661 -0.001165802     20485.02
        7500    0.9948961     2.315238 -0.001575096     20491.57
        7502    0.9947144     2.330014  0.001133554     20494.52
        7504    0.9954355     2.328948  0.001421336     20502.46
        7506    0.9953824      2.32973 -0.001799931     20504.94
        7508    0.9948096     2.326609 -0.002380027     20509.88
        7510    0.9946425     2.315615 -0.002629391     20513.24
        7512    0.9948383     2.309908 -0.001695697     20517.91
        7514    0.9954558     2.308695 -0.0009116682     20523.26
        7516    0.9952477     2.313043 -0.001607748      20525.5
        7518    0.9954215     2.308321 -0.002268142     20511.75
        7520    0.9954871     2.297046 -0.001414486     20500.68
        7522    0.9947975     2.290549 -0.002760681     20495.69
        7524    0.9957786     2.301727  -0.00164946     20457.22
        7526    0.9970023     2.286236 -0.001769755     20036.98
        7528    0.9944812      2.28385 -0.001882836     20355.06
        7530    0.9962391     2.276391 -5.607065e-05     20086.65
        7532    0.9946947     2.286664 -0.001106894     20437.32
        7534    0.9951742     2.285787 -0.0006602775     20558.54
        7536    0.9955512     2.274995 -0.0008297136     20545.23
        7538    0.9952909     2.271109 -0.002220659     20553.55
        7540    0.9954479     2.280027 -0.001053566     20579.59
        7542    0.9955369     2.268022 -0.001351008     20593.35
        7544     0.995399     2.266566 -0.001715342     20599.28
        7546    0.9953241     2.260301 -0.0003756973     20601.96
        7548    0.9955471     2.266304 -0.001035556     20609.13
        7550    0.9956211     2.265017  5.72117e-05     20615.22
        7552    0.9955272     2.258282 -0.001123958     20618.49
        7554    0.9959637     2.260759  -0.00171785     20625.33
        7556    0.9958876     2.257312  0.000214612     20629.08
        7558    0.9954584     2.251274 6.192458e-05     20630.91
        7560    0.9954566     2.259999 -0.002523359     20637.17
        7562    0.9954361     2.261254 0.0006613737     20644.69
        7564    0.9953597     2.237125 0.0002299086     20649.42
        7566    0.9961306     2.256565 -0.002179192     20656.97
        7568    0.9961965     2.261838  0.002495987     20655.19
        7570    0.9950029     2.243821 -0.002145125     20662.08
        7572    0.9955124     2.257093 -0.003623627     20666.83
        7574    0.9958522     2.239404 -0.002605714     20670.75
        7576    0.9953186     2.232849 -0.004454903     20677.34
        7578    0.9955604     2.222975   -0.0033086     20681.74
        7580    0.9952474     2.221454 -0.003399526     20683.14
        7582    0.9955806     2.212935 -0.002687869     20685.64
        7584    0.9954521     2.205653 -0.003677378     20689.94
        7586    0.9953617     2.201472 -0.002929494     20691.63
        7588    0.9959801     2.192035 -0.003201751     20696.79
        7590    0.9955905     2.189499 -0.003003833     20703.75
        7592     0.995763     2.180039 -0.002234698     20703.17
        7594    0.9959796     2.177441 -0.002678626     20708.78
        7596    0.9951968     2.174158 -0.002115412     20709.41
        7598    0.9951781      2.16807 -0.0004899743     20712.04
        7600    0.9960445     2.163115 -0.001785361     20715.14
        7602    0.9954472     2.173521 -0.0009248237     20720.13
        7604    0.9958649     2.159875 -0.001059295     20728.19
        7606    0.9959946     2.160671 -0.002572375     20731.29
        7608    0.9961448     2.154641 -0.001775326     20733.52
        7610    0.9957567     2.152942 -0.002144655     20737.56
        7612    0.9956461     2.145672 -0.001919316     20736.35
        7614    0.9956544     2.143514 -0.001611162     20743.08
        7616    0.9957352     2.139287 -0.001684902     20746.89
        7618    0.9956615     2.140053  -0.00126043     20754.35
        7620    0.9957161     2.132193 0.0002531044     20755.29
        7622    0.9962455     2.133431 -0.001658058     20764.93
        7624    0.9956901     2.141311  1.75106e-05     20764.85
        7626    0.9962192     2.126789 -0.001012655      20765.4
        7628    0.9958818     2.132333 -0.002554961     20772.98
        7630    0.9968145      2.12533 -0.0002920126     20779.32
        7632    0.9961668     2.120872 -0.002000235     20781.43
        7634    0.9965998     2.124453 -0.002876475     20783.87
        7636    0.9967338     2.116331  -0.00183173     20784.87
        7638    0.9964165     2.102318 -0.002244205     20798.72
        7640    0.9965807     2.106218 -0.002806678     20801.46
        7642    0.9958788     2.106499 -0.001877371     20798.19
        7644    0.9970426     2.093878 -0.003182449     20807.08
        7646     0.996966     2.087299 -0.002243345     20812.26
        7648    0.9963399     2.080758 -0.001448448     20811.25
        7650    0.9967412     2.088552 -0.001741342     20815.32
        7652    0.9971319      2.08229 -0.001261477     20824.07
        7654    0.9971242     2.073368 -0.002370807     20827.19
        7656    0.9967743     2.070666  -0.00160711     20830.19
        7658    0.9975403     2.069586 0.0005096322     20841.23
        7660    0.9966244     2.069433 0.0001452711     20840.61
        7662    0.9971118     2.077445 -0.0006979309     20839.59
        7664    0.9970516     2.071829 0.0004132097     20842.34
        7666     0.997356     2.064002 -0.001952009     20846.73
        7668    0.9975458     2.072739 -0.0001440441     20854.42
        7670     0.997303     2.061829 -0.0006501862     20851.94
        7672    0.9976303     2.070676 -0.003831411     20854.99
        7674    0.9971747     2.058801 -0.001883484     20860.37
        7676    0.9973249     2.042088 -0.004663462     20866.03
        7678    0.9977445     2.046761 -0.001836355     20868.06
        7680    0.9970415     2.033369  0.001030316     20870.66
        7682    0.9974532      2.04411 -0.0003479517     20873.98
        7684    0.9975419      2.05033 0.0003609238     20883.95
        7686    0.9974553     2.043978 -0.0002871744     20883.98
        7688    0.9975022     2.036256 -0.002294812     20886.66
        7690    0.9968375     2.041813 -0.001992493     20888.27
        7692    0.9976349     2.031972 -0.002053698     20894.38
        7694    0.9976219     2.028038 -0.003126231     20901.65
        7696    0.9980154     2.019826 -0.001904865      20905.3
        7698    0.9980722     2.016803 -0.001207936     20908.42
        7700    0.9986329     2.016733 -0.0007072738     20913.03
        7702     0.998925     2.018374 -0.0004633874     20915.97
        7704    0.9987207     2.014168 -0.0007398518     20920.47
        7706    0.9984127     2.013096 -0.002337461     20922.44
        7708    0.9986388     2.010814 -0.002014989     20928.55
        7710    0.9985735     1.999674 -0.002307878     20929.46
        7712    0.9990008     1.998048 -0.002037035     20936.66
        7714    0.9990571     1.994633 -0.001802123     20946.02
        7716     0.999144     1.994518 -0.001231763     20942.61
        7718    0.9993129     1.985257 -0.0004225722     20945.66
        7720    0.9992805     1.988194 -0.0002528748     20951.44
        7722    0.9988305     1.991252 3.792417e-05     20954.12
        7724     0.998817     1.992495 0.0001318954     20957.93
        7726    0.9995141     1.985561 -0.0001553736     20957.44
        7728    0.9990149     1.989249 -0.001012492     20962.19
        7730    0.9998521     1.990009 -0.001593601     20967.91
        7732    0.9993522     1.984395 -0.001498482     20970.28
        7734    0.9997485     1.972812 -0.001690562     20975.47
        7736     1.000156     1.977261 -0.002290467     20981.62
        7738     1.000337     1.976485 -0.001283661     20981.24
        7740     1.000222     1.966071 -0.002123051     20983.54
        7742     1.000133     1.962543 -0.001959091     20986.19
        7744     1.000616     1.960277 -0.0007210044     20993.33
        7746     1.000197     1.960812 -0.001658037     20994.36
        7748     1.000039     1.960303 -0.001576535     20995.55
        7750     1.000695     1.949278 -0.001441419     21000.55
        7752     1.000557     1.947665 -0.001198724     21000.86
        7754     1.000224      1.94928 -0.0004681506     21002.02
        7756     1.000989     1.950713 -0.001110419      21009.7
        7758     1.001086     1.945533 -0.001419415     21011.25
        7760     1.001008     1.938781  -0.00154427      21012.6
        7762     1.000878     1.937925  -0.00213031     21018.28
        7764     1.001503     1.938359 -0.001853691     21021.66
        7766     1.001235     1.928491 -0.002164871     21023.03
        7768     1.001168     1.923952 -0.003286536     21025.34
        7770     1.001495     1.920606 -0.002115564     21024.69
        7772     1.001028     1.912067  -0.00165825     21027.01
        7774     1.001342     1.911566 -0.002240164     21026.61
        7776     1.001341     1.910686 -0.001873684     21028.99
        7778     1.001878     1.902685  -0.00176037     21025.89
        7780     1.001904     1.897077 -0.002347856     21016.36
        7782     1.002004     1.897483 -0.0004124705     20988.15
        7784      1.00338     1.891903 -0.0002119048     20823.72
        7786     1.005545     1.899385 -0.002726594     19884.37
        7788     1.001525     1.895382 0.0002876672     20084.52
        7790    0.9987699     1.875671 -0.001270996     20380.67
        7792     1.001785     1.894204 -0.001326304      21045.6
        7794     1.001864     1.889217  0.002004414     21075.04
        7796     1.001848     1.884771 -0.001848955      21085.4
        7798     1.001968     1.891706 -0.001036377     21087.12
        7800     1.001794     1.879413 -0.001359186     21089.79
        7802     1.002179     1.880926 -0.003189586     21096.29
        7804     1.002414     1.873898 -0.001295949      21103.8
        7806     1.002547     1.866189 -0.002865277      21106.7
        7808     1.002734     1.869045 -0.001305393     21108.26
        7810     1.002269     1.858004 -0.0002518346     21106.33
        7812     1.002878     1.863455 -0.002114544     21113.21
        7814     1.002569     1.864174 -0.0002792045     21117.08
        7816     1.002297     1.852129  -0.00166491     21117.68
        7818     1.001958      1.85577  -0.00235823     21119.74
        7820     1.002898     1.850136 -0.001709495     21121.93
        7822     1.002586     1.845309 -0.002006376      21123.5
        7824     1.002514     1.838453 -0.001833148     21124.77
        7826     1.003168     1.839719 -0.001951007     21129.28
        7828     1.002496      1.83547 -0.001065578     21133.31
        7830     1.002849     1.829701 -0.001209406     21137.98
        7832     1.003017     1.829928 -0.001104952     21142.44
        7834     1.002486     1.830044 -0.001300905     21140.56
        7836     1.003064     1.826631 -0.001226799     21147.97
        7838     1.003149     1.819293 -0.001870972     21150.14
        7840     1.003175     1.820114 -0.001333812     21157.21
        7842     1.003312     1.815076 -0.0004362335      21158.3
        7844     1.003646      1.81596 -0.001166056     21162.45
        7846     1.002872     1.815803 -0.001311342     21161.56
        7848     1.002365     1.810785 -0.002175341      21164.2
        7850     1.002958     1.804585 -0.002621779     21166.78
        7852      1.00356     1.798558 -0.001437855     21172.41
        7854     1.003684     1.794829 -0.0007354937     21173.04
        7856     1.003251     1.799283 -0.0003900629     21173.57
        7858     1.003273     1.798702 -0.001251619     21174.36
        7860     1.003141     1.795437 -0.001371534     21178.85
        7862     1.003096     1.784816 -0.002262695     21181.48
        7864     1.003499      1.78831 -0.002245845     21184.14
        7866     1.002882       1.7806 -0.001337884     21185.07
        7868     1.003862      1.77747 -0.001296586     21195.83
        7870     1.004012     1.774113 -0.0009127854     21195.59
        7872     1.004074     1.777938  -0.00109436     21195.48
        7874     1.003666     1.773298  -0.00106241     21196.76
        7876     1.003898     1.768715 -0.002042718     21203.73
        7878     1.004025     1.765614 -0.001421691     21205.16
        7880     1.003839     1.761596  -0.00147753     21213.23
        7882     1.004121     1.761924 -0.001497239     21216.18
        7884     1.004182     1.756895 -0.002012495     21216.55
        7886     1.004419     1.753636 -0.002172483     21219.06
        7888     1.004095     1.745496 -0.001478812     21216.55
        7890     1.004258     1.744544 -0.001642989     21222.74
        7892     1.004313     1.745065 -0.001746065      21228.2
        7894     1.004259     1.740492 -0.002420331     21230.63
        7896     1.004089     1.731527  -0.00183289     21229.55
        7898     1.004419     1.725182 -0.001566912     21233.37
        7900     1.004086     1.730402 -0.001294525     21233.69
        7902     1.004428     1.727957 4.979018e-05     21240.22
        7904     1.004481     1.721171 -0.0009497314     21242.35
        7906     1.004556      1.72558 -0.001753645      21248.2
        7908     1.004178     1.722804 -0.0008986786     21251.78
        7910     1.004643     1.713928 -0.001922989     21254.32
        7912     1.004249     1.713982 -0.001001207      21256.3
        7914     1.004991     1.710196 -0.001360425     21219.25
        7916     1.005554     1.714794 -0.002605933     20954.54
        7918     1.004682     1.703044 -0.002631433      20544.5
        7920     1.004526     1.693134 -0.002533121     20956.09
        7922     1.004291     1.689145 -0.001247322     21198.84
        7924     1.004522     1.694529 -0.0001917836     21228.95
        7926     1.004475     1.693066  3.87968e-05     21245.81
        7928     1.004513       1.6916 -0.001305193     21252.76
        7930     1.004888     1.689455  -0.00122843     21257.38
        7932     1.005168     1.684088 -0.001753807     21264.17
        7934     1.004545     1.683238 -0.001423598     21264.43
        7936     1.004386      1.67757 -0.0007511472     21271.44
        7938     1.004991     1.678066 -0.001339977     21277.83
        7940     1.004695     1.678078 -0.0009795083     21280.02
        7942     1.005344     1.672518 -0.0005842735     21282.76
        7944     1.005103     1.669733 -0.001573861     21283.68
        7946     1.004489     1.673392 -0.0008069253     21284.06
        7948     1.005704     1.665487 -0.0008689018     21291.39
        7950     1.005053     1.666063 -0.001603042     21292.78
        7952     1.004773     1.662782 -0.001321994     21295.72
        7954     1.004811     1.660568 -0.001338822     21295.47
        7956     1.005486     1.654911 -0.001420032     21302.29
        7958     1.005182     1.655352 -0.001331971      21300.8
        7960     1.004868     1.651422 -0.001056206      21306.6
        7962     1.004912     1.649912   -0.0014782     21308.08
        7964     1.004935     1.646462 -0.001270958     21308.27
        7966     1.004817     1.643527 -0.001374525     21310.28
        7968     1.004979     1.641254 -0.002117743     21311.86
        7970     1.005109     1.638916 -0.001355604     21320.14
        7972     1.005461      1.62952 -0.001596752     21322.76
        7974     1.005106     1.632682  -0.00178296     21325.54
        7976     1.005671      1.62848 -0.0009932653     21329.36
        7978     1.005633     1.624652 -0.001357252     21327.06
        7980      1.00551     1.621574 -0.001542949     21330.59
        7982     1.005568     1.621824 -0.001180947     21333.67
        7984     1.005335     1.616137 -0.001433536     21335.31
        7986     1.005573     1.615204 -0.002064792     21333.88
        7988     1.005043     1.610105 -0.001368503     21341.79
        7990     1.005371     1.605306 -0.001110479     21342.21
        7992     1.005371     1.605189 -0.0006554845     21343.53
        7994     1.005247     1.606321 -0.001073912     21343.42
        7996     1.005601     1.604862  -0.00125366     21343.65
        7998     1.005631     1.596714 -0.001921786     21346.83
        8000     1.005323     1.595159 -0.002359228     21352.54
        8002     1.005659     1.590946 -0.0008715685     21354.59
        8004     1.005497     1.585988 -0.0009538024     21352.44
        8006     1.005696     1.589742 -0.001187949     21359.73
        8008     1.005314     1.587529 -0.0003339541     21361.69
        8010      1.00524     1.581443 -0.001446844     21362.32
        8012     1.005361     1.583316 -0.001656558     21363.99
        8014     1.005005     1.578167 -0.0008737924     21366.28
        8016     1.004929     1.574277 -0.001677096     21367.01
        8018     1.004889     1.574452  -0.00159225      21368.7
        8020     1.005149     1.569899 -0.001311922     21376.02
        8022     1.004877     1.565429 -0.001805021     21373.15
        8024     1.004564     1.563781 -0.001197414     21376.16
        8026     1.004555     1.560012 -0.001655969     21374.92
        8028     1.004707      1.56032 -0.001663039     21377.14
        8030     1.004207     1.552181 -0.0008152665     21379.53
        8032     1.003755     1.550477 -0.001455967     21386.25
        8034     1.003802      1.55349 -0.001055718     21389.19
        8036     1.003867     1.548672 -0.0005319185     21386.59
        8038     1.004313     1.543736 -0.001936994     21388.01
        8040     1.004767     1.546222 -0.001508939      21394.3
        8042     1.003907     1.537994 -0.0006364091      21386.4
        8044     1.003973     1.536601 -0.001104649     21397.66
        8046     1.003816     1.538644 -0.0009335893     21397.17
        8048     1.003935     1.537384 -0.001469488     21401.99
        8050     1.003585     1.530525 -0.001918828     21400.71
        8052     1.003534     1.524845 -0.002012711     21402.29
        8054     1.003552     1.523294   -0.0014278     21405.82
        8056     1.003193     1.521283 -0.001051485     21413.21
        8058       1.0036     1.519103 -0.001197469     21409.65
        8060     1.003804     1.516433 -0.001776694     21409.43
        8062     1.003622     1.513714 -0.001267046     21416.64
        8064     1.003567     1.507069 -0.002099039     21416.14
        8066     1.003323     1.508967 -0.001844893      21419.1
        8068     1.003172     1.499641 -0.001101234     21422.08
        8070     1.003278     1.498955 -0.001317788     21425.88
        8072     1.002844     1.498259 -0.0005281803     21418.64
        8074     1.003272     1.498424 -0.001029413     21422.64
        8076     1.002827     1.495415 -0.001676357     21426.63
        8078     1.002937     1.490719 -0.001918679      21429.2
        8080     1.003074     1.484848 -0.001624304     21428.31
        8082     1.002867     1.483075 -0.001296869     21433.29
        8084     1.002691     1.482421 -0.0007700092     21425.32
        8086     1.002607     1.480345 -0.0008012981     21434.95
        8088     1.002441     1.478688 -0.001483015     21432.42
        8090     1.002497     1.476665 -0.001025949      21433.7
        8092     1.002399     1.470557  -0.00114432     21439.71
        8094     1.002255     1.472137 -0.001428661     21440.95
        8096     1.001845     1.469534 -0.001191625     21440.45
        8098     1.002134     1.465235 -0.001470302     21444.72
        8100     1.001844     1.461024 -0.001616477     21445.41
        8102     1.001844     1.460375  -0.00119826     21441.84
        8104     1.001716     1.456602 -0.0008977674     21445.93
        8106     1.001784     1.455649 -0.0008277285     21447.51
        8108     1.001837     1.453842 -0.001430581     21452.97
        8110     1.001682     1.453753 -0.0008921598     21459.01
        8112     1.001356     1.445157 -0.001481327     21453.44
        8114      1.00127     1.448512 -0.001602239     21457.12
        8116     1.001152     1.441991 -0.0004162514     21456.04
        8118     1.001065     1.440935 -0.001478856     21459.37
        8120     1.001022     1.441827  -0.00111488     21463.51
        8122     1.001071     1.436681 -0.001035976     21462.88
        8124     1.000763     1.433072 -0.001296493     21464.33
        8126     1.000585     1.432647 -0.001350251     21464.92
        8128     1.000353     1.431455 -0.001147799      21462.6
        8130     1.000334     1.425879 -0.001275348     21464.34
        8132     1.000161      1.42389 -0.001556752     21463.23
        8134     1.000032     1.422444 -0.001327494     21465.53
        8136    0.9996219     1.419001 -0.001302446     21466.48
        8138    0.9998758     1.415259 -0.001347835     21470.28
        8140    0.9998336      1.41347 -0.001429665      21472.6
        8142    0.9996076     1.411662 -0.001125096      21471.6
        8144     0.999815     1.407564 -0.0008485716     21472.41
        8146    0.9994545     1.406258 -0.001259476     21470.23
        8148    0.9992117     1.406681 -0.0009327679      21472.3
        8150    0.9985787     1.401586 -0.001435357     21470.16
        8152    0.9988007     1.400102 -0.001748446     21473.72
        8154    0.9990057     1.394775 -0.001294458     21474.95
        8156    0.9988516     1.392694 -0.001047661     21475.79
        8158    0.9985703      1.39123 -0.0008288209     21477.89
        8160    0.9980053     1.391721 -0.0006436482     21482.67
        8162    0.9979985     1.388145 -0.001180308     21482.34
        8164    0.9977237     1.387545 -0.001777275     21483.57
        8166    0.9974415     1.381788 -0.001332808     21480.18
        8168    0.9975538     1.377502 -0.001842483     21482.34
        8170    0.9971293     1.377482 -0.001439837     21486.93
        8172    0.9973156     1.372805 -0.0009212419     21486.54
        8174    0.9968811     1.370269 -0.001573824     21488.22
        8176    0.9963473     1.370132 -0.001407846      21487.6
        8178    0.9962769     1.364892 -0.001301066     21485.22
        8180    0.9963604     1.361542 -0.001478348     21488.14
        8182    0.9960351      1.35986 -0.001207752     21489.18
        8184     0.995789     1.358306 -0.0009404751     21487.78
        8186    0.9957698      1.35523 -0.001266817     21491.18
        8188    0.9954826     1.354018 -0.001018694      21493.1
        8190    0.9952081     1.349726 -0.001696089     21489.26
        8192    0.9948599     1.350156 -0.001277172     21497.13
        8194    0.9950316     1.341661 -0.0007953364     21497.29
        8196    0.9950518     1.343801 -0.001069573     21497.37
        8198     0.994723     1.343363 -0.0009855749      21498.1
        8200    0.9944218     1.341599 -0.001446749     21503.88
        8202    0.9943392     1.333777 -0.001219646     21501.62
        8204    0.9943062     1.332227 -0.0009747885     21502.12
        8206    0.9938271     1.333606 -0.0008268757     21503.13
        8208     0.993583     1.333801 -0.001305719     21501.85
        8210    0.9935177     1.327162 -0.001311415     21502.37
        8212    0.9937134     1.321781 -0.001713508      21506.9
        8214    0.9932182     1.323115 -0.001308847     21501.55
        8216    0.9928877     1.320093 -0.0008412925      21503.8
        8218    0.9927494     1.316691 -0.001506011     21509.23
        8220    0.9925909     1.315051 -0.001282131     21514.67
        8222    0.9920293     1.311067 -0.001203765     21506.97
        8224    0.9922396     1.309836 -0.001361162     21513.76
        8226    0.9920442     1.307061 -0.0009494155     21514.34
        8228    0.9917618     1.304161 -0.001521022     21509.47
        8230    0.9913565     1.303471 -0.001118743     21512.56
        8232    0.9909068     1.297668  -0.00094924     21510.05
        8234    0.9911124     1.298111 -0.001083026     21515.68
        8236    0.9907402     1.296568 -0.0008991828     21518.88
        8238    0.9905695     1.294807 -0.001059823     21514.95
        8240    0.9903781     1.290474 -0.001093838     21514.34
        8242    0.9906181     1.289632 -0.001308034     21520.57
        8244    0.9899896     1.287817 -0.001474505      21517.6
        8246    0.9894942     1.284343 -0.001314549     21516.36
        8248    0.9890596     1.278678 -0.001176874     21516.52
        8250    0.9889809     1.279116 -0.0001680775     21518.95
