# This file has been produced by extranormal (v 1.0.1 - February 23, 2017)
# O. Roudenko - Synchrotron SOLEIL. Covered by GPL licence.
#Data from HDF File: /nfs/ruche-rock/rock-soleil/com-rock/2021/Projets/20210209_Hilde/InSitu/10Ni-10Fe_50BN/10Ni-10Fe_50BN_RWGS750_CO2pulses_H2cst_ratio1/10Ni-10Fe_50BN_RWGS750_CO2pulses_H2cst_ratio1_00931.nxs to 10Ni-10Fe_50BN_RWGS750_CO2pulses_H2cst_ratio1_00932.nxs
#Time at start=2021-02-10 14:42:38.997
#Time from start (seconds)=4654.11270201
#Sample temperature (C)=24.9
# Normalization -------------
# pivot spectrum: Pivot_Fe_10Ni-10Fe_50BN_RT_air_av2000_00001.txt
# E0=7112.0   Eshift=1.62142963995
# E0_pivot = 7112.0
# pre-edge params: from E0_pivot-140.0 to E0_pivot-20.0
# pre-edge range: [6972.0, 7092.0]
# post-edge params: from E0_pivot+100.0 to E0_pivot+1140.0
# post-edge range: [7212.0, 8250.0]
# I jump at E0_pivot = 1.24729117472
# shifted energy	normalized	reference	ref.derivative	I0
        6970  0.001240727     1.676557  0.001439493     18816.12
        6972  0.001240727     1.676557  0.001439493     18816.12
        6974  0.001219049      1.67781 -0.001928106     18822.47
        6976  0.001344705     1.667486 -0.001701538     18831.02
        6978  0.001111212     1.666662 -0.002512689     18839.22
        6980  0.001496889     1.662944 -0.001182676     18848.64
        6982  0.001103466     1.657709 -0.0009121555     18855.42
        6984  0.001071987     1.658024 -0.001704086     18863.98
        6986  0.001314305     1.659365 -0.001645768     18873.22
        6988 0.0008692439     1.649312 -0.001032668     18881.07
        6990 0.0004107488     1.644543 -0.002212155     18887.85
        6992 0.0004789091     1.649763 -0.001541321     18895.74
        6994 0.0001639531     1.641667 -0.0009353598     18902.91
        6996 -3.86005e-05     1.636981 -0.002124658     18909.63
        6998 -0.0002709144      1.63706 -0.001412218     18915.29
        7000 -0.0001365502     1.632766 -0.001629831     18919.84
        7002 -0.0001258033      1.63037 -0.002062285     18930.57
        7004 -0.0002961642     1.623942 -0.001696425     18938.07
        7006 2.787642e-05     1.620562 -0.002201945     18952.65
        7008 -0.0001008672     1.619194 -0.002005595     18957.57
        7010 -0.000229399     1.612754 -0.001158403     18962.54
        7012 -0.0006223156     1.607898 -0.001471191     18973.62
        7014 -0.000273862     1.611294 -0.0005506602     18983.92
        7016 -0.0006840323     1.607425 -0.0005809336     18988.84
        7018 -0.0005490498     1.608349 -0.001372425     18992.11
        7020 -0.0005254452      1.60325 -0.002075999     19003.67
        7022 -0.0006224829     1.600315 -0.001519462     19010.89
        7024 -0.0007372748     1.590817 -0.001386439     19018.69
        7026 -0.0008871052     1.596193 -0.001637098     19028.56
        7028  -0.00116582     1.592159 -0.001011667     19035.77
        7030 -0.001212347     1.587218 -0.001619507     19042.01
        7032 -0.001221807     1.582723 -0.001189949     19051.06
        7034 -0.001304719     1.583237 -0.001103111     19059.41
        7036 -0.0009826045     1.582639 -0.0006568592     19069.05
        7038  -0.00095201     1.578393 -0.001852911     19076.12
        7040 -0.0008760027     1.577469 -0.002085844     19083.71
        7042 -0.0005641208     1.568414 -0.001684542     19095.79
        7044 -0.0009971028     1.565952  -0.00263037      19105.7
        7046 -0.0006570109     1.564917 -0.001394524     19112.67
        7048 -0.0006145232     1.556426 -0.001759998     19119.24
        7050 -0.0005406228     1.557257 -0.001795499     19127.08
        7052 -0.0003334185     1.551872 -0.001048883      19136.6
        7054 -0.0008803453     1.550553 -0.001703043     19143.82
        7056 -0.001046154     1.548035 -0.0009722708      19150.4
        7058 -0.001267281     1.543633 -0.0009761153     19158.63
        7060 -0.000945005     1.544094 -0.0009779824     19167.54
        7062 -0.0005283317     1.542744  -0.00152606     19173.05
        7064 -0.0005952592     1.540211 -0.001212647     19179.39
        7066 -0.0002215271     1.531425 -0.001927132     19189.14
        7068 -0.0001505294     1.534393 -0.002123714     19193.64
        7070 4.617376e-06     1.527327 -0.001197305     19201.48
        7072 -0.0002793213     1.523221 -0.002103852     19207.82
        7074 0.0003535126     1.521846  -0.00161667     19217.95
        7076 0.0004415496     1.517562 -0.0005668663     19227.99
        7078 0.0009092422     1.514394 -0.001316211     19235.69
        7080 0.0009035836     1.518686 -0.0005739322     19243.58
        7082 0.0007556638     1.511317 -0.001062676     19250.67
        7084  0.001247523     1.512971 -0.002092436     19258.71
        7086  0.001602958     1.505892 -0.001142435     19263.89
        7088  0.001933836     1.501947 -0.001406849      19272.2
        7090  0.002206279     1.502177 -0.0005328221     19282.58
        7092  0.002772229     1.501716 -0.001163954     19290.14
        7094  0.002976148      1.50163 -0.0006158956     19297.73
        7096  0.003912851     1.492635 -0.0004607897     19302.32
        7098  0.004788455      1.49725 -0.0004804038     19310.01
        7100  0.005775223      1.49803 0.0003890709     19318.69
      7100.2  0.005918758     1.498009  0.000207632     19319.46
      7100.4  0.006062293     1.497988 2.619297e-05     19320.24
      7100.6  0.006205828     1.497968 -0.000155246     19321.01
      7100.8  0.006349363     1.497947 -0.000336685     19321.78
        7101  0.006492898     1.497926 -0.000518124     19322.55
      7101.2  0.006636433     1.497906 -0.000699563     19323.33
      7101.4  0.006779969     1.497885 -0.000881002      19324.1
      7101.6  0.006923504     1.497864 -0.001062441     19324.87
      7101.8  0.007144889     1.496328 -0.002819618     19324.25
        7102  0.007178404      1.49271 -0.007961581     19326.18
      7102.2  0.007101608     1.490421 -0.005067485     19328.87
      7102.4  0.007273639     1.490931 -0.001010977      19329.6
      7102.6  0.007518798     1.492274  -0.00477118     19329.04
      7102.8  0.007898916     1.491902 -0.001732045     19330.57
        7103  0.007884617     1.486604 -0.004004706     19330.47
      7103.2  0.007769167     1.489545 -0.004084346     19332.23
      7103.4  0.008116783      1.48907  0.006448012     19331.17
      7103.6  0.008511032     1.488634  0.004048126     19331.46
      7103.8  0.008886374     1.491762   0.00407723      19334.5
        7104  0.009110872     1.492784  0.008822974        19335
      7104.2  0.009153017     1.492332  0.002562532     19333.13
      7104.4  0.009078676     1.495693 -0.0007757939     19334.01
      7104.6  0.008893761     1.493812 -0.001984205     19333.07
      7104.8  0.009510457     1.492163 -0.005180073      19336.3
        7105   0.01004056     1.490744 0.0002383104      19339.5
      7105.2   0.01018942     1.491548  0.002915813     19340.31
      7105.4   0.01049831     1.494003  0.002472494     19340.98
      7105.6   0.01070499     1.494496 0.0001095012      19341.7
      7105.8   0.01080413     1.492722 -0.0008559325        19342
        7106   0.01099959     1.491636 0.0005853056     19341.28
      7106.2    0.0114083     1.493318  0.002038418     19342.55
      7106.4   0.01192569     1.494964  0.006285067     19344.68
      7106.6   0.01230529     1.494353   0.00659033     19344.69
      7106.8   0.01252773     1.496664  0.005724601     19346.41
        7107   0.01285893      1.49859  0.008721226     19348.27
      7107.2   0.01329203     1.499544   0.00671895     19350.26
      7107.4   0.01361795      1.50133  0.003889701     19349.64
      7107.6   0.01417681     1.502039  0.004186691     19349.44
      7107.8   0.01467206     1.501702 -0.001799616     19350.34
        7108    0.0150196     1.502893  -0.00659856     19350.14
      7108.2   0.01543442      1.49989 0.0004458116     19351.13
      7108.4   0.01593654      1.49676  0.005298417        19351
      7108.6   0.01672318     1.502059  0.009316763      19352.9
      7108.8   0.01743502     1.507132   0.01824165     19353.79
        7109    0.0180429     1.507344   0.01504393     19351.85
      7109.2   0.01904582     1.511354  0.008124833     19353.03
      7109.4   0.02002865     1.514094    0.0137235     19354.43
      7109.6   0.02102932     1.513632   0.01609187     19354.65
      7109.8   0.02220836     1.518323   0.02413927     19355.41
        7110   0.02325929     1.524227   0.03659814     19356.18
      7110.2   0.02490371     1.533405   0.04391671     19356.78
      7110.4   0.02706193      1.54291   0.05576358     19356.69
      7110.6   0.02951869     1.553456   0.06814061     19354.63
      7110.8   0.03264881     1.568838    0.0835315      19354.8
        7111   0.03647728     1.587918   0.09474256     19352.86
      7111.2   0.04120618     1.609735    0.1110995     19352.79
      7111.4   0.04710975      1.62925    0.1234753      19351.3
      7111.6   0.05386145     1.657718    0.1349369     19352.07
      7111.8   0.06153503     1.686698    0.1440263     19346.59
        7112   0.07052531     1.717685    0.1543284     19344.51
      7112.2   0.08026475     1.744471    0.1604346     19341.42
      7112.4    0.0898007      1.78118    0.1532519     19340.28
      7112.6   0.09880665     1.815046    0.1472159     19336.43
      7112.8     0.107471     1.840286    0.1367233      19335.8
        7113    0.1152225     1.862244    0.1235548     19335.49
      7113.2    0.1221237     1.890559    0.1030838     19335.07
      7113.4    0.1281901      1.91389   0.09176038     19333.19
      7113.6    0.1340204     1.922753   0.07464418     19332.45
      7113.8    0.1398969     1.935652   0.06573549     19332.86
        7114    0.1454484     1.950274    0.0745508     19333.26
      7114.2    0.1505653     1.966478   0.06571853     19334.08
      7114.4    0.1551287     1.982394   0.05998196     19335.57
      7114.6    0.1589182     1.988227   0.05631098     19335.43
      7114.8    0.1618547      1.99826   0.05328055     19338.07
        7115    0.1642067     2.011527    0.0612452     19338.56
      7115.2    0.1662324     2.025018   0.06449505     19337.65
      7115.4    0.1683386     2.037223   0.05069732     19337.55
      7115.6    0.1701139     2.049856   0.04188942      19337.8
      7115.8    0.1726311     2.052085   0.03199633     19338.13
        7116    0.1752753      2.05853   0.02342211      19336.5
      7116.2    0.1787606      2.06282   0.02910221     19335.62
      7116.4     0.183579     2.068594   0.02657881     19339.66
      7116.6    0.1889556     2.075366   0.02938668     19340.01
      7116.8    0.1953696     2.079793   0.01809447     19340.51
        7117    0.2027752     2.086329   0.01274604     19340.75
      7117.2    0.2109936     2.083069   0.02122892     19341.28
      7117.4    0.2201356     2.085563   0.03122654      19339.7
      7117.6    0.2304958     2.096776   0.05453809     19337.87
      7117.8    0.2418052     2.111311   0.06949769     19340.54
        7118    0.2541813       2.1267   0.08405189     19341.87
      7118.2    0.2684305     2.141161   0.09859707     19342.13
      7118.4    0.2843826     2.164018   0.09726399     19341.99
      7118.6    0.3014047     2.190188   0.09703883     19340.12
      7118.8    0.3196849     2.204511    0.1004065     19337.33
        7119    0.3395806     2.218792    0.1027996     19336.31
      7119.2    0.3614247     2.244343     0.110009     19339.21
      7119.4    0.3849226     2.272428    0.1167586     19341.08
      7119.6    0.4089852     2.292518    0.1261096     19342.28
      7119.8    0.4332226     2.312199    0.1219075     19341.55
        7120    0.4580112     2.345231    0.1266253     19337.04
      7120.2    0.4830987     2.369954    0.1353177      19335.6
      7120.4     0.506584     2.393818    0.1422633     19336.64
      7120.6    0.5280369     2.420453    0.1471085     19340.24
      7120.8     0.547589     2.459041    0.1521191     19341.65
        7121    0.5658656     2.487641    0.1416523     19337.88
      7121.2    0.5830533     2.515514   0.09946342     19340.17
      7121.4    0.5992697     2.533775   0.08665692      19337.9
      7121.6    0.6141141     2.538612   0.09563817      19338.2
      7121.8    0.6284213     2.556966    0.0875586     19337.66
        7122    0.6428868     2.592024    0.1100257     19337.17
      7122.2    0.6579566     2.603822     0.100332     19338.03
      7122.4    0.6732803     2.626632   0.08740117     19334.59
      7122.6    0.6888654     2.637232    0.1109595     19335.58
      7122.8    0.7049414     2.661945    0.1091789     19334.93
        7123    0.7223764      2.69259    0.1205292      19333.9
      7123.2    0.7399437     2.713976    0.1024027     19333.13
      7123.4    0.7575773     2.733655   0.05881151     19335.28
      7123.6     0.775496     2.743867   0.03779357     19334.99
      7123.8    0.7945416     2.739639   0.02351629     19335.24
        7124    0.8131412      2.74421   0.04116538     19334.16
      7124.2    0.8314607     2.752468   0.07279791     19334.54
      7124.4    0.8488882       2.7768   0.08052103      19334.6
      7124.6    0.8654482     2.797877   0.05839496     19333.65
      7124.8    0.8814834     2.808627  0.007393893     19332.51
        7125    0.8965592     2.799184  -0.01332647     19331.37
      7125.2    0.9111466     2.782715  0.007673418     19330.99
      7125.4     0.924555     2.787216   0.04417283     19330.75
      7125.6    0.9363857     2.814766    0.1018656      19329.7
      7125.8    0.9480945     2.834523    0.1223267      19327.7
        7126    0.9605263     2.864207   0.08280782     19326.57
      7126.2    0.9727874     2.885078   0.05628988     19325.76
      7126.4    0.9845309     2.881012   0.03593493     19325.67
      7126.6    0.9963844     2.879554    0.0222322     19323.34
      7126.8     1.008449     2.892955   0.05264444     19322.19
        7127     1.020279     2.902863   0.05064197     19323.21
      7127.2     1.032818     2.923128  0.005675257     19323.54
      7127.4     1.046019     2.920068   0.02594701     19324.99
      7127.6      1.05922     2.897495  0.002610091     19325.15
      7127.8     1.073023     2.923621  -0.01800189     19323.64
        7128     1.087222     2.925216   0.03521427     19324.26
      7128.2     1.101984     2.905666   0.01081804     19323.47
      7128.4      1.11706     2.925667   0.03548755     19321.68
      7128.6      1.13167     2.932275   0.08313068     19322.75
      7128.8     1.145843     2.953606   0.09984234     19322.09
        7129     1.158962     2.972171    0.1699342     19320.54
      7129.2     1.170847     3.005541    0.1036106     19318.37
      7129.4     1.181382     3.068223   0.07569261     19315.95
      7129.6     1.191239     3.036494    0.1065213     19314.14
      7129.8     1.198625     3.032725   0.05558371     19315.57
        7130     1.204135     3.090758    0.2298193     19313.92
      7130.2     1.208649      3.11269    0.1526024      19312.9
      7130.4     1.211892      3.22035   0.07687893     19311.08
      7130.6      1.21386     3.154807   0.06479521     19310.17
      7130.8     1.215317     3.152261    -0.115625     19310.47
        7131     1.216113     3.164526  -0.02177618     19310.86
      7131.2     1.216948      3.12785   0.01646914     19309.82
      7131.4     1.218268     3.137386  -0.05273134     19312.14
      7131.6     1.218411     3.165436  -0.03944731     19310.13
      7131.8     1.217839     3.122341  -0.05540004     19306.58
        7132     1.218891     3.096292   -0.1538441     19306.26
      7132.2     1.217915     3.093066   -0.1315675     19303.18
      7132.4     1.216979     3.042361   -0.1016696      19303.9
      7132.6     1.215199     3.017087    -0.111985     19302.29
      7132.8     1.212956     3.014956   0.00953263     19302.38
        7133     1.210764     3.003478   0.07670799     19304.12
      7133.2     1.207346     3.049987   0.09799977     19304.91
      7133.4     1.202949     3.078453   0.05451505     19305.28
      7133.6     1.197084     3.093356  -0.03443115     19306.39
      7133.8     1.191092      3.04709  -0.05262345     19306.12
        7134     1.184748     3.022442  -0.04584423     19305.76
      7134.2     1.178663     3.036354    -0.031906     19309.47
      7134.4     1.171619     3.056681  -0.07049996     19308.91
      7134.6     1.164045     3.021565   -0.1000748     19308.41
      7134.8     1.156696     2.966042   -0.1460196     19310.13
        7135     1.148957     2.956295   -0.1167489     19310.58
      7135.2     1.141629     2.939865  -0.06137969     19312.64
      7135.4      1.13499     2.928166  -0.09168411     19316.79
      7135.6     1.128361     2.916938  -0.06956582     19319.42
      7135.8     1.121649     2.882947  -0.02362476     19318.59
        7136     1.114851     2.884213  -0.01560749     19317.38
      7136.2     1.107827     2.909266   0.01884131     19316.11
      7136.4     1.101367     2.904452   0.03839969     19315.28
      7136.6     1.095809      2.89802  -0.01068023     19315.04
      7136.8     1.090835     2.914932 -0.005854861     19311.32
        7137     1.086445     2.900722  -0.02027469     19302.66
      7137.2     1.082025     2.899768  -0.03250158     19287.43
      7137.4     1.077915     2.881801   0.02409422     19261.77
      7137.6     1.074542     2.888931   0.06108179      19227.6
      7137.8     1.071611     2.919998    0.1223913     19188.12
        7138     1.068221     2.948634    0.1351925     19144.81
      7138.2     1.064298     2.979714   0.05830146     19111.76
      7138.4     1.061194     2.997085 -0.004418541     19089.07
      7138.6     1.058007     2.966639  -0.02314889     19080.67
      7138.8     1.054969     2.945099  -0.04014049     19087.08
        7139      1.05208     2.961195 -0.008788934     19102.24
      7139.2     1.050116     2.964973  -0.01757529     19127.25
      7139.4     1.048476     2.959608  -0.04917792     19155.74
      7139.6     1.046326     2.931039  -0.04976923     19185.59
      7139.8     1.045176     2.921852  -0.05898983      19213.4
        7140     1.044539     2.925157    -0.015635     19241.57
      7140.2     1.043479     2.912416  -0.05043133     19266.18
      7140.4     1.042632     2.918531 -0.007582957     19286.41
      7140.6     1.041705     2.881507 0.0001962363      19301.2
      7140.8     1.040836     2.919091   0.01712548     19311.98
        7141     1.040628     2.912573    0.1251111     19317.51
      7141.2     1.040099     2.932231    0.1098632     19313.76
      7141.4     1.039576     2.981596    0.1070152     19307.32
      7141.6     1.038982     3.006981   0.06304571     19298.39
      7141.8     1.038187     2.998185   0.01245168      19282.8
        7142     1.037224     2.982668  -0.01720791     19256.99
      7142.2     1.036394     2.991557  -0.04189808     19219.84
      7142.4     1.035572     2.993215  -0.01768597     19178.95
      7142.6      1.03482     2.964666  0.006769307     19136.85
      7142.8     1.034269     2.968519  -0.02510674     19101.98
        7143     1.033316     2.996973  0.002084746     19082.28
      7143.2      1.03194      2.97313   0.02779926     19073.84
      7143.4     1.030685     2.966334  -0.02613963     19082.91
      7143.6     1.029923     2.990758  -0.01013837     19111.52
      7143.8     1.029239     2.976061  -0.01870846     19149.77
        7144     1.028539     2.965019  -0.08371762      19191.2
      7144.2     1.027687     2.951368  -0.05944879     19230.06
      7144.4      1.02666     2.923784  -0.03681479     19261.97
      7144.6      1.02603     2.928502   0.01396043     19292.42
      7144.8     1.024623     2.935567   0.02104376     19310.99
        7145     1.023077     2.962536 -0.003378083     19323.35
      7145.2     1.021468     2.940619  -0.02563356     19330.32
      7145.4     1.020088       2.9258  -0.02612037     19334.41
      7145.6     1.018558      2.91506   0.02299688     19337.02
      7145.8     1.017501      2.94164  0.001202546      19345.8
        7146     1.015811     2.959017   0.01699456     19343.43
      7146.2     1.014291     2.926762   0.03534647     19346.58
      7146.4     1.012616     2.928656   0.06230445     19348.78
      7146.6     1.010111     2.969917   0.05077778      19348.8
      7146.8      1.00809      3.00886    0.0537096      19352.5
        7147     1.005535     2.967384   0.04339421     19355.09
      7147.2     1.003372     2.971624  0.005121572     19356.94
      7147.4     1.000556     3.004632   0.07992844     19358.97
      7147.6    0.9971536     3.012958   0.06579872     19361.28
      7147.8    0.9942901     3.031327   0.06713895      19363.1
        7148    0.9913512     3.024263   0.05762413     19364.23
      7148.2    0.9884872     3.058343  0.003759215     19366.96
      7148.4     0.985156     3.059057  0.002581916     19366.18
      7148.6    0.9821175     3.034334  -0.01794169     19367.89
      7148.8    0.9790001     3.026328 -0.007438513     19371.47
        7149    0.9759561      3.04399  0.008542229     19372.78
      7149.2    0.9730963     3.053106   0.01292821     19374.75
      7149.4    0.9700901     3.041168  -0.01359455     19376.18
      7149.6    0.9671068     3.036671  -0.02543343     19378.04
      7149.8    0.9637871     3.033114 -0.004877217     19380.07
        7150    0.9606374     3.032759  0.005700312      19379.5
      7150.2    0.9576957     3.037266  -0.00371467     19379.77
      7150.4    0.9547815     3.041231 -0.002883301     19382.96
      7150.6    0.9525599     3.030143   0.01469824     19386.05
      7150.8    0.9503817     3.030453   0.06504818     19387.44
        7151    0.9477383     3.049025   0.06566956     19388.19
      7151.2    0.9454014      3.09327   0.07084904     19388.01
      7151.4    0.9430062     3.082678    0.0112262     19390.75
      7151.6    0.9409529     3.087132  -0.06173943     19391.79
      7151.8    0.9389419     3.058006  -0.03536517     19392.08
        7152    0.9373619     3.043878  -0.00250883      19389.8
      7152.2    0.9358829     3.054386   0.04423924     19389.59
      7152.4    0.9348217     3.085125   0.06942855     19390.71
      7152.6    0.9337444     3.093397    0.0419843     19390.91
      7152.8    0.9329136     3.099421 -0.0007252614     19391.52
        7153    0.9321517     3.087973  -0.02567083     19393.55
      7153.2    0.9312335     3.084545   0.02119815     19394.14
      7153.4    0.9305111      3.07286  -0.03254855     19395.78
      7153.6    0.9302333     3.116379  -0.02759028     19393.72
      7153.8    0.9304735     3.061935  -0.04578089     19396.35
        7154    0.9310355     3.062472  -0.06641344     19398.99
      7154.2     0.931103     3.036236   0.01771059     19398.87
      7154.4    0.9318074     3.063249  -0.01019781     19400.39
      7154.6    0.9325771     3.076103   0.02790499     19401.41
      7154.8    0.9330709     3.054314 -0.007314263     19403.46
        7155    0.9335577      3.05856  0.002884055     19405.38
      7155.2     0.934076     3.057397     0.053718     19407.31
      7155.4    0.9347296      3.07841   0.05912906     19408.09
      7155.6     0.935514     3.097289   0.09065037     19406.17
      7155.8    0.9368802     3.105863   0.07453115     19407.37
        7156    0.9383904     3.129917   0.01654736     19407.03
      7156.2    0.9397791     3.138035  -0.05569448     19408.05
      7156.4    0.9411418     3.110526   -0.1108768     19412.78
      7156.6    0.9418937     3.061307   -0.1190918     19412.04
      7156.8      0.94272     3.041216  -0.06439624     19412.22
        7157    0.9442357     3.042762  0.002470417     19412.03
      7157.2    0.9460004     3.059009   0.02015692      19413.7
      7157.4    0.9471237     3.063283   0.02900679     19414.79
      7157.6    0.9485604     3.057342   0.01352911     19415.42
      7157.8     0.949793     3.065967  -0.01613171     19415.48
        7158     0.950792     3.069833  -0.03812349     19415.47
      7158.2    0.9510455     3.050378  -0.06731832     19416.59
      7158.4    0.9514098     3.026843  -0.01278347     19415.92
      7158.6    0.9524819     3.012113  -0.03274524      19416.9
      7158.8    0.9536607     3.059606  -0.02311243     19416.06
        7159    0.9553147     3.024182  0.002353212     19417.83
      7159.2    0.9565568     3.008353  -0.05308935      19419.2
      7159.4    0.9573294     3.013995   0.01961408     19423.91
      7159.6    0.9577737     3.017135   0.04545064     19423.01
      7159.8    0.9590731     3.039873   0.03522981     19424.71
        7160     0.960101     3.044713  0.002489478     19426.08
      7160.2     0.960778     3.042179   -0.0463211     19425.47
      7160.4    0.9615988     3.019126  -0.04949377     19423.66
      7160.6    0.9625063     3.002816  -0.00246105     19426.27
      7160.8    0.9631867     3.005118   0.03742834     19426.42
        7161    0.9637662      3.04021   0.01995288     19426.41
      7161.2    0.9643925     3.049069   0.02165485     19429.17
      7161.4    0.9650366     3.018779  -0.02084519     19428.97
      7161.6    0.9657656     3.022442  -0.07266333     19429.17
      7161.8    0.9661266     3.023534  -0.04405522     19430.05
        7162    0.9664621     2.990938   0.01126718     19429.68
      7162.2    0.9672012     2.983534    0.0502468     19431.74
      7162.4    0.9677375     3.031456   0.07696488     19433.36
      7162.6    0.9681872     3.063731    0.1286616      19432.1
      7162.8    0.9687325      3.05251   0.08905139      19432.2
        7163    0.9693505     3.086464   0.02915087     19433.63
      7163.2    0.9698464     3.102697  0.001461742     19432.32
      7163.4     0.970031     3.087052  -0.05806146     19431.25
      7163.6    0.9705186     3.053679    -0.109644     19433.17
      7163.8    0.9706391     3.040015   -0.1274103     19433.34
        7164    0.9710731     3.014982   -0.1046603     19433.65
      7164.2    0.9718608     2.985124    -0.102585     19435.68
      7164.4    0.9722866     2.969951  -0.07548542     19435.37
      7164.6    0.9726099     2.957947  -0.03556558     19438.49
      7164.8    0.9728206     2.954594   0.03058325     19438.17
        7165    0.9733844     2.956671    0.1115518     19437.32
      7165.2     0.974455     2.994418    0.1487632     19441.22
      7165.4    0.9752883     3.047188    0.1420342     19438.26
      7165.6    0.9756634     3.073604   0.06734759     19439.91
      7165.8    0.9760258     3.070299   0.01319159     19439.62
        7166    0.9767713     3.048296   0.01007444     19437.56
      7166.2    0.9774463     3.057741   0.02405484     19436.87
      7166.4    0.9783139     3.081664   0.03358592     19437.86
      7166.6    0.9789236     3.089543  0.004248305     19437.08
      7166.8       0.9795     3.075165  -0.07828452     19438.39
        7167    0.9803316      3.06114   -0.1211348     19441.65
      7167.2     0.981051     3.019036   -0.1265702      19442.3
      7167.4    0.9821647     2.992635  -0.09257907     19444.13
      7167.6    0.9834638     2.973908  -0.01120412     19444.16
      7167.8    0.9842707     2.987077   -0.0152543     19442.76
        7168    0.9846488     3.010073   0.02931673     19442.99
      7168.2    0.9850116     2.980431   0.01723501     19441.05
      7168.4    0.9855473     2.997362  -0.03421873     19440.23
      7168.6    0.9863381     3.000865  0.001824398     19441.82
      7168.8    0.9875365     2.982698  -0.02787764      19444.4
        7169    0.9880983     2.981891  -0.02480214      19443.2
      7169.2    0.9889965      2.97506 -0.002130696     19442.27
      7169.4    0.9900181     2.981023  0.006573777     19446.39
      7169.6    0.9908298     2.980993   0.02568268     19447.57
      7169.8    0.9912492      2.98715  -0.03131522     19446.65
        7170    0.9924653     2.995606   0.04275133     19448.63
      7170.2    0.9935627     2.955971   0.04685729     19447.27
      7170.4    0.9942587     3.015194    0.0886539      19443.9
      7170.6    0.9947497     3.024636    0.1624494     19445.28
      7170.8     0.995167     3.066529   0.04294178      19447.7
        7171    0.9954539      3.08593 -0.0009976444     19447.26
      7171.2    0.9956977     3.049548  -0.06500804     19449.27
      7171.4    0.9968389     3.023838   -0.1176833     19452.54
      7171.6    0.9980625     3.014523  -0.05451738      19451.9
      7171.8    0.9988623     2.991784 -0.003382803     19453.71
        7172    0.9994403     3.005934 -0.0005787244     19455.15
      7172.2     1.000532     3.021131  0.003078632     19454.17
      7172.4       1.0013      3.01406  -0.07526763     19455.79
      7172.6     1.001847     2.994247   -0.1111983     19459.11
      7172.8     1.002789      2.94572  -0.07185827     19459.83
        7173     1.003506     2.932173  -0.04125462     19459.93
      7173.2     1.003685     2.956573   0.01258597     19459.93
      7173.4     1.003883     2.961243   0.03872482     19460.27
      7173.6      1.00462     2.955788 -0.005123705     19462.37
      7173.8      1.00507     2.963153  -0.06230945     19463.91
        7174     1.004987     2.952474  -0.04629748     19462.89
      7174.2     1.005517     2.911395  -0.07079665     19461.63
      7174.4     1.005967      2.91875  -0.05085958     19463.79
      7174.6      1.00632     2.906515   0.06033445     19463.55
      7174.8     1.007246     2.911786   0.03296093     19466.84
        7175     1.008055     2.959663   0.05091138     19468.03
      7175.2      1.00859     2.945119    0.0749014      19467.1
      7175.4     1.008769     2.947244  -0.03493656     19466.78
      7175.6     1.009272     2.971707  -0.04484173     19465.68
      7175.8       1.0099     2.931714  -0.05342457     19466.85
        7176     1.009935     2.909246       -0.103     19471.09
      7176.2     1.009662     2.904505  -0.06909209     19473.36
      7176.4     1.009647     2.889307  -0.03486075     19473.65
      7176.6     1.009481      2.87644  -0.01223708     19474.34
      7176.8     1.009807     2.881357 -0.004095655     19473.77
        7177     1.010022     2.894715  0.001609983     19473.27
      7177.2     1.010091     2.886031   0.02107615     19473.51
      7177.4     1.009989     2.877728   0.01366867     19474.49
      7177.6      1.00982     2.898218   0.01762633     19476.01
      7177.8     1.009663      2.90565 -0.002423019     19476.13
        7178     1.009574     2.900132  -0.06337081     19475.38
      7178.2      1.00945      2.87579  -0.07029871     19476.29
      7178.4     1.009262     2.847521 -7.535749e-06     19478.52
      7178.6     1.008899     2.849411   0.05960035     19479.25
      7178.8     1.009278     2.900126   0.05824083     19480.13
        7179      1.01019      2.92347   0.07792221     19482.13
      7179.2     1.010139     2.894114  -0.01210982     19483.09
      7179.4     1.010008     2.911749  -0.04800869     19484.78
      7179.6     1.009572     2.890438  -0.02720602      19485.5
      7179.8     1.009018     2.885063  -0.07279496     19485.78
        7180     1.009005     2.872349  -0.08157805      19486.7
      7180.2     1.009595     2.853513  -0.09357319     19486.95
      7180.4     1.010324     2.825176  -0.01122289     19486.92
      7180.6     1.010105     2.810204   0.04468416     19485.93
      7180.8     1.010153     2.863371   0.07806071     19486.01
        7181     1.010203      2.88926   0.08049825     19484.83
      7181.2     1.010027     2.887624  -0.01231983     19483.11
      7181.4     1.009613     2.874603  -0.04038891     19483.74
      7181.6     1.009856     2.853515  -0.02442522     19486.47
      7181.8     1.010433     2.856949  -0.04006159        19488
        7182     1.010484     2.868084   -0.0416585     19487.74
      7182.2     1.010876     2.842554  -0.01469191     19489.03
      7182.4     1.010712     2.820188   0.02084288     19490.06
      7182.6     1.011414     2.845196   0.04905442     19492.48
      7182.8     1.011775     2.884758   0.08591516     19492.58
        7183     1.011822     2.881797    0.0678123     19492.43
      7183.2     1.011798      2.88892 -0.008878319     19493.93
      7183.4     1.011393     2.899445   -0.0222159     19495.33
      7183.6     1.011562     2.877656  -0.02867528      19496.3
      7183.8     1.011759     2.864024   -0.0415629     19497.43
        7184     1.011964      2.86598  -0.01257176     19497.74
      7184.2     1.012528     2.866195   0.01890891     19497.36
      7184.4     1.012903     2.867598  0.008577594     19498.32
      7184.6     1.013461     2.879152   0.00400413        19498
      7184.8     1.013399     2.872842  0.006033722     19498.46
        7185     1.013266     2.869398  0.003144778     19498.08
      7185.2     1.013648     2.872425  -0.01218602     19500.58
      7185.4     1.013748     2.881667  -0.01700138     19500.39
      7185.6     1.014093     2.863093  -0.03817984     19501.02
      7185.8     1.013958     2.855797  -0.01608402     19503.64
        7186     1.013602     2.841881   0.04885724     19504.25
      7186.2      1.01378       2.8688   0.07231092     19505.84
      7186.4      1.01428     2.902179    0.1104459     19507.44
      7186.6     1.014718     2.913646    0.0574293     19506.78
      7186.8     1.014856     2.930238 -0.003502254     19509.27
        7187     1.014599     2.914744   0.03271122     19511.12
      7187.2     1.014764     2.899377 -0.002833112      19511.3
      7187.4      1.01446     2.939815  0.001323666     19512.91
      7187.6     1.014715     2.927972   0.01080066     19514.47
      7187.8     1.015004     2.915803  -0.05582304     19514.25
        7188     1.015192     2.908018  -0.02300286     19516.76
      7188.2     1.015169     2.895157  -0.02850584     19518.89
      7188.4     1.015044     2.909569  -0.03026014      19517.8
      7188.6      1.01486     2.892998   0.04165002     19517.32
      7188.8     1.014805      2.88381   0.07565524     19516.68
        7189     1.015056     2.928477    0.1268548      19515.7
      7189.2     1.014707     2.970094    0.1059361      19515.1
      7189.4      1.01433     2.994482  0.006198046     19514.49
      7189.6     1.013746     2.968559   -0.0388465     19515.31
      7189.8      1.01381     2.933435  -0.08213802     19515.52
        7190     1.014086     2.939016  -0.05598645      19518.3
      7190.2      1.01416     2.928771   0.01780082      19520.8
      7190.4     1.014276      2.92377 -0.007565285     19521.17
      7190.6     1.014313     2.947676  0.005464423     19523.08
      7190.8     1.014356     2.932964   0.05254425     19524.97
        7191     1.014355     2.933143     0.056866     19526.97
      7191.2     1.013939     2.965805   0.05064996     19526.35
      7191.4     1.013714     2.993168   0.04489978     19528.44
      7191.6      1.01371     2.973484  0.003050959     19527.56
      7191.8      1.01346     2.969063 -0.008626916      19526.4
        7192      1.01343     2.968246   0.02768465     19528.02
      7192.2     1.013505     2.986267   0.03455204     19527.63
      7192.4      1.01322     2.995632   0.04331015     19527.92
      7192.6       1.0132     2.996704   0.02118078     19530.08
      7192.8     1.013381     3.002894   0.02424804      19531.7
        7193     1.013624     3.003212   0.04941503     19533.04
      7193.2     1.013851      3.01503   0.04104814     19534.14
      7193.4     1.014248     3.036236   0.02584777     19534.93
      7193.6     1.014601     3.035732  -0.01542022     19534.87
      7193.8     1.014663      3.02389   -0.0727948     19532.81
        7194     1.015078     3.002694  -0.05728982     19532.38
      7194.2     1.015143        2.978  -0.06183672     19535.54
      7194.4     1.014827     2.989901   -0.0814218     19536.65
      7194.6     1.014496      2.97442  -0.03926179     19536.97
      7194.8     1.014466     2.937557  -0.01391459     19539.64
        7195      1.01448     2.946591  -0.03344462     19539.24
      7195.2     1.015027     2.978769  0.005028629     19542.02
      7195.4     1.015507     2.947665   0.03195315     19542.48
      7195.6     1.015179     2.941579 0.0008406033     19540.07
      7195.8     1.015465     2.972154  0.006030778     19540.88
        7196     1.016095     2.979441   0.05919153     19543.75
      7196.2     1.015748     2.952489  0.004719445     19544.05
      7196.4     1.015694     2.988933  -0.04228012     19544.71
      7196.6     1.015837     2.975929 -0.005435885     19547.26
      7196.8      1.01586     2.945617  -0.03962006     19548.39
        7197     1.016258     2.948141  -0.02204909     19551.07
      7197.2     1.016638     2.957237   0.03525297     19553.18
      7197.4     1.016564      2.95829   0.01575131     19552.59
      7197.6      1.01636      2.97382 -0.007649726     19551.15
      7197.8     1.016604     2.960742 -0.006526966     19552.23
        7198     1.016835     2.951117  -0.06525051     19553.52
      7198.2     1.016695     2.953068  -0.04365337     19553.82
      7198.4     1.017045     2.921619  -0.04125471     19555.95
      7198.6     1.017544     2.925819  -0.05660148     19557.68
      7198.8     1.017783     2.918113  0.003894256     19559.84
        7199     1.018264     2.907787  -0.01398408      19560.4
      7199.2     1.018279     2.924735 -0.006939966     19559.31
      7199.4     1.018482     2.914632    0.0105693      19558.7
      7199.6     1.018196     2.912561  0.002861682     19557.25
      7199.8     1.018226     2.916243  0.002921322     19558.77
        7200      1.01831     2.927024   0.01162377     19559.87
      7200.2     1.018508     2.916969  -0.01116211     19560.52
      7200.4     1.018822      2.92186  -0.02475713     19558.87
      7200.6      1.01893     2.907313   0.02807162      19560.9
      7200.8     1.019046     2.907218   0.02323872     19561.97
        7201     1.019256     2.939426  -0.01114522      19562.8
      7201.2     1.019181     2.940451  -0.04329351     19564.63
      7201.4     1.019039     2.898397  -0.06274757     19566.03
      7201.6     1.019216     2.872583  -0.06839765     19567.32
      7201.8     1.019104     2.889228  -0.05426739     19566.89
        7202     1.018824     2.885733  -0.03705767     19566.14
      7202.2     1.019344     2.854983  -0.03458325     19569.48
      7202.4     1.020042     2.842937 -0.009663464     19572.66
      7202.6     1.020048     2.861561   0.01855311     19572.69
      7202.8      1.01981     2.878002   0.02903452     19573.18
        7203     1.019595     2.869825     0.008712     19573.83
      7203.2     1.019435     2.866165   0.02130499     19574.41
      7203.4     1.019323     2.868531   0.01717969     19574.97
      7203.6     1.019182     2.895046 -0.009261226     19574.68
      7203.8     1.019379     2.883569  -0.02208635     19574.08
        7204     1.019732     2.858756  -0.07016935     19576.29
      7204.2     1.020045     2.850862  -0.06595467     19578.02
      7204.4     1.019966     2.838911  -0.07331367     19575.17
      7204.6     1.020025     2.830805  -0.05151756     19580.43
      7204.8     1.019995     2.800105  -0.02177147     19580.94
        7205     1.019979     2.809648  0.002685857     19578.28
      7205.2     1.020276     2.821494   0.04521093     19580.36
      7205.4     1.020608     2.832954  0.009230314      19581.4
      7205.6     1.020915     2.836274  -0.04882268     19581.07
      7205.8     1.020202     2.817032  -0.06018384      19580.6
        7206     1.020102     2.782435  -0.07333678     19582.12
      7206.2     1.020324     2.784807  -0.05501001     19584.55
      7206.4     1.020294     2.777604 -0.004884635     19586.14
      7206.6     1.020552     2.773024  -0.03074763     19587.01
      7206.8     1.020636     2.778528  -0.02986879     19587.01
        7207     1.020626     2.760209  -0.01828384     19587.02
      7207.2     1.020578     2.753709  0.004898252     19586.53
      7207.4     1.020025     2.758397   0.04488205      19585.6
      7207.6     1.019296     2.782446   0.05068271     19586.33
      7207.8      1.01897     2.796114   0.05591852     19587.42
        7208      1.01934     2.794255   0.03258081     19588.93
      7208.2     1.019693     2.803132  0.007965702     19589.89
      7208.4     1.020415     2.808511  0.004471293     19590.88
      7208.6       1.0209     2.802487  0.009836234     19590.88
      7208.8      1.02048     2.797833    0.0362905     19593.65
        7209     1.020292     2.811001   0.04304336     19595.21
      7209.2     1.019778     2.837543   0.03352261     19594.31
      7209.4     1.019197     2.836922  0.002838624     19594.02
      7209.6       1.0193     2.824651 -0.0006758055     19595.03
      7209.8     1.019406     2.813272 -0.006640819     19599.46
        7210     1.019531     2.837003  0.007251773     19598.41
      7210.2     1.019872     2.831609   0.02467827     19597.99
      7210.4     1.019472     2.830452 -0.006654053     19600.82
      7210.6     1.019111     2.833014  0.002788595     19599.78
      7210.8     1.019029      2.83168 -0.009191939     19600.72
        7211     1.018847      2.83384   -0.0151866     19603.97
      7211.2     1.018583     2.823098  0.003697446     19604.23
      7211.4     1.018454     2.820865   0.02011514     19604.06
      7211.6     1.018573     2.834637   0.03264593     19603.32
      7211.8     1.018055     2.849932   0.04872773      19601.8
        7212     1.017806     2.849215   0.03249117     19599.76
      7212.2     1.017966     2.859847   0.02700829     19600.91
      7212.4     1.017729      2.86063   0.04172666     19604.18
      7212.6     1.017329     2.871539   0.04654926     19606.34
      7212.8     1.017054     2.882597   0.05399291     19610.03
        7213     1.016644     2.897087   0.06584377     19610.16
      7213.2     1.016145     2.903825   0.03939166     19610.44
      7213.4     1.016319     2.924214   0.04093963     19612.11
      7213.6     1.015939      2.91411   0.05213943     19610.72
      7213.8     1.015661     2.929838   0.07338632     19610.54
        7214     1.015517     2.945536     0.102242     19613.19
      7214.2     1.015491     2.982923    0.1040005     19614.77
      7214.4      1.01539     2.995903   0.09906936     19615.79
      7214.6     1.015126     3.013039   0.03676788     19616.46
      7214.8      1.01468     3.024792   0.02753068     19616.27
        7215     1.014464     3.012337  0.006794779     19616.62
      7215.2     1.013882     3.017928    -0.012014     19615.39
      7215.4     1.013124     3.018475   0.01976742     19616.27
      7215.6     1.012865     3.015181   0.01995014     19618.96
      7215.8     1.012415     3.028151   0.03226235     19617.22
        7216     1.012379     3.033888   0.03643372     19617.91
      7216.2     1.012607     3.044284   0.03139777     19617.77
      7216.4     1.012763     3.044328   0.01470438     19616.77
      7216.6     1.012057     3.053269   0.01858136     19619.53
      7216.8     1.011422     3.045652  0.007729955     19619.47
        7217     1.011078      3.05915  0.007102102     19618.67
      7217.2     1.011249     3.050512 -0.005721771     19617.86
      7217.4     1.011349     3.058951  -0.03234711     19621.04
      7217.6     1.011118     3.041074   0.01229686     19623.28
      7217.8      1.01059     3.033272   0.02673377     19621.21
        7218      1.01007     3.060349   0.06065389     19624.33
      7218.2     1.009704     3.080338    0.1028946     19623.71
      7218.4     1.009735     3.089597   0.07635137     19622.59
      7218.6     1.009549     3.115587   0.07601247     19623.32
      7218.8     1.008923      3.12143   0.07997715     19624.56
        7219     1.008337     3.141148   0.03125415     19626.77
      7219.2     1.008072     3.153579    0.0490095     19626.02
      7219.4     1.008156     3.140591   0.02247619     19627.18
      7219.6     1.008036     3.160638  -0.02102886     19630.86
      7219.8     1.007958     3.159129  -0.01543068      19629.9
        7220     1.008124     3.136756  -0.06241425     19629.72
      7220.2     1.007451     3.128246  -0.04432441     19629.72
      7220.4     1.007447     3.110706  0.004072256     19630.26
      7220.6     1.007693     3.123669   0.02204561     19631.57
      7220.8     1.007075     3.140014   0.01770274     19631.78
        7221     1.006674     3.145883  -0.01480483     19632.36
      7221.2     1.006234     3.124868  -0.05490603      19634.2
      7221.4     1.005478     3.111825  -0.04242198     19634.76
      7221.6     1.005398     3.096089  -0.01332468     19634.05
      7221.8     1.005481     3.111945   0.02810568     19635.88
        7222     1.005449     3.114209   0.05258333     19634.49
      7222.2     1.005598      3.13431  -0.01763634     19635.51
      7222.4     1.005752     3.138156 -0.003712313     19639.12
      7222.6     1.005431     3.097836  0.000293603     19638.39
      7222.8     1.005262     3.111239  -0.01790135     19639.65
        7223     1.004837     3.134545   0.02811828      19641.2
      7223.2     1.004611     3.123835 -0.007740052      19639.2
      7223.4     1.004903     3.120331     -0.03062     19641.97
      7223.6     1.004369     3.105047 -0.008022062     19643.91
      7223.8     1.003912     3.110049  -0.04208032     19642.63
        7224     1.004147     3.117417  -0.01612038     19645.33
      7224.2      1.00398     3.086666  -0.02209991     19642.28
      7224.4     1.003685     3.092151  -0.06077378     19643.78
      7224.6      1.00338     3.092369  -0.06762019     19644.62
      7224.8     1.003189     3.068798  -0.04216465     19644.56
        7225     1.002996      3.03257  -0.06295168     19645.86
      7225.2      1.00293     3.058419  -0.02151751     19650.49
      7225.4     1.002764     3.042008  0.008310106     19649.87
      7225.6     1.003175     3.051584  -0.02301004      19650.1
      7225.8     1.002489     3.039218    0.0105514     19649.35
        7226     1.002277     3.040011  -0.01118194     19650.49
      7226.2     1.001892     3.050449   0.00317901      19651.7
      7226.4     1.001533     3.042638  -0.01204922     19652.69
      7226.6     1.001308     3.041762  -0.02467126     19653.48
      7226.8     1.000593     3.030371  -0.01732761     19652.08
        7227     1.000213     3.030712  -0.04886064        19653
      7227.2    0.9999618     3.028776  -0.06373644     19653.22
      7227.4    0.9996276     3.002673  -0.08849213     19651.86
      7227.6    0.9995498     2.979382  -0.04641104     19654.41
      7227.8    0.9993175     2.959918 -0.007775425     19655.39
        7228    0.9993742     2.991647 -0.005708227     19657.73
      7228.2    0.9988266     2.996453  -0.01347175     19659.74
      7228.4    0.9987763     2.974816  -0.09250946     19657.95
      7228.6    0.9981179     2.949141   -0.1057714     19657.95
      7228.8    0.9977267      2.91764  -0.07862154     19660.01
        7229    0.9974567     2.911836  -0.04278562     19664.07
      7229.2    0.9969206     2.911918   0.02381035     19666.12
      7229.4    0.9968752     2.914912   0.03219946     19667.89
      7229.6    0.9969551     2.936688  -0.03101891     19667.62
      7229.8    0.9967064     2.937595  -0.04328249     19667.38
        7230    0.9964816     2.887103  -0.04180251     19667.33
      7230.2     0.995993     2.880286  -0.04746634     19665.96
      7230.4    0.9957882     2.903246 -0.002193835     19666.37
      7230.6    0.9956526     2.899622   0.00713309     19667.39
      7230.8    0.9954937     2.885348 -0.005942623     19667.58
        7231    0.9957771     2.885993   0.01064156     19671.16
      7231.2    0.9957205     2.898492   0.03795835     19673.23
      7231.4    0.9951132     2.908135  0.005653454        19671
      7231.6    0.9947502     2.915715  -0.07775834     19671.33
      7231.8    0.9945577     2.890515   -0.1154141     19671.54
        7232    0.9943463     2.836285    -0.142219     19673.51
      7232.2    0.9942189     2.815804   -0.1016863      19673.2
      7232.4    0.9940657      2.80194  -0.02939802     19673.57
      7232.6    0.9937773     2.809166  -0.03122425     19673.01
      7232.8    0.9935639     2.812767  -0.01053541     19674.02
        7233    0.9932302     2.790825  -0.01848095      19671.6
      7233.2    0.9928267     2.793511  -0.03259537     19670.31
      7233.4    0.9928555     2.794381   0.01039472     19670.05
      7233.6    0.9923953     2.786691   0.02605682     19670.82
      7233.8    0.9918721      2.79914 -0.004828608     19673.72
        7234     0.991719     2.814357  -0.01431985     19674.82
      7234.2     0.991582     2.790519  -0.02646571     19673.88
      7234.4    0.9917608     2.775235  -0.03577486     19675.13
      7234.6    0.9917847     2.777968 -0.009656397     19677.27
      7234.8    0.9917053     2.785737  -0.01811533     19678.79
        7235     0.992114     2.782793  0.003232442     19680.63
      7235.2    0.9922317     2.760742  0.002639519     19681.29
      7235.4    0.9921379     2.780554   0.01265787     19681.32
      7235.6    0.9919504     2.787849   0.05683743     19681.49
      7235.8    0.9913621      2.79292  -0.02239138     19681.48
        7236    0.9911427     2.806212  -0.09092418     19682.93
      7236.2    0.9911682     2.762641  -0.09015079     19683.81
      7236.4      0.99062     2.715109   -0.1153897     19684.88
      7236.6     0.990879     2.720799  -0.05371227     19685.69
      7236.8    0.9908244     2.713901   0.01862589     19688.64
        7237    0.9912024     2.719671 -0.002764566      19688.1
      7237.2    0.9912181      2.73001  -0.01138436     19687.29
      7237.4    0.9916067     2.718587  -0.01337029     19688.95
      7237.6    0.9913993     2.704793   0.01079052     19688.38
      7237.8    0.9908972     2.708975    0.0395531     19688.92
        7238    0.9911016     2.738642   0.03591313      19691.4
      7238.2     0.991301      2.75023   0.03850054     19691.06
      7238.4    0.9912171     2.733524   0.02448938     19690.92
      7238.6    0.9912006     2.739775  -0.01109599     19693.82
      7238.8    0.9910638     2.758234  -0.02464997     19695.41
        7239    0.9909967     2.741353  -0.02103147      19695.7
      7239.2    0.9912171     2.713804  -0.05553611     19695.53
      7239.4    0.9910842      2.72295  -0.03606581     19692.43
      7239.6    0.9910163     2.713805  0.007382164     19693.57
      7239.8    0.9912593     2.712501   0.00648568     19696.48
        7240    0.9910587     2.719709 -0.008623879     19696.07
      7240.2    0.9917031     2.728139  -0.01698023     19699.68
      7240.4    0.9921563     2.706906  -0.03468339     19698.82
      7240.6    0.9921404     2.698916  -0.01325462     19697.55
      7240.8    0.9921744     2.691963   0.02650029     19697.87
        7241     0.992139     2.717535   0.03221867     19694.52
      7241.2     0.992596     2.728106     0.040897     19695.27
      7241.4    0.9925787     2.724691  -0.01674159     19695.92
      7241.6     0.992361      2.72468  -0.04745067     19695.38
      7241.8    0.9920872     2.704142  -0.01152046     19698.81
        7242    0.9919452     2.690146    0.0312165     19702.65
      7242.2    0.9923788     2.715475   0.06531611     19704.13
      7242.4    0.9925866     2.749653    0.0741877      19704.8
      7242.6    0.9931126     2.756394    0.0460385     19705.68
      7242.8     0.993695     2.749496  0.007567813     19706.39
        7243    0.9933768     2.752306  -0.02991213     19705.87
      7243.2    0.9933277     2.755708  -0.04236328     19704.24
      7243.4    0.9934773     2.732465  -0.03557462     19706.41
      7243.6    0.9937894     2.715605  -0.04309131     19707.47
      7243.8    0.9941109     2.723846  0.006206627     19708.13
        7244    0.9943837     2.721235   0.03876023     19708.64
      7244.2    0.9940931      2.73743   0.03312521     19706.24
      7244.4    0.9943392     2.746613   0.05318236     19707.54
      7244.6    0.9943648     2.750346    0.0429034     19709.75
      7244.8    0.9944576     2.763781   0.02605141     19709.97
        7245    0.9948752     2.771753   0.02301799      19712.6
      7245.2    0.9951027     2.767454   0.01663298     19712.72
      7245.4    0.9952641     2.768761   0.02010305     19712.53
      7245.6     0.995505     2.777087   0.03731818     19714.33
      7245.8    0.9958048     2.787835   0.04366849     19715.49
        7246    0.9963361     2.797309   0.04303279     19718.66
      7246.2    0.9968163     2.803695  -0.01365728     19718.59
      7246.4    0.9969112     2.811513  -0.04509852     19718.43
      7246.6     0.996878     2.776909  -0.05368241     19720.62
      7246.8    0.9968173      2.76123  -0.06327632     19721.35
        7247    0.9975885     2.760749   -0.0199953     19719.84
      7247.2    0.9982583     2.760892   0.01617472      19720.8
      7247.4     0.998593     2.760913   0.02878814     19724.28
      7247.6    0.9983581      2.77417   0.01982718     19724.46
      7247.8    0.9981742      2.78378   0.03853083     19725.39
        7248    0.9981371     2.776754   0.04364652     19724.91
      7248.2    0.9981314     2.791738   0.03402446     19725.63
      7248.4    0.9983213     2.809087   0.00870197     19727.29
      7248.6    0.9985797        2.811  -0.04525947     19727.58
      7248.8    0.9985993     2.783715  -0.04523736     19729.22
        7249    0.9988445      2.75553   -0.0373631     19730.63
      7249.2    0.9992095     2.772897  -0.02620074     19730.79
      7249.4    0.9992042     2.781109   0.02900255     19730.94
      7249.6    0.9993976     2.762755  0.009864755      19729.8
      7249.8    0.9998012     2.778732  -0.01426629     19731.42
        7250     1.000122     2.780789   0.02067943      19731.7
        7252     1.002131     2.772074 0.0004381977     19738.14
        7254     1.004942     2.806645  -0.00104964     19743.89
        7256     1.006878      2.76308  0.002217131     19749.45
        7258     1.009875     2.751085 -0.006778705     19759.25
        7260     1.012269     2.789811 -7.639987e-05     19763.34
        7262      1.01475     2.752415  0.004649018     19776.37
        7264     1.015924     2.762469    0.0003412     19779.05
        7266     1.016717     2.788277  0.006681401     19787.07
        7268      1.01703      2.79254   0.00912033     19791.43
        7270     1.017924     2.805867  0.005320221     19800.26
        7272     1.018143     2.835432  0.008975684      19810.9
        7274     1.017174     2.830839  0.008880222     19809.86
        7276      1.01636     2.864346  0.005140251     19819.75
        7278     1.017052     2.876908  0.005729419     19827.61
        7280     1.016189     2.876554  0.005044919     19833.26
        7282     1.014941     2.876675  0.000870642     19840.63
        7284     1.013269     2.904705 0.0003967516        19848
        7286     1.011143     2.883874  0.003558917      19852.6
        7288      1.01023     2.879728 -0.005273047     19862.14
        7290     1.008417     2.905146 -0.009023831     19867.14
        7292     1.007548     2.862521 -0.009972818     19874.83
        7294     1.006229     2.811683  -0.01616371     19885.83
        7296     1.005525     2.799945  -0.01581313      19891.4
        7298     1.004193     2.775836  -0.01334458     19895.39
        7300     1.003721     2.736016  -0.01449322     19902.41
        7302     1.003045     2.704926  -0.01375483     19903.94
        7304     1.002524     2.683999  -0.01161401     19911.57
        7306     1.003044     2.665798 -0.006849101      19923.5
        7308     1.002623     2.643104  -0.00561707     19923.66
        7310     1.002639     2.650133 -0.0007239231     19933.76
        7312     1.002486     2.639063 -0.0003600373     19938.48
        7314     1.002185     2.660006  0.002390469     19946.38
        7316     1.001983     2.640223  -0.00217458     19953.87
        7318     1.002582     2.669257 -0.004384145     19959.78
        7320     1.001869     2.621666  0.003617432      19964.8
        7322     1.001814     2.624933 -0.002578398     19974.81
        7324      1.00243     2.669163 -0.001083794     19979.95
        7326     1.001603      2.64863  0.001888723     19983.27
        7328     1.001397     2.612996 -0.003920426      19992.3
        7330     1.001471     2.640043 -0.002523414     19997.06
        7332     1.000477     2.637799 -0.003415713     20001.58
        7334     1.000084     2.628443 -0.004730525      20009.3
        7336     1.000027      2.58567 -0.003511898     20012.85
        7338    0.9996239     2.602199 -0.003561963     20019.05
        7340    0.9992679     2.609704   0.00166349     20026.66
        7342     1.000101     2.599947  0.001951601     20031.63
        7344     1.000477     2.598978  0.003764552     20038.48
        7346     1.000414     2.617811  0.005344415     20048.26
        7348     1.000052     2.639821  0.007959231     20053.97
        7350    0.9995877     2.642702   0.01005107     20057.49
        7352     1.000477     2.662652  0.007759968     20065.25
        7354    0.9998543      2.69822  0.005904751      20071.7
        7356    0.9998287       2.7019  0.005008006     20074.15
        7358     1.000042      2.68994  0.002121771     20082.05
        7360     1.000055     2.702716  0.001259538     20092.34
        7362     1.000347     2.715194  0.003114502     20097.07
        7364     1.000266     2.711977  0.002924345     20101.96
        7366     1.000086     2.714856 -0.002920421     20106.05
        7368     1.000012     2.726111 -0.002122887     20115.17
        7370     1.000321     2.691831   -0.0065075     20121.59
        7372      1.00027     2.694994  -0.01106206     20125.53
        7374     0.999429     2.662796  -0.01149199        20129
        7376    0.9994944     2.637614  -0.01705648     20135.13
        7378    0.9998547     2.599895  -0.01521766     20142.64
        7380    0.9992556     2.558542   -0.0146227     20146.54
        7382    0.9988315     2.541055  -0.01241741     20153.81
        7384    0.9988542     2.520633 -0.007907816     20158.69
        7386    0.9986541     2.500556 -0.006977162     20164.05
        7388    0.9992905     2.495279 -0.003201408     20170.71
        7390    0.9988317     2.485238  0.000937205     20177.14
        7392     0.999096     2.495022  0.002498767     20182.45
        7394    0.9992405     2.508053 0.0003674116     20190.86
        7396    0.9985553     2.515269  0.001832562     20196.44
        7398    0.9984654     2.488177 -0.0002300692     20203.73
        7400    0.9982791     2.509682 -0.002854137     20207.77
        7402    0.9978156     2.506213  0.004037937     20208.01
        7404    0.9985328     2.492436 -0.002506643     20220.96
        7406    0.9979072      2.52048 -0.002394865     20224.51
        7408    0.9977147     2.489629 0.0003912214     20227.65
        7410    0.9975356     2.487054 -0.005234119     20234.19
        7412    0.9974161     2.495566 -0.001907274     20240.79
        7414    0.9970004     2.478608 -0.0003660214     20246.71
        7416    0.9977725     2.474371 -0.002224864     20253.66
        7418    0.9970162     2.484126 -0.002380218     20257.36
        7420    0.9969967     2.477767 -0.002731256      20265.6
        7422    0.9972806     2.459566  -0.00371088     20268.06
        7424    0.9971675     2.452521 -0.003901245     20274.69
        7426    0.9968669     2.454439 -0.001806393     20280.09
        7428    0.9964496     2.446557 -0.0004200071     20286.94
        7430    0.9968808     2.445115 -0.002070706     20293.04
        7432    0.9970592     2.449161 -5.031095e-05     20298.62
        7434    0.9970451     2.437873 0.0008621052     20306.26
        7436    0.9967617     2.446155 0.0008931749     20311.18
        7438    0.9967065     2.452011  0.002599347     20317.48
        7440    0.9968687     2.456306   0.00244597     20322.56
        7442    0.9964723     2.458668  0.003947238     20328.01
        7444    0.9961013     2.465722  0.003985268     20331.93
        7446    0.9959653     2.483589  0.003769609     20336.77
        7448    0.9963196     2.488188 0.0008050617     20345.49
        7450    0.9960938     2.488825 0.0002265247     20351.71
        7452    0.9957862     2.472163 -0.0006652498     20357.72
        7454    0.9959366     2.485402 -0.002010486     20361.42
        7456     0.996254     2.482866 0.0008220182     20370.01
        7458    0.9953215     2.472741 -0.002898339     20371.17
        7460    0.9952266     2.478739 -0.003943279     20376.83
        7462    0.9958094     2.462215 -0.001956385     20383.41
        7464    0.9956107      2.45132 -0.004756989     20389.23
        7466    0.9951626      2.45709 -0.004800245     20393.39
        7468    0.9954167     2.440683 -0.004973623     20403.23
        7470    0.9955144     2.423813 -0.006551417     20406.36
        7472    0.9953004     2.411531 -0.004901365     20409.81
        7474    0.9955496     2.404678 -0.003612094     20415.56
        7476    0.9954117     2.401472 -0.004400689     20424.06
        7478    0.9951227     2.394916 -0.004211041     20428.18
        7480    0.9952983     2.376325  -0.00321829     20432.31
        7482     0.995794      2.37099 -0.005681783     20440.06
        7484     0.994952     2.375726 -0.003436031     20443.28
        7486    0.9953069     2.349462 -0.002636334     20450.58
        7488     0.995051     2.348837 -0.005173529      20453.9
        7490    0.9955027     2.349899 -0.002649507     20460.16
        7492    0.9955352     2.334338 -0.003791159     20465.16
        7494    0.9952189     2.328266 -0.003764511     20471.23
        7496    0.9951855     2.318508 -2.791316e-05        20475
        7498    0.9950956     2.319783 0.0007600644     20479.48
        7500    0.9948282     2.334114 0.0002785361     20484.13
        7502    0.9955555     2.334346 -0.0002013685     20490.72
        7504    0.9954778     2.320736 -0.001412642     20495.99
        7506     0.995269     2.318172 -0.001807792     20498.44
        7508    0.9956921     2.322813   -0.0013604     20503.53
        7510    0.9957817     2.319884 -0.001953654     20508.29
        7512     0.996125     2.309853 -0.002991219     20512.35
        7514    0.9959224     2.302543 -0.003763328     20514.91
        7516    0.9958143     2.298883 -0.0004964814     20513.46
        7518    0.9962377     2.289777 0.0002047383     20506.21
        7520     0.995835     2.305881 -0.000385345     20496.76
        7522    0.9956251     2.304181  0.002028464     20491.59
        7524     0.996105     2.295801 -0.001643046     20415.09
        7526    0.9977652     2.306005 -0.001388297     20151.91
        7528    0.9945522     2.292737 -0.001063685      20267.3
        7530     0.996515     2.293075 -0.001708695     20213.08
        7532    0.9954002     2.287291 -0.001726987     20352.21
        7534    0.9955677     2.292336 -0.001482331     20553.82
        7536    0.9950211     2.278921 -0.001374809     20538.72
        7538    0.9950712     2.281216 -0.001994622     20543.92
        7540    0.9952628     2.276293 -0.0008051738     20563.21
        7542    0.9954462     2.276379 -0.002906931      20582.3
        7544    0.9958624     2.272479 -0.002619653     20593.16
        7546    0.9955439      2.25796 -0.001038258     20595.16
        7548     0.995674     2.255336 -0.002448035     20600.71
        7550    0.9948124     2.268072 4.590826e-05     20601.07
        7552     0.995432     2.252895 -2.722229e-05     20608.68
        7554    0.9957163     2.258328 3.625689e-05      20613.3
        7556    0.9959096     2.255118 0.0005170225      20615.2
        7558     0.995194     2.268363 -0.0002546196      20625.1
        7560    0.9954244     2.257031 0.0007046124     20631.18
        7562    0.9957958     2.256291 -0.001685822     20632.98
        7564    0.9958933     2.260755 -0.0006162811     20640.85
        7566    0.9954248     2.254876 -0.001372751     20644.85
        7568    0.9959239     2.252101 -0.003487925     20651.53
        7570    0.9959345     2.245309 -0.002140597     20653.05
        7572    0.9955619     2.232851 -0.002275348     20658.34
        7574    0.9956703     2.237751 -0.003092544     20665.78
        7576    0.9954047     2.233898 -0.002673865     20668.95
        7578    0.9956356     2.220568 -0.003872816     20675.06
        7580    0.9956971      2.21146 -0.005111557     20677.41
        7582    0.9956976     2.206769 -0.002352358      20678.1
        7584    0.9955263     2.193006 -0.002812243     20678.17
        7586    0.9956746     2.201749 -0.003514065     20687.65
        7588     0.995898     2.188962 -0.001324025     20691.67
        7590    0.9955335     2.178656 -0.001783489     20689.99
        7592    0.9957795     2.182414 -0.001539772     20699.32
        7594    0.9954763     2.187482 -0.001435012     20700.37
        7596     0.995626     2.176644 -0.0006930663     20703.15
        7598    0.9953388     2.167176 -0.001381774     20703.07
        7600    0.9962185     2.176869 -0.0009829398      20711.8
        7602    0.9956855     2.176427 -0.001137842     20718.72
        7604     0.996099     2.168781 -0.001621987     20720.64
        7606    0.9958985     2.158073 -0.003440013     20723.89
        7608    0.9964557     2.163893 -0.004113221     20728.22
        7610    0.9965797     2.148907 -0.002021792     20728.83
        7612    0.9963091     2.135875 -0.002772579     20730.79
        7614    0.9960118     2.141899 -0.001619984     20735.79
        7616     0.995856     2.141713 -0.001305183     20740.35
        7618    0.9965926     2.135947 -0.0008836894     20743.46
        7620    0.9964781     2.125433 -0.001481927     20749.44
        7622    0.9959999     2.134829 -0.001910569     20754.92
        7624     0.995574     2.129857 0.0002879901     20757.85
        7626     0.996424     2.120663 0.0003891233     20764.98
        7628    0.9963455     2.127737 -0.0004613432     20769.28
        7630    0.9968604     2.137942 -0.001638413     20770.87
        7632    0.9966757     2.126166 -0.001572488     20773.21
        7634    0.9961926     2.107556   -0.0017726     20776.05
        7636    0.9963126     2.115157 -0.003626342     20780.49
        7638    0.9964445     2.123762 -0.001554658     20786.08
        7640    0.9961003     2.097156 -0.002748341     20785.44
        7642    0.9962429     2.095118 -0.003723887     20793.11
        7644     0.996653     2.093171 -0.001826819     20795.25
        7646    0.9968855     2.093971 -0.001748144     20801.52
        7648    0.9969931     2.082541 -0.001042136     20806.48
        7650    0.9962047     2.081133  -0.00275414     20807.33
        7652    0.9968085     2.084834 -0.001679049     20816.54
        7654     0.996466     2.071937 -0.0007644848     20816.45
        7656    0.9968385     2.069109 -0.001533125     20822.79
        7658    0.9975237     2.075017 -8.661014e-05     20823.01
        7660    0.9972003     2.072569 -0.0004535175      20826.7
        7662    0.9972028     2.071245 -0.001402746     20836.81
        7664    0.9975031     2.065481 -0.0009312188     20839.88
        7666    0.9975205     2.063795 -0.001747369     20845.71
        7668    0.9974844     2.065119 -0.0001491873     20847.88
        7670    0.9977259     2.057266 -0.0005525718     20851.28
        7672     0.997472     2.064287  -0.00078838     20855.99
        7674    0.9970224     2.059375 -0.001198876     20852.63
        7676      0.99727     2.058812 -0.002267229     20858.81
        7678    0.9975958     2.047675 -0.001185353     20863.74
        7680    0.9979547     2.046149 -0.002235632     20868.02
        7682    0.9980254     2.049892 -0.001582626     20871.28
        7684    0.9981026     2.040927 -0.001776096     20878.55
        7686    0.9982389     2.035014 -0.002351337      20879.8
        7688    0.9978804     2.031941 -0.0005428204     20883.68
        7690    0.9979285     2.031081 -0.001416195     20885.99
        7692    0.9982631     2.036584 -0.002059467     20891.77
        7694    0.9984508     2.023684  -0.00123109     20897.42
        7696    0.9983065     2.015465 -0.002550304     20902.23
        7698    0.9979397     2.021232 -0.001731085     20905.35
        7700     0.998616     2.016182 -0.001495777     20909.57
        7702    0.9983003     2.009835 -0.001864175     20912.43
        7704    0.9986253     2.003499 -0.001551022     20916.06
        7706    0.9983906     2.006319 -0.001083793     20917.25
        7708    0.9988951     2.003774  -0.00144275      20923.4
        7710    0.9988073     2.001165 -0.0007569189     20927.59
        7712    0.9987672     1.991957 -0.0006612053     20933.18
        7714    0.9988263     2.000264  -0.00163911     20932.28
        7716    0.9989703     1.998484 -0.001229428     20936.91
        7718    0.9991503     1.988052 -0.0002776553     20946.02
        7720    0.9988312     1.982121 0.0002084227     20947.16
        7722    0.9984944     1.998042 0.0005820492     20950.04
        7724    0.9987231     2.000151 0.0005490626     20950.98
        7726    0.9989701     1.992709 -0.001889563     20955.66
        7728    0.9987342     1.986514 -0.002344507     20959.27
        7730    0.9989164     1.982926 -0.002314607     20962.01
        7732    0.9990009     1.981395 -0.001784201     20965.91
        7734    0.9993212     1.974192 -0.0008512515      20970.1
        7736    0.9990469      1.97224 -0.001031345      20972.2
        7738    0.9993886     1.976116 -0.001180023     20976.35
        7740    0.9992654     1.973145 -0.001462405     20979.88
        7742    0.9995345     1.964751 -0.002917194      20981.1
        7744    0.9995306     1.960541 -0.0008904629     20986.21
        7746    0.9994777     1.952778  -0.00173527      20989.7
        7748    0.9996855     1.966021  -0.00187829     20989.23
        7750    0.9998255     1.950869 -0.0002638012     20992.53
        7752    0.9997975     1.945514 -0.002734549     20996.22
        7754     1.000336     1.950668 -0.001127526     21000.29
        7756     1.000342     1.944144 -0.0004677103     21004.25
        7758     1.000769     1.941849 -0.001721927     21009.55
        7760     1.000482     1.941773 -0.001431288        21010
        7762     1.000222     1.936893 -0.001969658     21011.79
        7764     1.000473     1.932694 -0.002823403     21017.59
        7766     1.000666     1.926092 -0.002058939     21017.51
        7768     1.000711     1.919186 -0.001732263     21018.92
        7770     1.001331     1.920421  -0.00155962     21021.18
        7772     1.000959     1.918836 -0.001481641      21022.1
        7774     1.000565     1.913615 -0.002203162     21021.47
        7776     1.000833     1.907332 -0.002324837      21020.9
        7778     1.001091     1.902796 -0.002059226     21019.78
        7780     1.001304     1.900237 -0.0008254834     21011.12
        7782     1.001285     1.897141 -0.0004559539      20979.5
        7784       1.0024     1.900729   -0.0014011     20765.73
        7786     1.004854     1.899148  -0.00196235      20099.5
        7788    0.9990806     1.889029 -0.001795035      20076.5
        7790    0.9982756     1.881442 -0.002232661     20221.41
        7792     1.001027     1.886368 -0.001244427     21031.63
        7794     1.001462     1.881287 -0.000496661     21068.24
        7796     1.001745     1.879073 -0.001288086     21077.26
        7798     1.001886     1.877469 -0.001068736     21084.44
        7800     1.001829     1.876064 -0.001364568     21085.78
        7802     1.001722     1.872737 -0.0008109164     21091.23
        7804     1.001696     1.868157 -0.000601405     21090.01
        7806     1.001998     1.870982 -0.0007506962     21093.13
        7808     1.001562     1.871252 -0.0006397992     21098.29
        7810     1.001597     1.866731 -0.001562944     21101.74
        7812     1.001437     1.863038 -0.001560629      21100.6
        7814      1.00195     1.858478 -0.001619833     21110.95
        7816     1.002211     1.858767 -0.001808337     21111.49
        7818     1.002162     1.853773 -0.0009622413     21111.22
        7820     1.002486     1.848572 -0.001471108     21115.29
        7822     1.002137      1.85078  -0.00100235      21118.8
        7824     1.002498     1.846998 -0.0009416445      21117.5
        7826     1.002378     1.845754 -0.001956209     21122.85
        7828     1.002736     1.841038 -0.001706254     21125.94
        7830      1.00255     1.835131 -0.002284217     21127.68
        7832     1.002591     1.833348 -0.002388466     21131.53
        7834     1.002898      1.82748 -0.001776621     21133.05
        7836     1.002551     1.821931 -0.001601149     21135.69
        7838     1.002781     1.820918 -0.001182879     21142.21
        7840     1.002935     1.820539 -0.0005500296     21145.62
        7842      1.00313     1.818017 -0.001313996     21142.79
        7844     1.002486      1.81753  -0.00115854     21149.54
        7846      1.00252     1.810406 -0.001012383     21153.97
        7848     1.002712     1.811271 -0.002301905     21154.79
        7850     1.003127     1.809918 -0.001175025     21158.79
        7852     1.003111     1.799115 -0.001329022     21157.44
        7854     1.003097     1.801005 -0.002270313     21161.83
        7856     1.003323     1.800639 -0.001570204     21163.33
        7858     1.003347     1.791756 -0.001997102     21168.72
        7860     1.003256     1.786554 -0.002045925      21171.6
        7862     1.003626     1.785029 -0.0008785985     21175.21
        7864     1.003329     1.784271 -0.0003268629     21176.64
        7866     1.002741     1.784727 -0.001160101     21179.62
        7868     1.003091     1.783939 -0.001125154     21180.84
        7870     1.003388     1.775748 -0.001300591     21183.36
        7872     1.003285      1.77527 -0.002288165     21185.17
        7874      1.00315     1.774322 -0.001100569     21189.05
        7876     1.003316     1.765633 -0.002056133     21191.54
        7878     1.003062     1.766943  -0.00129077     21198.48
        7880     1.003392     1.758821  -0.00140297      21201.2
        7882     1.003307     1.763996 -0.001729323     21205.67
        7884     1.002953      1.75441 -0.001692288     21205.15
        7886     1.003623     1.753109 -0.002107923     21212.02
        7888     1.003808     1.745283 -0.001075065     21214.74
        7890      1.00381     1.747133 -0.001612848     21221.76
        7892     1.003318     1.745809 -0.001764121     21219.51
        7894     1.003207     1.740206   -0.0020129     21222.16
        7896     1.003602      1.73117 -0.002040249     21226.97
        7898     1.003769     1.731029 -0.002368733     21230.32
        7900     1.003854     1.729487 -0.001579688     21231.81
        7902     1.004004     1.721256 -0.001644563     21236.56
        7904      1.00396     1.718532 -0.001465504     21234.48
        7906     1.003941     1.717873 -0.0009036854     21239.84
        7908     1.003893     1.717763 -0.0009630461     21246.96
        7910     1.004106     1.714026 -0.0009599864     21248.45
        7912     1.003963     1.710828 -0.001338808     21249.58
        7914     1.004574     1.710193 -0.001233389     21204.72
        7916     1.005766     1.707053 -0.001658442     20940.06
        7918     1.005828     1.704159  -0.00168072     20617.09
        7920     1.004595      1.69756 -0.001609012     20945.59
        7922     1.004835     1.696747 -0.001821923      21182.1
        7924      1.00482      1.69418 -0.001200442     21228.18
        7926     1.004694     1.689584 -0.0007018642     21239.33
        7928     1.004696     1.687957 -0.0007826092     21244.89
        7930     1.004768     1.691132 -0.001311187     21249.46
        7932     1.005461      1.68792 -0.000862941      21256.2
        7934     1.005259     1.679094 -0.001489243     21259.79
        7936     1.005384     1.681053 -0.001892109     21266.56
        7938     1.004879     1.679218 -0.001220852     21262.82
        7940     1.004982     1.672783 -0.001883523     21266.22
        7942     1.004757     1.669328 -0.001448365      21271.7
        7944     1.005434     1.665985 -0.0008851515     21276.65
        7946     1.005455     1.667631 -0.0007950562     21279.16
        7948     1.005637     1.665702 -0.000457802     21281.39
        7950     1.005543     1.662967 -0.001606473     21283.17
        7952     1.005397     1.662323  -0.00112132     21282.96
        7954     1.005577      1.65478 -0.001403639     21288.73
        7956     1.006061     1.656731 -0.001624493     21294.37
        7958     1.006042     1.651738 -0.0006487815     21296.04
        7960     1.006031     1.649327 -0.0009346471     21299.23
        7962     1.005706     1.649589 -0.001022545     21298.79
        7964     1.005884     1.649254 -0.001133746     21301.69
        7966     1.005808     1.643558  -0.00156627     21302.39
        7968     1.005755     1.640257 -0.001870357     21304.78
        7970     1.005734     1.637059 -0.001418243     21308.37
        7972     1.005692     1.634291 -0.001906829     21310.54
        7974     1.005567     1.632212 -0.001661263     21313.44
        7976     1.006156     1.625002  -0.00140046     21317.24
        7978     1.005614     1.623769 -0.001341369     21320.42
        7980     1.005519     1.623087 -0.001052239     21320.79
        7982     1.005446     1.621481 -0.0008366237      21323.4
        7984     1.005421     1.616584 -0.001025041     21325.47
        7986       1.0057     1.617076 -0.001692429     21329.06
        7988     1.005858     1.614887 -0.001478893      21331.9
        7990     1.005332     1.607941 -0.001433991     21332.79
        7992     1.005395     1.604753 -0.001535581     21332.57
        7994     1.005367     1.605604 -0.001274948        21338
        7996     1.005562     1.602602 -0.001113434     21339.36
        7998      1.00541     1.597742 -0.001530878     21339.47
        8000     1.005146     1.595846 -0.001442041      21340.1
        8002     1.004828     1.593357  -0.00146198     21342.77
        8004     1.004957     1.591066 -0.001224311     21345.63
        8006      1.00552     1.586046  -0.00121378     21351.88
        8008     1.005501     1.586051 -0.001246627     21353.03
        8010     1.004979     1.583647 -0.001739546     21351.25
        8012     1.004876     1.581093 -0.001687944     21353.48
        8014      1.00525      1.57213 -0.001581286     21358.39
        8016     1.004933     1.572548 -0.001317768     21361.34
        8018     1.005352     1.570997 -0.0008018737     21362.64
        8020     1.005201     1.570551 -0.001405045     21365.84
        8022      1.00523     1.565715 -0.001293112     21370.21
        8024     1.005109     1.561307 -0.001428455     21370.59
        8026     1.005228     1.560652 -0.001150318     21372.85
        8028     1.005038     1.559123 -0.001124965     21371.75
        8030       1.0048     1.556512 -0.001700556      21375.2
        8032     1.004819     1.552308 -0.001801476      21376.7
        8034     1.004603     1.547047 -0.001200493     21378.61
        8036     1.004569     1.544711 -0.001236412     21379.52
        8038     1.004606     1.546908 -0.0007476235     21386.53
        8040      1.00456     1.542416 -0.001300336     21385.86
        8042     1.005019     1.541066 -0.001889848     21392.68
        8044     1.004939     1.534309 -0.001392422     21393.07
        8046     1.004778     1.531789 -0.001453144     21394.35
        8048      1.00505     1.531277 -0.000829914     21398.13
        8050     1.004546     1.529441 -0.001191667     21398.06
        8052     1.004732     1.527669 -0.001312773     21401.39
        8054     1.004964     1.522256 -0.001263015     21404.01
        8056     1.004357     1.520775 -0.001596664     21404.19
        8058     1.004278     1.519337  -0.00110213     21402.41
        8060     1.004322     1.514896 -0.001278797     21406.16
        8062     1.004123     1.513439 -0.001546259     21409.45
        8064     1.004162     1.510544 -0.001443055     21412.22
        8066     1.004305     1.506967 -0.001694135     21410.42
        8068     1.004326     1.503352 -0.001570968     21411.43
        8070     1.004089     1.499886 -0.001534496      21411.6
        8072     1.004065     1.497977 -0.001482788     21416.64
        8074     1.004105     1.494691 -0.001217207     21416.19
        8076     1.003613     1.491489 -0.0007641823     21418.17
        8078     1.003337     1.490148 -0.001149279     21420.95
        8080     1.003157     1.491863  -0.00109119     21421.79
        8082     1.003004     1.485497 -0.0009861665     21417.45
        8084     1.003212      1.48276 -0.001650261     21421.22
        8086     1.003323     1.482259 -0.001485863     21425.74
        8088      1.00324     1.478661  -0.00124598     21425.01
        8090     1.002857      1.47361 -0.001598897     21430.16
        8092     1.002788     1.472792  -0.00168345     21431.85
        8094     1.002585     1.469468 -0.001105628     21431.15
        8096     1.002518     1.465193 -0.001166211     21432.29
        8098     1.002234     1.464765 -0.001247683     21435.97
        8100     1.002674     1.463462 -0.0008906514     21440.48
        8102      1.00227     1.459486 -0.001183198     21440.63
        8104     1.002395     1.458068 -0.001390014      21439.2
        8106     1.002096     1.455299 -0.001127969     21441.01
        8108     1.002075     1.452342 -0.001308345     21442.91
        8110     1.002102     1.450463 -0.0007649802     21445.42
        8112     1.002035     1.447601 -0.001031081     21449.44
        8114     1.001644     1.449179 -0.001259269     21451.11
        8116      1.00161     1.444093 -0.001351186      21452.3
        8118     1.001178     1.440388 -0.001903687     21450.72
        8120     1.001201     1.436792 -0.001154069     21453.46
        8122     1.001134      1.43395 -0.001689834     21454.22
        8124     1.001022     1.434861 -0.001291357      21452.9
        8126     1.000856      1.42687 -0.001062533     21458.17
        8128     1.000349     1.426461 -0.001375386     21454.25
        8130      1.00018      1.42545 -0.0007856633     21455.62
        8132     1.000228     1.423858 -0.001141766     21457.22
        8134    0.9998765     1.420584 -0.001383065     21458.21
        8136     0.999862     1.417327 -0.001259362     21461.53
        8138    0.9998465     1.414385 -0.001068399     21459.49
        8140    0.9994766     1.413783 -0.001155913     21466.65
        8142    0.9994079     1.412037 -0.0009054621     21465.35
        8144    0.9993729      1.40808 -0.001112599     21465.05
        8146    0.9992525     1.407141 -0.001694123     21466.75
        8148    0.9991151     1.404882 -0.001151603        21469
        8150    0.9988894     1.398484 -0.001450254     21470.72
        8152    0.9982593     1.398867 -0.001361858     21466.52
        8154    0.9984549     1.395539 -0.001056639     21470.58
        8156     0.998062     1.393987 -0.001208112     21472.48
        8158    0.9980647     1.390031 -0.0009328897     21474.88
        8160    0.9982407     1.389202 -0.001061897     21478.61
        8162    0.9978094     1.388076 -0.001269867     21477.33
        8164    0.9979156     1.385492 -0.001509384     21476.25
        8166    0.9972273     1.379872 -0.001362682     21476.83
        8168    0.9970763     1.377127 -0.001496882     21484.98
        8170    0.9968421     1.377175 -0.001363855     21479.58
        8172    0.9964852     1.373517 -0.0009686999     21481.11
        8174    0.9964305     1.368961 -0.001177082     21484.57
        8176    0.9961724     1.369377 -0.001152244     21486.59
        8178     0.995884     1.367758 -0.001142494     21483.66
        8180    0.9959808     1.364299 -0.001350777     21484.88
        8182    0.9957284     1.359821 -0.001234936     21486.76
        8184    0.9956595     1.358571  -0.00127786     21487.78
        8186    0.9955473     1.357879 -0.001005858     21491.62
        8188    0.9951306     1.354076 -0.001150244     21487.26
        8190    0.9948498     1.351775 -0.001229857     21487.43
        8192      0.99479     1.349369 -0.001656287     21489.47
        8194    0.9944991      1.34804 -0.001082054     21491.81
        8196     0.994722     1.340826 -0.001114078     21495.86
        8198    0.9945314     1.343118 -0.001510082     21495.77
        8200    0.9941527     1.340456 -0.0008345158     21496.83
        8202    0.9940542     1.335959 -0.001485741     21498.54
        8204    0.9935279      1.33415 -0.001585839     21499.91
        8206    0.9936952     1.331232 -0.001188653     21500.36
        8208    0.9931358      1.32777 -0.001261066     21498.15
        8210    0.9931448      1.32645 -0.001328769     21496.66
        8212    0.9928572     1.324061 -0.001405032     21497.83
        8214    0.9926126     1.320602 -0.0009300295     21501.62
        8216    0.9927825      1.31653 -0.001187683     21502.87
        8218    0.9923085      1.31901 -0.000916159        21502
        8220    0.9923134      1.31456 -0.0008639328     21505.62
        8222    0.9919099     1.313273 -0.001424246     21503.18
        8224    0.9916092     1.309618 -0.001151754     21504.29
        8226    0.9920258     1.307616 -0.001463429     21509.88
        8228    0.9912702     1.305346 -0.001561512     21508.89
        8230    0.9911308     1.301565 -0.001369173      21508.3
        8232    0.9906965     1.297126 -0.001446083     21508.57
        8234    0.9906401     1.296662 -0.001237659      21510.8
        8236     0.990493     1.293777 -0.0005445355     21511.28
        8238    0.9903207     1.291664 -0.0008116527     21511.03
        8240     0.989928      1.29277 -0.0009788109     21513.31
        8242    0.9896829     1.290169 -0.001368638        21510
        8244     0.989371     1.285947 -0.001536199      21511.3
        8246    0.9891254     1.280715 -0.001537369     21513.81
        8248    0.9891551      1.28048 -0.001338144     21515.78
        8250    0.9889279      1.27787 -0.001163302     21515.69
