# This file has been produced by extranormal (v 1.0.1 - February 23, 2017)
# O. Roudenko - Synchrotron SOLEIL. Covered by GPL licence.
#Data from HDF File: /nfs/ruche-rock/rock-soleil/com-rock/2021/Projets/20210209_Hilde/InSitu/10Ni-10Fe_50BN/10Ni-10Fe_50BN_RWGS750_CO2pulses_H2cst_ratio1/10Ni-10Fe_50BN_RWGS750_CO2pulses_H2cst_ratio1_00302.nxs to 10Ni-10Fe_50BN_RWGS750_CO2pulses_H2cst_ratio1_00303.nxs
#Time at start=2021-02-10 14:42:38.997
#Time from start (seconds)=1507.97359584
#Sample temperature (C)=25.0
# Normalization -------------
# pivot spectrum: Pivot_Fe_10Ni-10Fe_50BN_RT_air_av2000_00001.txt
# E0=7112.0   Eshift=1.87723423343
# E0_pivot = 7112.0
# pre-edge params: from E0_pivot-140.0 to E0_pivot-20.0
# pre-edge range: [6972.0, 7092.0]
# post-edge params: from E0_pivot+100.0 to E0_pivot+1140.0
# post-edge range: [7212.0, 8250.0]
# I jump at E0_pivot = 1.24430020222
# shifted energy	normalized	reference	ref.derivative	I0
        6970  0.001845614     1.679405 -0.006038218     18813.79
        6972  0.001845614     1.679405 -0.006038218     18813.79
        6974  0.001380256     1.667668  -0.00334241     18823.18
        6976  0.001498096     1.666751 -0.001800619     18827.74
        6978  0.001174025     1.671613 -0.001077997     18833.78
        6980  0.001075674        1.665 -0.0009385754     18846.22
        6982  0.001068309     1.659044 -0.002445621     18855.52
        6984 0.0007726301     1.659242  -0.00203337      18864.7
        6986  0.001067556     1.652048  -0.00178097      18872.8
        6988 0.0005587469     1.648733 -0.001436754     18879.03
        6990  0.000497318     1.644797 -0.0004696285      18882.8
        6992 0.0002857986     1.647748 -0.0005257585     18892.46
        6994 0.0007898303     1.648291 0.0002201023     18898.45
        6996 0.0005871942     1.644527 -0.0008835767     18907.58
        6998 0.0003057478     1.646557 -0.002125353     18917.66
        7000 -0.0002003018      1.64068 -0.002712968     18922.42
        7002 0.0001659146     1.631288 -0.003095543      18932.3
        7004  0.000289648     1.622823 -0.001966348      18941.3
        7006 -0.000386569     1.621793 -0.001669099     18948.45
        7008 -0.0002577821     1.624949 -0.0008968035     18960.71
        7010 -0.000449019     1.617935 -0.001647624     18964.14
        7012 -0.0003110871     1.615649 -0.002989726     18973.44
        7014 -0.0005865559     1.608612 -0.001883117     18981.37
        7016 -0.0006958692     1.601031 -0.0009854828     18989.44
        7018 -0.0004419555      1.60287 -0.0008382863      18996.5
        7020 -0.000853493     1.607765 -0.0002211856     19003.67
        7022 -0.0003726928     1.601906 -0.001522887     19009.81
        7024 -0.0008472252     1.599261 -0.002532579     19014.42
        7026 -0.0007559127     1.590687 -0.001819079     19025.77
        7028 -0.001097658     1.587504 -0.001450418     19037.09
        7030 -0.001053782     1.587353 -0.001664826      19043.2
        7032 -0.001263116     1.587658 -0.0008599243     19050.98
        7034 -0.001444104     1.577369  -0.00192166     19055.09
        7036 -0.001191348     1.580625 -0.001772617     19063.45
        7038 -0.001009187      1.57198 -0.000529046     19071.61
        7040 -0.002065155     1.573477 -0.001811852     19078.45
        7042 -0.0008458377     1.573136 -0.0007866939     19090.01
        7044 -0.0009190935      1.56613   -0.0017099     19099.13
        7046  -0.00106707     1.565686 -0.002061079     19108.48
        7048 -0.001076063     1.559798 -0.002389204     19114.63
        7050 -0.0004066926     1.556648 -0.001743301     19125.37
        7052 -0.001069847     1.547016 -0.001551102     19131.48
        7054 -0.0007048231      1.55174 -0.001696409     19135.83
        7056 -0.000404602     1.547389 -0.0002705589     19151.46
        7058 -0.0003037919     1.543076 -0.001448361     19156.71
        7060 -0.0004507691     1.544852 -0.001303109     19168.15
        7062 -0.000860996     1.540153 -0.000714316     19176.76
        7064 -0.0002172058     1.536964 -0.001550172     19181.28
        7066 -0.000180263     1.537362 -0.001773859     19192.13
        7068 -5.327341e-05     1.532451 -0.001658663      19198.1
        7070 0.0002541817     1.525962 -0.001657648     19205.18
        7072 -9.253872e-05     1.523695 -0.001434413     19213.47
        7074 0.0004387244     1.524101 -0.000919327     19220.14
        7076 0.0001060025     1.520975 -0.001569595     19227.05
        7078 0.0009147296     1.518608 -0.001151709     19237.37
        7080 0.0006279679     1.511138 -0.001854647     19244.15
        7082     0.001117     1.514887 -0.001271526     19252.83
        7084  0.001543571     1.506138 -0.0007865353     19260.14
        7086  0.001401694     1.508435 -0.001679836     19267.14
        7088  0.001734231     1.504846 -0.0008466814     19272.76
        7090  0.001882272     1.501448 -0.001619842     19279.17
        7092  0.002483073     1.499365 -0.000990607        19286
        7094  0.002807831     1.495477  -0.00099555     19295.02
        7096  0.003765414     1.496921 -0.0006742207     19301.01
        7098  0.004490902     1.493484 -0.0001542294      19307.7
        7100  0.005748198     1.493971 -0.0007669884     19318.12
      7100.2  0.005870552     1.494023 -0.0007521549     19318.72
      7100.4  0.005992905     1.494075 -0.0007373215     19319.31
      7100.6  0.006115259     1.494127 -0.000722488     19319.91
      7100.8  0.006237613     1.494179 -0.0007076546      19320.5
        7101  0.006359967     1.494231 -0.0006928211      19321.1
      7101.2  0.006482321     1.494283 -0.0006779877      19321.7
      7101.4  0.006604675     1.494335 -0.0006631542     19322.29
      7101.6  0.006727029     1.494387 -0.0006483208     19322.89
      7101.8  0.006849383     1.494439 -0.0006334873     19323.48
        7102  0.007015449     1.493156 -0.0002945271     19325.62
      7102.2  0.007116702     1.491327 -0.001230283     19327.08
      7102.4  0.007135223      1.49255 -0.001024132     19327.75
      7102.6  0.007132165     1.493215 0.0008166967     19327.31
      7102.8  0.007319872     1.492337 -0.001806661     19327.94
        7103  0.007567309      1.49198 -0.0001848966     19329.65
      7103.2  0.007685877     1.491104   0.00565708     19329.23
      7103.4  0.007847598     1.493067  0.006486358     19329.14
      7103.6  0.007979817     1.496862  0.004439667     19330.49
      7103.8   0.00823765     1.497169 0.0007643609     19331.93
        7104  0.008591548     1.494656 -0.003400605     19334.16
      7104.2  0.008790304     1.493678 -0.003471379     19336.53
      7104.4  0.009044743     1.494142 -0.001564533     19337.73
      7104.6  0.009410921     1.494392 -0.004131016     19339.91
      7104.8   0.00962897     1.493404 -0.005110724     19340.38
        7105  0.009825405     1.490374 -0.0006148014     19339.65
      7105.2   0.01015335     1.490053   0.00253208     19341.19
      7105.4   0.01055629       1.4939  0.006028254     19343.63
      7105.6   0.01074818      1.49543  0.008789912      19343.6
      7105.8   0.01087346     1.495196  0.005439242     19341.87
        7106   0.01103996     1.497085  0.005843524     19342.77
      7106.2   0.01118088     1.498252  0.008679126      19342.5
      7106.4    0.0115234     1.500105  0.005761281      19341.6
      7106.6   0.01184156      1.50214   0.00120339     19344.39
      7106.8   0.01201154     1.501694 -0.001561125     19347.03
        7107    0.0124143     1.499215 -0.004139418     19348.53
      7107.2   0.01287423     1.498856 -0.005138171     19349.34
      7107.4   0.01339669     1.498828 -0.0001356429     19348.97
      7107.6   0.01410105     1.497584  0.004199213     19349.38
      7107.8    0.0146325     1.499106  0.004913333     19350.51
        7108   0.01496644     1.502215  0.005635879     19350.76
      7108.2   0.01533478     1.502759  0.005655692     19350.53
      7108.4   0.01589508     1.502092  0.005560613     19350.56
      7108.6   0.01682481     1.503631  0.008032149     19352.33
      7108.8   0.01770368     1.506664   0.01229642     19354.25
        7109   0.01837202     1.509184   0.01501264     19354.83
      7109.2   0.01905195     1.511929   0.01704553     19354.71
      7109.4   0.01980513     1.515641   0.01982186     19354.29
      7109.6   0.02092395       1.5203   0.02132512     19355.09
      7109.8   0.02211086     1.525042   0.02528562      19355.6
        7110   0.02337714     1.528989   0.03101769     19355.63
      7110.2   0.02515566     1.535869   0.03574267     19355.76
      7110.4   0.02734989     1.545114   0.04767594     19355.25
      7110.6   0.02993477     1.553636   0.06444004     19355.49
      7110.8   0.03276905      1.56713   0.08171161     19355.25
        7111   0.03637663     1.587421    0.0987577     19353.09
      7111.2   0.04134243     1.610484    0.1113828     19351.77
      7111.4   0.04746625     1.632642    0.1213013     19351.82
      7111.6   0.05431374     1.656236    0.1322982     19350.58
      7111.8   0.06193875     1.684462    0.1469921     19349.55
        7112   0.07054557     1.716322    0.1565845     19347.79
      7112.2   0.08013947     1.750236    0.1556516     19348.22
      7112.4   0.09001844     1.781504    0.1473931     19347.53
      7112.6   0.09954337     1.808984    0.1322374     19346.59
      7112.8    0.1083116     1.834237    0.1171847     19344.01
        7113    0.1163411     1.856026       0.1089     19340.56
      7113.2    0.1238666     1.875252   0.09972189     19336.76
      7113.4    0.1306328     1.896104   0.09279226     19335.88
      7113.6     0.136919     1.914014   0.09604476     19334.76
      7113.8    0.1428715      1.93026   0.08957138     19336.04
        7114    0.1483377     1.952088   0.08363751     19337.42
      7114.2    0.1533684     1.967761   0.08111111     19336.68
      7114.4    0.1578921     1.980924   0.07209843     19335.61
      7114.6    0.1620123     1.995148   0.06538938     19337.39
      7114.8    0.1654945     2.009766   0.06070233     19339.53
        7115    0.1684701     2.020072   0.05214889     19340.17
      7115.2    0.1709639     2.029486   0.04019301     19340.61
      7115.4    0.1730302     2.036868   0.03223201     19340.84
      7115.6    0.1754139     2.041921   0.02592509     19340.95
      7115.8    0.1781504     2.045858   0.02433633      19340.4
        7116    0.1815011     2.050226   0.02121036     19341.46
      7116.2    0.1854761     2.056337   0.02424063     19342.06
      7116.4    0.1901798     2.058889   0.03002007     19343.07
      7116.6    0.1956294      2.06525   0.02698383     19343.98
      7116.8    0.2017931     2.074242   0.02938689     19343.64
        7117    0.2087971     2.077924   0.03219944      19344.8
      7117.2    0.2168199     2.082399   0.03801745     19346.32
      7117.4    0.2260004      2.09101   0.05149935     19345.36
      7117.6     0.236351     2.104656   0.06523733     19344.86
      7117.8    0.2476494     2.119123   0.07227885     19345.22
        7118    0.2599574     2.134588   0.07173581     19344.64
      7118.2    0.2739233     2.148833   0.07468595     19344.41
      7118.4    0.2892991     2.162045   0.08299935     19344.22
      7118.6    0.3058935     2.178872   0.09648078     19343.92
      7118.8    0.3241202     2.200988    0.1049761     19344.76
        7119    0.3433968     2.226017    0.1126238     19344.29
      7119.2    0.3637194     2.246026    0.1191803     19342.34
      7119.4    0.3857578     2.268971     0.116124     19342.05
      7119.6    0.4086938     2.296332    0.1237917     19342.54
      7119.8    0.4316024     2.318917    0.1326515     19342.72
        7120    0.4548108     2.345059    0.1358658     19341.89
      7120.2    0.4784974     2.375092    0.1459498     19340.38
      7120.4    0.5017917     2.405025    0.1412207     19338.84
      7120.6    0.5235957     2.435677    0.1377216     19337.03
      7120.8    0.5438405     2.458036    0.1423325     19336.87
        7121    0.5625743     2.485269    0.1411172     19336.59
      7121.2     0.579782     2.518891    0.1237566      19336.5
      7121.4    0.5957094      2.54857    0.1101414     19337.15
      7121.6    0.6108439     2.557041   0.09398739     19337.72
      7121.8    0.6255674     2.573383   0.07696791     19337.03
        7122    0.6399606     2.594081   0.08224591     19338.05
      7122.2    0.6549493     2.610145    0.0986129     19341.24
      7122.4    0.6704922     2.622838    0.1092823     19339.88
      7122.6    0.6860221     2.652273   0.09312997     19337.73
      7122.8    0.7021479     2.681507    0.1083051     19338.25
        7123     0.719137     2.684649    0.1188051     19337.55
      7123.2    0.7369386     2.709482    0.1022945     19338.35
      7123.4    0.7552659     2.747317   0.08190379     19338.33
      7123.6    0.7734849     2.763342   0.05435481     19336.07
      7123.8    0.7914519     2.750172   0.02029311     19334.21
        7124     0.809286     2.752966  0.006368913     19332.92
      7124.2    0.8271856     2.763551   -0.0155218      19331.6
      7124.4    0.8449884     2.768437  -0.02868893     19329.86
      7124.6    0.8618932     2.737754  -0.02305743     19329.56
      7124.8    0.8783491     2.730015 -0.006839557     19330.43
        7125    0.8943136     2.745105   0.04948468     19330.94
      7125.2    0.9088913     2.762966   0.08876394     19328.25
      7125.4      0.92277     2.777342    0.1263738     19326.39
      7125.6    0.9358435     2.801026    0.1357126     19326.91
      7125.8    0.9480427     2.846205    0.1282082      19327.4
        7126    0.9597257     2.871536    0.1008671     19328.55
      7126.2    0.9713715     2.879908   0.04147734     19330.38
      7126.4    0.9830831     2.881719   0.03956253     19330.54
      7126.6    0.9946629     2.879386   0.05149788      19329.4
      7126.8     1.006652     2.903186   0.05596685      19328.8
        7127     1.019265     2.921107    0.1073105     19326.65
      7127.2     1.032249     2.926493    0.1408265     19324.33
      7127.4     1.045174     2.965235    0.1286217     19322.11
      7127.6      1.05776     3.015847   0.06847039     19319.78
      7127.8     1.070934     3.024004  -0.06249155     19319.56
        7128     1.084742     2.981269   -0.1864466     19320.93
      7128.2     1.098622     2.915242   -0.2080745     19322.92
      7128.4     1.112749      2.86669   -0.1242003     19321.94
      7128.6     1.126885     2.857545   0.01954938     19320.22
      7128.8     1.140962     2.881909   0.08448111     19320.49
        7129     1.154176     2.930881   0.09807131     19319.98
      7129.2      1.16594     2.934275    0.1503881     19319.86
      7129.4      1.17574     2.936002    0.1463686     19318.86
      7129.6     1.184535     3.002219    0.1667221     19318.24
      7129.8     1.192399     3.047976    0.2055933     19318.18
        7130     1.198617     3.067652    0.1824664     19317.72
      7130.2      1.20335     3.100476    0.1292376     19316.66
      7130.4     1.206784     3.148193   0.09695968     19315.79
      7130.6       1.2089     3.151366   0.08667948     19314.79
      7130.8     1.209964      3.14522   0.05423626     19313.69
        7131     1.210471      3.16982  -0.04019398     19310.95
      7131.2     1.210556     3.191582    -0.122152     19309.04
      7131.4     1.210449     3.119211   -0.1953336     19308.25
      7131.6     1.210218     3.047498   -0.2235371     19307.85
      7131.8     1.210571     3.013553   -0.1242967      19309.2
        7132     1.210941     3.012752   -0.0561051     19307.03
      7132.2     1.210385     3.019774  0.009908418     19305.48
      7132.4     1.209664     3.002614   0.03062927     19304.45
      7132.6     1.208612      3.02148   0.05223736     19303.41
      7132.8     1.207173     3.037255    0.1212216     19303.57
        7133     1.204697     3.061563   0.04914304     19305.36
      7133.2     1.201401     3.099592  -0.01298425     19305.91
      7133.4     1.197781     3.060794   -0.0559361     19305.17
      7133.6     1.193096     3.026868  -0.09634397        19305
      7133.8     1.187702     3.016815  -0.01763228     19305.28
        7134     1.181625     3.022516  -0.04045701     19306.17
      7134.2     1.174912     3.046688   -0.1351726     19307.07
      7134.4     1.168045     2.994502   -0.1769879     19308.13
      7134.6     1.160964     2.908676   -0.2022727     19309.45
      7134.8     1.153745     2.880926   -0.1298549      19311.1
        7135     1.146788      2.88487  0.002898049     19312.71
      7135.2     1.139865     2.890618   0.04598815     19313.86
      7135.4     1.132864     2.910995   0.02108571     19314.35
      7135.6     1.126141     2.917717   0.02484135     19315.86
      7135.8     1.119353     2.901739   0.03268322     19318.18
        7136     1.112709     2.910491   0.02811085      19318.8
      7136.2     1.106673     2.937141  -0.02372798     19318.91
      7136.4     1.100876     2.940205   -0.1090817     19317.92
      7136.6     1.095281     2.882756   -0.1105425     19315.63
      7136.8     1.089994     2.823226   -0.0638839     19312.08
        7137     1.085263     2.848707   0.04837424     19304.43
      7137.2      1.08068     2.889098    0.1447671     19290.85
      7137.4      1.07626     2.921456    0.1222146     19266.72
      7137.6     1.072607      2.93904   0.06678824     19231.91
      7137.8      1.06934     2.946479   0.02086859     19190.87
        7138     1.065725     2.942529  0.009438707     19149.78
      7138.2     1.062512     2.938151  -0.03933348     19114.59
      7138.4     1.058969     2.946591  -0.09678286     19090.57
      7138.6     1.055949     2.915012   -0.1072888      19083.2
      7138.8      1.05317     2.865102  -0.08395389     19089.43
        7139      1.05048      2.85232   -0.0253953     19105.59
      7139.2     1.048181     2.879428   0.04537903     19128.81
      7139.4      1.04653     2.894696   0.08490436     19157.36
      7139.6     1.045194     2.901406   0.06089036     19187.52
      7139.8      1.04398     2.920243   0.03273602     19216.05
        7140     1.042792      2.92814   0.04515469     19241.26
      7140.2     1.041643     2.920885     0.043115     19264.08
      7140.4     1.040456     2.937529   0.01973791     19284.77
      7140.6     1.039616     2.954735   0.03890274     19300.04
      7140.8     1.039232      2.94393   0.05362119     19308.71
        7141     1.039107     2.952007   0.05530768     19313.53
      7141.2     1.039087     2.980426   0.05766449     19314.79
      7141.4     1.038652     2.998981   0.03848935     19310.99
      7141.6      1.03772     2.990062 -0.006635945     19301.04
      7141.8     1.036738     2.982799   -0.0616225      19283.6
        7142     1.035469     2.975118  -0.05493354     19254.96
      7142.2     1.034402     2.949683  -0.03168925     19219.15
      7142.4     1.033632     2.946115  -0.04602278     19180.29
      7142.6     1.032954     2.957447  -0.03553469     19139.82
      7142.8     1.032258     2.938299 -0.004225118        19106
        7143      1.03115     2.921255  0.008204961     19085.55
      7143.2      1.02984     2.942735  0.008391141     19078.93
      7143.4     1.028587     2.964011   0.02301703     19088.44
      7143.6     1.027515     2.945012   0.02933304     19114.97
      7143.8     1.026387     2.939669  -0.02582411     19150.55
        7144     1.025215     2.966201    0.0159116     19189.97
      7144.2     1.023962     2.943352   0.08942293     19228.99
      7144.4      1.02291     2.957742   0.06115745     19261.88
      7144.6     1.021885     3.011207   0.04994428     19287.69
      7144.8     1.020897     3.015127   0.01411856     19306.63
        7145     1.020205     2.983307   -0.0724264      19318.5
      7145.2     1.019404     2.969036  -0.06208468     19327.08
      7145.4     1.018201     2.953266 -0.008773222     19333.39
      7145.6     1.016557      2.96546  -0.03583636     19338.09
      7145.8     1.014436     2.976289  -0.01653325     19338.57
        7146     1.012498     2.940367   0.01609138     19340.43
      7146.2     1.010638      2.94004   0.02007496      19344.8
      7146.4     1.009046     2.978333   0.06032689     19348.24
      7146.6      1.00753     2.992349   0.04775079     19348.29
      7146.8     1.005725     2.988629  -0.02307472     19350.53
        7147     1.003406      2.97824  -0.05494681     19353.26
      7147.2     1.000913     2.959873  -0.04114974      19353.7
      7147.4    0.9985882     2.948391  -0.01953722     19357.23
      7147.6    0.9958717     2.955709   0.01886018     19358.36
      7147.8    0.9928919     2.962611   0.09218981      19360.4
        7148    0.9900736     2.974961   0.09746555     19364.62
      7148.2    0.9875163     3.022143   0.05973671     19364.67
      7148.4    0.9846815     3.033682   0.05074864     19366.17
      7148.6     0.981433       3.0104   0.01474287     19369.34
      7148.8    0.9780971      3.01556   0.02632208     19370.72
        7149    0.9747683     3.033937   0.08170789     19371.14
      7149.2    0.9718411     3.054739   0.08278368     19372.46
      7149.4    0.9687074     3.075766   0.09166381      19374.6
      7149.6    0.9651963     3.081787    0.0835813     19376.65
      7149.8    0.9621613     3.107268   0.03076701     19378.41
        7150     0.959281     3.121604   0.01565674      19378.5
      7150.2    0.9565694      3.10038  -0.03664425     19378.44
      7150.4    0.9542574     3.094312  -0.05940283        19380
      7150.6    0.9520068     3.077953  -0.03731009     19382.95
      7150.8    0.9496832     3.074082  -0.04810853     19385.53
        7151    0.9472517     3.070532  -0.03585462     19386.37
      7151.2    0.9453607     3.055825  -0.04470911     19387.74
      7151.4    0.9438633     3.049269  -0.03887075     19390.57
      7151.6    0.9426009     3.038315  0.004510946     19393.34
      7151.8    0.9412443     3.039435 -0.005326679     19394.57
        7152    0.9395153     3.059434 0.0006213878     19394.09
      7152.2    0.9379009     3.045008   0.03484819     19393.73
      7152.4    0.9367107     3.038812   0.07511179      19394.1
      7152.6    0.9354208     3.067314    0.1413318     19396.68
      7152.8     0.934621     3.119524    0.1560042     19397.06
        7153    0.9343578     3.158073    0.1140159     19397.46
      7153.2    0.9339844     3.163615   0.03321927     19396.97
      7153.4    0.9338888     3.158526  -0.02995445     19396.77
      7153.6    0.9336777     3.146099  -0.07559796     19398.31
      7153.8    0.9335072      3.13411  -0.07768436     19400.31
        7154    0.9336035     3.103137  -0.04037759     19402.33
      7154.2    0.9341617     3.096379  -0.02045438     19403.79
      7154.4    0.9347141     3.113797 -0.007304382     19404.36
      7154.6    0.9349194     3.117746 -0.009927169     19403.88
      7154.8    0.9352133     3.097293  -0.04220552     19404.27
        7155    0.9359136     3.088437  -0.04473588     19405.39
      7155.2    0.9369203     3.080033 -0.004928604     19407.04
      7155.4    0.9379624     3.081958 -0.000410013      19409.2
      7155.6    0.9389048      3.09335  0.006839492     19411.37
      7155.8    0.9398771     3.088109   0.03016958     19411.93
        7156    0.9407476     3.085504    0.0273529        19412
      7156.2    0.9415002     3.106093  0.006611933     19413.13
      7156.4    0.9421047     3.115233 -6.095301e-05      19412.6
      7156.6    0.9428698     3.093399  -0.04711491     19410.99
      7156.8     0.944134     3.085455  -0.06654864     19410.61
        7157     0.945446     3.068401   -0.0135714     19411.79
      7157.2    0.9470469     3.061994  -0.01569164     19413.18
      7157.4    0.9483267     3.082542  -0.01520952     19413.58
      7157.6    0.9496589     3.072902 0.0008180372     19415.29
      7157.8    0.9510634     3.056234  -0.04274745     19419.52
        7158    0.9525702     3.062648  -0.01567855     19422.01
      7158.2    0.9540339     3.048344 -0.001133051     19422.78
      7158.4    0.9552022     3.060359 -0.009038817     19421.96
      7158.6    0.9558899     3.055327 0.0007145885     19420.17
      7158.8    0.9565557     3.055417 -0.006525048     19421.61
        7159    0.9571679     3.048915   0.01008351     19420.75
      7159.2    0.9579974     3.055139 0.0005745096      19419.9
      7159.4    0.9589377     3.063394   0.01385234      19420.9
      7159.6     0.960129     3.055877   0.01313491     19422.85
      7159.8    0.9611228     3.059997  -0.03092974     19424.75
        7160    0.9619819     3.065647  0.005112176     19426.73
      7160.2    0.9625364      3.03865   0.04889983     19429.16
      7160.4    0.9632527     3.059966  0.009567789     19431.32
      7160.6    0.9640569     3.099117   0.01457832     19431.55
      7160.8    0.9648468     3.073301 -0.004226869     19432.67
        7161    0.9653921     3.050313  -0.06749235     19432.34
      7161.2    0.9654058     3.056585  -0.03997331     19430.43
      7161.4    0.9655487     3.045123 -0.008065153     19430.43
      7161.6    0.9662463     3.041323 -0.008644702     19431.46
      7161.8    0.9673018     3.043861   0.02572135     19433.05
        7162    0.9683654     3.049669   0.01131865     19435.42
      7162.2    0.9690558       3.0657   -0.0048974     19436.09
      7162.4    0.9696053     3.050378   0.00990499     19436.29
      7162.6    0.9701918     3.039943  -0.01149276     19437.83
      7162.8    0.9703499     3.057593 -0.001022081      19437.6
        7163    0.9703658     3.056506 -0.004413542     19437.61
      7163.2    0.9708376      3.04956  -0.05426913     19439.13
      7163.4    0.9716292     3.036412  -0.02312927     19439.55
      7163.6    0.9724145     3.014178 -0.003481766     19438.84
      7163.8     0.972957     3.038003   -0.0309496     19437.84
        7164    0.9732234     3.046775  -0.02615563     19438.22
      7164.2    0.9733029     3.011652  0.004175142     19437.91
      7164.4    0.9742108     2.993253 -0.008224354     19438.83
      7164.6    0.9750538     3.041343 -0.004338264     19438.48
      7164.8    0.9755787     3.040195  0.005516334     19438.19
        7165    0.9755617     3.008182  -0.02732651     19439.35
      7165.2    0.9757592     2.997666 -0.008716017     19440.94
      7165.4    0.9763599     3.019482   0.04101638     19440.61
      7165.6    0.9769553     3.033222   0.04973666     19439.73
      7165.8    0.9778284     3.040995   0.01362353     19440.97
        7166    0.9782834     3.037456  -0.02313638     19441.61
      7166.2    0.9786633      3.03038  -0.04613435      19442.5
      7166.4    0.9793913     3.014713  -0.06048763     19443.49
      7166.6    0.9801516     3.004087  -0.06695489     19443.53
      7166.8    0.9809708     2.989066  -0.02130395     19444.77
        7167    0.9817695     2.976817  0.003363591     19445.56
      7167.2    0.9823337      2.99767  0.003435485     19445.29
      7167.4    0.9828998     3.006778  0.006953836     19445.26
      7167.6    0.9836468     2.991814  -0.01058807     19444.44
      7167.8    0.9843989      2.98238  0.007200713      19444.1
        7168    0.9853081       2.9892   0.04455698     19445.21
      7168.2    0.9864041     3.012539   0.05035263     19446.04
      7168.4    0.9870007      3.02746   0.02882147     19447.09
      7168.6    0.9873427     3.022662   0.01152728     19448.26
      7168.8    0.9881251     3.012257  -0.01276795     19448.43
        7169    0.9887826     3.021761  -0.02251933      19449.2
      7169.2    0.9895063     3.017245   0.01114003     19449.89
      7169.4    0.9904264     3.004646 2.442184e-05     19450.69
      7169.6    0.9913639     3.021169 -0.0002178231     19451.24
      7169.8    0.9921479      3.02178   0.03202736      19451.1
        7170    0.9932243     3.017071   0.02129745     19452.46
      7170.2    0.9941134     3.030268 -0.009944924     19453.51
      7170.4    0.9944865     3.038207  -0.05354132     19452.95
      7170.6    0.9951206     3.013824  -0.08045478     19452.19
      7170.8    0.9959176     2.974238   -0.1028292     19452.66
        7171    0.9962674     2.965904  -0.08705737     19452.22
      7171.2    0.9968299     2.955943  -0.04508981     19453.11
      7171.4    0.9975865     2.944178  -0.04076037     19454.22
      7171.6    0.9980802     2.938166 -0.001201194     19456.54
      7171.8    0.9987643     2.933296   0.02988925     19460.01
        7172    0.9998902     2.954982    0.0448549     19461.28
      7172.2     1.000746      2.96809   0.05534403     19461.82
      7172.4     1.001627      2.97405   0.03146501     19462.48
      7172.6     1.002448     2.977571   0.03136973     19462.74
      7172.8     1.002895     2.980154   0.03827917     19464.11
        7173     1.003215     2.993186   0.03477789     19465.58
      7173.2     1.003725     3.004673   0.01505821     19465.24
      7173.4     1.004272     3.005394  -0.02289005     19464.23
      7173.6     1.004481     2.992201  -0.05446227     19463.78
      7173.8     1.004564     2.974874  -0.07789143     19463.22
        7174     1.004489     2.961104   -0.0899254     19462.63
      7174.2     1.004625      2.94308  -0.06870196     19464.98
      7174.4     1.005609     2.920261  -0.04689516     19469.67
      7174.6     1.006643     2.919912  -0.04712919     19472.02
      7174.8     1.006734     2.923587  -0.03098427     19472.84
        7175     1.006964     2.905377  -0.02722642     19472.64
      7175.2     1.007613     2.895473  -0.05135311     19473.62
      7175.4     1.008048     2.898131  -0.01919155      19473.7
      7175.6     1.008145     2.882505   0.03343519     19472.04
      7175.8     1.008529     2.890024   0.03349615     19471.96
        7176     1.008829     2.922221   0.05757253     19471.46
      7176.2     1.008723     2.924928   0.03679988     19472.64
      7176.4     1.008367     2.928563 -0.002299491     19474.36
      7176.6     1.008281     2.919464 -0.005965573      19474.2
      7176.8      1.00851     2.920382 -0.007003149     19474.66
        7177     1.008337     2.920155  -0.01870761     19475.42
      7177.2     1.008173      2.92296  -0.03674035     19475.92
      7177.4     1.008272     2.904498  -0.02985619     19475.78
      7177.6      1.00848     2.890989  -0.03680756     19476.16
      7177.8     1.008551      2.89627  -0.02359722     19478.14
        7178      1.00822     2.893514  -0.02680013     19480.43
      7178.2     1.007958      2.88562  -0.04669078     19483.16
      7178.4     1.008051     2.869549  -0.02764813     19485.22
      7178.6     1.008405     2.858918  -0.01055167     19484.65
      7178.8      1.00869     2.871396  -0.02077675     19482.74
        7179     1.008695     2.877178  -0.02474411     19483.37
      7179.2     1.008805     2.852928  -0.01558344     19486.89
      7179.4     1.008848     2.839122  -0.00838822     19488.17
      7179.6     1.008534     2.858929  0.005590229     19487.15
      7179.8     1.008093     2.870468  0.006589171     19486.46
        7180     1.007985       2.8574  0.003566623     19486.85
      7180.2      1.00814     2.844394 -0.009030337     19488.02
      7180.4     1.008141     2.861782 -0.007190379     19487.87
      7180.6     1.008252     2.863244   0.01397989     19487.21
      7180.8     1.008584     2.851648 0.0007370488     19489.77
        7181     1.008959     2.855578 -0.004306709     19490.25
      7181.2     1.008934     2.862372  0.007398189     19489.56
      7181.4     1.008748     2.859798   0.01732448     19490.44
      7181.6     1.009003     2.857566  0.003894132     19490.98
      7181.8     1.009207     2.869437 -0.007583858     19491.17
        7182      1.00895     2.865487  -0.03297224     19492.19
      7182.2     1.008994     2.853731  -0.05609827     19492.61
      7182.4     1.009316     2.831189  -0.05613964     19493.85
      7182.6     1.009374     2.824559  -0.02844528     19494.63
      7182.8     1.009394     2.820576   0.04068011     19494.43
        7183     1.009487     2.830975   0.04385109      19495.1
      7183.2     1.009388     2.863733   0.03053159     19494.93
      7183.4     1.009215      2.85964   0.02027306      19495.7
      7183.6     1.009446     2.845001  -0.03249479     19496.99
      7183.8     1.009821     2.847193  -0.04740535     19497.29
        7184     1.010093     2.837737  -0.04134027     19498.43
      7184.2      1.01053     2.821715  -0.02078539      19498.5
      7184.4     1.010918     2.811929   0.02364777     19499.91
      7184.6     1.011354     2.830565   0.04960546     19504.47
      7184.8     1.011784     2.856655   0.08127062     19507.21
        7185     1.011903       2.8614   0.08477615     19508.52
      7185.2     1.012051     2.876945   0.04231889     19510.02
      7185.4     1.012334     2.898386    0.0419136     19510.25
      7185.6     1.012353      2.89051   0.05693714      19509.5
      7185.8     1.012453     2.894931  0.004655246     19510.64
        7186     1.012739     2.922495 -0.003302867     19509.41
      7186.2     1.013152      2.90211  0.001004209     19508.19
      7186.4     1.013246     2.887868  -0.01527123     19509.66
      7186.6      1.01295     2.895734  -0.01388984     19511.21
      7186.8     1.013035     2.910278 -0.002761876     19512.62
        7187     1.013396     2.890998  0.003565459     19514.18
      7187.2     1.013531     2.885658   -0.0121505     19513.67
      7187.4      1.01385     2.898586  0.006536037     19512.68
      7187.6     1.013783     2.900558  -0.00571175     19512.53
      7187.8     1.013561     2.896227  -0.03370262     19513.42
        7188     1.013575     2.881089  -0.04288766     19515.12
      7188.2     1.013688     2.871624  -0.05200013     19517.06
      7188.4     1.013946     2.866247  -0.02600042     19518.62
      7188.6     1.014026     2.854627  0.003225099      19519.3
      7188.8     1.013818     2.860289   0.03846055     19520.68
        7189     1.013488     2.874204    0.1116602     19521.74
      7189.2     1.013147     2.897016    0.1361645      19521.4
      7189.4     1.012978     2.943955    0.1442518     19521.99
      7189.6     1.012937      2.96922    0.1216571     19521.22
      7189.8     1.012896     2.989606   0.03086577     19519.76
        7190     1.012926     2.994342  0.003258108      19520.5
      7190.2     1.012801     2.968648  -0.00616757     19520.06
      7190.4     1.012903     2.971827  -0.03617452     19519.95
      7190.6     1.013266     2.984672  -0.02476633     19522.29
      7190.8     1.013408     2.965402  -0.04437227     19523.94
        7191     1.013435     2.948835  -0.05867503     19525.15
      7191.2     1.013122     2.936329  -0.01354245     19528.61
      7191.4      1.01302     2.937732  -0.00932112     19530.26
      7191.6      1.01318     2.954568   -0.0107957     19529.89
      7191.8     1.013176     2.941378  -0.01915684     19530.12
        7192     1.013388     2.927692  -0.06596671     19531.47
      7192.2     1.013577     2.922406  -0.01746097     19533.23
      7192.4     1.013447     2.901795   0.05924602     19536.05
      7192.6      1.01363     2.927409   0.06337723     19539.05
      7192.8     1.013891     2.975089    0.1071054     19539.45
        7193     1.013733     2.973108    0.1629241     19536.64
      7193.2     1.013456     2.987479    0.1625884     19535.25
      7193.4     1.013393     3.057748    0.1462964     19536.66
      7193.6     1.013468      3.10516    0.0718715     19537.04
      7193.8     1.013653     3.090145  -0.06163232     19536.65
        7194     1.014136     3.044976   -0.1372688     19537.44
      7194.2     1.014382     3.008443   -0.1277581     19539.46
      7194.4     1.014165     2.995345  -0.08344381     19540.85
      7194.6     1.014185     2.987939  -0.06046494      19541.4
      7194.8     1.014255     2.978221  -0.06691407     19543.99
        7195     1.014328     2.960071  -0.08239792      19545.6
      7195.2     1.014729     2.941814  -0.08921807     19546.14
      7195.4     1.014861      2.92202  -0.03318367     19545.63
      7195.6     1.014932     2.906847   0.07672668     19544.99
      7195.8     1.015034     2.933524    0.1202817     19544.59
        7196     1.015109     3.003195    0.1264391     19545.39
      7196.2     1.015129     3.018246    0.1182993     19545.71
      7196.4     1.015252     3.007998    0.0504828     19545.58
      7196.6     1.015551     3.028163   0.04325437      19547.1
      7196.8     1.016157     3.043581   0.03378123     19550.07
        7197     1.016191     3.052849  -0.01330149     19552.04
      7197.2     1.015994     3.035023  -0.02098552     19554.64
      7197.4     1.016056     3.017522  -0.03011513     19556.28
      7197.6     1.016325     3.026793  -0.03744057     19556.21
      7197.8     1.016561     3.028757  -0.05006963     19556.26
        7198     1.016571     3.005071   -0.1051687     19555.47
      7198.2      1.01693     2.977466   -0.1545063      19554.2
      7198.4     1.017317     2.942658   -0.1260135     19554.26
      7198.6     1.017311     2.905152   -0.1026586     19556.68
      7198.8     1.017525      2.90426  -0.08827224     19560.48
        7199     1.017807     2.895339  -0.08327596        19563
      7199.2     1.018019      2.87204   -0.1060977     19562.76
      7199.4     1.018383     2.838531   -0.0898058     19563.77
      7199.6     1.018341     2.819382 -0.007111403     19566.14
      7199.8     1.017949     2.823495     0.143628     19566.31
        7200     1.017762     2.866351    0.2441251     19566.11
      7200.2     1.018314     2.953434    0.2323258     19564.56
      7200.4     1.018704     3.014682     0.168392     19566.37
      7200.6     1.018878     3.009355   0.06774498     19568.93
      7200.8      1.01906     3.001065  -0.01385915      19569.2
        7201     1.019188      3.00763  -0.01719885     19569.24
      7201.2      1.01903     3.003594  -0.01602074     19568.18
      7201.4     1.018716     2.995596  -0.05094972     19568.61
      7201.6     1.018776     2.988248   -0.1008306     19568.44
      7201.8     1.019134      2.96687   -0.1407523     19568.27
        7202     1.019416      2.92293   -0.1494236     19569.48
      7202.2     1.019593     2.882994   -0.1250351     19571.44
      7202.4     1.019867     2.868709  -0.07416806     19574.01
      7202.6     1.020047     2.866842   -0.0291952      19575.8
      7202.8     1.020071     2.863595  -0.01268259     19576.33
        7203     1.020054     2.859638  -0.01715322     19576.31
      7203.2      1.01972     2.858563  -0.02410398     19576.61
      7203.4     1.019348     2.853119   -0.0235844     19576.36
      7203.6     1.019276     2.844312  -0.03965508     19577.42
      7203.8     1.019511     2.840771  -0.03616984     19580.98
        7204     1.019616     2.826839  -0.01718834     19583.16
      7204.2     1.019639     2.824183  -0.01098156     19583.09
      7204.4     1.019863     2.830561  0.006040355     19583.41
      7204.6      1.01985     2.831985  0.009307744     19584.64
      7204.8     1.020013     2.831671  0.007689698     19584.13
        7205     1.020292      2.83163 -0.008116697     19583.99
      7205.2      1.02024     2.836713  -0.02098002     19584.32
      7205.4     1.020246     2.825492  0.008019613     19585.33
      7205.6     1.020199     2.814887   0.01366181     19586.61
      7205.8     1.020407     2.838045   0.01901268        19588
        7206     1.020763     2.847643    0.0369472     19589.54
      7206.2      1.02096     2.840702  0.001904506      19589.5
      7206.4     1.021061     2.844445  -0.01595591     19588.67
      7206.6     1.020922     2.839569  -0.01448678     19589.21
      7206.8     1.020623     2.834878  -0.04050333     19590.22
        7207     1.020266     2.829113  -0.05070346     19590.31
      7207.2     1.020184     2.812042    -0.066095     19591.39
      7207.4     1.020415     2.799006  -0.06965946     19594.27
      7207.6     1.020379     2.782002  -0.04967118     19594.61
      7207.8     1.020549     2.773385  -0.03536831     19592.76
        7208     1.020971     2.772305  0.004809695     19593.32
      7208.2       1.0213     2.770711   0.02701295     19592.69
      7208.4     1.021558      2.78585   0.02779532     19592.26
      7208.6     1.021669     2.794996   0.05325927     19592.57
      7208.8     1.021358     2.794542   0.04262282     19594.67
        7209     1.020796     2.813319   0.03863238     19596.13
      7209.2     1.020253     2.819948   0.03636679     19597.13
      7209.4     1.019936     2.825901  0.009723591     19599.13
      7209.6     1.020235     2.823635   0.03146674     19601.89
      7209.8     1.020388     2.821098   0.04029613     19602.74
        7210     1.020428     2.845121   0.01526785     19603.87
      7210.2     1.020355     2.858138 -0.004997332     19604.69
      7210.4     1.020174     2.835849  -0.03353071     19606.42
      7210.6     1.019788       2.8171  -0.05264442     19607.58
      7210.8      1.01942     2.818297  -0.03447499     19607.04
        7211     1.019229     2.816023  -0.01170802     19607.04
      7211.2     1.019086     2.808269 -7.658261e-05     19607.08
      7211.4     1.019184     2.807733   0.02110489     19605.88
      7211.6     1.019157     2.818236   0.04389361     19605.12
      7211.8     1.018632     2.832907   0.06942506     19606.67
        7212     1.018015     2.843384   0.06936218     19607.62
      7212.2      1.01792     2.863273   0.03818527      19609.7
      7212.4     1.017841     2.873725     0.032502     19612.24
      7212.6     1.017336     2.863455   0.01323417        19613
      7212.8     1.017066     2.869386   0.01392689     19612.93
        7213     1.016948     2.873861   0.05737974     19612.85
      7213.2      1.01671     2.884867   0.07054494     19612.75
      7213.4     1.016448     2.909359   0.06920575     19612.32
      7213.6     1.016352     2.925822   0.03908604     19612.68
      7213.8     1.015919     2.929225   0.01679554     19613.17
        7214     1.015224     2.916136   0.04374666     19612.93
      7214.2     1.014819     2.922795   0.09791891     19613.81
      7214.4     1.014559     2.960819    0.1130303     19616.69
      7214.6     1.014523     3.007561   0.07840325     19617.89
      7214.8     1.014738      3.00656   0.04837392     19617.33
        7215     1.014701     2.985518   0.01970578     19617.39
      7215.2     1.014567     2.999518   0.04624582     19619.02
      7215.4     1.014293     3.023325   0.09136213     19621.92
      7215.6     1.013587     3.043557    0.0897423      19623.4
      7215.8     1.013104     3.058607   0.07599061     19623.33
        7216     1.012938     3.071312   0.04616316     19623.73
      7216.2       1.0128     3.084118     0.026371     19624.52
      7216.4     1.012759     3.080487  0.006438994     19626.77
      7216.6     1.012295     3.079704  -0.05342715     19628.96
      7216.8     1.011619     3.076463  -0.07513336     19626.84
        7217     1.011483     3.041376  -0.07332151     19626.19
      7217.2     1.011368      3.02038  -0.04252844     19627.24
      7217.4     1.010921     3.021047   0.01387385     19625.61
      7217.6     1.010667     3.042441   0.04759436     19624.18
      7217.8      1.01027     3.052475   0.05262856     19626.87
        7218     1.009779     3.058456   0.03176631     19627.98
      7218.2      1.00975      3.06315  0.002507715     19628.97
      7218.4     1.009494     3.067854 -0.003506972     19630.21
      7218.6     1.009258     3.054481   0.03452482     19630.85
      7218.8     1.009253      3.05565   0.05047079     19631.55
        7219     1.009318      3.09077    0.0746758     19632.38
      7219.2      1.00931      3.10823     0.089114      19633.4
      7219.4     1.009071     3.114222    0.0568671     19633.01
      7219.6     1.008841     3.126941   0.06781606     19631.72
      7219.8     1.008651     3.136263   0.08351754     19632.68
        7220     1.008367     3.162483   0.03398775     19635.31
      7220.2     1.007978     3.181036 -0.006214663     19636.79
      7220.4     1.007946     3.154132  -0.03327022     19638.27
      7220.6     1.008013     3.131292  -0.07233935     19639.45
      7220.8     1.007718     3.135867  -0.04326913     19640.72
        7221     1.007132     3.123164  -0.03354969        19642
      7221.2     1.006682     3.119516  -0.04139278     19641.84
      7221.4     1.006373     3.104452 -0.007930208     19640.89
      7221.6     1.006118     3.102753  -0.01405043     19640.29
      7221.8      1.00616      3.11682  -0.01417968     19641.16
        7222     1.006075     3.108276  -0.01145709     19642.11
      7222.2     1.005712     3.093108  -0.03372038     19643.94
      7222.4     1.005515     3.093587  -0.02901879     19646.43
      7222.6     1.005673     3.089844  0.007595998     19647.84
      7222.8     1.005736     3.085061   0.00842833     19647.54
        7223     1.005686     3.099185 -0.008097294     19646.75
      7223.2     1.005529      3.10033  -0.01223417      19645.7
      7223.4       1.0049     3.083366  -0.03690661     19643.83
      7223.6     1.004152     3.075274  -0.04267504     19642.94
      7223.8     1.003719      3.06966  -0.02498081     19644.11
        7224     1.003367      3.06619 -0.004008091      19645.8
      7224.2     1.003104     3.063381   0.02786046     19648.08
      7224.4     1.003119     3.072067   0.04544866     19651.71
      7224.6     1.002975     3.091948   0.07267999     19652.59
      7224.8      1.00278     3.102549   0.04140799     19651.43
        7225     1.002365     3.121525  -0.04231018      19652.2
      7225.2     1.001903     3.105194  -0.06994971     19654.51
      7225.4     1.002075       3.0581  -0.08143921     19656.61
      7225.6     1.002199     3.046589  -0.03720839     19658.24
      7225.8     1.002345     3.056374  0.001850862     19660.34
        7226     1.002584     3.075427  -0.03981975     19660.68
      7226.2     1.002403     3.059581  -0.07681839     19661.03
      7226.4     1.002021     3.014733  -0.09737742     19662.76
      7226.6     1.001339     2.994919  -0.08903824     19662.06
      7226.8     1.000687     2.997525  -0.05216494     19660.63
        7227     1.000471      2.98835  -0.04719511     19661.05
      7227.2     1.000149     2.973001  -0.07532067        19661
      7227.4    0.9996862     2.957163   -0.0574745     19662.15
      7227.6    0.9995519     2.937268    -0.022568     19665.04
      7227.8    0.9995592      2.94237  -0.01499425     19665.36
        7228    0.9993971     2.954947  0.005201963     19664.67
      7228.2    0.9992029     2.945168  -0.01223181     19665.66
      7228.4    0.9989348      2.94143  -0.05705872     19667.85
      7228.6    0.9984182     2.932585  -0.04571302     19668.52
      7228.8    0.9979234       2.9093  -0.01581149     19666.36
        7229    0.9981047     2.908597   0.01362752     19667.01
      7229.2    0.9980642     2.928781   0.05805986     19667.86
      7229.4    0.9976983     2.943487   0.05260868     19668.64
      7229.6    0.9971575     2.955748   0.02140929     19668.79
      7229.8    0.9967558     2.950684   -0.0304466     19669.35
        7230    0.9964413     2.945908  -0.08031838     19669.66
      7230.2     0.996142      2.91913  -0.06308334     19670.18
      7230.4    0.9957559     2.891493  -0.06323187     19670.69
      7230.6    0.9952354     2.900218   -0.0569856     19670.84
      7230.8    0.9948153     2.895323  -0.01575151     19672.17
        7231    0.9944363     2.873541  -0.02492191     19673.47
      7231.2    0.9942531     2.878892  -0.05123224      19672.8
      7231.4    0.9941854      2.88028  -0.05122385     19672.85
      7231.6    0.9938579     2.854337  -0.06925122     19674.24
      7231.8    0.9937006     2.832562  -0.05840015     19673.95
        7232    0.9938386     2.823491   -0.0324207     19675.83
      7232.2    0.9940937      2.83356  -0.01732157      19678.6
      7232.4    0.9938689       2.8284 -0.007004356     19679.27
      7232.6    0.9935488     2.818705  -0.03126422     19680.76
      7232.8      0.99338     2.817887  -0.04345888     19682.43
        7233    0.9931468     2.808549  -0.03444511     19681.62
      7233.2    0.9929199     2.793633  -0.02370608     19680.64
      7233.4    0.9928673     2.791149  -0.01198829     19681.05
      7233.6    0.9928648     2.798922  0.006241569      19681.4
      7233.8    0.9927482     2.798958 -0.004738645     19682.39
        7234    0.9924857     2.798627  -0.04035705     19682.02
      7234.2    0.9922074     2.787358  -0.04632411     19681.73
      7234.4    0.9919578     2.766637  -0.05138308     19683.23
      7234.6    0.9915231     2.761899  -0.03853957     19683.76
      7234.8    0.9910306      2.75752 0.0009641875     19682.18
        7235     0.990835     2.756526 0.0004803222     19681.88
      7235.2     0.991029     2.767408  0.005636097     19683.83
      7235.4    0.9913695     2.762283   0.01227488     19685.55
      7235.6    0.9913787     2.762029  0.001659022     19687.82
      7235.8     0.991212     2.766346  0.004710514     19688.11
        7236    0.9911108     2.768735  -0.01824439     19688.08
      7236.2    0.9909407     2.766051  -0.03885825     19688.69
      7236.4    0.9907366     2.747433   -0.0340235     19690.28
      7236.6    0.9907925      2.73526  -0.05556194     19692.82
      7236.8    0.9908971     2.741516  -0.04158346     19695.08
        7237     0.990906     2.721602  0.000394491     19696.63
      7237.2    0.9908184     2.714167  -0.01087926     19695.48
      7237.4    0.9909732     2.735575 -0.009744661     19693.67
      7237.6    0.9909816     2.732813  0.003922433     19692.33
      7237.8    0.9907809     2.713806 -0.0008883956     19692.26
        7238    0.9904537     2.717305   0.01867318     19692.47
      7238.2    0.9902571     2.734864   0.03859571     19692.89
      7238.4    0.9904757     2.747752   0.01768498     19694.35
      7238.6    0.9907859     2.744683  -0.00232104     19696.62
      7238.8    0.9910624     2.731453 -0.009547473     19698.01
        7239    0.9913168     2.733008 -0.006685944     19697.01
      7239.2    0.9915698     2.740114 -0.0006427896     19697.86
      7239.4    0.9917936     2.739334 -0.001867602     19699.83
      7239.6    0.9919069     2.730938  0.004209065     19700.88
      7239.8    0.9920371     2.731514 -0.007203799     19702.11
        7240    0.9919352     2.743481 -0.001213485     19701.74
      7240.2    0.9919799     2.733571  0.006767547      19703.6
      7240.4    0.9920096     2.729968  -0.01055171     19704.52
      7240.6    0.9920447     2.736928 -0.006024436     19704.61
      7240.8    0.9919748      2.73504 0.0009185475     19704.68
        7241    0.9921276     2.728751  -0.01539409     19706.05
      7241.2    0.9926697     2.730702  -0.02308672     19708.71
      7241.4      0.99287     2.724612  -0.01808537     19708.64
      7241.6    0.9927666      2.71657  -0.02009105     19708.08
      7241.8    0.9927293     2.714283  0.009103428     19708.25
        7242    0.9928373      2.71463   0.04449745     19707.15
      7242.2    0.9929723     2.731895   0.04931039      19706.2
      7242.4    0.9930195     2.752168   0.04586687     19706.18
      7242.6    0.9932819     2.753731   0.02804241        19707
      7242.8    0.9936722     2.751323 -0.007566025     19708.24
        7243    0.9939619     2.754329  -0.02947737     19709.64
      7243.2    0.9940296     2.746115  -0.02204975     19711.48
      7243.4    0.9938107     2.730149  -0.02616795     19711.03
      7243.6     0.993507     2.733683   -0.0281094     19712.98
      7243.8    0.9935433     2.733395  -0.01073873     19716.55
        7244    0.9939827     2.723628  0.002098864     19718.41
      7244.2    0.9943645     2.721558   0.01440819     19717.88
      7244.4    0.9946774     2.735362   0.03343625     19718.13
      7244.6    0.9949932     2.744921   0.04698421     19718.29
      7244.8    0.9951215     2.750377   0.03309319     19717.04
        7245     0.995261     2.759146   0.01990172     19716.65
      7245.2    0.9955661     2.761837   0.02219164     19718.47
      7245.4    0.9957403     2.760843   0.02780345     19719.39
      7245.6    0.9957009      2.76813   0.02627543     19718.64
      7245.8    0.9955545     2.781389   0.01645095     19719.56
        7246    0.9954768     2.782857   0.00999368     19721.65
      7246.2    0.9956337     2.774003   0.00790563      19722.4
      7246.4     0.995929     2.776125   0.01870386     19722.09
      7246.6    0.9965166     2.787713   0.02793573     19723.16
      7246.8    0.9970274      2.79782    0.0194327     19724.77
        7247    0.9975434     2.796352   0.01246961      19725.1
      7247.2    0.9982917     2.791671  -0.01489202     19725.21
      7247.4    0.9988017     2.797689  -0.02787083     19724.19
      7247.6    0.9990681     2.785907  -0.01691236     19724.97
      7247.8    0.9990956     2.774055 -0.007596434     19726.18
        7248    0.9990744     2.778141  0.002957055     19725.26
      7248.2    0.9991207     2.791612   0.01218888     19725.27
      7248.4    0.9993989     2.788272   0.01421261     19728.34
      7248.6    0.9997702     2.783806  0.002713711     19730.53
      7248.8    0.9998516     2.789511   0.01282287     19729.79
        7249    0.9997163     2.793783   0.01285968     19729.85
      7249.2    0.9995559     2.798531 -0.006384877     19730.65
      7249.4    0.9996171     2.794094  -0.01561216     19731.76
      7249.6    0.9998776     2.784403  -0.00884755     19735.03
      7249.8     1.000084     2.781293     0.025401     19736.27
        7250     1.000498     2.791453   0.04857994      19734.8
        7252     1.002407     2.783372 -0.008949223     19739.62
        7254     1.005098     2.787484  -0.00974272     19750.71
        7256     1.007868     2.764798 -0.002868213     19753.59
        7258     1.009935     2.732179 -0.002653371     19765.22
        7260     1.012568     2.760426 -0.002895999     19770.23
        7262     1.014775     2.766257   0.00559214     19777.56
        7264     1.016317      2.74163  0.003050685     19784.77
        7266     1.018142     2.776916  0.001716817     19791.71
        7268     1.017882     2.784832  0.006362407     19798.98
        7270     1.018592     2.779991  0.006354385     19807.51
        7272     1.018953      2.79253   0.01398308     19816.73
        7274     1.019158     2.827751  0.008548651     19819.33
        7276     1.018786     2.896696  0.004690733     19824.43
        7278     1.018275      2.84838  0.008070384     19834.57
        7280     1.016819     2.830055 -0.002494971     19841.94
        7282     1.015227     2.892314  0.006823381     19845.85
        7284      1.01361     2.876737   0.00525382     19851.26
        7286     1.012011     2.902967  -0.00127697     19858.72
        7288     1.010379     2.872086 0.0007070925     19864.58
        7290     1.008826     2.882099 -0.006707865     19872.55
        7292     1.007642     2.882393  -0.01056685      19878.2
        7294     1.005714     2.849305  -0.01302695     19885.31
        7296     1.004525     2.787551  -0.01926666      19893.2
        7298      1.00349     2.777883  -0.01906186     19899.83
        7300     1.003357      2.72826 -0.009569261     19905.42
        7302     1.003034      2.69681  -0.01484291     19912.06
        7304     1.003017     2.710997 -0.007398566     19919.04
        7306     1.002101      2.65914 -0.004219061     19922.52
        7308     1.001164     2.669071 -0.008385872     19926.41
        7310     1.001954     2.663057 -0.000962766     19936.93
        7312     1.002176      2.64391 -0.001219663      19941.6
        7314     1.000802     2.651438  -0.00425291     19947.33
        7316     1.001644     2.659314  0.001668444     19955.31
        7318     1.001119     2.629034 -0.001299873     19959.01
        7320     1.001096     2.657258 -0.005175463     19969.77
        7322     1.001762     2.641039 -0.001869398     19978.55
        7324     1.001374      2.61791 -0.005526185     19985.47
        7326     1.001155     2.614079 -0.002103975     19989.11
        7328     1.001397     2.613048 -0.0008518923     19996.35
        7330     1.001506     2.624207 -0.002170643     20000.64
        7332     1.000328     2.611095 -0.002007986     20009.47
        7334     1.001076     2.596714   -0.0078813     20015.84
        7336     1.000477     2.596984 -0.004328806      20021.8
        7338     1.000685     2.561156 -0.001501537     20029.64
        7340     1.000903     2.576465 -0.002553676      20033.9
        7342     1.000544     2.584701  0.006897184     20045.61
        7344     1.000691     2.576555   0.01024998      20049.8
        7346      1.00066     2.616334   0.01005179     20057.38
        7348     1.000792     2.658465   0.01211694     20062.35
        7350     1.000809     2.665116  0.009325308     20067.01
        7352      1.00081      2.67349  0.007240995     20074.75
        7354     1.000591     2.690936  0.004253232     20078.79
        7356     1.001126     2.716393  0.004029902     20083.54
        7358     1.001016     2.699141  0.006670898     20089.95
        7360     1.001237      2.70573  0.002163782     20098.03
        7362     1.000974     2.744304  0.005115032      20101.4
        7364      1.00043     2.733703 -0.0003697512     20111.17
        7366      1.00079     2.740062 -0.004999607     20114.06
        7368      1.00033     2.702772 -0.002650044     20120.44
        7370     1.000048     2.704307 -0.009376419      20122.9
        7372    0.9994713     2.712503 -0.007926195     20132.27
        7374     1.000169      2.66505  -0.01373932     20137.08
        7376    0.9992168     2.639362   -0.0167973     20137.83
        7378    0.9993114     2.594392  -0.01512409     20146.11
        7380    0.9989718     2.578124  -0.01469845     20150.18
        7382    0.9990188     2.544058  -0.01175005     20163.64
        7384    0.9990148     2.521775 -0.009470172     20165.11
        7386    0.9984092     2.500392 -0.004902814     20171.81
        7388    0.9978672     2.502363 -0.005134671     20171.28
        7390    0.9985185     2.504835 -0.0002364578     20183.41
        7392    0.9980388     2.480697  0.002928223     20190.39
        7394    0.9981137       2.4985 -0.0007797166     20194.23
        7396    0.9982318     2.525789  0.004646516     20202.81
        7398    0.9984615     2.498597 -0.0003717265      20212.2
        7400    0.9978537     2.517869 -0.004324332     20215.57
        7402    0.9978504     2.495526 0.0005177635     20219.15
        7404    0.9975666     2.491194 -0.002119382     20225.05
        7406    0.9967742     2.502739  0.000166108      20232.2
        7408    0.9978308     2.500914  0.001427457     20240.12
        7410    0.9976382     2.496855 -0.003023931     20245.76
        7412    0.9971181     2.502614 0.0004718789     20253.05
        7414    0.9970179     2.478548 -0.001881778     20256.41
        7416    0.9964294     2.504689 -0.001915503     20266.97
        7418    0.9968539     2.481801  0.000586031     20268.08
        7420    0.9962842      2.48729 -0.004922639     20276.74
        7422    0.9966983     2.483236 -0.002528899     20280.02
        7424    0.9978551     2.465308 -0.002677172      20285.2
        7426    0.9968864      2.46157 -0.002158834     20287.99
        7428    0.9967709     2.465872 -0.003480077     20295.79
        7430    0.9960674     2.465966 -0.001001261     20304.91
        7432    0.9959801     2.437468 -0.0009615944     20307.97
        7434    0.9962998      2.45356 -0.001437657     20314.99
        7436    0.9969203     2.458179  0.001877009     20317.51
        7438     0.996062     2.454464 0.0006857073     20322.38
        7440    0.9956935     2.452484  0.001913593     20328.31
        7442    0.9954999     2.459045  0.001135245     20336.43
        7444    0.9953856     2.473488 -0.000780552     20340.89
        7446    0.9955612     2.463546  0.002803819     20345.07
        7448    0.9956115     2.446239  0.001431974     20350.41
        7450     0.996433     2.481476  0.001631372      20359.3
        7452    0.9961019     2.484944  0.001401218     20362.94
        7454    0.9958813     2.476597 -0.001927009     20368.14
        7456    0.9948158     2.457449 0.0006701371      20373.9
        7458    0.9945392      2.46606  -0.00254033        20383
        7460      0.99529     2.490305 3.810459e-05     20383.53
        7462    0.9956916     2.456275 -0.001450967     20391.32
        7464     0.995073     2.457754 -0.005905803     20397.45
        7466    0.9946535     2.454452 -0.004040805     20401.25
        7468    0.9945749     2.443059 -0.005290126     20404.64
        7470    0.9951617     2.423948 -0.005376983     20414.39
        7472    0.9950443     2.415433 -0.006496566     20417.94
        7474    0.9950446     2.411436 -0.001898583     20424.96
        7476    0.9949085     2.391086 -0.002903293     20431.84
        7478    0.9949424      2.40876 -0.004541592      20431.1
        7480    0.9950557     2.392206 -0.002932373     20438.25
        7482    0.9948494     2.375103 -0.006261496      20448.1
        7484    0.9947281     2.367627 -0.005918434     20452.47
        7486    0.9950677     2.358668 -0.004495172     20457.98
        7488    0.9947499     2.344859 -0.002772068     20464.19
        7490      0.99476     2.339142 -0.003583528     20471.47
        7492    0.9952421     2.345451 -0.002612931     20471.47
        7494    0.9953105     2.329999 -0.0006830052     20478.75
        7496    0.9948485     2.323956 -0.003978499     20484.57
        7498    0.9950132     2.333678 -0.0006650493     20486.68
        7500    0.9946964     2.313623 0.0003480743     20491.49
        7502    0.9945221     2.324679 -0.001884173     20496.49
        7504    0.9946564      2.32674   0.00110408     20500.33
        7506    0.9951287     2.318605 -0.0006291286     20507.26
        7508    0.9957836     2.322455 -0.002820029     20512.17
        7510    0.9950641     2.319646 -0.001408304      20515.3
        7512    0.9955992      2.30418 -0.001540198     20524.25
        7514    0.9951648     2.307338 -0.003708154     20521.85
        7516    0.9948454     2.310134 -0.0006545862     20525.17
        7518    0.9952107     2.289981 -0.0008679987        20512
        7520    0.9961106     2.298943 -0.002219198     20504.19
        7522    0.9953428     2.300394 0.0005284459     20498.67
        7524    0.9958842      2.29238 -0.0001048662      20456.6
        7526    0.9970477     2.294208 8.643694e-05     20045.12
        7528    0.9941493     2.298104 9.670076e-05     20348.49
        7530    0.9964105     2.301086 -0.001536886     20099.99
        7532    0.9945273     2.293154 -0.002016898     20423.21
        7534    0.9956813     2.281913 -0.001991009     20561.38
        7536    0.9956732     2.281969 -0.002733849     20547.46
        7538    0.9959151     2.285158 -0.0006605012     20556.09
        7540    0.9956846     2.271283  -0.00360214     20575.07
        7542    0.9953492     2.276629 -0.002343483     20592.87
        7544    0.9955566     2.253152 0.0006604607     20598.01
        7546    0.9957986      2.26641 -0.001146071     20603.74
        7548    0.9957493     2.276567  0.002464376     20608.52
        7550     0.995898     2.267461 -0.001679039     20616.25
        7552    0.9956557     2.272867 -0.001289264     20621.54
        7554    0.9956343     2.252977 -0.0004962314     20626.67
        7556    0.9961563     2.266252 -0.001275432     20634.33
        7558    0.9963838     2.263491  0.002160949     20634.02
        7560    0.9954034     2.262664 -0.001508044     20643.49
        7562    0.9963652     2.270265 -0.0004217927     20644.72
        7564    0.9958376     2.254188 -0.002463813     20649.52
        7566    0.9952283     2.260116 -0.002528131     20652.13
        7568    0.9957864     2.242953 -0.0006694141     20661.48
        7570    0.9962768      2.25004 -0.004238786     20663.28
        7572     0.996082     2.248833 -0.002669522     20662.47
        7574    0.9955412     2.226206  -0.00326201     20672.59
        7576    0.9961545     2.221597 -0.004312164      20678.9
        7578    0.9956732     2.223944 -0.003738808     20681.81
        7580    0.9963984     2.214336 -0.002899082     20686.14
        7582    0.9955568     2.196296 -0.003368315     20687.16
        7584    0.9959323     2.198404 -0.003433859     20693.06
        7586    0.9954881     2.196997 -0.002973775     20692.01
        7588    0.9953022     2.186865 -0.002502499     20696.37
        7590    0.9954679     2.172505 -0.0006290721     20701.46
        7592    0.9954567     2.178384 -0.002193492     20702.44
        7594    0.9953583     2.191965 0.0008250036     20705.89
        7596    0.9954724     2.169317 -0.0003471972     20713.68
        7598    0.9950514     2.179105 -0.003313569     20711.65
        7600    0.9954535     2.175607 -0.0006322804     20718.15
        7602    0.9955546     2.165456 -0.001582158     20718.45
        7604     0.995829     2.164258 -0.001861108     20723.11
        7606    0.9953387     2.166448 -0.0004916574      20729.3
        7608    0.9955565     2.160718 -0.001097264     20731.34
        7610    0.9956164     2.161523 -0.002695987     20739.49
        7612    0.9960792      2.15548 -0.001375768     20740.89
        7614    0.9957819      2.14488  -0.00268034     20747.61
        7616    0.9956594     2.149712 -0.002948348     20745.94
        7618    0.9963875      2.14008 -0.0007190998     20752.81
        7620    0.9964793     2.131894 -0.0008668945     20760.75
        7622    0.9964679     2.139128 -0.001741688     20763.37
        7624    0.9959052     2.142776 0.0001941763     20767.36
        7626    0.9962533     2.126147 -0.0008246748     20770.58
        7628    0.9959186     2.133447  -0.00245335     20773.34
        7630    0.9960087      2.13253 -0.0002780789     20774.54
        7632    0.9961002      2.12315 -0.001884373     20780.21
        7634    0.9966322     2.123922 -0.003440467     20784.64
        7636    0.9972367     2.118372 -0.001584712     20791.01
        7638    0.9965132     2.105006 -0.003460517     20787.21
        7640    0.9968168     2.110472 -0.003524252      20800.5
        7642    0.9967282     2.096238 -0.001109064     20799.97
        7644    0.9968017     2.090178 -0.002538461     20804.36
        7646      0.99704     2.096134 -0.0007654265     20808.19
        7648    0.9968574     2.090164  -0.00217119     20812.87
        7650    0.9974345     2.090115 -0.001903489     20817.52
        7652    0.9973566     2.072808 -0.001863213     20823.91
        7654     0.997932     2.080906 -0.003893388     20825.99
        7656    0.9977165     2.075259 -0.0004091693     20831.72
        7658    0.9974613     2.058968 4.558019e-05      20837.8
        7660    0.9978886     2.069535 -0.002290343     20834.47
        7662    0.9979373     2.081271 -0.0001279804     20841.04
        7664    0.9970466     2.056936 -0.0005236273     20848.14
        7666     0.997633     2.057944 -0.002185391     20850.89
        7668    0.9974198     2.065346 -0.0002052865     20855.44
        7670    0.9972723     2.063787 -0.0001724653     20857.38
        7672    0.9974028     2.055294 -0.001451262     20861.21
        7674     0.997657     2.056564 -0.001813696     20864.86
        7676    0.9979521     2.053736 -0.0008190687     20870.64
        7678    0.9976175     2.049278 -0.0007627704     20871.79
        7680    0.9974561     2.048741 -7.568015e-05     20872.73
        7682    0.9980777     2.050462 -0.0002886866     20882.24
        7684    0.9978747     2.053131 -0.0001367469     20883.46
        7686    0.9975493     2.046968 -0.001884327     20887.37
        7688    0.9974943     2.047647 -0.002612116     20891.48
        7690     0.997624     2.035387 -0.002489954      20892.9
        7692    0.9978186     2.032234 -0.002438759     20897.52
        7694    0.9980714     2.027049   -0.0012094     20903.52
        7696    0.9985625     2.028137 -0.002379334     20906.04
        7698    0.9982209     2.025712 -0.001602352     20907.91
        7700    0.9979207     2.013199 -0.002114362     20912.06
        7702    0.9985408      2.01423 -0.002803698     20918.21
        7704    0.9981026     2.011222 -0.001630898     20923.81
        7706    0.9979419     2.003282 -0.001165532     20925.48
        7708    0.9985048     2.000152 -0.001318841     20927.33
        7710    0.9987362     2.004906 -0.0009541035     20931.71
        7712    0.9987164     2.000671 -0.001546721     20935.66
        7714    0.9987741      1.99565 -0.001457031     20945.57
        7716    0.9992421     1.987778  -0.00139221     20943.48
        7718    0.9988078     1.993249 -0.0009855042     20945.36
        7720     0.999494     1.989534 -6.309892e-05     20955.89
        7722    0.9996203     1.987766 -0.001266932     20954.12
        7724    0.9997951     1.987273 -0.0004695971     20957.37
        7726    0.9998518     1.983114 -0.0008064738     20962.51
        7728    0.9999923     1.985777 -0.001475163     20968.95
        7730    0.9997115     1.981314 -0.001185622     20969.19
        7732      1.00012     1.975472 -0.001552248     20976.72
        7734     1.000043     1.973629 -0.001539557     20974.45
        7736      1.00035     1.973359 -0.000469626      20980.8
        7738     1.000504     1.968997   -0.0013564     20985.64
        7740     1.000288     1.971715 -0.002140658     20985.57
        7742     1.000562     1.962778 -0.001706568     20990.11
        7744     1.000621     1.956234 -0.002812207     20991.82
        7746     1.000463     1.955345 -0.002036423     20992.93
        7748     1.000977     1.949217 -0.0006409343     21004.01
        7750     1.000569     1.946486 -0.0007920703     21003.68
        7752     1.001078     1.951106 -0.0006413531     21008.74
        7754     1.000758     1.949008 3.861217e-05      21008.1
        7756     1.000854     1.944086 -0.001440835     21012.61
        7758     1.000978     1.946795 -0.001880159      21017.3
        7760      1.00103     1.939579 -0.001255979     21020.83
        7762     1.001417     1.933967 -0.002380218     21022.82
        7764     1.001578     1.934039  -0.00160759     21026.74
        7766     1.001825     1.927754 -0.002868021     21028.87
        7768     1.001647     1.926719 -0.002016157     21028.12
        7770       1.0015     1.911023 -0.0002443565      21030.3
        7772     1.001632     1.917909 -0.001825877     21031.12
        7774     1.001631     1.925799 -0.0007565709     21032.15
        7776     1.001438     1.912112 -0.001994122     21027.09
        7778      1.00089      1.90497 -0.002780438     21027.13
        7780     1.001144     1.901956  -0.00145236     21019.26
        7782     1.001055     1.903555 -0.001487182     20988.82
        7784     1.002559     1.900493 -0.001437964     20828.86
        7786     1.004425     1.893073 -0.003524132     19897.96
        7788     1.001378     1.890453 -0.002167673     20090.42
        7790    0.9979924     1.875362 -0.001162595      20363.3
        7792     1.001293     1.883151 -0.001381077      21051.1
        7794     1.000743     1.883772 -0.0006973347     21074.18
        7796     1.001108     1.879404 -0.0006392592     21083.21
        7798     1.001209     1.869783 -0.000970462     21091.55
        7800     1.001695     1.878037 -0.0005577031     21094.46
        7802     1.001543     1.876008 -0.001066278     21095.49
        7804     1.001385     1.874942 -0.001276334     21097.64
        7806     1.002037     1.861253 -0.001932864     21104.28
        7808     1.001892     1.867827 -0.001703275     21103.31
        7810     1.002124     1.860545 -0.0002354468     21108.88
        7812      1.00191     1.861316 -0.001905965     21114.66
        7814      1.00154      1.85937 -0.001060897     21118.74
        7816     1.001773     1.852579 -0.001593689     21112.77
        7818     1.001611     1.852058 -0.002202288     21121.38
        7820     1.002399     1.848567 -0.001306675     21123.45
        7822     1.002489     1.841751 -0.001977261     21123.87
        7824     1.002448     1.842126 -0.001675065     21130.12
        7826     1.002645      1.83624 -0.0009767248     21132.37
        7828     1.002561     1.835166 -0.001288886     21142.47
        7830     1.002921     1.833938 -0.0008165758     21138.86
        7832     1.003051     1.831814 -0.001691505     21147.06
        7834     1.002811     1.829707 -0.001449678     21147.39
        7836     1.002733     1.821634 -0.001511207     21150.42
        7838     1.003315      1.82234  -0.00210166     21151.32
        7840     1.002908     1.819725 -0.0008936029     21154.99
        7842     1.002836     1.812894 -0.001160523      21156.4
        7844     1.002894     1.814485 -0.0009763321     21161.43
        7846     1.003011     1.813056 -0.0008332196     21163.55
        7848     1.003174     1.811914 -0.001299003     21166.82
        7850     1.003278     1.806228 -0.001677364      21169.6
        7852     1.003015     1.804093 -0.002051479     21169.73
        7854     1.002739     1.799637 -0.001492036     21173.04
        7856     1.003193     1.795502 -0.001107794     21173.25
        7858     1.003407     1.794292 -0.001711178     21178.87
        7860      1.00352     1.795231 -0.001430316     21179.86
        7862      1.00345     1.785948 -0.001593119     21185.55
        7864     1.003601      1.78406 -0.002432803     21186.91
        7866     1.003831     1.781547 -0.001103931     21188.38
        7868     1.003356     1.775769 -0.001335538     21195.81
        7870     1.003579     1.777116 -0.001089849     21197.92
        7872     1.003705     1.773376 -0.001188863      21201.3
        7874     1.003113     1.772828 -0.001722096        21201
        7876      1.00322     1.766258 -0.002091266     21205.71
        7878     1.003405     1.763339 -0.002026877     21210.77
        7880     1.003316     1.756645 -0.001290369     21212.59
        7882     1.003338     1.756613 -0.001922434     21211.96
        7884     1.002997     1.755935 -0.001246787     21216.02
        7886      1.00326      1.74796 -0.001190363     21219.63
        7888      1.00284     1.746671  -0.00137429     21217.78
        7890     1.003095      1.74709 -0.000968077     21226.32
        7892      1.00345      1.74494 -0.001732671     21231.65
        7894     1.003709     1.740215  -0.00177209     21230.12
        7896     1.003361      1.73281 -0.001392108     21230.66
        7898     1.003908     1.732914 -0.001999852     21234.18
        7900     1.004076     1.733803 -0.001547667     21242.78
        7902     1.003851     1.724217 -0.001140774     21242.61
        7904     1.003371     1.720428 -0.001653671      21243.4
        7906     1.003832     1.723788 -0.001636545     21251.81
        7908     1.003614     1.720574 -0.001622131      21251.9
        7910     1.003799     1.711124 -0.001562543     21254.62
        7912     1.004573     1.707451 -0.001792414     21259.57
        7914     1.004705     1.711287 -0.001144149     21225.27
        7916     1.005272     1.706235 -0.0006816998     20958.29
        7918     1.004665     1.701971 -0.001143103     20549.09
        7920     1.004206     1.701998 -0.000818582     20960.27
        7922     1.004644     1.702142 -0.0008794996     21203.33
        7924     1.004843     1.699686 -0.001357684     21236.47
        7926     1.004602     1.694935 -0.001723241     21251.82
        7928     1.004577     1.691136 -0.001885458     21254.83
        7930     1.005076     1.688356 -0.001037846     21265.31
        7932      1.00491     1.684602 -0.001266852     21267.39
        7934     1.005141     1.686632 -0.001078772     21269.61
        7936     1.005158     1.681001 -0.001078059     21274.95
        7938     1.005537     1.679726 -0.002206132     21281.02
        7940      1.00502     1.675978 -0.001100011     21283.52
        7942     1.005443     1.668983 -0.001489928     21285.49
        7944     1.004903     1.672201 -0.001378992     21286.76
        7946     1.005073     1.667807 -0.000999063     21288.86
        7948     1.004904     1.664946 -0.001754345     21290.49
        7950     1.005761     1.660991 -0.001191431     21295.86
        7952     1.004684     1.658167 -0.001135218     21295.25
        7954     1.005149     1.658275 -0.001370497     21299.38
        7956     1.005011     1.655864 -0.001253329     21302.43
        7958     1.004988     1.650027 -0.001492917     21307.91
        7960     1.005149      1.64814 -0.001144458     21310.98
        7962     1.005244     1.646332 -0.0009213076     21310.86
        7964     1.004981     1.646709 -0.001697184     21309.54
        7966      1.00536     1.642656 -0.001202928     21317.97
        7968     1.005067     1.634563 -0.001797868     21314.49
        7970     1.004899     1.636709 -0.001419502     21316.54
        7972     1.004966     1.632326 -0.0007452044     21321.06
        7974     1.004842       1.6313 -0.001261982     21328.97
        7976     1.004999     1.628601 -0.0006003581     21326.39
        7978     1.004817     1.626613 -0.001522083     21329.57
        7980     1.005449     1.627523 -0.001149278     21333.32
        7982     1.005325     1.619124 -0.001711438     21331.83
        7984     1.005292     1.619407 -0.002113882     21336.94
        7986     1.005385     1.612921  -0.00166697     21338.23
        7988     1.005762     1.610612 -0.002273196      21343.4
        7990     1.005584     1.605788 -0.001563701     21343.41
        7992     1.005298     1.601221 -0.001475625     21349.29
        7994     1.005164     1.600412 -0.0008298162     21348.17
        7996     1.006047     1.598807 -0.0003845057     21352.65
        7998     1.005471     1.599149 -0.001185705     21353.52
        8000      1.00589     1.598145 -0.0008165966     21351.01
        8002     1.005545     1.590926 -0.001091093     21350.72
        8004     1.005751     1.592274 -0.001545351     21359.37
        8006     1.005715     1.590421 -0.001496757     21361.48
        8008     1.005096     1.585782 -0.001202224     21363.42
        8010     1.005383     1.578952  -0.00126753     21365.78
        8012     1.005626     1.582656 -0.001488857     21366.92
        8014     1.004993      1.58028 -0.0006003936     21368.83
        8016     1.005804     1.573871 -0.001627804     21372.51
        8018     1.005706     1.574149 -0.001402279     21378.06
        8020     1.005104     1.569634 -0.001138558      21377.4
        8022     1.005643     1.569062  -0.00112251     21380.63
        8024     1.005348     1.564763 -0.001453833     21378.28
        8026     1.005381     1.565169 -0.001851089     21383.37
        8028     1.005379     1.558003 -0.001768492     21385.15
        8030     1.005302     1.554253 -0.001474996     21390.48
        8032     1.005021     1.550615 -0.001006759     21393.63
        8034     1.005201     1.553369 -0.001078004     21395.31
        8036      1.00496     1.549949 -0.001302984     21393.34
        8038     1.004762     1.545629  -0.00157109     21399.53
        8040     1.004745     1.540191 -0.001118149     21398.76
        8042     1.004336       1.5408 -0.001326652      21396.3
        8044     1.004419     1.541004 -0.001174532     21401.84
        8046     1.004505     1.535016 -0.001363572     21401.84
        8048     1.003996     1.530795 -0.001653286     21404.97
        8050      1.00404     1.529892 -0.001486124     21411.51
        8052     1.004059     1.527778 -0.0008721641     21408.46
        8054     1.003943     1.523127  -0.00180177     21410.64
        8056     1.003728     1.523818 -0.002054357     21412.65
        8058     1.003836     1.515477  -0.00169815     21414.42
        8060     1.003209     1.511343 -0.002089476     21417.56
        8062     1.003328     1.509542 -0.001150118     21420.25
        8064     1.002956     1.507102 -0.001365508      21420.4
        8066     1.003205     1.506276 -0.0009752615      21420.3
        8068     1.002916     1.500419 -0.0007615088     21421.25
        8070     1.003235      1.50174 -0.001462239     21423.26
        8072     1.003343      1.50101 -0.0009398073     21424.07
        8074     1.002862     1.494578 -0.001146962     21424.35
        8076     1.002949       1.4929 -0.001836241     21432.65
        8078      1.00297     1.492564 -0.001557685     21432.58
        8080     1.002603      1.48632 -0.001377432     21430.59
        8082     1.002495     1.482117 -0.001311442     21436.15
        8084     1.002729     1.481881 -0.0006988428     21436.48
        8086     1.002461     1.482073 -0.0008199683     21436.83
        8088     1.002858     1.480729 -0.001382547     21441.67
        8090     1.002112     1.475557   -0.0014803     21433.07
        8092     1.002581      1.47082 -0.001456604     21443.83
        8094      1.00235      1.47023 -0.001261168     21440.41
        8096     1.002221     1.469076 -0.0009201321     21443.73
        8098     1.002438     1.465468 -0.001341023     21446.74
        8100     1.002648     1.463459 -0.001197582     21450.09
        8102     1.002589     1.459502 -0.001217192     21448.89
        8104     1.002478     1.459495 -0.001292938      21454.1
        8106     1.002322      1.45573 -0.0009149132     21453.07
        8108     1.002185     1.453116  -0.00126646     21455.33
        8110     1.002154     1.452183 -0.001415161     21454.37
        8112     1.001613     1.449364 -0.001304768     21453.68
        8114     1.001489     1.444409 -0.001193092     21454.07
        8116     1.001645     1.442678 -0.001487076     21459.72
        8118     1.001496     1.442638 -0.001333586     21459.54
        8120     1.001226     1.437467 -0.001282953     21460.52
        8122     1.001443      1.43374 -0.0009465292     21462.42
        8124     1.001541     1.432414 -0.001187448     21467.38
        8126      1.00096     1.435066 -0.001166389     21463.72
        8128     1.001185     1.427968 -0.0008431958     21468.05
        8130     1.000387     1.424409 -0.001431724     21467.53
        8132     1.000725     1.425668 -0.001317039     21467.04
        8134     1.000482     1.423612 -0.001188226     21466.74
        8136     1.000153     1.417431 -0.001497717     21470.32
        8138     1.000376     1.414903 -0.001639577     21472.01
        8140     1.000221     1.413687  -0.00167692     21474.43
        8142     1.000254     1.410495 -0.001664285     21476.67
        8144    0.9995898     1.404016  -0.00154538      21469.1
        8146    0.9996503     1.401589 -0.001264098     21477.01
        8148    0.9988502     1.401324 -0.0005880327      21473.5
        8150     0.998903     1.400383 -0.0008399344     21477.14
        8152    0.9989889     1.399312 -0.001129357     21481.69
        8154    0.9988443      1.39487 -0.001104499      21481.2
        8156    0.9986794     1.392289 -0.001108925     21482.21
        8158    0.9979492     1.391547 -0.001200387     21479.48
        8160     0.997946      1.39044 -0.001125513      21481.3
        8162    0.9977206     1.385267 -0.001573435     21481.29
        8164    0.9975448     1.383285 -0.001754795     21479.56
        8166    0.9976081     1.378959 -0.0009004507     21487.04
        8168    0.9970316     1.376402 -0.001171494     21486.06
        8170    0.9968984     1.378063 -0.0007203181     21484.99
        8172    0.9965151     1.373913 -0.0009796867     21488.12
        8174    0.9963921     1.373197  -0.00166878     21492.79
        8176    0.9959204     1.368564 -0.001184472     21491.52
        8178    0.9960098     1.364713 -0.001195987        21495
        8180    0.9956162     1.364437 -0.001321595     21496.22
        8182    0.9956733     1.363629 -0.001111874     21497.13
        8184    0.9955016     1.357992 -0.0008764547     21497.39
        8186    0.9954548     1.355818 -0.001392776     21500.42
        8188    0.9953114     1.357425 -0.001214324     21504.95
        8190    0.9949118     1.352486 -0.001395491     21502.89
        8192    0.9949936     1.348277 -0.001450007     21505.04
        8194    0.9944891     1.344654 -0.001174063     21506.23
        8196    0.9943413     1.345825 -0.001477734     21502.75
        8198    0.9942133     1.343094 -0.001128618     21508.83
        8200    0.9944012     1.336455 -0.001614186     21510.71
        8202    0.9938424     1.335625 -0.001453815     21508.32
        8204    0.9937562     1.332912 -0.0006758845     21508.59
        8206    0.9933264     1.331463 -0.0008456892     21506.87
        8208    0.9933328     1.331048 -0.001158078      21510.9
        8210    0.9933309     1.328859 -0.001252214     21512.52
        8212    0.9930655     1.323647 -0.001447208     21511.77
        8214    0.9932171     1.321446 -0.001802831     21512.06
        8216    0.9926412      1.31947 -0.001322093     21514.94
        8218    0.9921929     1.314437  -0.00114127     21513.62
        8220    0.9925255      1.31307 -0.001163676     21517.15
        8222    0.9922827     1.312316 -0.001010309     21517.05
        8224    0.9918756     1.310161 -0.001121045     21515.38
        8226    0.9919434     1.306354 -0.001303311     21518.13
        8228    0.9914685     1.304102 -0.001267305     21519.26
        8230    0.9914218     1.301889 -0.001227011     21521.14
        8232    0.9909952     1.300023 -0.001211458     21517.91
        8234    0.9911861     1.296538 -0.001181549     21518.48
        8236    0.9909309      1.29441 -0.001152044     21518.38
        8238    0.9906264     1.292437 -0.001089373     21520.07
        8240    0.9904652     1.290806 -0.0009501461     21521.25
        8242    0.9904138     1.287823  -0.00142818      21524.8
        8244    0.9898834     1.286809 -0.001003488     21520.49
        8246    0.9896614     1.281011 -0.0008050227     21520.02
        8248    0.9894189     1.282778 -0.001179191      21523.5
        8250    0.9890628     1.281383 -0.001301536     21523.39
