# This file has been produced by extranormal (v 1.0.1 - February 23, 2017)
# O. Roudenko - Synchrotron SOLEIL. Covered by GPL licence.
#Data from HDF File: /nfs/ruche-rock/rock-soleil/com-rock/2021/Projets/20210209_Hilde/InSitu/10Ni-10Fe_50BN/10Ni-10Fe_50BN_RWGS750_CO2pulses_H2cst_ratio1/10Ni-10Fe_50BN_RWGS750_CO2pulses_H2cst_ratio1_01374.nxs to 10Ni-10Fe_50BN_RWGS750_CO2pulses_H2cst_ratio1_01375.nxs
#Time at start=2021-02-10 14:42:38.997
#Time from start (seconds)=6869.91519633
#Sample temperature (C)=24.8
# Normalization -------------
# pivot spectrum: Pivot_Fe_10Ni-10Fe_50BN_RT_air_av2000_00001.txt
# E0=7112.0   Eshift=1.48
# E0_pivot = 7112.0
# pre-edge params: from E0_pivot-140.0 to E0_pivot-20.0
# pre-edge range: [6972.0, 7092.0]
# post-edge params: from E0_pivot+100.0 to E0_pivot+1140.0
# post-edge range: [7212.0, 8250.0]
# I jump at E0_pivot = 1.24903877537
# shifted energy	normalized	reference	ref.derivative	I0
        6970  0.001459699     1.675367 -0.0009200314      18817.3
        6972  0.001459699     1.675367 -0.0009200314      18817.3
        6974   0.00159505     1.673608  -0.00113244      18825.7
        6976  0.001515094     1.671718 -0.001817395     18832.09
        6978  0.001334541     1.666559 -0.001084628      18839.6
        6980  0.001557173     1.660828 -0.0009960237     18849.53
        6982  0.001167365     1.664931  -0.00102029     18856.81
        6984 0.0009818467      1.66375 -0.001290769     18865.24
        6986 0.0007646615     1.658396 -0.002225366     18870.21
        6988 0.0004053538     1.650502 -0.002144381     18876.63
        6990 0.0002503027     1.647128  -0.00167053     18887.17
        6992 0.0001272728     1.646595 -0.0009548682      18895.1
        6994 -0.0001012804     1.645032 -0.001232334     18899.95
        6996 -3.386029e-05     1.642863 -0.001985262     18908.05
        6998 5.433057e-05     1.637269 -0.002039982      18917.7
        7000 -0.0001108036     1.630713 -0.002047373     18924.99
        7002 0.0001033199     1.628712 -0.001809516     18934.42
        7004 -7.51028e-06     1.626484 -0.001371307     18942.51
        7006 0.0002164298     1.622793 -0.001236481     18951.76
        7008 -0.0002140701     1.619742 -0.0001134853     18958.54
        7010 -0.0004147665      1.61882 -0.001609254     18963.55
        7012 -0.0001538236     1.625576 -0.002029173     18974.75
        7014 -0.0004138631     1.609919 -0.002335231     18981.79
        7016 -0.0007615871     1.603509 -0.003018642     18990.64
        7018 -0.0005009442     1.600138 -0.001080116     18999.04
        7020 -0.0006812258     1.601427 -0.001082445     19003.71
        7022 -0.0008868622     1.601278 -0.001074759     19011.51
        7024 -0.0009307379     1.594849 -0.002024199     19020.74
        7026 -0.001053258      1.59154 -0.002036012     19030.15
        7028 -0.001038454     1.585234 -0.001341899     19040.31
        7030 -0.0009333562      1.58499 -0.001286426     19048.59
        7032 -0.0007569045     1.584114 -0.0007628384     19055.45
        7034 -0.0009202942     1.581249 -0.001305302     19061.55
        7036 -0.001188906     1.579131 -0.001787336     19071.63
        7038 -0.0009460926     1.574547 -0.001947254     19079.27
        7040 -0.001031464     1.569815 -0.001866922     19084.27
        7042  -0.00133127     1.565671 -0.001715389      19094.8
        7044 -0.0008565562     1.564195   -0.0012616     19103.94
        7046 -0.0006940325     1.560824 -0.0008004553     19110.61
        7048 -0.0009331531     1.559722 -0.001159764     19120.08
        7050 -0.0008824563     1.559267 -0.0007109332     19128.93
        7052 -0.0005799674     1.554917 -0.0009001509     19135.65
        7054 -0.0003282897     1.555137 -0.0009302136      19143.9
        7056 -0.0005701651     1.552521 -0.001237014     19151.98
        7058 -0.0008826525     1.551826 -0.002027253     19158.43
        7060 -0.0004148896     1.545021 -0.001800587     19167.95
        7062 -0.0005131602     1.538919 -0.002446177     19177.01
        7064 -0.000443086     1.538117 -0.002013734     19182.43
        7066 -0.0003527095     1.532256 -0.001528736     19190.39
        7068 -0.0002717077     1.528911 -0.001658944     19197.43
        7070 -0.0001775026     1.526689 -0.001266418     19203.39
        7072 -0.0005616762     1.524845 -0.001368649     19213.02
        7074 -0.0003070984     1.522125 -0.001057092     19219.91
        7076 0.0001721325     1.517962 -0.001474875     19230.44
        7078 0.0005068262     1.518232 -0.001349129     19239.32
        7080 0.0008373914     1.513046 -0.001262551     19249.46
        7082  0.001063383     1.511332 -0.001708494     19254.02
        7084  0.001508264     1.507862 -0.001008659     19261.47
        7086   0.00153337     1.504564 -0.001378235        19270
        7088  0.002306619     1.504977  -0.00141009     19276.86
        7090  0.002667692     1.500306 -0.001404516     19284.39
        7092  0.002989721     1.496581 -0.001117723     19290.55
        7094  0.003588924     1.493328 -0.000223958     19300.22
        7096  0.004285738     1.496035 4.925875e-06     19305.38
        7098  0.005015436     1.498514 -0.0009166145     19311.17
        7100  0.005742232      1.49662   -0.0014424     19318.43
      7100.2  0.005925882     1.495194 -0.001535921     19319.34
      7100.4  0.006109532     1.493768 -0.001629441     19320.25
      7100.6  0.006293182     1.492342 -0.001722962     19321.16
      7100.8  0.006476832     1.490915 -0.001816482     19322.07
        7101  0.006660483     1.489489 -0.001910003     19322.97
      7101.2  0.006844133     1.488063 -0.002003524     19323.88
      7101.4  0.007027783     1.486636 -0.002097044     19324.79
      7101.6  0.007273028     1.487198    -0.003284        19324
      7101.8  0.007498907     1.488272 0.0006631988     19325.46
        7102  0.007446182     1.489273  0.001791068     19325.34
      7102.2  0.007489489     1.489385 -0.002138297     19324.78
      7102.4  0.007728827     1.488631 -0.0004455375      19327.2
      7102.6  0.008039161     1.486561  0.003714205     19328.11
      7102.8  0.008107709     1.488916   0.00941593      19327.5
        7103  0.008298104     1.492357   0.01443415     19328.03
      7103.2  0.008515389     1.496163  0.009428635     19330.74
      7103.4  0.008548388     1.498109  0.005203405     19331.95
      7103.6  0.008710362     1.496459 -0.001393547     19333.27
      7103.8  0.008990237     1.496519 -0.005489103     19335.34
        7104  0.009110247     1.495049 -0.003654225     19333.75
      7104.2   0.00918055     1.493717  -0.00357883     19332.87
      7104.4  0.009221606     1.493536  -0.00254659      19334.1
      7104.6  0.009097915     1.493656 -0.002466855     19335.63
      7104.8  0.009285156     1.493011 -0.001175568      19337.4
        7105  0.009577782     1.491744  -0.00120452     19337.99
      7105.2  0.009796931     1.492595 -0.005892257     19338.51
      7105.4   0.01027694     1.492693  -0.00768074     19338.95
      7105.6   0.01082363     1.488298 -0.004590098      19339.4
      7105.8   0.01128551     1.485599 0.0008059875     19340.54
        7106   0.01152784     1.488923   0.01017301     19341.04
      7106.2   0.01162835     1.493338    0.0178002     19341.34
      7106.4   0.01172447     1.496436   0.01412279     19342.57
      7106.6   0.01196524      1.49984  0.007035835     19342.65
      7106.8   0.01231153     1.500222  0.001969188     19341.56
        7107   0.01277854     1.498966  -0.00344156     19343.06
      7107.2   0.01336124     1.498011  -0.00594496     19345.72
      7107.4   0.01366086     1.497086 -0.003744173      19347.2
      7107.6   0.01378197     1.495466  0.001323607     19347.77
      7107.8   0.01429118     1.495971   0.00325507     19348.22
        7108   0.01524788      1.49907  0.005807692     19349.51
      7108.2   0.01607335      1.49969  0.007976685      19350.6
      7108.4   0.01659406     1.500112  0.007237625     19350.71
      7108.6   0.01699396     1.502352   0.01090108     19350.54
      7108.8   0.01729209      1.50486   0.01388428      19350.7
        7109   0.01782071     1.508411   0.01278451     19352.38
      7109.2   0.01874755     1.511219   0.01154578     19355.22
      7109.4   0.01979038      1.51258   0.01032783     19356.38
      7109.6   0.02089897     1.514097   0.01455352     19355.42
      7109.8   0.02213208     1.516673   0.02319705     19354.46
        7110   0.02346499     1.522862   0.03132046     19353.37
      7110.2   0.02515152     1.531137   0.04148586     19352.68
      7110.4   0.02721629     1.539153   0.05078195     19353.82
      7110.6   0.02967757     1.549862   0.06220136     19354.34
      7110.8   0.03272233     1.563488   0.07832175      19352.7
        7111   0.03655412     1.580899   0.09753897      19349.2
      7111.2   0.04137886     1.601811     0.120396     19346.66
      7111.4   0.04736902     1.627893    0.1445829     19345.27
      7111.6    0.0546753     1.659804    0.1635507     19344.67
      7111.8   0.06342471     1.696565    0.1705582     19343.47
        7112    0.0727626     1.732651    0.1664282     19342.71
      7112.2   0.08222442      1.76434    0.1547418     19344.72
      7112.4   0.09161722     1.792947    0.1432154     19344.31
      7112.6    0.1005045     1.820358    0.1325195     19341.87
      7112.8    0.1087482     1.847224    0.1219727     19339.37
        7113    0.1163373     1.870355    0.1098308     19336.28
      7113.2    0.1231852     1.890525   0.09615817        19335
      7113.4    0.1295375     1.908223   0.08976135     19334.84
      7113.6    0.1356617      1.92415    0.0840267     19335.19
      7113.8    0.1415403     1.942165   0.07367646     19335.16
        7114     0.146835     1.957746   0.06765742      19333.6
      7114.2    0.1517423     1.967164   0.06412272     19333.26
      7114.4     0.156038     1.978276   0.06447949     19333.27
      7114.6    0.1594631     1.993463   0.06752571     19334.03
      7114.8     0.162307      2.00933   0.06660465      19335.5
        7115    0.1646778     2.021185   0.05918931     19336.66
      7115.2    0.1668361      2.03156   0.05116799     19337.14
      7115.4     0.169074     2.040814   0.04426566     19336.98
      7115.6    0.1714418     2.050264   0.04004917      19337.3
      7115.8     0.174174     2.056597   0.03505994     19338.18
        7116    0.1773108     2.063599    0.0230708     19340.16
      7116.2    0.1810471     2.068862   0.01491641     19340.63
      7116.4    0.1856227     2.068721   0.01058955     19339.98
      7116.6    0.1910556      2.06853   0.01615986      19339.2
      7116.8    0.1973876     2.072071   0.02868998     19338.92
        7117    0.2048497      2.08179   0.03740913     19338.63
      7117.2    0.2131736     2.091673   0.04053666     19337.43
      7117.4    0.2223529     2.098458    0.0348304     19336.22
      7117.6    0.2328459       2.1045   0.04041683     19336.59
      7117.8    0.2446367     2.109654   0.05676202      19339.4
        7118    0.2574393     2.124006   0.06922574     19340.32
      7118.2    0.2717872     2.143867   0.09072953     19340.72
      7118.4    0.2882834     2.159881     0.109168     19342.11
      7118.6    0.3062335     2.182238    0.1165002     19339.58
      7118.8    0.3251246     2.211341    0.1254958     19337.56
        7119    0.3455927     2.237067    0.1307122      19338.1
      7119.2    0.3683109     2.260277    0.1301876     19337.86
      7119.4    0.3923481     2.286808    0.1350144     19338.01
      7119.6    0.4164405     2.315491    0.1374309     19337.15
      7119.8    0.4415177     2.345079    0.1381566     19335.83
        7120    0.4673268     2.370222    0.1442351     19335.61
      7120.2    0.4919163     2.397333     0.133471     19336.36
      7120.4    0.5149706     2.430879    0.1218616     19338.35
      7120.6     0.536488     2.451856    0.1255127      19340.5
      7120.8    0.5561102     2.467711    0.1061881     19341.36
        7121    0.5738639     2.497743   0.09503393     19340.19
      7121.2    0.5904463     2.515829    0.1090984     19337.25
      7121.4     0.605871     2.527883   0.09805559     19335.57
      7121.6    0.6205695      2.55499   0.09601488     19335.06
      7121.8    0.6347149     2.576188    0.1048809     19333.84
        7122    0.6490325     2.592641    0.0931316     19334.25
      7122.2    0.6641033     2.611788    0.1017825     19334.97
      7122.4    0.6795968     2.629495    0.1167504     19335.48
      7122.6    0.6952929     2.657614    0.1213851     19335.11
      7122.8    0.7119072     2.686042    0.1200581     19335.49
        7123    0.7289477     2.708896   0.09767674      19334.8
      7123.2    0.7463313     2.725542   0.08073656     19334.26
      7123.4    0.7646885     2.735755   0.06143059     19333.55
      7123.6    0.7829779     2.750631    0.0622333        19331
      7123.8    0.8013272      2.75804   0.07242665     19329.39
        7124    0.8194323     2.775328    0.0571729        19328
      7124.2    0.8371222     2.793696   0.05657312     19327.75
      7124.4    0.8549058     2.796369   0.03133889     19330.07
      7124.6    0.8714741     2.803299   0.02231618     19330.81
      7124.8     0.886934     2.800399   0.04326665     19330.99
        7125    0.9018273     2.811549   0.04000849     19331.51
      7125.2    0.9154192     2.830983   0.04495044     19328.71
      7125.4    0.9282788     2.835305   0.02648016     19327.49
      7125.6    0.9406424      2.83636 -0.001455572     19327.16
      7125.8    0.9524739     2.832733   0.02756681     19325.27
        7126     0.963975     2.829818   0.05128194     19324.41
      7126.2    0.9753706     2.857359   0.05689713     19323.85
      7126.4    0.9873407     2.877385   0.07762896     19324.14
      7126.6    0.9995239     2.878251   0.05599618     19323.31
      7126.8      1.01144     2.891921   0.04091128     19321.34
        7127      1.02332     2.902156   0.08769666     19320.57
      7127.2     1.035683     2.910114     0.127131     19319.33
      7127.4     1.048845     2.948408    0.1022319      19318.1
      7127.6     1.062544     2.993626   0.05665854     19317.62
      7127.8     1.076616     2.983941   0.00736261     19317.31
        7128     1.090961     2.955441  -0.05551324     19317.36
      7128.2     1.105566     2.954298  -0.05109435     19316.98
      7128.4     1.120031     2.949215  0.006545047     19316.28
      7128.6     1.134133     2.943066    0.0271061      19315.7
      7128.8     1.147919     2.960677    0.0425335      19314.5
        7129     1.161195     2.975983   0.09761573      19313.4
      7129.2     1.173386     2.983242    0.1138918     19312.38
      7129.4     1.184182     3.021158   0.06959936     19312.94
      7129.6     1.193737     3.051791   0.05579374     19313.33
      7129.8     1.201217     3.031663   0.05353968     19314.83
        7130     1.206524     3.027877   0.07486615     19316.04
      7130.2     1.210466      3.06399    0.1197058     19314.41
      7130.4      1.21319     3.111684    0.1077724     19312.88
      7130.6     1.215084     3.127427   0.08462283     19312.13
      7130.8     1.217082     3.114095   0.06665916     19311.71
        7131     1.217477     3.131688   0.01139829     19311.55
      7131.2     1.217434     3.165011  -0.00937136     19310.51
      7131.4     1.218009     3.136546  -0.05324267     19308.73
      7131.6     1.218324     3.106598  -0.07248064     19306.47
      7131.8     1.218275     3.089094  -0.04641971     19305.65
        7132     1.217859     3.107026  -0.01791655     19304.63
      7132.2     1.217083      3.09941  -0.05452657     19303.25
      7132.4     1.216086     3.092265   -0.1284969     19304.55
      7132.6     1.214602     3.045473   -0.0753117     19304.54
      7132.8      1.21231     3.004229   0.00219259     19303.41
        7133     1.209261     3.039161     0.055905     19303.92
      7133.2     1.205428     3.094019   0.07668522     19304.86
      7133.4     1.200709     3.090197   0.01527691     19306.24
      7133.6     1.195926     3.065577   -0.1060961      19307.9
      7133.8     1.190454     3.051383   -0.1557745     19307.17
        7134      1.18411     3.009142   -0.1423052     19307.38
      7134.2     1.177081     2.965578   -0.1215998     19308.88
      7134.4     1.169735     2.951733  -0.07451475     19309.39
      7134.6     1.162369     2.954103  -0.01425867     19310.47
      7134.8     1.154809      2.94953   0.01852722     19311.24
        7135     1.147426     2.954171   0.01238263     19312.35
      7135.2     1.140291     2.966555  0.001161565     19314.28
      7135.4     1.133359     2.964009  -0.01746404     19315.53
      7135.6     1.126638     2.950459  -0.04689132     19316.86
      7135.8     1.119768     2.940199  -0.07476547     19318.39
        7136     1.112961     2.929042  -0.05918545     19319.11
      7136.2     1.106771     2.904196  -0.05731939     19317.71
      7136.4     1.101058     2.903111  -0.02989072     19315.39
      7136.6     1.095857     2.894344 1.469999e-06     19313.17
      7136.8      1.09104     2.905129  -0.05858039     19309.34
        7137     1.086405     2.904198  -0.07397277     19301.94
      7137.2     1.081852     2.856247   -0.0784529     19286.98
      7137.4     1.077381     2.835166  -0.05048057     19262.95
      7137.6     1.073216     2.842367   0.01672034      19228.7
      7137.8     1.069688     2.863813   0.05817953     19187.35
        7138     1.066593     2.869623   0.08620017     19145.36
      7138.2     1.063379     2.881709   0.06917851     19108.39
      7138.4     1.059625     2.911327   0.06781649     19084.56
      7138.6     1.056552     2.919156   0.06119769     19078.38
      7138.8      1.05397     2.923876   0.01732738     19086.87
        7139     1.051415     2.930667   0.01233384      19105.6
      7139.2     1.049147     2.925189   0.05958313     19132.66
      7139.4     1.047255     2.929023   0.09938864     19162.09
      7139.6     1.045613     2.971543     0.117306     19191.51
      7139.8     1.044203     3.010178   0.09053768     19221.06
        7140     1.043346     3.019034  -0.01733527     19248.44
      7140.2     1.042761     3.001453  -0.06857737     19273.27
      7140.4     1.042086     2.957675   -0.0565397     19292.63
      7140.6     1.041541     2.955316   -0.0609396     19305.25
      7140.8     1.040863     2.973802  -0.03358819     19311.91
        7141     1.040254     2.952701  -0.03462976     19313.32
      7141.2     1.039654     2.930804  -0.04808251     19315.06
      7141.4     1.039142     2.927613    0.0056618     19313.84
      7141.6     1.038922     2.935336   0.06487249     19306.42
      7141.8     1.038349     2.957231   0.07496674     19290.48
        7142     1.037498     2.982702   0.05566643     19261.33
      7142.2     1.036759     2.987586   0.00240148     19223.06
      7142.4     1.035739     2.979869  -0.06086747     19181.39
      7142.6     1.034494     2.959152  -0.06483446     19139.01
      7142.8     1.033687     2.934008   -0.0327511     19101.71
        7143      1.03333     2.935718   0.02830769     19078.39
      7143.2     1.032616     2.953668   0.06125306     19072.64
      7143.4     1.031477     2.981798    0.0452823     19083.01
      7143.6     1.030647      2.98301   0.02712102     19109.83
      7143.8     1.030067     2.971944  -0.03882235     19149.14
        7144     1.029569     2.975365  -0.06572342     19193.16
      7144.2     1.028943      2.95074  -0.02707993     19234.38
      7144.4     1.027608     2.930432  -0.02475955     19266.53
      7144.6     1.025996      2.95028  -0.01413086     19291.11
      7144.8     1.024768     2.955557 -0.003630155     19307.53
        7145     1.023838     2.939436  -0.02309254     19318.75
      7145.2      1.02274     2.927528  -0.05024105      19325.9
      7145.4     1.021366     2.931806  -0.06763374      19332.2
      7145.6     1.019854     2.915364  -0.02472288     19338.55
      7145.8     1.018064     2.885329   0.01849076     19342.17
        7146     1.016258     2.907749   0.05735661     19344.97
      7146.2     1.014295     2.946599   0.08651407     19346.13
      7146.4     1.012293      2.96125   0.06104543     19347.47
      7146.6     1.010102      2.95454   0.04942073     19349.31
      7146.8     1.007896     2.956586   0.05568758     19350.48
        7147     1.005683     2.986135   0.06542082     19353.48
      7147.2     1.003409       3.0058   0.07107709     19357.28
      7147.4     1.000893     3.006877   0.03693028     19357.53
      7147.6     0.998265     3.013447   0.04152735     19357.97
      7147.8    0.9955706      3.01568   0.05489761     19360.22
        7148    0.9922628     3.039022   0.04447471     19363.56
      7148.2     0.988767     3.050795   0.01592318     19366.31
      7148.4    0.9854831     3.049027  -0.05104368     19367.17
      7148.6    0.9820924     3.028418  -0.04966957     19368.79
      7148.8      0.97852     2.998187  -0.02005863     19370.91
        7149    0.9750226     3.011059   0.02196079     19371.97
      7149.2    0.9716874      3.03298   0.06482768     19373.02
      7149.4    0.9686398     3.045987   0.02593173     19373.77
      7149.6    0.9658711     3.050049  -0.00040774     19374.57
      7149.8    0.9628824     3.031804  0.007565882     19376.69
        7150    0.9599467     3.032654 -0.000502435     19379.37
      7150.2    0.9573641      3.05204   0.00579377     19381.91
      7150.4    0.9547472     3.049647 0.0004657425     19383.12
      7150.6    0.9521845     3.036439  -0.02856313        19383
      7150.8    0.9498138     3.033027  -0.01683596      19383.1
        7151    0.9479985     3.029189   0.01465585     19384.32
      7151.2    0.9461475     3.036178   0.04101552     19386.67
      7151.4     0.943966     3.048164   0.05120297     19387.83
      7151.6    0.9417121     3.065839   0.06620639     19386.78
      7151.8    0.9397395     3.070151   0.05757374     19386.37
        7152    0.9380751     3.089143   0.01186007     19385.29
      7152.2    0.9364508     3.094223   0.00681792     19386.53
      7152.4    0.9350449     3.075327 -0.002210817     19389.69
      7152.6     0.933789     3.075606  -0.02163864      19389.8
      7152.8    0.9325823     3.087375  -0.01446065     19389.92
        7153    0.9318479     3.076912  0.006047387      19391.8
      7153.2      0.93128     3.063759   0.02750733     19393.33
      7153.4    0.9307671     3.080444   0.04278245     19393.88
      7153.6    0.9309438      3.10938   0.05034865     19396.04
      7153.8    0.9311999     3.111138   0.01069799     19397.14
        7154    0.9313508     3.104037  -0.04636425     19398.51
      7154.2    0.9315209     3.089002  -0.07244889     19399.75
      7154.4    0.9318724     3.072289  -0.07304146     19401.04
      7154.6    0.9326471     3.053179  -0.03974282     19401.04
      7154.8    0.9337983     3.045604 -0.004910253      19401.7
        7155    0.9348539     3.057208   0.02002892     19402.81
      7155.2    0.9353386     3.068361   0.02846766     19403.43
      7155.4    0.9355121     3.069202   0.02127045     19404.54
      7155.6    0.9359405     3.068378   0.02005829     19405.36
      7155.8    0.9369929     3.074224   0.03789914     19406.54
        7156     0.938415     3.084408   0.02703468     19408.43
      7156.2    0.9396507     3.099521  -0.01507339     19410.38
      7156.4    0.9407678     3.090006  -0.02391476     19411.02
      7156.6    0.9420293     3.062165  -0.02443216     19411.46
      7156.8    0.9433993     3.065276  -0.01515807     19411.05
        7157    0.9445939     3.079976  0.003948967     19410.94
      7157.2    0.9456842      3.07788  -0.01491558     19411.82
      7157.4    0.9470325     3.065325   0.00711671     19412.85
      7157.6     0.948464     3.053343   0.00414712     19415.16
      7157.8    0.9497485     3.085669   -0.0330217     19416.84
        7158    0.9511283     3.081197  -0.02032635     19417.98
      7158.2    0.9522639     3.038907  -0.08224135     19418.73
      7158.4    0.9531136     3.037082  -0.09440955     19418.79
      7158.6    0.9535363     3.019876  -0.03095665     19419.35
      7158.8    0.9540265      3.00567   -0.0342613      19420.5
        7159    0.9550093     3.014142  -0.02873481     19420.58
      7159.2    0.9561495     3.009673  -0.01643076     19421.04
      7159.4    0.9574475     2.996888  -0.04979996     19422.76
      7159.6    0.9590322     2.992525   -0.1010339     19423.73
      7159.8    0.9601799     2.974302  -0.08273112     19424.35
        7160    0.9607963     2.928846  -0.04989128     19425.55
      7160.2    0.9611394     2.930703  -0.02415815      19425.7
      7160.4    0.9617118     2.952612     0.092148     19425.56
      7160.6    0.9625628     2.954975    0.2015583     19425.54
      7160.8    0.9634579     3.002564    0.2470723     19426.48
        7161     0.964401      3.09195    0.2414151     19429.01
      7161.2    0.9650484      3.15027    0.1363622     19431.31
      7161.4    0.9652658     3.148108    0.0103003     19432.05
      7161.6    0.9656354     3.111654  -0.03426771        19431
      7161.8    0.9665434      3.10019  -0.02096156     19428.85
        7162      0.96755     3.122856   0.02664117     19427.83
      7162.2    0.9681423     3.131338   0.03431355     19429.25
      7162.4    0.9685246     3.132967  -0.05227404     19431.96
      7162.6    0.9688366     3.127641   -0.1298999     19433.11
      7162.8    0.9689854     3.081037   -0.1761402        19433
        7163    0.9693563     3.027418   -0.1951103     19435.14
      7163.2      0.96969     2.992055   -0.1511782     19435.41
      7163.4     0.970159     2.971553  -0.02789805     19434.17
      7163.6    0.9707388     2.960094   0.08211552     19433.34
      7163.8    0.9712377       3.0051    0.1142523     19433.86
        7164    0.9719439     3.057747    0.1029299     19433.76
      7164.2    0.9723588     3.062955   0.04324751     19433.92
      7164.4    0.9725352     3.042438  -0.01840212     19434.41
      7164.6    0.9725536     3.039698  -0.05999268     19434.26
      7164.8    0.9729371     3.043026  -0.06399247     19435.91
        7165    0.9735462      3.01496  -0.03254445     19437.08
      7165.2    0.9737312     2.991244  0.003427867     19438.22
      7165.4    0.9743913     3.013662   0.09367689     19440.52
      7165.6    0.9752389     3.045768     0.140201     19440.96
      7165.8    0.9760829     3.089902   0.07402302     19439.63
        7166    0.9770464     3.103405   -0.0189657     19437.29
      7166.2    0.9779707     3.072881   -0.1036363     19435.46
      7166.4     0.978551     3.030595   -0.1237853     19435.47
      7166.6    0.9789754     3.006993   -0.1046178     19435.97
      7166.8    0.9793969     3.004377  -0.04346181     19436.72
        7167    0.9798398     2.989187   0.03414096     19437.36
      7167.2    0.9805016     2.995826   0.06657681     19438.21
      7167.4      0.98135     3.034306    0.0856504     19438.58
      7167.6    0.9822895     3.057638   0.05419785     19437.22
      7167.8    0.9832903     3.057707  -0.01558372     19436.07
        7168     0.984098     3.039184  -0.05466798     19437.24
      7168.2    0.9845616     3.021839  -0.06702603     19440.22
      7168.4    0.9850909     3.013904  -0.07913827     19441.03
      7168.6    0.9857272     3.004086  -0.06307922     19440.31
      7168.8    0.9865832     2.975874  -0.03787784     19441.12
        7169    0.9875265     2.971375  0.003814482     19441.96
      7169.2    0.9885554     2.983601    0.1113424     19441.74
      7169.4    0.9899692     3.007138    0.1524266      19442.5
      7169.6     0.990938     3.064948    0.1324366     19442.83
      7169.8    0.9917108     3.093317   0.07131884     19443.74
        7170    0.9922526     3.089551  -0.01635134     19444.54
      7170.2    0.9926676     3.064193   -0.0265755     19444.94
      7170.4    0.9934459     3.051866  -0.00405804        19446
      7170.6    0.9942183     3.072056   0.01887732     19448.64
      7170.8    0.9949494     3.086304   0.02713476     19450.03
        7171    0.9959974     3.079295 -0.007089735     19451.23
      7171.2    0.9967454     3.073574  -0.04702325     19454.07
      7171.4    0.9972687     3.066384  -0.06118589     19453.74
      7171.6    0.9975727     3.048686  -0.06422341     19451.36
      7171.8    0.9984335     3.030346  -0.06761188      19452.5
        7172    0.9996165     3.022196  -0.06604937     19453.22
      7172.2     1.000521     3.012295  -0.05606524      19452.5
      7172.4     1.001152     2.995846  -0.05076574     19453.41
      7172.6     1.001648     2.985494  -0.05747913     19453.78
      7172.8       1.0022     2.981583  -0.06701733     19452.94
        7173     1.002403     2.966312  -0.06622849     19452.93
      7173.2     1.002437     2.942232  -0.03620868     19454.07
      7173.4     1.003133     2.932511    0.0325276      19456.5
      7173.6     1.003803     2.952616   0.08159334     19458.86
      7173.8      1.00374     2.992334    0.0936897     19458.51
        7174     1.004041     3.007507   0.07674022     19456.28
      7174.2     1.004668     3.007463   0.04744706     19454.42
      7174.4     1.005485     3.014008   0.02610724     19455.82
      7174.6     1.005888     3.030291   0.01388365     19459.45
      7174.8     1.006084     3.028393 -0.004219477     19461.88
        7175     1.006477      3.01857  -0.04648331     19463.82
      7175.2     1.006911     3.010633   -0.0796289     19465.99
      7175.4      1.00729     2.993105   -0.0818686     19465.26
      7175.6     1.007722      2.96469  -0.09292053     19463.66
      7175.8     1.008058     2.953075  -0.07548098     19464.95
        7176     1.008318     2.936296  -0.03651928     19466.64
      7176.2     1.008732      2.93272  -0.05866374     19466.56
      7176.4     1.009197     2.935474  -0.08124335      19466.7
      7176.6      1.00934     2.906144   -0.1020877     19467.74
      7176.8     1.009142     2.871302   -0.1104192     19468.82
        7177     1.008957      2.85105  -0.07957039      19470.2
      7177.2     1.008765     2.847139  -0.04469689     19471.22
      7177.4     1.008619     2.842487  -0.02168596     19471.93
      7177.6     1.008408     2.835544 -0.007018593     19471.78
      7177.8     1.008307     2.833701    0.0213993     19472.41
        7178     1.008646     2.841524    0.0435425     19474.15
      7178.2     1.009053     2.859607   0.06045582     19475.35
      7178.4      1.00884     2.870378   0.05782137     19475.78
      7178.6     1.008308     2.882066   0.02139282     19475.93
      7178.8     1.008338     2.887781   0.01962777     19477.01
        7179     1.008429     2.876721   0.02130317     19477.42
      7179.2     1.008225      2.88608 -0.000618865     19477.98
      7179.4     1.008131     2.899108  -0.02377426     19479.38
      7179.6      1.00812     2.887286  -0.05197872     19479.66
      7179.8     1.008526     2.857702  -0.05383603     19480.06
        7180       1.0091     2.844497  -0.01285885     19480.63
      7180.2     1.009303     2.856039   0.03426525     19481.66
      7180.4     1.009415     2.876999   0.04271026     19481.95
      7180.6     1.009071     2.885114  0.006735278     19482.26
      7180.8     1.008713     2.878665  -0.02952487     19482.38
        7181       1.0087     2.861428  -0.06047689     19482.58
      7181.2     1.008924     2.853379  -0.07326014     19484.13
      7181.4     1.009331     2.836732  -0.02873583     19483.74
      7181.6     1.009878     2.820057  0.001240085     19483.74
      7181.8     1.010344     2.838439   0.01985833     19487.17
        7182     1.010392     2.854371   0.02179455     19489.96
      7182.2     1.010312     2.852619 -0.004321737     19490.18
      7182.4     1.010178     2.837493  -0.02665946     19490.04
      7182.6     1.010094     2.834982  -0.04574909     19489.77
      7182.8     1.010081     2.833043  -0.02002171     19489.12
        7183     1.009994      2.81602  0.008621305     19488.23
      7183.2     1.010282     2.821476    0.0159085     19489.41
      7183.4     1.010645     2.841879   0.04844001     19491.11
      7183.6     1.010785      2.84577   0.07677763     19492.01
      7183.8     1.010997     2.854772   0.06491346     19494.46
        7184      1.01116     2.882898   0.03818151     19495.61
      7184.2     1.011496     2.893809  0.004063605     19495.72
      7184.4     1.011787     2.876315  -0.01833532     19496.08
      7184.6     1.012303     2.858023  -0.04109715     19497.26
      7184.8     1.012743     2.868229  -0.02499936     19496.49
        7185     1.012881     2.860932   0.00376721     19495.54
      7185.2     1.012897     2.856316  -0.00512028     19498.28
      7185.4      1.01288     2.861036    0.0109373     19498.79
      7185.6     1.012846     2.864133   0.02197698     19498.12
      7185.8     1.012468     2.869681   0.02965027     19499.75
        7186     1.012457     2.873898   0.01114091     19499.31
      7186.2     1.012754     2.884757  -0.03117549      19498.3
      7186.4     1.013063     2.873046  -0.04276759     19500.37
      7186.6     1.013421     2.844741  -0.05907302     19503.16
      7186.8     1.013738     2.839683  -0.05187992     19504.26
        7187      1.01416     2.837498   0.00042024     19506.47
      7187.2     1.014429     2.831542    0.0218401     19508.19
      7187.4     1.014321     2.845077   0.03051125     19508.02
      7187.6     1.014042     2.857156   0.07091302     19507.95
      7187.8     1.014172     2.861907   0.06819121      19507.5
        7188     1.014349     2.888272   0.04000242     19507.38
      7188.2     1.014069      2.89963    0.0490053     19508.78
      7188.4     1.013767     2.889158   0.04387729     19509.69
      7188.6     1.013778     2.901111   0.05833302     19510.42
      7188.8     1.013973     2.923374   0.07915762     19512.61
        7189     1.013949     2.946297   0.06585273     19513.84
      7189.2     1.013992     2.952484   0.05287971     19514.16
      7189.4     1.014023     2.953794   0.01968119     19515.89
      7189.6     1.013696     2.965678 -0.002420147      19516.8
      7189.8     1.013493     2.962042  -0.01675923     19516.93
        7190     1.013332     2.950547   -0.0289297     19516.99
      7190.2      1.01334     2.940386 -0.007538583      19517.8
      7190.4     1.013522     2.942534 -0.002393057     19517.86
      7190.6     1.013645     2.956011 -0.004389463     19518.83
      7190.8     1.013672     2.948633  -0.02175643     19519.67
        7191     1.013819     2.936875  -0.06051168     19520.89
      7191.2     1.013588     2.925129  -0.04807636     19521.84
      7191.4     1.013305     2.907601  -0.00841173     19523.26
      7191.6     1.013094     2.910172 -0.004941385     19525.31
      7191.8     1.012946     2.930145   0.02897519     19526.08
        7192     1.012614     2.921176   0.07145379     19525.74
      7192.2     1.012561     2.930782   0.05650343     19526.11
      7192.4     1.012848     2.967335   0.05778379     19528.08
      7192.6     1.013195     2.975348   0.05369875      19529.5
      7192.8     1.013221     2.967403   0.01957926     19529.03
        7193     1.012718     2.973741  0.004830672     19529.68
      7193.2     1.012679     2.982998   0.02033213     19531.66
      7193.4     1.013065     2.979213  0.005179025     19532.23
      7193.6     1.013245     2.983669  -0.04227273     19532.45
      7193.8      1.01356     2.977884  -0.02567691     19532.62
        7194     1.013765      2.94918 -0.001381422      19532.5
      7194.2     1.013792     2.958671   0.00722156     19533.12
      7194.4     1.014106     2.982564    0.0296435     19534.11
      7194.6     1.014298     2.983661   0.02876141      19536.9
      7194.8     1.014024     2.972895   0.01976017     19539.73
        7195      1.01394      2.98168  0.008763153     19541.74
      7195.2     1.013914     2.998372  0.004489837     19541.72
      7195.4     1.014084     2.990672 -0.003011072     19540.66
      7195.6     1.014547     2.976487  -0.03061331     19538.98
      7195.8     1.014763     2.979271  -0.01801044     19537.37
        7196     1.014787     2.973881  -0.00149875     19537.84
      7196.2     1.014698     2.976263 0.0009011075     19540.72
      7196.4     1.014978     2.975288  0.007282695      19543.2
      7196.6     1.015613     2.979992  -0.01155227     19543.61
      7196.8     1.015867     2.979707  -0.00878029     19545.03
        7197     1.016001     2.967021  -0.01377995     19546.51
      7197.2     1.016386     2.968264  -0.03077531     19546.21
      7197.4     1.016626     2.968968  -0.03222051     19547.74
      7197.6     1.016749     2.955087  -0.02652223     19549.75
      7197.8     1.017125     2.941245  0.008260435     19549.43
        7198     1.017364     2.947046   0.05209097      19550.1
      7198.2     1.017184     2.975577   0.05972698     19552.05
      7198.4     1.017007      2.99676   0.02121088     19553.52
      7198.6     1.016967     2.989027  -0.03371453     19554.22
      7198.8     1.017122     2.964015  -0.05455624     19554.21
        7199     1.017347     2.948605  -0.03694096     19557.09
      7199.2     1.017911     2.953115  -0.02139787     19558.64
      7199.4     1.018122     2.959474  -0.01775299     19558.78
      7199.6     1.018166     2.946896  -0.04377773     19559.25
      7199.8     1.018288     2.934403  -0.04760534     19558.17
        7200     1.018523     2.918093  -0.04034965     19558.15
      7200.2     1.018875      2.92139  -0.04777428     19559.54
      7200.4     1.018865     2.914617  -0.03082925     19559.61
      7200.6      1.01859     2.896183  -0.01776511     19560.42
      7200.8     1.018103     2.893429  0.007670965     19561.26
        7201     1.017922     2.907177   0.03225511     19562.33
      7201.2     1.018029     2.920753   0.02626753     19563.88
      7201.4     1.018364     2.921987  -0.00558963     19566.59
      7201.6     1.018726     2.914443  -0.02574101     19567.92
      7201.8      1.01895     2.902706  -0.01740568     19567.52
        7202     1.018907     2.900161  -0.02347446     19566.78
      7202.2     1.018677     2.908063  -0.03784233     19566.21
      7202.4     1.018972     2.895664  -0.04272879     19567.57
      7202.6     1.019598     2.872432   -0.0686654     19569.74
      7202.8     1.019824     2.865977  -0.07051021      19572.3
        7203     1.019758      2.85313  -0.05086786     19575.12
      7203.2     1.019829     2.839255  -0.04535664     19577.83
      7203.4     1.019739     2.831738  -0.03837677     19577.51
      7203.6     1.019604     2.829692  -0.02163419     19575.59
      7203.8     1.018971     2.822429   0.01830919     19574.81
        7204     1.018506     2.821948   0.03065116     19574.61
      7204.2     1.018438     2.846385   0.03536195     19573.67
      7204.4     1.018551     2.854213   0.04036723      19574.2
      7204.6     1.018989     2.850718   0.02235124     19574.96
      7204.8      1.01937     2.854242  0.003764963     19577.08
        7205      1.01941     2.864266  -0.00551539     19578.97
      7205.2     1.018805     2.857225  -0.02879041     19578.51
      7205.4     1.018543     2.846306  -0.05212302     19578.28
      7205.6     1.018837      2.83121  -0.04263857     19579.53
      7205.8      1.01917     2.822568  -0.04658368     19581.47
        7206     1.019887     2.823114  -0.05136469     19583.43
      7206.2     1.020434     2.809039  -0.04096416      19584.8
      7206.4     1.020496     2.790118  -0.03200707     19585.38
      7206.6     1.020586     2.789796  -0.02905785     19585.99
      7206.8      1.02048     2.797509  -0.01905529      19585.6
        7207     1.020261     2.785793  -0.00496939     19583.55
      7207.2     1.020153     2.774874  -0.01231682      19583.2
      7207.4     1.019962     2.785821 -0.006898108     19584.86
      7207.6     1.019972     2.787655   0.02023448        19587
      7207.8     1.020027     2.780274  0.009385528     19589.36
        7208      1.01988     2.791061   0.03274107     19590.08
      7208.2     1.019771     2.793329   0.08197649     19589.85
      7208.4     1.019897     2.813848   0.07798756     19589.53
      7208.6     1.020153     2.845856   0.08009397     19590.94
      7208.8     1.019939     2.853451   0.03176664     19595.16
        7209     1.019726     2.857404  -0.02634188     19596.59
      7209.2     1.019397     2.839261  -0.04342605      19596.7
      7209.4     1.019198     2.824782  -0.04657374     19596.73
      7209.6     1.019516      2.81871  0.004476167     19596.49
      7209.8     1.020041     2.820145   0.05271356     19597.01
        7210     1.020121     2.842842   0.05188524     19596.47
      7210.2     1.019802     2.866953   0.01742669     19596.68
      7210.4     1.019558     2.860219  -0.02745397     19598.11
      7210.6     1.019311     2.834087  -0.04627852     19598.33
      7210.8      1.01877     2.820879  -0.02031984     19599.02
        7211     1.018218      2.82993  0.001745085     19601.05
      7211.2     1.018067     2.843963  0.001175963     19602.41
      7211.4     1.017911     2.835483 -0.008843092     19603.09
      7211.6     1.017647      2.82182  -0.01288302     19603.86
      7211.8     1.017589     2.822856 -0.003368203     19604.09
        7212     1.017531     2.833656   0.01696108     19603.75
      7212.2     1.017562     2.832788   0.02382648     19603.19
      7212.4     1.017272     2.835389   0.01431505     19602.46
      7212.6     1.016802     2.841917   0.04864659     19603.28
      7212.8     1.016544     2.845108   0.08155327      19605.7
        7213     1.016318     2.871705   0.07951149     19607.56
      7213.2     1.016006     2.900631   0.08813681     19607.99
      7213.4     1.015844     2.905526   0.09912858     19608.01
      7213.6     1.015723     2.915618   0.08414811     19610.23
      7213.8     1.015657     2.951008   0.08490529     19612.05
        7214     1.015369      2.96795    0.1162444     19611.62
      7214.2     1.014583      2.97345    0.1195772     19612.41
      7214.4     1.014003     3.008613    0.1077615     19614.08
      7214.6     1.013721      3.04667    0.0912593     19614.09
      7214.8     1.013616     3.054159    0.0458475     19614.96
        7215      1.01347     3.046458  -0.00305853     19617.01
      7215.2     1.012968     3.045291 -0.007806805     19617.18
      7215.4     1.012764     3.044223   0.01884634     19617.37
      7215.6     1.012564     3.047914 -0.001133347      19617.7
      7215.8     1.012032     3.061535  -0.02156306      19616.6
        7216     1.011901     3.044385  -0.02898926      19617.8
      7216.2     1.011687     3.026973  -0.05297625     19619.09
      7216.4     1.011353     3.024722  -0.03105557     19619.04
      7216.6     1.011274     3.019154 -0.004779018     19620.85
      7216.8     1.011077      3.01954   0.03224736     19621.66
        7217     1.010976      3.02315   0.05749389     19623.28
      7217.2     1.010533      3.05052   0.04447806      19624.5
      7217.4     1.009766     3.065149   0.03969029     19621.91
      7217.6     1.009396     3.055123   0.03013378     19621.56
      7217.8     1.009182     3.054902   0.03636684      19622.8
        7218      1.00912     3.074627   0.04894392     19622.66
      7218.2     1.009003     3.094242   0.04544789     19622.35
      7218.4     1.008721     3.094278   0.02226747     19622.28
      7218.6     1.008724      3.09126   0.01100424     19623.89
      7218.8     1.008854     3.092441   0.03791913     19625.92
        7219     1.008968     3.103046   0.04272761     19626.41
      7219.2     1.009138     3.124613   0.03616011      19626.9
      7219.4     1.008929     3.125442    0.0451101     19628.06
      7219.6     1.008338     3.121369   0.03196946     19628.69
      7219.8     1.007692     3.139134   0.03645454     19628.44
        7220     1.007151     3.150189   0.04356636     19629.92
      7220.2     1.007209     3.154606   0.01240079      19631.5
      7220.4     1.007295     3.156222  -0.02787369     19631.85
      7220.6     1.007046     3.149055  -0.02379449     19632.87
      7220.8     1.006886      3.12789  -0.01155532     19634.48
        7221     1.006556      3.13557  -0.01763228     19635.55
      7221.2     1.006282     3.146978  0.006910632     19635.47
      7221.4     1.006072     3.134949  0.008195838     19635.17
      7221.6     1.005843     3.133418  -0.05255018     19636.26
      7221.8     1.005588     3.142127  -0.05707514     19636.02
        7222     1.005703     3.104938  -0.03463189      19636.8
      7222.2     1.005864     3.089289  -0.06179176     19638.58
      7222.4     1.005534     3.105713  -0.03871948     19638.19
      7222.6     1.004996     3.092693  -0.00873372     19638.01
      7222.8     1.004719     3.073962 -0.006918635     19639.07
        7223     1.004753     3.082302   0.01306589     19640.15
      7223.2     1.004573     3.100178   0.03322592     19641.84
      7223.4     1.004082     3.103146   0.01267886     19642.82
      7223.6     1.003766     3.100543 -0.007073085     19642.68
      7223.8     1.003681     3.092445 -0.006739785     19643.14
        7224     1.003742     3.094519 -0.008493197     19642.32
      7224.2     1.003762     3.097754 -0.004169595     19642.81
      7224.4      1.00391     3.093748 -0.001532252     19644.33
      7224.6     1.003991     3.089109  -0.02435387     19645.86
      7224.8     1.003867     3.093294  -0.05188971     19648.69
        7225     1.003629     3.078271  -0.03408723     19650.26
      7225.2     1.003224     3.052237  -0.01319252     19652.26
      7225.4      1.00268     3.061839  0.003018615      19652.6
      7225.6     1.002109      3.08274 -4.314499e-05     19652.32
      7225.8     1.001904     3.080686  -0.06274596     19653.87
        7226     1.001758     3.052202  -0.09585493      19653.5
      7226.2     1.001425     3.011642  -0.09351903     19653.36
      7226.4     1.001088     3.006056  -0.07320356     19654.82
      7226.6     1.000842     3.005871  -0.01650384     19654.95
      7226.8      1.00063     2.993639  -0.01658557      19655.3
        7227     1.000404     2.998439  -0.03964466     19655.86
      7227.2     1.000043     2.992787  -0.03367323     19655.85
      7227.4    0.9995308     2.974155  -0.02445162     19656.45
      7227.6     0.999284     2.966701  -0.03186265      19656.5
      7227.8    0.9989252     2.978878   -0.0130752     19657.65
        7228    0.9983551     2.967297   0.01379448     19658.17
      7228.2    0.9982401     2.963695  -0.01146733     19657.11
      7228.4    0.9982919     2.977736  -0.01168916     19658.79
      7228.6    0.9983502     2.969704   0.01436573        19662
      7228.8    0.9978215     2.957946    0.0336343     19662.37
        7229    0.9971908     2.975188   0.07736094     19662.51
      7229.2    0.9968549     3.004644    0.1139873     19662.87
      7229.4    0.9966061     3.031593   0.08755874     19662.53
      7229.6    0.9966295     3.049136  0.006933318     19662.88
      7229.8     0.996709     3.045235  -0.08046692     19663.99
        7230    0.9967743      3.01019   -0.1185305     19665.25
      7230.2    0.9968997     2.967219   -0.1316485     19667.54
      7230.4    0.9967896     2.954311   -0.1386729     19668.99
      7230.6    0.9964238     2.939916   -0.1012939      19669.2
      7230.8    0.9958434     2.899252  -0.08475407        19669
        7231    0.9951184     2.886184   -0.1164077     19668.05
      7231.2    0.9947054     2.886508  -0.09725639     19669.26
      7231.4    0.9945974      2.84679  -0.07032206     19671.06
      7231.6    0.9944968     2.821447  -0.07769356      19670.8
      7231.8    0.9943518     2.829927  -0.06988244     19670.57
        7232    0.9941266     2.824353  -0.06590438      19670.2
      7232.2    0.9938811     2.790884  -0.08739996     19670.41
      7232.4    0.9938191     2.768723  -0.09788885     19673.17
      7232.6    0.9934901     2.760007  -0.06747031     19674.27
      7232.8    0.9931526     2.746042  -0.03528687     19675.27
        7233    0.9927375     2.736907 -0.006328768     19676.49
      7233.2    0.9924056     2.740494   0.01025518     19675.44
      7233.4    0.9921344     2.754944   0.01785496     19675.52
      7233.6    0.9919854     2.754246   0.02486486     19675.73
      7233.8    0.9921415     2.751191  0.009648138     19676.19
        7234     0.992119     2.760386 -0.007360882     19677.78
      7234.2    0.9921781     2.762662  -0.01825185     19678.64
      7234.4    0.9924626     2.748357 -0.006282243     19679.68
      7234.6    0.9925578      2.73659   0.02424467     19680.77
      7234.8    0.9925521      2.75536   0.04410046     19681.36
        7235    0.9923448     2.782058   0.04869404     19682.26
      7235.2     0.992096     2.783638   0.03549218     19682.34
      7235.4    0.9919082     2.775545   0.04771215     19682.21
      7235.6    0.9917891     2.783754   0.08192433     19682.17
      7235.8    0.9916975     2.820228   0.05632698     19683.28
        7236    0.9917958     2.849177  -0.04441945     19683.81
      7236.2    0.9915803     2.820607   -0.1388224     19685.49
      7236.4    0.9912059     2.748218   -0.1807384     19688.07
      7236.6    0.9911053      2.70917   -0.1418907     19689.33
      7236.8    0.9910137     2.704587  -0.03214227     19690.52
        7237    0.9908701     2.707094   0.03273293     19690.03
      7237.2    0.9908215     2.722504   0.01640017     19688.82
      7237.4    0.9906601     2.735356  -0.02881163     19689.42
      7237.6    0.9904534     2.717707  -0.05687553     19689.81
      7237.8     0.990348     2.684045   -0.0565087     19688.26
        7238    0.9902519     2.677004  -0.03711601     19687.22
      7238.2    0.9900434     2.690149   0.00847063     19687.78
      7238.4    0.9897196     2.688014   0.04370048     19689.27
      7238.6     0.989588     2.690821   0.03006514     19691.53
      7238.8    0.9896886     2.711964   0.02575333     19692.32
        7239    0.9898032     2.714201   0.02705116      19691.9
      7239.2    0.9899934     2.708617   0.01417773     19691.69
      7239.4    0.9905517     2.712462   0.02775922     19693.49
      7239.6    0.9914378     2.723307   0.05781736     19694.91
      7239.8    0.9917681     2.736409   0.04697592     19694.54
        7240    0.9919181      2.75487  0.000952465     19694.17
      7240.2    0.9920826     2.750043 -0.008816143     19695.12
      7240.4     0.991881     2.724069  -0.01243925     19696.59
      7240.6    0.9915465     2.729356  -0.03563395      19696.7
      7240.8    0.9915055     2.744919  -0.03055735     19696.96
        7241    0.9917779     2.721536  -0.04813804     19698.94
      7241.2    0.9919178     2.699623  -0.08553057     19700.76
      7241.4     0.991981     2.690845  -0.05147086     19700.55
      7241.6     0.992254     2.676495  -0.01942133     19700.53
      7241.8    0.9925543     2.680359   -0.0239164     19701.59
        7242    0.9927607     2.684086  0.003180572     19702.31
      7242.2    0.9928613     2.671712  0.004775588     19703.91
      7242.4    0.9930587     2.679039  -0.02387541     19705.99
      7242.6    0.9934605      2.68418  0.007920432     19707.65
      7242.8    0.9935236     2.664985   0.04298784     19708.25
        7243    0.9936396     2.678048   0.03956966     19708.62
      7243.2     0.993743     2.713429   0.04694032     19709.45
      7243.4    0.9937646     2.715835   0.02168427     19710.49
      7243.6    0.9940146     2.702538   -0.0110001     19710.64
      7243.8    0.9941401     2.695396   0.01922023     19710.95
        7244    0.9943463     2.704629   0.05275291     19711.95
      7244.2    0.9946383     2.731212   0.06707133     19712.59
      7244.4    0.9948958      2.74474   0.05534171     19713.21
      7244.6    0.9950341     2.749053  0.007306485     19714.12
      7244.8    0.9953371     2.748903   0.00184169     19715.68
        7245    0.9957653     2.737057   0.03258356     19715.46
      7245.2    0.9959439     2.746213   0.03866286     19714.05
      7245.4    0.9960193      2.77512   0.03940502     19714.35
      7245.6    0.9959832     2.779833   0.03504591     19714.02
      7245.8    0.9959993     2.768581    0.0233248     19714.62
        7246    0.9961309      2.77425  -0.00340514     19717.94
      7246.2    0.9959608      2.79378  -0.03029229     19719.26
      7246.4    0.9961705     2.777109  -0.04559252     19719.59
      7246.6    0.9966489     2.744347  -0.05943635     19721.34
      7246.8    0.9970736     2.737776  -0.03738468     19723.41
        7247    0.9973064     2.746231  -0.01203804     19723.92
      7247.2    0.9977748     2.747201  -0.01169431     19724.62
      7247.4    0.9982227     2.734717  -0.01127223     19722.48
      7247.6    0.9982238      2.72842   0.01043509     19720.25
      7247.8    0.9982841     2.737213   0.04358543     19720.45
        7248    0.9985615     2.755549   0.06555437     19722.42
      7248.2    0.9987043     2.769585   0.05609026     19723.82
      7248.4    0.9984952     2.780864   0.01459993     19724.47
      7248.6    0.9985549     2.782085  -0.01954417     19726.63
      7248.8     0.999199     2.767229  -0.02823052     19728.33
        7249    0.9997042      2.75395 -0.009877253     19727.92
      7249.2     1.000056      2.75828 -0.0004896975     19727.82
      7249.4     1.000343     2.774183   0.03131459     19729.41
      7249.6     1.000385     2.766837   0.04494604     19731.56
      7249.8     1.000754     2.779001   0.02943602     19733.71
        7250     1.000653     2.794236   0.05299859     19733.56
        7252     1.002845     2.812954  -0.01279441     19737.16
        7254     1.005097     2.771611 -0.007559506     19744.81
        7256     1.007588     2.769037 -0.006700995     19752.99
        7258     1.010092     2.765386 -0.0004080056     19757.23
        7260     1.012738     2.759346 0.0009852894     19767.19
        7262     1.014867     2.768347  0.000171183     19772.13
        7264     1.016432     2.776919  0.005536071     19780.79
        7266     1.017853     2.766755  0.005437667     19787.39
        7268      1.01892     2.803635  0.005216013     19794.64
        7270       1.0193     2.811849  0.008389977     19799.19
        7272     1.018519     2.818647   0.00561806     19806.52
        7274      1.01832     2.833875  0.006425952     19812.67
        7276     1.018035     2.848579  0.005963436     19823.69
        7278     1.017724     2.863256  0.001646714     19829.99
        7280     1.017229     2.866355  0.002480382     19834.71
        7282     1.016151     2.847049  0.003048823     19840.62
        7284     1.014124     2.868422  0.001616885      19850.9
        7286     1.012286     2.887647   0.00353378     19854.48
        7288     1.010595      2.87929 -0.003147949     19863.98
        7290     1.008823     2.875319 -0.005767735     19871.32
        7292     1.007967     2.843238  -0.01104153     19878.69
        7294     1.006544     2.841505  -0.01439614     19883.73
        7296     1.005225     2.790958  -0.01466579      19889.4
        7298     1.004043      2.76015   -0.0157762     19893.82
        7300     1.003734     2.725912  -0.01408215     19901.04
        7302     1.003502     2.715295  -0.01131359     19910.87
        7304     1.003747       2.6783  -0.01369067     19914.58
        7306     1.003095     2.669641  -0.01462223     19920.17
        7308     1.002872     2.616387 -0.002093695     19927.53
        7310      1.00331     2.598317  0.002113625     19934.58
        7312     1.003545     2.661551  0.004488711     19941.45
        7314     1.003427      2.68655  0.005357906     19945.24
        7316     1.002939     2.652296 0.0003025201     19951.92
        7318      1.00211     2.641181 -0.003551547     19959.95
        7320     1.002209     2.663971  0.001749106     19968.15
        7322     1.002184     2.658138  0.001051976     19972.15
        7324     1.002529     2.666289 -0.002796224     19976.18
        7326     1.002356     2.649597 -0.003196729     19987.11
        7328     1.001382     2.641601 -0.005866143     19992.91
        7330     1.001079     2.632564 -0.005565683     19998.09
        7332     1.000827      2.61936 -0.004645277     20004.25
        7334     1.000848     2.605071 -0.006426689     20008.68
        7336      1.00088     2.604439 -0.006373306     20016.71
        7338     1.000506     2.581151 -0.004328715      20019.9
        7340    0.9996436     2.568374 -0.002123708     20024.75
        7342      1.00023     2.570441   0.00340536     20030.89
        7344     1.000658     2.587449  0.009640827     20041.83
        7346    0.9999949     2.608394   0.01026876     20046.89
        7348     1.000206       2.6455   0.01036716     20052.99
        7350     1.000485     2.652591   0.01001596     20058.11
        7352     1.000378     2.670387  0.002973594      20066.1
        7354     1.000232     2.688521   0.00691012     20071.38
        7356     1.000027     2.669289  0.004367219     20074.83
        7358     1.000366     2.707872  0.002891915     20082.84
        7360     1.000304     2.705324  0.005963539     20087.16
        7362     1.000618     2.711657  0.001311582     20092.87
        7364     1.001361     2.716997 0.0007664032     20100.44
        7366      1.00085     2.718365 -0.001664802     20105.76
        7368     1.001015     2.711456 -0.002938972     20113.05
        7370     1.000791     2.698338 -0.006681105      20116.3
        7372     1.001136     2.693486  -0.00973088     20124.11
        7374     1.000875     2.664916  -0.01059804     20128.93
        7376     1.000037     2.633609  -0.01343956     20134.35
        7378    0.9998713     2.613554  -0.01285963     20139.91
        7380      1.00004     2.585969  -0.01424142     20148.02
        7382     1.000045     2.562039  -0.01426238     20151.07
        7384    0.9991307     2.519677  -0.01001669     20158.04
        7386     1.000128     2.499455 -0.009359325     20163.51
        7388    0.9996796     2.505836 -0.004063921     20168.59
        7390    0.9994788     2.487165  0.001880689     20177.63
        7392    0.9991881     2.487166 -1.069465e-05     20181.86
        7394    0.9990763       2.5145  0.004329822     20190.05
        7396    0.9988234      2.50575  0.006146678     20194.86
        7398    0.9988032     2.521803 -0.0005993908     20199.93
        7400    0.9986164     2.536339 -0.001987357     20202.68
        7402    0.9985001     2.509705 -0.004108112     20212.56
        7404    0.9980623     2.489851 -0.007322242     20215.54
        7406    0.9977066     2.488938 -0.001490405     20220.84
        7408    0.9976659     2.477761 -0.001077153     20227.29
        7410    0.9976826     2.497782  -0.00214994     20235.62
        7412    0.9973295     2.481234 0.0004292578      20242.6
        7414    0.9968876     2.471739 -0.002929296     20246.92
        7416    0.9962358     2.481195 -0.001045456     20252.34
        7418    0.9958232     2.474348  7.18615e-05     20257.37
        7420    0.9960863      2.47287   -0.0032881     20263.18
        7422    0.9960844     2.472314 -0.002202383     20268.59
        7424    0.9958326     2.454891 -0.002342553      20273.2
        7426    0.9962137     2.456729 -0.001777629     20282.78
        7428    0.9955988      2.45413 0.0002817416     20288.98
        7430    0.9953453     2.458093 -0.0004555169     20293.29
        7432    0.9954975     2.457145 0.0001716695     20297.95
        7434    0.9953491     2.453084 -0.0005682368     20307.11
        7436    0.9950972     2.455503 -4.31961e-05     20312.31
        7438    0.9944623     2.453547 0.0004704668     20316.68
        7440    0.9951936     2.456799  0.001455838     20322.09
        7442    0.9948939     2.456848  0.002322009     20326.09
        7444    0.9952031      2.46715  0.001651028     20334.33
        7446    0.9956684     2.472123   0.00143261     20340.49
        7448    0.9955907     2.470007  0.001512364     20346.18
        7450     0.995096     2.468309 -0.001007656     20351.13
        7452    0.9952337     2.479249 -0.0002171452     20357.08
        7454    0.9952966     2.464062 0.0007725034     20362.96
        7456    0.9955745      2.46827 -0.001864367     20367.31
        7458    0.9958403     2.474489 -0.000870892     20375.59
        7460    0.9953937     2.464334 -0.002621712     20382.25
        7462    0.9953967     2.457094  -0.00461211     20386.77
        7464    0.9954143     2.447296 -0.004680554     20390.47
        7466    0.9953692     2.437592 -0.003113349     20396.04
        7468    0.9954219      2.42689 -0.003399367      20400.8
        7470    0.9958798     2.432188 -0.003512955     20407.63
        7472      0.99567     2.420101 -0.004991297      20412.1
        7474    0.9958464     2.409489 -0.008264993     20420.29
        7476    0.9953868     2.386959 -0.003743036     20423.52
        7478    0.9950139     2.366068 -0.003905354     20427.95
        7480    0.9950177     2.390157 -0.002817492     20432.76
        7482    0.9952718     2.378246  -0.00112779     20441.89
        7484    0.9947485     2.364419 -0.004852042     20440.29
        7486    0.9952033     2.357045 -0.006395561     20444.23
        7488    0.9954678     2.351341 -0.006504088     20449.23
        7490    0.9949566     2.327081 -0.003787423     20455.01
        7492    0.9951909     2.312387 -0.003176962     20461.99
        7494    0.9954276     2.326746 -0.002707918     20466.85
        7496    0.9952545     2.325925  0.003092834     20473.58
        7498     0.995337     2.305418 -0.0004378383     20479.23
        7500    0.9952421     2.337129 0.0001799642     20484.63
        7502    0.9952734     2.323243  0.001911347     20489.85
        7504    0.9949927     2.327365 -0.0009764918     20493.26
        7506    0.9942864     2.320709 -1.123615e-05      20498.2
        7508    0.9943844     2.329317 -0.002159575     20502.32
        7510    0.9946976     2.323153 -0.0003851237      20506.3
        7512    0.9947572     2.310088 -0.001039043     20510.57
        7514    0.9949275     2.317628 -0.003559122     20516.22
        7516    0.9941952     2.321005 -0.002145891     20514.21
        7518    0.9945663      2.29468 -0.002244372      20504.9
        7520    0.9946874     2.292921 -0.004063276     20490.66
        7522    0.9946782     2.299673 -0.0003115127     20489.58
        7524    0.9958837     2.288499  6.94274e-05     20402.62
        7526    0.9965583     2.292188 -0.001200753     20188.15
        7528    0.9937091     2.293476 -0.0006846452     20251.55
        7530    0.9949853     2.290067 -0.0004851462     20236.82
        7532    0.9933371     2.283022 -0.0003891122     20344.19
        7534     0.993946     2.288307 -0.001339986     20553.57
        7536    0.9945133     2.290364 -0.001954248     20540.71
        7538     0.994828     2.279347 -0.002779974     20548.12
        7540    0.9944165     2.267388 -0.003220872     20566.21
        7542    0.9944912     2.266067 -0.002217039     20586.33
        7544    0.9951239     2.264597 -0.001660087      20593.7
        7546    0.9948042      2.26161 -0.001370738     20597.57
        7548    0.9945956     2.254107 -0.0001018414     20600.56
        7550    0.9947692     2.255101 0.0009199895     20604.21
        7552    0.9946427     2.263782  0.001019074     20610.66
        7554    0.9948977      2.26897 0.0003489058     20617.33
        7556    0.9950498     2.262259 -0.0002917065     20622.25
        7558    0.9952454     2.257893  -0.00207339     20626.79
        7560    0.9947274     2.261448  -0.00178607     20631.89
        7562    0.9945045     2.252383 -0.0004682458     20635.52
        7564    0.9948562     2.247971 -0.0008972329      20641.3
        7566    0.9945564     2.254147 -0.0001769682     20646.45
        7568    0.9945096      2.25427 -0.0009285634     20650.29
        7570    0.9946196     2.250967 -0.001886631     20651.57
        7572    0.9949011     2.240542 -0.002363669     20657.09
        7574    0.9950086     2.239054 -0.003647405     20662.65
        7576    0.9950322     2.235361  -0.00389096     20669.81
        7578     0.995212     2.221788 -0.004377506      20672.7
        7580     0.995058     2.209415 -0.004640155     20675.76
        7582    0.9957017     2.204034 -0.003308117     20683.02
        7584    0.9958717      2.19824 -0.002221393     20685.88
        7586    0.9955908     2.195323   -0.0036315     20688.25
        7588    0.9958864     2.191644 -0.001960022     20693.61
        7590    0.9957782     2.174982 -0.001231978     20694.46
        7592    0.9955476      2.18256 -0.000683927     20699.52
        7594    0.9956188     2.185467 -0.0003853262     20698.72
        7596     0.995873     2.186172 -0.001007549     20700.66
        7598    0.9960924     2.171899 -0.0008510492     20703.64
        7600    0.9957596     2.174499 -0.003629313     20708.37
        7602     0.995301     2.178659 -0.001515693     20711.64
        7604     0.995564     2.157138 -0.002847853     20714.54
        7606    0.9963134     2.159773 -0.003156938     20722.75
        7608    0.9960065     2.151716 -0.001365455     20727.65
        7610    0.9962419     2.153404 -0.001733764     20729.16
        7612    0.9957937     2.146214 -0.001927483     20732.24
        7614    0.9957564     2.145903 -0.002414732     20737.36
        7616    0.9956978     2.136296 -0.001616792     20741.22
        7618    0.9957074     2.134086 -0.002438214     20749.36
        7620    0.9960866      2.13328 -0.0006460009     20751.84
        7622    0.9959482     2.126398 -0.0001849001     20754.28
        7624     0.996191     2.131128 -0.0007621506     20755.76
        7626    0.9966031     2.132607 -0.0003442352      20761.3
        7628    0.9967027     2.127182 -0.0009701023     20766.56
        7630    0.9968005     2.123644 -0.001082802     20772.42
        7632    0.9968389     2.123368 -0.001883793     20774.54
        7634    0.9968131     2.123944 -0.001968998     20778.72
        7636    0.9965818     2.112112 -0.002368159      20782.1
        7638    0.9968301     2.107892 -0.002337254     20785.51
        7640    0.9967191     2.104422 -0.001918161     20789.87
        7642    0.9965245     2.105246 -0.002201692      20794.7
        7644     0.996772     2.096767 -0.002622769     20800.39
        7646    0.9971943     2.090278 -0.002974228     20803.07
        7648    0.9970592      2.08344 -0.002885133     20805.05
        7650    0.9970583     2.081452 -0.001879053     20811.16
        7652    0.9977771     2.073686 -0.001422167      20817.5
        7654    0.9977329     2.075246 -0.001424554      20823.4
        7656    0.9976352     2.072063 -0.001223299     20821.67
        7658    0.9971432     2.070056 -0.001246573     20826.89
        7660    0.9974643     2.063899 -0.0009075535     20834.63
        7662    0.9980925     2.065273 -0.001211563     20839.61
        7664     0.997751     2.064802 -0.0007269101     20841.51
        7666    0.9976596     2.060363 -0.0006920972     20843.71
        7668    0.9978465     2.058084 -0.0005423064     20848.44
        7670    0.9983481     2.059736 -0.001055433      20853.6
        7672    0.9981423     2.060464  0.000258306     20858.32
        7674    0.9982088      2.05192 -0.0007734327     20862.83
        7676    0.9985648     2.060151 -0.001675247     20866.98
        7678    0.9986355     2.053549 -0.000695782     20870.05
        7680    0.9985477     2.047062 -0.001906271     20875.19
        7682    0.9986215     2.046354 -0.001164255     20878.11
        7684    0.9985081       2.0449 -0.0004583039     20882.82
        7686    0.9987067     2.044235 -0.001908688     20886.34
        7688    0.9985415     2.043396 -0.002064581     20889.45
        7690     0.998517     2.031084 -0.001967875     20893.03
        7692    0.9987255     2.028384 -0.002522158     20895.98
        7694    0.9988348     2.028492 -0.0008549456     20896.57
        7696    0.9991307     2.023218 -0.001000124     20902.03
        7698    0.9991819     2.024245 -0.001549592     20904.59
        7700    0.9992381     2.020383 -0.002294543     20913.99
        7702    0.9988915     2.016095 -0.002700044      20917.4
        7704    0.9989201     2.004862  -0.00102626     20916.55
        7706    0.9989991     2.002644 -0.002145331     20920.73
        7708     0.998747     2.012173 -0.001116711     20923.93
        7710    0.9986332     1.998933 3.443575e-06     20930.09
        7712    0.9986476     1.995928 -0.0008493811     20936.19
        7714    0.9989478     2.002672 -0.001013299     20938.64
        7716    0.9991689     2.005378 -0.0001028306     20941.87
        7718    0.9988517     1.990826 -0.0007804908      20946.2
        7720    0.9991448     1.995106 -0.002023823     20947.17
        7722    0.9987562     1.996428 -0.0002303066     20947.13
        7724    0.9992789     1.989187 -0.0001529491     20952.09
        7726    0.9991216     1.988984 -0.0008946456     20956.82
        7728    0.9988042     1.993882 -2.47473e-05     20958.88
        7730    0.9989027     1.989271  -0.00127283     20961.98
        7732    0.9990137     1.988989 -0.001811851     20967.28
        7734    0.9994314     1.978801 -0.002331123     20971.27
        7736    0.9997114     1.979387 -0.002729905     20972.11
        7738    0.9999844     1.970622 -0.002414665     20977.99
        7740    0.9997074      1.96715 -0.002766038     20980.44
        7742     1.000138     1.959484 -0.001643439     20984.66
        7744     1.000007     1.957259 -0.001828791     20984.74
        7746     0.999851     1.957474  -0.00160134     20989.13
        7748    0.9997834     1.952519  -0.00116279     20992.22
        7750     1.000456     1.946673 -0.001292428     20999.33
        7752      1.00043     1.947957 -0.001005023     21001.74
        7754     1.001024     1.947135 -0.0007997741     21003.81
        7756     1.000628     1.944479   -0.0010529     21005.89
        7758     1.000624     1.940275 -0.001269825     21009.43
        7760     1.001146     1.939533 -0.001341954     21014.42
        7762     1.001275     1.936976 -0.002065851     21015.72
        7764     1.001198     1.933744 -0.001570674     21020.91
        7766     1.001481     1.923748 -0.002532885     21020.39
        7768      1.00175     1.926968 -0.002703898     21024.68
        7770      1.00159     1.916713 -0.002146675     21026.17
        7772     1.001339     1.912112 -0.001952735     21025.59
        7774     1.001575     1.906575 -0.001209664     21029.49
        7776     1.002062     1.911346 -0.001246272     21028.05
        7778     1.002089     1.907036 -0.001386019     21023.56
        7780     1.002105     1.902142 -0.002077738     21014.88
        7782     1.002367     1.895486 -0.0006030099     20987.38
        7784     1.003626     1.894724 -0.0009275722     20743.38
        7786     1.004243     1.902212 -0.002258026     20161.54
        7788    0.9990644     1.894722 -0.001635986     20030.95
        7790    0.9996128     1.877422  -0.00238947     20217.67
        7792     1.001501     1.881636 -0.001986755     21036.98
        7794     1.002142     1.883096 0.0002898759     21072.17
        7796     1.001789     1.878828 -0.000739198     21080.39
        7798     1.001927     1.879741 -0.002122929     21089.11
        7800     1.002286     1.875723 -0.0006006744     21093.79
        7802     1.002234     1.866112 -0.001044917     21094.68
        7804     1.002076     1.874022 -0.0008881064     21100.41
        7806     1.002115     1.871382 -0.001085523     21103.29
        7808     1.002145     1.868618 -0.002137026     21102.74
        7810     1.002313     1.857428  -0.00205531     21108.28
        7812     1.002138     1.856926 -0.001449821     21109.23
        7814     1.002115     1.854939 -0.0007612626     21109.67
        7816     1.002418     1.857019 -0.0005579735     21114.57
        7818     1.001925     1.851338 -0.0008536846     21112.11
        7820     1.002298     1.852462 -0.001032143     21119.68
        7822     1.002842      1.84811 -0.001285707     21125.29
        7824     1.002788     1.848762  -0.00221713     21126.53
        7826     1.003015     1.841052 -0.002439995     21130.75
        7828     1.003167     1.834725 -0.001294293     21132.07
        7830     1.003169      1.82859  -0.00185369     21133.93
        7832     1.003281     1.838408 -0.002194241      21134.5
        7834     1.002982     1.826223 -0.001408751     21136.62
        7836     1.002983     1.817171 -0.002662237     21142.87
        7838     1.003523      1.81732 -0.001291031     21148.39
        7840     1.003366      1.81711 -0.0004380573     21152.16
        7842     1.003387     1.815895 -0.001213498     21151.73
        7844     1.003319     1.813667 -0.001972803     21153.34
        7846     1.003286     1.807612 -0.001921152     21159.46
        7848     1.003216     1.801328 -0.002041668     21161.41
        7850     1.003232     1.800526 -0.0007635585     21161.83
        7852     1.003394     1.797334 -0.0006949065     21162.98
        7854     1.003434     1.801504 -0.001334186     21169.29
        7856     1.003384     1.795768 -0.001196272        21171
        7858     1.003121     1.789852 -0.001402734     21169.31
        7860      1.00348     1.787763 -0.0009210008      21172.8
        7862      1.00361     1.790282 -0.000861744     21179.23
        7864     1.003612       1.7884 -0.001479438     21185.58
        7866     1.004005     1.782958  -0.00197149     21187.25
        7868     1.003777     1.775928 -0.001573192      21191.3
        7870     1.003719      1.77451 -0.001069551     21191.27
        7872     1.003317     1.775815 -0.0004070924     21192.87
        7874     1.003258     1.774402 -0.001015522     21195.29
        7876     1.003164     1.772671 -0.001962634     21201.73
        7878     1.003163     1.766386 -0.002216359     21204.69
        7880      1.00344     1.760114 -0.002008735     21206.32
        7882      1.00387     1.756671 -0.001907159     21213.01
        7884     1.003531     1.756601 -0.001695252     21215.71
        7886     1.003506     1.751128 -0.001585244     21217.12
        7888     1.003857     1.746552 -0.001368146     21221.05
        7890     1.003931     1.743989 -0.001498307      21220.7
        7892     1.003694     1.745656 -0.001907917     21226.27
        7894     1.003769     1.739142 -0.001343301     21228.74
        7896     1.003606     1.731288 -0.001945178     21227.95
        7898     1.003701     1.733242 -0.001642386     21230.14
        7900     1.003826     1.730095 -0.001203768     21233.51
        7902     1.003914     1.726003 -0.002043871     21236.87
        7904     1.004087     1.721658 -0.001795916     21238.75
        7906      1.00427     1.716891 -0.001435637     21244.54
        7908     1.004602     1.715727 -0.001152003     21252.32
        7910     1.004565     1.714518 -0.0009270971     21251.28
        7912     1.004521     1.712442 -0.001060088     21250.98
        7914     1.004668     1.709475 -0.001294841     21195.45
        7916     1.005521     1.707247 -0.001489346     20928.93
        7918     1.005215     1.704159 -0.001347261     20659.18
        7920      1.00424     1.700527 -0.001036732     20951.03
        7922     1.004703     1.698697 -0.001410561     21178.36
        7924     1.005073     1.698953 -0.001594302     21229.21
        7926     1.005119     1.692874   -0.0015966     21241.15
        7928      1.00509     1.687773 -0.001524349     21247.84
        7930     1.005294     1.685924 -0.001346974     21255.69
        7932     1.004998     1.686758 -0.001102345     21261.11
        7934     1.004905     1.682099 -0.000718983     21262.94
        7936     1.004954     1.678954 -0.001201262     21268.71
        7938     1.005316     1.680172 -0.001125382     21272.25
        7940     1.005033     1.677148 -0.001283972     21272.56
        7942     1.005385     1.673096 -0.002285259     21275.64
        7944     1.005351     1.668682 -0.001510968     21276.81
        7946      1.00572      1.66189 -0.001761497     21282.18
        7948      1.00576      1.66506 -0.0009219586     21285.56
        7950      1.00542     1.659004 -0.0005472299     21287.38
        7952     1.005552     1.661307 -0.001479849     21290.92
        7954     1.005089     1.657512 -0.0007270908      21292.8
        7956     1.005547     1.653221 -0.0006461426     21293.91
        7958     1.005418     1.653187 -0.001119446     21297.88
        7960      1.00551     1.656138 -0.001127703     21301.93
        7962       1.0056     1.648556 -0.0009890787     21304.98
        7964     1.005578       1.6442 -0.002130272     21305.96
        7966     1.005586     1.645274 -0.001054671     21310.49
        7968     1.005379     1.639095 -0.001206341     21311.64
        7970     1.005002     1.640119 -0.001487241     21311.78
        7972     1.005277     1.634549 -0.001196533     21315.52
        7974     1.005305     1.633376 -0.001797873     21319.58
        7976     1.004974     1.629523 -0.001694487      21318.4
        7978     1.004946     1.625736 -0.001758879     21321.71
        7980     1.004573     1.620993 -0.001144252     21322.15
        7982     1.004731     1.619305  -0.00113736     21326.93
        7984     1.004656     1.620369 -0.001206553     21331.58
        7986     1.004605     1.616637 -0.001158118      21330.4
        7988     1.004638     1.611341 -0.001754328     21332.69
        7990     1.004396      1.61004 -0.001674999     21334.29
        7992     1.004541     1.606335 -0.001437235     21336.92
        7994     1.004664     1.603237 -0.001543906     21339.51
        7996     1.004736     1.599843 -0.001632267     21341.32
        7998     1.004372     1.597689 -0.001566571     21344.13
        8000     1.004168     1.593276 -0.001693046     21345.12
        8002     1.004032     1.590705 -0.001412793     21347.75
        8004     1.004205     1.586298 -0.000838586     21351.11
        8006     1.004507     1.586387 -0.001138158     21355.37
        8008     1.004623     1.586568 -0.0009849988     21361.99
        8010     1.004778     1.581599 -0.001431005     21359.58
        8012     1.004862     1.578418 -0.001519519      21362.5
        8014     1.004589     1.574939 -0.001064832     21364.46
        8016     1.004437     1.574412 -0.000989801      21368.8
        8018     1.004432     1.573081 -0.001032632     21367.34
        8020     1.004424       1.5705 -0.001471262     21372.82
        8022     1.004319     1.566678 -0.001545984     21375.69
        8024     1.004275     1.562642 -0.001396393     21375.06
        8026     1.004582     1.560713 -0.001460476     21376.52
        8028     1.005041     1.559329 -0.001594673     21379.24
        8030     1.004818     1.554994   -0.0011874     21377.36
        8032     1.004592     1.549884 -0.001290704     21381.59
        8034     1.004665     1.551214 -0.0009997976      21384.5
        8036     1.004709     1.549003 -0.0009313239     21384.81
        8038     1.005026     1.546995  -0.00148468     21390.51
        8040     1.004948     1.542434 -0.001701634     21394.65
        8042     1.004757     1.539336 -0.001671132     21391.65
        8044     1.004775      1.53539 -0.001312177     21393.67
        8046       1.0046     1.533626 -0.0009950017     21395.29
        8048     1.005056     1.531936 -0.0008944888     21401.05
        8050     1.004664     1.531376 -0.001219135     21401.52
        8052      1.00449     1.528234  -0.00150448     21404.86
        8054     1.004343     1.523873  -0.00177977     21403.71
        8056     1.004607       1.5199 -0.001945718     21407.04
        8058     1.004714     1.517138 -0.001731516     21409.37
        8060     1.004453     1.512668 -0.001454449     21410.76
        8062     1.004541     1.510021 -0.001362109     21412.26
        8064     1.004536     1.508265 -0.001294294     21414.81
        8066     1.003845     1.506241 -0.0009974463      21415.4
        8068     1.003926     1.502314 -0.001269584     21415.87
        8070     1.003866     1.502042 -0.001252106     21417.17
        8072     1.003947     1.498108  -0.00119814     21417.44
        8074     1.003799     1.496224  -0.00155578     21418.75
        8076     1.003695     1.492729 -0.001270974     21422.69
        8078      1.00358     1.489595 -0.001787961     21419.16
        8080     1.003589      1.48794 -0.001577974     21421.23
        8082     1.003351     1.481921 -0.001091701     21425.07
        8084       1.0035     1.480105 -0.001257094     21430.52
        8086     1.003034     1.480862 -0.001423608      21425.9
        8088     1.002703     1.477883 -0.001251864     21426.91
        8090     1.002625     1.470532 -0.001127623      21430.5
        8092     1.002663      1.47009 -0.001530069     21432.17
        8094      1.00225     1.471841 -0.0005845878     21435.61
        8096     1.002001     1.465643 -0.0009809592     21436.83
        8098        1.002     1.465855 -0.001537479     21439.75
        8100     1.001792     1.462243 -0.001158578      21439.3
        8102     1.002156     1.459541 -0.001384575     21442.89
        8104     1.001554     1.456374 -0.001096808     21444.36
        8106     1.001184     1.454778 -0.001011078     21445.07
        8108     1.000641     1.453468 -0.0009575579      21449.9
        8110     1.000968     1.451452 -0.0009685493     21451.54
        8112     1.001095     1.448714 -0.001101537     21450.56
        8114     1.000748      1.44703 -0.001468339     21451.32
        8116     1.000351     1.444656 -0.001399038     21454.13
        8118     1.000362     1.439706 -0.001265074     21454.93
        8120     1.000295     1.437522 -0.001306956     21458.77
        8122      1.00018      1.43691 -0.0009652277      21457.7
        8124     1.000377       1.4342 -0.0009162987      21461.5
        8126     1.000081     1.431984 -0.001373797     21465.48
        8128     0.999952     1.430191 -0.001172107     21463.18
        8130    0.9997981     1.425919 -0.001162577     21465.17
        8132    0.9994904     1.424823 -0.001749053     21462.09
        8134    0.9994556     1.422683 -0.001495172     21464.42
        8136    0.9992347     1.416199 -0.001452206     21465.81
        8138    0.9995259     1.413958 -0.001462149     21470.72
        8140     0.999537     1.413206 -0.001041508     21471.19
        8142    0.9991817     1.410986 -0.001091061     21473.23
        8144    0.9989149     1.407867 -0.001251559     21474.32
        8146    0.9987798     1.405229 -0.001288459     21474.48
        8148    0.9985147     1.403193 -0.001097979     21474.49
        8150    0.9985692     1.400678 -0.001139163     21475.12
        8152    0.9985961     1.399083 -0.001128664     21476.15
        8154    0.9984077     1.396116 -0.000903564     21477.99
        8156    0.9985904     1.394164 -0.001174865     21486.03
        8158    0.9984456      1.39345 -0.001314634     21485.04
        8160    0.9981733     1.389684 -0.001088645     21483.96
        8162    0.9978703     1.385599 -0.001361659     21482.59
        8164    0.9977151     1.385455  -0.00122072     21483.72
        8166    0.9975685     1.382557 -0.001422935     21484.42
        8168    0.9972066     1.379918 -0.001541302     21483.66
        8170    0.9970934     1.374215  -0.00179425     21487.38
        8172    0.9969111     1.373124 -0.001724727     21489.35
        8174    0.9966866     1.368203 -0.001211774      21489.2
        8176    0.9966912      1.36612   -0.0013084      21489.6
        8178    0.9963344     1.364521 -0.001176256     21491.27
        8180     0.996369     1.362657 -0.001224299      21492.9
        8182    0.9965374     1.358792 -0.0009577732     21494.45
        8184    0.9958711     1.356326 -0.001090237        21496
        8186    0.9956367     1.356859 -0.0008476602     21497.19
        8188    0.9952214     1.353935 -0.001133329      21498.5
        8190    0.9949447     1.352011  -0.00148127     21497.89
        8192    0.9949778     1.347259 -0.001314533      21496.2
        8194    0.9950261     1.345009 -0.001200055     21499.72
        8196     0.994623     1.343419 -0.0008986685     21498.49
        8198     0.994775     1.342411 -0.001230124      21499.7
        8200     0.994461      1.34007  -0.00124281     21504.32
        8202    0.9943614     1.335168 -0.001521695     21504.81
        8204     0.994251     1.333476 -0.001625528      21501.1
        8206    0.9937927     1.330237 -0.001111797     21500.69
        8208    0.9938655     1.327066 -0.0007742504     21503.82
        8210    0.9934629     1.326274 -0.0007137108     21501.55
        8212    0.9933509     1.327282 -0.0008753654     21503.81
        8214    0.9932865     1.324528 -0.001341069     21506.64
        8216    0.9933034     1.320063 -0.001546286     21503.26
        8218    0.9930503     1.315545 -0.001326417     21506.31
        8220    0.9928245     1.314912 -0.001137237     21509.82
        8222    0.9923763     1.313916 -0.001107605     21513.47
        8224     0.992028     1.310965 -0.001288132     21510.62
        8226    0.9916401     1.306684 -0.001493961     21511.68
        8228    0.9915357     1.304607 -0.001221542     21512.63
        8230    0.9915636     1.301965 -0.001166183     21515.27
        8232    0.9911139     1.301193 -0.001364512     21511.76
        8234    0.9908505     1.297355  -0.00120821     21515.72
        8236    0.9907097     1.293691 -0.001368918     21515.45
        8238    0.9905913     1.292299 -0.001028015     21515.39
        8240    0.9904343     1.290241 -0.0009685917     21518.93
        8242    0.9903918     1.289131 -0.001186339     21519.35
        8244    0.9899461     1.285942 -0.001081978     21519.51
        8246    0.9896905     1.282808 -0.001434573     21518.57
        8248    0.9895216     1.281585 -0.001688467     21518.15
        8250    0.9891743     1.277654 -0.002061618     21519.79
