# This file has been produced by extranormal (v 1.0.1 - February 23, 2017)
# O. Roudenko - Synchrotron SOLEIL. Covered by GPL licence.
#Data from HDF File: /nfs/ruche-rock/rock-soleil/com-rock/2021/Projets/20210209_Hilde/InSitu/10Ni-10Fe_50BN/10Ni-10Fe_50BN_RWGS750_CO2pulses_H2cst_ratio1/10Ni-10Fe_50BN_RWGS750_CO2pulses_H2cst_ratio1_01129.nxs to 10Ni-10Fe_50BN_RWGS750_CO2pulses_H2cst_ratio1_01130.nxs
#Time at start=2021-02-10 14:42:38.997
#Time from start (seconds)=5644.47128812
#Sample temperature (C)=25.2
# Normalization -------------
# pivot spectrum: Pivot_Fe_10Ni-10Fe_50BN_RT_air_av2000_00001.txt
# E0=7112.0   Eshift=1.52928223218
# E0_pivot = 7112.0
# pre-edge params: from E0_pivot-140.0 to E0_pivot-20.0
# pre-edge range: [6972.0, 7092.0]
# post-edge params: from E0_pivot+100.0 to E0_pivot+1140.0
# post-edge range: [7212.0, 8250.0]
# I jump at E0_pivot = 1.24801837238
# shifted energy	normalized	reference	ref.derivative	I0
        6970  0.001559131     1.681999 -0.004151315     18816.56
        6972  0.001559131     1.681999 -0.004151315     18816.56
        6974  0.001795737     1.674191 -0.003241729     18826.71
        6976  0.001462838     1.670699 -0.002609577     18835.12
        6978  0.001299544     1.668428 -0.001633896     18840.78
        6980  0.001598513     1.661122 -0.001507219     18849.48
        6982  0.001622378      1.66112 -0.001315603     18858.29
        6984  0.001247579     1.658641 -0.001002346     18866.36
        6986 0.0008774877     1.657904 -0.001300135     18873.09
        6988  0.001004476     1.653103 -0.001486989     18878.92
        6990 0.0008233336     1.650719 -0.001321002     18887.45
        6992 0.0008031552     1.646745 -0.001361049     18894.07
        6994 -2.504627e-05     1.647336 -0.001907489      18899.8
        6996 3.835366e-05     1.642215  -0.00108554      18909.3
        6998 3.767508e-05     1.635459 -0.001636568     18916.59
        7000 0.0002410082     1.638061 -0.001996943     18923.69
        7002 -0.0001047633     1.634243 -0.001535282     18935.94
        7004 -0.0002847145     1.626239 -0.002435631     18944.42
        7006 -0.0003031792     1.623177 -0.001826819     18952.51
        7008 -0.0008124051     1.618576 -0.001272301     18959.75
        7010 -0.0004981872     1.619628 -0.001622894     18968.67
        7012 -0.0006865663     1.616061 -0.001284387     18976.39
        7014 -0.0003349855     1.610194 -0.001368038     18985.52
        7016 -0.0008555706     1.608301 -0.0008677395     18989.35
        7018 -0.0007514363     1.608684 -0.001516256     18993.85
        7020 -0.000959173     1.609119 -0.002192179     19002.47
        7022 -0.000864504     1.598064 -0.001983761     19010.72
        7024 -0.001123413     1.590763 -0.002176335     19019.58
        7026  -0.00116897     1.592814 -0.001048747     19028.44
        7028 -0.001207706     1.591708 -0.001427049      19039.7
        7030 -0.001192882     1.589674 -0.001610784     19043.33
        7032 -0.001325402     1.579347  -0.00208587     19050.45
        7034 -0.001111886     1.579928 -0.002159321     19059.86
        7036 -0.001326677     1.575021 -0.001459684     19068.19
        7038 -0.001405956     1.572399 -0.001029409     19078.25
        7040 -0.001185663      1.56767 -0.0005418574     19086.99
        7042 -0.001166052     1.571692 -0.001280482     19094.39
        7044 -0.001046977     1.570686 -0.0003927051     19104.05
        7046 -0.0006608347     1.562155  -0.00167543     19113.25
        7048 -0.0008771441     1.564528 -0.001982523     19123.57
        7050 -0.001066762     1.558289 -0.001112844     19127.99
        7052 -0.0008377444     1.554826 -0.001653143     19136.15
        7054 -0.0008579045     1.553252 -0.001314365     19145.68
        7056 -0.0009737234     1.551303 -0.001449483     19152.33
        7058 -0.0009375002     1.547774 -0.001854609     19161.75
        7060 -0.0001573572      1.54323 -0.002100219     19169.43
        7062 -5.70132e-05     1.538416 -0.001743055     19175.23
        7064 -0.0002965081     1.534501 -0.001554244     19183.21
        7066 -0.000428394      1.53383 -0.001216068     19188.84
        7068 -0.0001108159     1.530796 -0.001292117        19196
        7070  0.000121998     1.528687 -0.001983226     19204.96
        7072 4.665543e-05     1.524164 -0.001615649     19213.08
        7074 0.0003978637     1.517964 -0.001871668      19220.7
        7076 0.0003229346     1.517871 -0.001123734     19232.51
        7078 0.0005976256     1.513714 -0.0007054076     19238.93
        7080 0.0008081659     1.515174 -0.0002353719     19244.09
        7082  0.001286421     1.512321 -0.0006094509     19253.49
        7084  0.001424702     1.515988 -0.0008129599     19259.96
        7086  0.001880631     1.508838 -0.001319397     19269.36
        7088  0.001912221      1.50867 -0.002010702     19273.42
        7090  0.002493464     1.501765 -0.001256882     19282.58
        7092  0.003210913     1.499903 -0.001678334     19292.99
        7094  0.003592819     1.498783 -0.0008110155     19299.94
        7096  0.004346048     1.495244 -0.0003806423     19305.15
        7098  0.004763879     1.495277 -0.0002565558     19311.99
        7100  0.006079337     1.496858 3.884355e-05     19318.88
      7100.2  0.006191266     1.496891  4.88797e-05     19320.01
      7100.4  0.006303196     1.496924 5.891586e-05     19321.13
      7100.6  0.006415125     1.496957 6.895201e-05     19322.26
      7100.8  0.006527054      1.49699 7.898816e-05     19323.38
        7101  0.006638984     1.497023 8.902431e-05      19324.5
      7101.2  0.006750913     1.497056 9.906046e-05     19325.63
      7101.4  0.006862843     1.497089 0.0001090966     19326.75
      7101.6  0.007106808      1.49653 -0.0005033186     19328.39
      7101.8  0.007620486     1.495418  -0.00373492     19330.48
        7102  0.007881144     1.494335 -0.007233364     19331.38
      7102.2  0.007630931     1.492007 -0.004739838     19331.73
      7102.4  0.007588684     1.490744 -0.0006965698     19332.01
      7102.6  0.007749679     1.491626 0.0009969669     19331.36
      7102.8  0.007794625     1.493778  0.001882742     19330.93
        7103  0.007692884     1.492804 -0.001132731     19332.43
      7103.2  0.007738253      1.49225 -0.005994772     19332.73
      7103.4  0.008155368      1.49072 -0.004541929      19334.6
      7103.6  0.008542017     1.488982  -0.00315803     19334.22
      7103.8  0.008654555     1.489171 -0.001882007     19333.82
        7104  0.008805006     1.489723  0.002355422     19335.99
      7104.2   0.00886966     1.489215  0.003054333     19337.74
      7104.4  0.008976674     1.490867  0.004124308     19337.24
      7104.6   0.00919933     1.491614  0.005415526     19337.73
      7104.8  0.009360178     1.493023  0.004482574     19338.28
        7105  0.009698948     1.493547  0.002476714     19338.67
      7105.2   0.01018961     1.494453  0.000314327     19340.38
      7105.4   0.01062921     1.493595 -0.001952841     19341.18
      7105.6   0.01095569     1.493274 -0.002535502     19341.89
      7105.8   0.01131163     1.491985 -0.001349795     19344.87
        7106   0.01147919     1.492424  0.001880447     19345.76
      7106.2   0.01171109     1.492516  0.007460467     19344.73
      7106.4   0.01198359     1.494779  0.009549959     19345.69
      7106.6   0.01225048     1.497953  0.008868439     19347.68
      7106.8   0.01252914     1.500064  0.003441948     19348.48
        7107   0.01271758      1.49961 -0.001706684     19348.82
      7107.2   0.01309656     1.497532 -0.0006773949     19350.28
      7107.4   0.01355767     1.496588  0.002835715     19352.92
      7107.6   0.01408795     1.499522  0.005589222      19354.2
      7107.8    0.0146021     1.501879  0.007637335     19352.05
        7108   0.01508897     1.502003  0.005001746     19350.13
      7108.2   0.01565946     1.502698  0.005078898     19351.19
      7108.4   0.01643571     1.503524  0.009701027     19352.47
      7108.6   0.01712241     1.505942   0.01227048     19352.09
      7108.8   0.01762705     1.509764    0.0153097     19351.72
        7109   0.01819038     1.512514   0.01678142     19353.11
      7109.2   0.01901341     1.515772    0.0141515     19355.28
      7109.4   0.02027569     1.519367   0.01419632     19356.44
      7109.6   0.02153771     1.521086   0.02011052     19356.21
      7109.8   0.02274778     1.523871   0.02663065     19354.53
        7110   0.02400588      1.53186   0.03326782     19353.78
      7110.2   0.02546026     1.540672   0.04316018     19354.54
      7110.4    0.0275858       1.5477   0.05152189      19354.1
      7110.6   0.03004693     1.558399    0.0651049     19353.13
      7110.8   0.03299753     1.573078   0.08545435     19352.05
        7111   0.03689278     1.592756    0.1021319     19351.52
      7111.2   0.04193231     1.616063    0.1155978      19351.4
      7111.4   0.04805001     1.640105    0.1278487     19351.09
      7111.6   0.05520342     1.665556    0.1389053     19350.83
      7111.8   0.06344987     1.695035    0.1476733     19350.09
        7112   0.07225709     1.727187    0.1520474     19347.27
      7112.2   0.08126603     1.758243    0.1525816     19344.65
      7112.4   0.09028276     1.787194    0.1440673     19342.18
      7112.6   0.09926168       1.8171    0.1303223      19339.8
      7112.8    0.1075531     1.842441    0.1171358     19339.56
        7113    0.1151591     1.862501    0.1043149     19339.37
      7113.2    0.1220629     1.880902   0.09787538     19336.84
      7113.4     0.128285     1.900552   0.09831175     19334.57
      7113.6    0.1342573     1.920742    0.1000322     19336.67
      7113.8    0.1400098     1.941151   0.09445612     19338.65
        7114    0.1449998     1.960928   0.08313413      19337.2
      7114.2    0.1494034     1.976117   0.07002868     19336.13
      7114.4    0.1536429     1.987249   0.06034521     19335.72
      7114.6    0.1576423     1.997174   0.05532345     19337.21
      7114.8    0.1606881     2.009204     0.055805     19337.84
        7115    0.1630442     2.020375   0.05455622     19338.43
      7115.2    0.1650686     2.031893   0.04496694     19337.69
      7115.4    0.1669244     2.040819   0.03278399     19336.95
      7115.6    0.1690328     2.045178    0.0253558      19337.4
      7115.8    0.1717832     2.046603   0.02658544     19339.65
        7116    0.1749913     2.052178   0.02668414     19340.13
      7116.2    0.1788556     2.062087   0.02807056     19339.52
      7116.4    0.1836853     2.066525   0.02857144     19339.34
      7116.6    0.1894366     2.069059   0.02389522     19342.47
      7116.8    0.1960689     2.075035   0.02860417     19343.95
        7117    0.2034774     2.081203   0.03714277     19343.88
      7117.2    0.2117198     2.089408   0.04034484     19342.36
      7117.4    0.2210704     2.098773   0.05024453     19340.06
      7117.6    0.2318954     2.107311   0.06738746     19339.78
      7117.8    0.2440252     2.121399   0.07509761     19339.52
        7118     0.257175     2.143318   0.07911095     19339.12
      7118.2    0.2716211     2.158851   0.08687808      19338.3
      7118.4    0.2879498     2.170599   0.09203462     19338.05
      7118.6     0.305979     2.190901   0.09939994     19338.33
      7118.8    0.3252476     2.216946    0.1119546     19339.82
        7119    0.3458149     2.238371    0.1217273      19341.1
      7119.2    0.3679841     2.260163    0.1200397     19339.71
      7119.4    0.3915978     2.288283    0.1240129      19338.2
      7119.6    0.4159899     2.312978    0.1315789     19339.29
      7119.8    0.4408001     2.337582    0.1260486     19339.92
        7120     0.465951     2.365426    0.1248032     19337.82
      7120.2    0.4904856     2.389122    0.1283715     19337.83
      7120.4    0.5132243      2.41282    0.1091296     19337.58
      7120.6    0.5342145     2.440279    0.1003987     19336.61
      7120.8    0.5533627      2.45273    0.1060839     19336.82
        7121    0.5713845     2.469441    0.1031232     19337.06
      7121.2    0.5881412     2.497688    0.1284051     19335.91
      7121.4    0.6034267     2.522777    0.1401157     19335.79
      7121.6    0.6183439     2.555454    0.1270864     19336.84
      7121.8    0.6331709     2.581533    0.1284483     19338.41
        7122    0.6477274     2.599357    0.1193536     19339.04
      7122.2    0.6623828     2.625536     0.102705     19338.69
      7122.4    0.6776662     2.650937    0.1071846     19338.18
      7122.6     0.693715     2.663697   0.09134757     19336.31
      7122.8     0.710526     2.685104    0.0767698     19336.44
        7123    0.7276289     2.698614   0.07363976        19336
      7123.2    0.7448989     2.712353   0.05698722     19334.64
      7123.4    0.7630204     2.722609   0.05035417     19334.19
      7123.6    0.7817211     2.730694   0.05839448     19333.49
      7123.8    0.8002783     2.738897   0.06569301     19333.31
        7124    0.8186014     2.759068   0.06770421     19332.79
      7124.2    0.8365839     2.775164   0.08034191     19332.73
      7124.4    0.8534256     2.784858   0.06532915     19331.91
      7124.6    0.8701655     2.803171   0.01931123     19330.25
      7124.8    0.8867813     2.811332   0.01809738        19330
        7125    0.9020359     2.790613   0.01852579      19330.9
      7125.2    0.9161193     2.799335   0.01669977      19331.5
      7125.4    0.9289968     2.817992   0.06161251     19330.14
      7125.6    0.9413968     2.824691   0.06389823     19330.56
      7125.8    0.9536064     2.839903   0.05996716     19331.26
        7126    0.9653588     2.850454    0.0713659     19328.68
      7126.2    0.9770039     2.865965   0.03997367     19325.92
      7126.4    0.9886878     2.881784    0.0241249     19325.58
      7126.6     1.000503     2.871882  0.009301737     19324.93
      7126.8     1.012699     2.869754  0.002314458     19324.47
        7127      1.02487     2.873407   0.03157157     19323.96
      7127.2     1.036794     2.883636   0.07973895     19322.98
      7127.4     1.049773     2.897139    0.1191129     19322.13
      7127.6     1.063949     2.933545    0.1021926     19321.34
      7127.8     1.078325     2.968697   0.07129593     19320.26
        7128     1.092946      2.96539   0.01506446     19320.37
      7128.2     1.107855     2.954176 -0.005249835     19322.11
      7128.4     1.122623     2.945597    0.0106502     19322.74
      7128.6     1.136696     2.964497   0.06077671      19322.5
      7128.8     1.150212      2.97391    0.1552527     19321.09
        7129     1.163279     3.002797    0.1632678      19319.6
      7129.2     1.175262     3.069799    0.1353501     19319.97
      7129.4     1.185734     3.095111   0.08842124     19319.77
      7129.6     1.194632      3.08219   0.03305154     19317.69
      7129.8     1.201893     3.073534  -0.01335119     19316.47
        7130      1.20756      3.09624   0.01164835     19317.07
      7130.2     1.212251      3.08443   0.08918287     19316.88
      7130.4     1.215379     3.091509   0.09351563      19315.7
      7130.6     1.217839      3.14488     0.122585     19313.94
      7130.8      1.21962     3.171053    0.1410663     19313.55
        7131     1.220516     3.182498    0.1009228     19312.27
      7131.2     1.221125     3.204362   0.08822048     19312.73
      7131.4      1.22072     3.225618   0.05648457     19311.31
      7131.6     1.220086     3.241629  -0.07048286     19308.34
      7131.8     1.219776     3.227686   -0.1067512     19306.89
        7132     1.218694     3.147976   -0.1279121     19304.28
      7132.2     1.218289     3.140217   -0.1259666     19303.16
      7132.4     1.217821     3.139299  -0.04175737     19304.04
      7132.6     1.216254     3.126913  -0.05877737     19303.43
      7132.8     1.214357      3.11457   -0.1343153     19302.54
        7133     1.211562     3.093196   -0.1622342     19302.43
      7133.2     1.207702     3.031847   -0.1888372     19302.03
      7133.4      1.20308     2.997126   -0.1494357     19302.52
      7133.6     1.198088       2.9635  -0.05506835     19302.85
      7133.8     1.192446     2.973647   0.03715511     19303.13
        7134     1.186401     2.987792   0.03616267     19303.49
      7134.2     1.179753      3.02685  -0.03943438     19304.89
      7134.4      1.17283      2.99243  -0.04361985     19307.65
      7134.6     1.165498     2.942099  -0.05309408     19309.34
      7134.8     1.157681     2.952897  -0.04620796     19310.35
        7135     1.150028     2.984374  -0.09468123      19312.4
      7135.2     1.142586     2.955464   -0.1348905     19312.38
      7135.4     1.135459     2.866354    -0.157298     19312.75
      7135.6     1.128568     2.844984   -0.1308233     19313.44
      7135.8     1.121774     2.858536  -0.04396718     19314.48
        7136     1.114931     2.850805  -0.02368343     19317.96
      7136.2     1.108049     2.831181   -0.0150601     19319.09
      7136.4     1.101941     2.826037  -0.00774681     19319.11
      7136.6     1.096544     2.846488   0.06940569     19318.81
      7136.8     1.091306     2.844608    0.1574356     19314.46
        7137     1.086301     2.886705    0.1817479     19304.46
      7137.2     1.081818     2.951986    0.1858251     19288.76
      7137.4     1.077683     2.991886    0.1080638     19265.21
      7137.6     1.073641     2.993268   0.00474895     19231.32
      7137.8      1.07004     2.973156  -0.09088547     19189.78
        7138     1.067183     2.955785     -0.13245     19147.44
      7138.2     1.064389     2.919178  -0.07685283     19111.06
      7138.4     1.060904     2.887308  -0.04902181     19086.82
      7138.6     1.058087     2.911674   -0.0134898     19079.74
      7138.8     1.055287     2.916568   0.06992855     19087.71
        7139     1.052854     2.908386   0.09568442     19106.65
      7139.2     1.050413      2.94325   0.06310161     19131.39
      7139.4     1.047925     2.988222  -0.06095161      19159.4
      7139.6     1.046613     2.967049   -0.1515549     19188.63
      7139.8     1.045457     2.859625   -0.1943713     19217.82
        7140     1.044306     2.822006   -0.1339765      19245.3
      7140.2     1.043411     2.832725   0.02548918     19269.63
      7140.4     1.042719     2.859868   0.05836642     19287.87
      7140.6     1.041889     2.880016   0.05185755     19298.11
      7140.8     1.041327       2.8687   0.04033049     19306.61
        7141     1.041083     2.874211   0.04762558     19311.35
      7141.2     1.040649     2.892132   0.05826184     19312.21
      7141.4     1.039719     2.918116   0.05264027     19309.32
      7141.6     1.038888     2.915309   0.04428082     19299.55
      7141.8     1.038098     2.916323   0.02044589     19282.26
        7142     1.037444     2.927557   0.04837129     19255.08
      7142.2     1.036869     2.934473   0.05181255     19220.06
      7142.4     1.036111     2.954006  0.000288756     19179.37
      7142.6     1.034956     2.957773  -0.01709201     19137.53
      7142.8     1.033702     2.927788  -0.02003345     19102.63
        7143     1.032666       2.9208  -0.02834999     19080.68
      7143.2     1.032072     2.937979   0.00284946     19075.62
      7143.4     1.031802     2.935093  0.006313657     19088.02
      7143.6      1.03135     2.930067  -0.02473458      19115.6
      7143.8     1.030674      2.92585  -0.01996546     19153.26
        7144     1.029401     2.918192  -0.02497993     19194.48
      7144.2     1.027788      2.91912  -0.03126255     19233.98
      7144.4     1.026398     2.910083  0.004863448     19268.71
      7144.6     1.025371      2.90084   0.02160902     19295.25
      7144.8     1.024242     2.922082    0.0408256     19313.64
        7145     1.023215     2.936408    0.0624247     19324.34
      7145.2     1.022136     2.942744   0.02236066     19329.72
      7145.4     1.020942      2.95078  -0.02748938     19335.32
      7145.6     1.019835     2.939971  -0.04113329     19339.74
      7145.8     1.018239     2.914416  -0.02792182     19343.17
        7146     1.016388     2.909837  0.005837807     19346.52
      7146.2     1.014505     2.928443   0.06273935     19346.85
      7146.4     1.012674     2.944641   0.08840114     19348.34
      7146.6     1.010858     2.964608     0.069248      19351.2
      7146.8     1.008575     2.980558   0.04623931     19351.68
        7147     1.005807     2.983841 -0.009980993     19353.37
      7147.2     1.002908     2.981633  -0.03781723     19356.94
      7147.4    0.9999324     2.956623  -0.01028765     19358.56
      7147.6    0.9967183     2.950304  0.005577423     19358.56
      7147.8    0.9938225     2.975611   0.05672708     19358.08
        7148    0.9909299     2.986095   0.09251529     19360.52
      7148.2     0.987954     3.002005    0.0693486     19362.73
      7148.4    0.9850194     3.024317   0.05081301     19365.45
      7148.6    0.9820716      3.03109   0.03030044     19369.17
      7148.8    0.9786722     3.026745  0.009816851     19370.54
        7149    0.9752119     3.026245  0.008413509     19371.06
      7149.2    0.9718614      3.03217   0.03750278     19372.29
      7149.4    0.9685455     3.037821   0.06422556     19373.38
      7149.6    0.9652793     3.056747   0.06251035     19375.07
      7149.8    0.9619908     3.077625   0.05116539     19376.92
        7150    0.9591666     3.082178   0.02334526     19378.39
      7150.2    0.9568233     3.078753   0.02545345     19381.52
      7150.4    0.9540457     3.075423   0.04804198     19383.43
      7150.6    0.9512259     3.097988    0.0174502     19383.44
      7150.8    0.9491088     3.120612  -0.01091677     19385.73
        7151    0.9467893     3.092713 -0.003619071     19385.95
      7151.2    0.9444933      3.06669 -0.008772225     19384.83
      7151.4    0.9423456     3.095093 1.800342e-05     19385.61
      7151.6    0.9402445     3.113594   0.02598326     19388.23
      7151.8    0.9386332     3.092728 -0.008856681     19391.19
        7152    0.9370874     3.087477  -0.03514286     19390.25
      7152.2    0.9357419     3.088008  -0.01464701     19390.53
      7152.4    0.9347811      3.08548  -0.01711809      19392.5
      7152.6    0.9335253      3.08101  -0.04231572     19395.57
      7152.8     0.932524     3.073782   -0.0214046     19398.03
        7153    0.9316994     3.054155  -0.01090194     19399.12
      7153.2    0.9313552     3.068356   0.03318834     19399.45
      7153.4    0.9313336     3.072288   0.09000118     19400.58
      7153.6    0.9314433     3.100333   0.06577116     19401.06
      7153.8    0.9312743     3.126156   0.07186787     19401.84
        7154    0.9305612     3.120973   0.05911686     19401.26
      7154.2    0.9305742     3.129783   0.03653811     19402.49
      7154.4    0.9310475     3.147626    0.0254401     19404.03
      7154.6    0.9319108     3.155386  -0.01629552     19405.83
      7154.8    0.9326689     3.141325   -0.0605948     19407.94
        7155    0.9335714     3.116746   -0.1035681     19408.39
      7155.2    0.9346353      3.09915  -0.09500929     19408.02
      7155.4    0.9352503     3.072532  -0.03281304     19408.12
      7155.6    0.9357423     3.065318 -0.003524463     19407.61
      7155.8     0.936613     3.090496 -0.003098329      19406.4
        7156    0.9376662     3.096331 -0.006217854     19406.66
      7156.2    0.9389982     3.070053  -0.00428275     19409.71
      7156.4    0.9404442     3.060343    0.0163647     19410.76
      7156.6    0.9416589      3.08707   0.04118339     19408.88
      7156.8    0.9430377     3.109423   0.04237298     19409.86
        7157    0.9442296        3.103   0.01688162     19412.46
      7157.2    0.9450005     3.094242  0.005653849     19415.57
      7157.4    0.9460794     3.100575  0.005231202     19418.19
      7157.6    0.9473912     3.113946   -0.0178123     19417.66
      7157.8    0.9487325     3.107185  -0.03081948     19416.91
        7158    0.9501705     3.079992  -0.04912835     19416.18
      7158.2    0.9513032     3.075919  0.007535574     19417.34
      7158.4    0.9522362     3.074643   0.04209556      19419.8
      7158.6     0.953093     3.113213 -0.001511762     19421.75
      7158.8     0.954194     3.113668 -0.004997157     19420.61
        7159    0.9553688      3.07471  -0.03232442     19417.87
      7159.2    0.9561818     3.070645  -0.03366418     19417.73
      7159.4     0.957123     3.087354  -0.02896875     19418.88
      7159.6    0.9580614     3.086737  -0.04988959     19420.39
      7159.8    0.9592214     3.051535  -0.05040871     19421.44
        7160    0.9601076     3.030734  -0.03466479     19424.37
      7160.2    0.9605454     3.047027   0.01386711     19424.64
      7160.4    0.9609664     3.059005   0.02602234     19421.76
      7160.6    0.9614303     3.062629 -0.002239358     19420.57
      7160.8    0.9619546     3.051552  -0.02665562     19422.54
        7161    0.9625043     3.045235  -0.05441466     19423.79
      7161.2    0.9631816     3.037681  -0.03032524      19426.2
      7161.4    0.9636227     3.019097  -0.01420918      19428.9
      7161.6    0.9638379     3.027291  -0.02589498     19429.94
      7161.8    0.9643627     3.033868  0.003698331      19430.2
        7162    0.9652305     3.016965   0.02920009     19430.52
      7162.2    0.9660341     3.022056   0.02678333     19430.29
      7162.4    0.9667621     3.050651     0.024235        19430
      7162.6    0.9676383     3.055295   0.03474055     19432.21
      7162.8    0.9682695     3.036353   0.02215537     19436.05
        7163    0.9684813     3.049848  0.008101471     19438.84
      7163.2    0.9685536     3.068376   0.01956268     19438.96
      7163.4    0.9686248     3.061776  -0.03223467     19438.02
      7163.6    0.9687675     3.052003  -0.05658898     19437.85
      7163.8    0.9690365      3.02406   -0.0484078     19436.77
        7164    0.9698564     3.023105   -0.0313193     19435.81
      7164.2     0.970723      3.02305  0.002843415     19436.14
      7164.4    0.9716241     3.026948  -0.02236945        19438
      7164.6    0.9724277     3.026335  -0.01827884     19438.73
      7164.8    0.9729832     3.005209   0.01312851     19438.96
        7165    0.9733885     3.008427   0.02034769     19441.36
      7165.2    0.9740906      3.03745   0.03739605     19441.89
      7165.4    0.9744836     3.042613   0.04166042     19441.96
      7165.6    0.9750001     3.035126  0.009266881     19441.13
      7165.8    0.9756324     3.041755  -0.01054227     19439.63
        7166    0.9763792     3.044864 -0.006623916     19439.27
      7166.2    0.9768597     3.034179  -0.02339652     19441.11
      7166.4    0.9774072     3.029827  -0.02056466      19440.2
      7166.6    0.9781913     3.023038  -0.01169858     19438.99
      7166.8    0.9787195     3.028412  -0.03836909     19438.64
        7167    0.9791281     3.024821    -0.050517     19438.53
      7167.2    0.9798515     2.999131  -0.05165428     19440.93
      7167.4    0.9808095     2.982624  -0.01916274      19442.2
      7167.6    0.9819439     2.987089   0.02444978     19442.91
      7167.8    0.9831446      3.00949   0.03379912        19444
        7168    0.9841917     3.018691   0.02740283     19444.32
      7168.2    0.9851268     3.009663 -0.007274139     19446.96
      7168.4    0.9859963     3.009011   -0.0135289     19448.06
      7168.6    0.9866793     3.003671   0.02496573     19446.37
      7168.8    0.9872253     3.007868   0.04082061     19446.04
        7169    0.9879255     3.029636   0.03470976     19445.48
      7169.2    0.9888719     3.041667  0.002080154     19446.24
      7169.4    0.9899847     3.031439  -0.01059333     19448.12
      7169.6    0.9909563     3.009532  -0.01905063     19448.62
      7169.8     0.991659     3.021161   -0.0318342     19448.89
        7170    0.9923473     3.026427  -0.02161103     19450.86
      7170.2    0.9929971     3.005971  -0.06575379     19450.92
      7170.4    0.9935871     2.992243  -0.09413714     19451.63
      7170.6    0.9940913     2.968558  -0.03772583     19452.34
      7170.8    0.9946648     2.951117  -0.01244436     19453.51
        7171    0.9952058     2.975791   0.01531058     19453.63
      7171.2     0.995547     2.982288   0.05589478     19453.36
      7171.4    0.9964282     2.980807   0.04052264     19453.45
      7171.6    0.9971334     2.995833   0.03423955     19453.88
      7171.8    0.9978787     3.008209   0.02135654     19453.91
        7172    0.9987553      3.00968  -0.01781562     19453.88
      7172.2     0.999615     2.997892  -0.02489214     19454.89
      7172.4     1.000686     2.981581  -0.04114393     19456.34
      7172.6      1.00157     2.988295  -0.05137398     19456.72
      7172.8     1.001782     2.976764  -0.03997935      19456.1
        7173     1.002027     2.956793  -0.03734892     19456.65
      7173.2     1.002324     2.949597 -0.0009033682     19458.07
      7173.4      1.00263     2.958416    0.0220529     19461.09
      7173.6      1.00314     2.976042    0.0148041     19464.64
      7173.8     1.003582     2.974435  -0.01306828     19463.79
        7174     1.004086      2.96144  -0.01439264     19460.83
      7174.2     1.004826     2.947961   -0.0012342     19459.58
      7174.4     1.005675     2.964528   -0.0282129     19459.58
      7174.6     1.006156     2.973448  -0.02279389     19461.33
      7174.8     1.006491      2.93887  -0.04855616     19464.48
        7175     1.006644     2.929726  -0.08490584     19466.82
      7175.2      1.00696     2.925683  -0.05046899      19466.4
      7175.4     1.007342     2.905523  -0.04216255     19467.06
      7175.6     1.007082     2.898495  -0.05934061     19468.53
      7175.8     1.007302     2.895996  -0.02505723      19471.3
        7176     1.007653      2.87821  -0.02703271     19473.28
      7176.2     1.008266     2.885477  -0.05528127     19473.98
      7176.4     1.008677     2.876869  -0.02972102     19473.31
      7176.6     1.008947     2.851771 -0.008790365     19472.78
      7176.8     1.009531     2.854433   0.04202252     19472.18
        7177     1.009617     2.878445   0.05068148      19472.5
      7177.2     1.009079     2.910487   0.04579402     19473.55
      7177.4       1.0085     2.892316   0.03307407      19474.2
      7177.6     1.008047     2.891069  -0.02960129      19473.2
      7177.8     1.007857     2.904904  -0.02235686     19472.95
        7178     1.008302     2.886806  0.002753275     19474.69
      7178.2     1.008682     2.874431  -0.00383029     19476.67
      7178.4     1.008908     2.893271 -0.002145256     19478.06
      7178.6     1.009158      2.90184  0.006656778     19479.17
      7178.8     1.009258     2.885089  -0.03239348      19479.3
        7179     1.009321     2.879756  -0.06156856     19480.15
      7179.2     1.009232     2.867356  -0.03192789     19481.81
      7179.4     1.009153     2.852585  -0.03896583     19482.35
      7179.6      1.00917     2.859547  -0.03481152     19483.06
      7179.8     1.009125     2.848584  -0.03869613     19483.14
        7180     1.009017     2.839507  -0.05736649     19482.94
      7180.2     1.008975     2.821628  -0.02881729     19483.43
      7180.4     1.009048     2.813654  -0.03067783     19485.31
      7180.6     1.009116      2.82553 -0.007834557     19485.53
      7180.8     1.009354     2.814965   0.01226042     19485.78
        7181     1.009809     2.815361 -0.009154973     19485.67
      7181.2     1.009873     2.823462   0.02446294     19486.18
      7181.4     1.009956     2.818206   0.02569927     19487.38
      7181.6     1.010102     2.834535   0.03716205      19486.9
      7181.8     1.009914      2.83592   0.06594388     19487.72
        7182       1.0096     2.853192   0.04677761      19486.6
      7182.2     1.009473     2.870961    0.0585566     19485.49
      7182.4     1.009646     2.871957   0.04535005     19488.62
      7182.6     1.010225     2.882765   0.02640434     19491.09
      7182.8     1.010836     2.889472 -0.002282085     19492.81
        7183     1.011181     2.892084  -0.03054628     19494.99
      7183.2     1.011174     2.870132  -0.02068218     19494.51
      7183.4     1.011033     2.858328  -0.02529988     19493.96
      7183.6     1.011212     2.872926 -0.007250459     19494.73
      7183.8     1.011593     2.871845  -0.01898321     19495.01
        7184     1.012047     2.864331  -0.05970741     19495.71
      7184.2     1.012467     2.843142  -0.02847164     19497.16
      7184.4     1.012514      2.82516 -0.003917811     19499.04
      7184.6     1.012511     2.849067   0.01477206     19501.94
      7184.8     1.012318     2.861197    0.0444087     19504.07
        7185     1.012001     2.854959   0.01633452     19503.34
      7185.2     1.012384     2.860687 -0.005160132     19504.26
      7185.4     1.012591     2.862135  0.007352538     19505.36
      7185.6     1.012572     2.857069   0.01093555     19503.92
      7185.8     1.012886     2.860841    0.0174024     19505.22
        7186     1.013308     2.869436    0.0219622     19505.51
      7186.2     1.013611     2.876057  0.005470337     19505.75
      7186.4     1.013629     2.874639 -0.004438645     19507.72
      7186.6     1.013585     2.865218  0.004708922     19508.76
      7186.8     1.013662     2.865885    0.0329201     19509.42
        7187     1.013802     2.879824   0.05372328     19510.05
      7187.2     1.014083     2.900975   0.07411019     19510.91
      7187.4     1.014169     2.908196   0.06742764     19511.37
      7187.6     1.014223     2.925173   0.05271372     19511.79
      7187.8     1.014295     2.933766   0.04835126     19512.54
        7188      1.01413     2.943146  0.002329582     19513.99
      7188.2     1.013818     2.946877  -0.01357442     19514.52
      7188.4     1.013647     2.927037  0.001921633     19515.73
      7188.6     1.013685     2.922907 -0.007905717     19516.85
      7188.8     1.013973     2.944683 -0.003414945     19515.75
        7189     1.014548     2.940553    0.0180402     19515.92
      7189.2     1.014769     2.924305  -0.01131204     19516.29
      7189.4     1.014753     2.937339  -0.03038748     19517.32
      7189.6     1.014835     2.935633  -0.01189925     19520.35
      7189.8     1.014596     2.916243 -0.002250903     19521.49
        7190      1.01461     2.914785    0.0134634     19524.03
      7190.2      1.01434     2.935538   0.01418464     19523.75
      7190.4     1.014101     2.946404 -0.009807125      19521.8
      7190.6     1.013695      2.92759  -0.05648328     19522.77
      7190.8     1.013512      2.90694   -0.0474719     19523.04
        7191     1.013803     2.890351   0.02255656     19523.78
      7191.2     1.013792     2.908427   0.07998805     19525.57
      7191.4     1.013982     2.945636    0.0585738      19524.7
      7191.6     1.014115      2.97093  0.001758297      19524.6
      7191.8     1.013908      2.93721  -0.02926183     19524.86
        7192     1.013687     2.909833   -0.0527029     19526.89
      7192.2     1.013637     2.922226   0.01704082     19529.22
      7192.4     1.013082     2.928768    0.0808586     19530.26
      7192.6     1.012863     2.950843   0.08075267     19530.81
      7192.8     1.013245      2.97452   0.09208497      19532.9
        7193     1.013648     2.986828   0.05875567     19533.79
      7193.2     1.013889     3.002436  0.005899177     19533.76
      7193.4     1.014628     2.997848  -0.01708937      19535.9
      7193.6       1.0151      2.97924  -0.04465414     19536.22
      7193.8     1.014701     2.973157  -0.03795893     19534.77
        7194     1.014466     2.966712  -0.00693727     19536.21
      7194.2     1.014258      2.96748 -0.007960178     19538.27
      7194.4     1.014117      2.97369    0.0198127      19539.6
      7194.6     1.014184     2.966789   0.03931635     19541.33
      7194.8     1.014369     2.982563    0.0259264      19542.3
        7195     1.014324     2.998934   0.02749606      19541.7
      7195.2      1.01424     2.994431   0.01255619     19541.23
      7195.4     1.014413     2.988786  -0.03170698     19541.81
      7195.6     1.014714     2.992607  -0.05949767      19542.6
      7195.8     1.014785     2.973568  -0.05602359     19544.56
        7196     1.015096     2.946833  -0.04828231     19547.32
      7196.2     1.015574     2.943967  -0.05092257     19548.97
      7196.4     1.015561     2.953982  -0.05996255     19550.01
      7196.6     1.015397      2.93283  -0.06018603     19551.13
      7196.8     1.015455     2.898863  -0.01038425     19551.15
        7197      1.01587     2.895818      0.05445     19550.05
      7197.2     1.016318     2.945674   0.08261359     19548.73
      7197.4     1.016625      2.97639   0.07204714     19548.66
      7197.6     1.016334     2.964954 -0.007975438     19549.34
      7197.8     1.016065     2.953456  -0.07490206     19548.74
        7198      1.01634     2.939294  -0.09801358     19550.67
      7198.2     1.016755     2.916468   -0.1225765     19554.54
      7198.4     1.017088     2.886543  -0.08617217     19555.95
      7198.6     1.017275     2.855394 -0.005179156     19556.91
      7198.8     1.017358     2.870356   0.02296036     19557.94
        7199     1.017289     2.912325   0.06880662      19558.8
      7199.2     1.017303     2.904911   0.09566903     19559.96
      7199.4     1.017449      2.91044   0.03070155     19559.65
      7199.6     1.017733     2.946891   0.01109941     19558.11
      7199.8     1.018047     2.936886    0.0396936     19560.59
        7200     1.018487      2.91379   0.04006079     19562.99
      7200.2     1.018694     2.942195   0.01831666     19562.98
      7200.4     1.019008      2.97894   0.01201502     19565.33
      7200.6     1.019129     2.951539  -0.04403303     19567.78
      7200.8     1.019153     2.923403    -0.145459     19569.28
        7201     1.019432     2.906968   -0.1265614     19568.54
      7201.2     1.019345     2.862573  -0.05899612     19568.08
      7201.4     1.019551      2.85029  -0.04525555     19569.44
      7201.6     1.019834     2.876206   0.03377261     19569.56
      7201.8     1.019591     2.870764   0.08458844     19569.69
        7202     1.019505     2.889591   0.06539738     19571.05
      7202.2     1.019496     2.917961   0.09211328     19569.55
      7202.4     1.019118     2.928524   0.06523078     19569.09
      7202.6     1.018937     2.944454   0.02176405     19572.78
      7202.8     1.019011     2.941775  0.001001809     19573.99
        7203     1.018963     2.935372  -0.06345802     19572.77
      7203.2     1.018921     2.929325   -0.1276372     19574.86
      7203.4     1.018867     2.893688   -0.1626019     19578.09
      7203.6      1.01871     2.839666   -0.1489381     19578.32
      7203.8     1.018832     2.805291  -0.07315693     19578.77
        7204     1.019346     2.810174  -0.01401515     19580.27
      7204.2     1.019474     2.835162  0.003142241     19580.53
      7204.4     1.019356     2.828454   0.03488608     19581.22
      7204.6     1.019003     2.807805   0.03818848     19582.31
      7204.8     1.018945     2.838083   0.04263313     19581.84
        7205     1.018907     2.865713   0.03247769     19579.65
      7205.2     1.018944      2.86256  -0.02608084     19578.59
      7205.4     1.019059     2.833787  -0.06211942     19580.36
      7205.6     1.019293     2.817219  -0.05354028     19582.15
      7205.8      1.01994     2.816018  -0.03641536     19585.44
        7206     1.020466     2.819728  -0.02044352     19587.38
      7206.2     1.020644     2.804654   0.01619105     19588.97
      7206.4     1.020469     2.800864   0.03387983     19589.88
      7206.6     1.020154      2.82897   0.03994068      19589.3
      7206.8     1.020065     2.846832   0.05081225     19588.97
        7207      1.02007     2.836607   0.04854873     19589.04
      7207.2     1.020035     2.841514    0.0269878     19589.02
      7207.4     1.019931     2.867809   0.02147619     19587.84
      7207.6     1.019701     2.868422   0.00736418     19586.41
      7207.8     1.019601     2.853788  -0.03488395     19587.16
        7208     1.019508     2.847405  -0.04601253     19588.85
      7208.2     1.019129     2.839902  -0.04422747     19591.49
      7208.4     1.018749     2.831612  -0.01015872     19594.72
      7208.6     1.018496     2.818406   0.02782551     19595.92
      7208.8     1.018379     2.839278   0.03004672     19597.75
        7209      1.01814     2.862163    0.0294878      19599.5
      7209.2       1.0182     2.855649  0.009170148     19600.79
      7209.4      1.01869     2.841996  -0.00342891     19601.59
      7209.6     1.019267     2.846614 -2.252021e-05     19602.19
      7209.8     1.019532      2.85942 -0.009424833     19602.95
        7210      1.01949     2.855631   -0.0506016     19602.99
      7210.2     1.019337     2.834456  -0.06634679     19603.33
      7210.4     1.019033     2.806133  -0.02450676     19604.21
      7210.6     1.018664     2.806342    0.0346242     19604.83
      7210.8     1.018679     2.836026   0.07623572     19605.61
        7211     1.018581     2.862156   0.07536518     19604.86
      7211.2     1.018295     2.867121   0.04871483     19603.68
      7211.4     1.018285     2.866634    0.0412508     19605.65
      7211.6     1.018033     2.874998   0.05153484     19606.85
      7211.8     1.017821     2.895156   0.04581983     19606.08
        7212     1.017904     2.908349   0.05030894     19606.14
      7212.2      1.01758      2.90329   0.02120957     19605.47
      7212.4     1.017261     2.915245  0.009347194     19607.04
      7212.6     1.016983     2.912124   0.02280341     19609.29
      7212.8     1.016659     2.915827  0.009204236     19610.39
        7213     1.016237     2.921533   0.02192972     19610.69
      7213.2      1.01592     2.922608   0.04729122     19612.84
      7213.4     1.015831     2.929668   0.04846706     19614.61
      7213.6     1.015518      2.95366   0.04701399     19612.92
      7213.8     1.015322     2.960306   0.05214185      19613.9
        7214     1.015018     2.960219   0.02120368     19615.72
      7214.2     1.014823     2.971381 -0.007917112     19615.42
      7214.4     1.014486     2.970623   0.01502863     19616.19
      7214.6     1.013999     2.953973   0.03770461     19614.87
      7214.8     1.013728     2.972242   0.06835097     19613.82
        7215     1.013831     3.001545    0.1115938     19615.25
      7215.2     1.013731     3.025304   0.07612018     19615.92
      7215.4     1.013157     3.043248   0.04242771      19617.2
      7215.6      1.01282     3.033139   0.03073289     19619.81
      7215.8     1.012768     3.035487  -0.01386547     19620.41
        7216      1.01246      3.04989  -0.02820849        19620
      7216.2     1.012005     3.032155  -0.02612834     19620.65
      7216.4      1.01172     3.010572  -0.01594458     19622.17
      7216.6     1.011712     3.014584   0.03972302     19624.15
      7216.8     1.011868     3.037134    0.0703018     19624.32
        7217     1.011874     3.063934   0.02999813      19624.9
      7217.2     1.011436     3.066813   0.01909119     19625.38
      7217.4     1.010929     3.038583  0.004896335     19625.35
      7217.6     1.010359     3.052407    0.0093633     19624.26
      7217.8     1.010195     3.067851     0.065694     19625.89
        7218     1.009847     3.074304   0.05685363      19625.5
      7218.2     1.009989     3.091138   0.03549154      19627.5
      7218.4     1.010231      3.09789    0.0473343     19631.17
      7218.6     1.009959     3.096244   0.03739869     19631.72
      7218.8     1.009727     3.112171   0.01610604     19632.22
        7219     1.009475     3.121057   0.02220867     19632.73
      7219.2     1.009005     3.110775  0.009462945     19632.29
      7219.4     1.008591     3.114011 0.0004997776     19633.12
      7219.6     1.008175     3.119742   0.03600928     19634.99
      7219.8     1.007784     3.121457    0.0176036     19636.44
        7220     1.007774     3.139583  -0.03680287     19636.31
      7220.2     1.007909     3.128094   -0.0433494     19635.34
      7220.4     1.007706     3.090299  -0.05329946     19635.46
      7220.6     1.007419     3.086777 -0.003418442     19636.47
      7220.8     1.007198     3.096943   0.05056363     19637.66
        7221     1.006675     3.125359   0.03373779     19638.39
      7221.2     1.006021      3.13075   0.02876241     19640.27
      7221.4       1.0062     3.113768  -0.02748167     19640.84
      7221.6      1.00631     3.119953  -0.05726697     19641.24
      7221.8     1.006206     3.103374  -0.04993336     19642.68
        7222     1.006044     3.084937  -0.04447572     19643.12
      7222.2     1.006124     3.073821  -0.03811566     19642.06
      7222.4     1.006105     3.084372  -0.03759444     19641.35
      7222.6     1.005844     3.072881 -0.006259554     19641.67
      7222.8     1.005375     3.054861  -0.00917812     19642.14
        7223      1.00477     3.068813 -0.009274103     19643.24
      7223.2     1.004538      3.07703  0.002200366     19644.24
      7223.4     1.004482     3.065462  -0.02867132     19644.88
      7223.6     1.004153     3.056621  -0.01639936     19646.17
      7223.8     1.004102     3.045876   0.03837648     19647.13
        7224     1.004027      3.06391   0.03114479     19648.17
      7224.2     1.003418     3.096163   0.03353262     19649.44
      7224.4     1.003234     3.081537   0.01303484     19649.62
      7224.6     1.003263     3.072702  -0.03106201     19651.22
      7224.8     1.002928     3.074338  -0.05645062     19653.79
        7225     1.002653     3.071314  -0.06292312     19655.17
      7225.2     1.002575     3.036377  -0.07179787     19655.69
      7225.4     1.002622     3.022364   -0.1000344     19655.27
      7225.6     1.002821       3.0169  -0.07577423      19656.1
      7225.8     1.002741     2.991286  -0.04706383     19656.72
        7226     1.002559     2.975757  -0.04868793     19656.75
      7226.2     1.002358     2.984713  -0.02836447      19658.2
      7226.4     1.001809      2.97795  0.004863857      19658.7
      7226.6     1.001035     2.968595  0.004800202     19658.61
      7226.8     1.000766     2.979648 -0.009117967     19657.55
        7227     1.000617     2.988553  -0.00683687     19658.13
      7227.2     1.000395     2.970655 -0.007772103     19659.54
      7227.4     1.000294     2.963125  -0.01485334     19659.06
      7227.6    0.9998795     2.973431  0.009854853     19658.76
      7227.8    0.9995317      2.97667  0.007236604     19659.37
        7228    0.9995405     2.978539 -0.003103916     19661.16
      7228.2    0.9993748     2.968914  -0.02623671      19662.9
      7228.4    0.9987764     2.970948   -0.0529509     19662.44
      7228.6    0.9979986     2.955681  -0.02944517     19662.26
      7228.8    0.9977273     2.936178  -0.02985691     19664.78
        7229    0.9972949     2.945358  -0.01458506     19664.37
      7229.2    0.9971369     2.947062   0.01465259     19664.41
      7229.4    0.9968896     2.944013  -0.01293476     19667.51
      7229.6    0.9966655       2.9479  -0.04311206     19669.45
      7229.8    0.9965798      2.93501  -0.04865344     19670.01
        7230    0.9966256     2.912572  -0.07573985     19670.53
      7230.2    0.9964486      2.90509  -0.08491902     19671.16
      7230.4    0.9958768     2.887309  -0.06191141     19672.95
      7230.6    0.9952916     2.867075  -0.04556574     19672.89
      7230.8    0.9949896     2.863043   -0.0322294     19673.47
        7231    0.9948846     2.868638  -0.02397341     19676.44
      7231.2    0.9944849     2.861525  -0.03064648     19677.46
      7231.4    0.9941888     2.847896  -0.06306134     19676.92
      7231.6    0.9942041     2.838526  -0.06246046     19677.53
      7231.8    0.9940449     2.818188  -0.04666087     19677.21
        7232    0.9943762     2.811557  -0.03863026      19677.5
      7232.2    0.9944972     2.810568   -0.0052305     19680.27
      7232.4    0.9940073     2.807622 -0.009926126      19678.2
      7232.6    0.9936217     2.814004  -0.01905556      19677.2
      7232.8    0.9932186     2.803616  -0.03458047     19677.58
        7233    0.9929947     2.795323  -0.04853524     19676.87
      7233.2    0.9927924     2.779958   -0.0205487     19676.56
      7233.4    0.9928311     2.775176  -0.01591199     19675.97
      7233.6    0.9926819     2.787177 -0.007533831     19676.97
      7233.8     0.992397     2.782594  -0.01544823     19678.21
        7234    0.9921626      2.77393   -0.0372792     19678.59
      7234.2    0.9918538     2.762817  -0.02050082     19680.73
      7234.4    0.9916352     2.757353  -0.01164546     19682.55
      7234.6    0.9915472     2.766193 -0.006608037     19682.79
      7234.8    0.9915019     2.764614  0.008362309     19682.49
        7235     0.991454     2.757531  -0.00292236     19682.51
      7235.2    0.9914644     2.764043   -0.0116292     19684.25
      7235.4    0.9916459     2.763855  -0.01189638     19685.36
      7235.6    0.9917611     2.755311  -0.03451583     19684.88
      7235.8    0.9915673     2.748014  -0.02947496     19685.12
        7236    0.9911693     2.736431   -0.0126962      19685.9
      7236.2    0.9910968     2.740275   -0.0170947     19687.44
      7236.4    0.9911955     2.745154  -0.01373706     19688.58
      7236.6    0.9911375     2.734338  -0.02066459     19689.87
      7236.8    0.9910913     2.725441  -0.02236383     19690.58
        7237    0.9908527     2.723744  0.003543713     19690.49
      7237.2    0.9905971     2.727263   0.01981803     19692.35
      7237.4    0.9906989     2.737173   0.00468717     19693.03
      7237.6    0.9908121     2.741295  -0.01011666     19693.26
      7237.8    0.9908731     2.727493  -0.02782881     19692.93
        7238    0.9907182     2.719169  -0.03687686     19694.35
      7238.2    0.9904488      2.71491  -0.01682112     19696.42
      7238.4     0.990446     2.711794 -0.001828673     19697.49
      7238.6    0.9904641     2.714036   0.01560015     19698.04
      7238.8    0.9904727     2.717706   0.02509974     19698.16
        7239    0.9907478      2.72739  0.008900976     19698.02
      7239.2    0.9911437     2.731874 -0.004423565     19698.44
      7239.4    0.9914445     2.721157  0.004135864     19699.87
      7239.6    0.9913895     2.714168  0.005386703     19699.95
      7239.8    0.9911647     2.730699    0.0123697     19700.91
        7240     0.990836     2.736183   0.02997224     19701.16
      7240.2    0.9905363     2.731053  0.008053438     19702.77
      7240.4    0.9906428     2.738145  -0.01406318     19702.86
      7240.6    0.9909812     2.737142 -0.007022578     19703.88
      7240.8    0.9908456     2.724933  0.007115564     19704.37
        7241    0.9911215     2.725435   0.01598551     19704.23
      7241.2    0.9911456     2.743838  0.004958252     19703.22
      7241.4    0.9913195      2.74993  0.009204254     19702.76
      7241.6    0.9919835     2.728899 -0.005344241     19703.27
      7241.8    0.9925882     2.732798  -0.03138058     19704.59
        7242    0.9926802     2.739562  0.002381828     19705.64
      7242.2    0.9926616     2.724825  0.006280488     19706.87
      7242.4    0.9930307     2.730805 -0.006846375     19709.06
      7242.6    0.9931607     2.737823   0.01471784     19710.07
      7242.8    0.9928657     2.734085   0.00575031      19709.9
        7243    0.9928454       2.7366 -0.004724414     19710.78
      7243.2    0.9931723     2.735405   -0.0089498     19712.97
      7243.4    0.9934615     2.734043  -0.01327652     19714.72
      7243.6    0.9937235     2.726926  0.001753418     19715.76
      7243.8    0.9937759     2.725978   0.01044006     19713.54
        7244    0.9936665     2.736808   0.02616581     19710.49
      7244.2    0.9940515     2.742395    0.0396757     19710.12
      7244.4    0.9946297     2.747858    0.0366196     19711.59
      7244.6    0.9947477     2.757719   0.03415813      19713.3
      7244.8        0.995     2.766103   0.03237339     19714.46
        7245    0.9957407     2.769722   0.03006952     19716.63
      7245.2    0.9960527     2.773757   0.02218661     19717.08
      7245.4    0.9960232     2.781775   0.01491933     19716.19
      7245.6    0.9959669     2.783853   0.01061971     19716.87
      7245.8    0.9958881     2.781657  0.003970568     19717.77
        7246    0.9961061     2.782253 -0.001080886     19718.88
      7246.2    0.9964377     2.784951  0.000392911     19719.24
      7246.4    0.9965614     2.782988   0.01027657     19718.39
      7246.6    0.9966011     2.781971 -0.007352758     19719.54
      7246.8    0.9968718     2.790474    0.0187525     19720.34
        7247    0.9970403     2.779069   0.04482315     19721.57
      7247.2    0.9973789      2.79799   0.03423722     19723.85
      7247.4    0.9977896      2.81783   0.05347721     19724.52
      7247.6    0.9980159     2.817864   0.02675958     19723.22
      7247.8    0.9982334     2.821851  -0.02478925     19723.93
        7248    0.9984206     2.819398  -0.05758262     19726.76
      7248.2    0.9985372     2.797999   -0.0738925     19730.01
      7248.4    0.9988245     2.771798  -0.05814091     19730.97
      7248.6    0.9992969     2.762737  -0.02412594     19730.48
      7248.8    0.9996171     2.772885  0.001282436     19730.48
        7249    0.9998823     2.778698   0.02341818     19730.66
      7249.2     1.000155     2.772824   0.03562562     19730.28
      7249.4     1.000492     2.781471   0.03562621     19731.09
      7249.6     1.001008     2.801385   0.03547081     19733.68
      7249.8     1.001401     2.807199   0.01680899     19735.56
        7250     1.001145       2.8012  0.003161238     19735.23
        7252     1.003116     2.787232 -0.005903702      19742.4
        7254     1.005653     2.757032 -0.006996245     19747.81
        7256     1.007986     2.772469 -0.002934624     19754.65
        7258     1.010152     2.767142 -2.004992e-05     19763.13
        7260     1.012753     2.763755 -0.002286472     19770.47
        7262      1.01508     2.756871  0.002439429     19776.16
        7264     1.016172     2.754177  0.003645298     19784.34
        7266     1.018097     2.786658  0.009781199      19791.1
        7268     1.018578     2.792917    0.0100855     19796.22
        7270     1.018758     2.835121  0.007474917     19806.89
        7272      1.01918     2.834861  0.007037863     19811.84
        7274     1.018743     2.846457 4.348187e-05     19818.73
        7276     1.017845      2.84922  0.003063601     19824.41
        7278     1.017735     2.835469   0.01041049      19831.9
        7280     1.016936      2.85937   0.00134467     19837.76
        7282     1.015933     2.929741  0.004414212     19844.97
        7284     1.013479     2.859978   0.00594635     19853.49
        7286     1.012321     2.870782 -0.004506352     19860.43
        7288     1.010454     2.906941 -8.063359e-05     19864.31
        7290      1.00822      2.89369 -0.006703866      19871.6
        7292     1.007789     2.859333  -0.01196434      19878.4
        7294     1.006586     2.817151  -0.01411419     19885.78
        7296     1.005872     2.811226  -0.01517096     19892.61
        7298      1.00487     2.780777  -0.01113711     19899.08
        7300     1.003773     2.737965  -0.01385124     19904.74
        7302     1.003705     2.728055  -0.01377361     19913.69
        7304     1.003594     2.700416 -0.008212481     19917.81
        7306     1.003004     2.670588 -0.007971223     19921.75
        7308      1.00264     2.672265 -0.005147286      19929.7
        7310     1.002128     2.664285 -0.005424637     19934.38
        7312     1.001601     2.659238 -0.003223074     19939.42
        7314     1.002046     2.627191  -0.00373832     19951.78
        7316     1.002191     2.646481 -0.0005708156     19955.66
        7318     1.002238     2.634378  0.002969716     19962.32
        7320     1.001793     2.654672 -0.001575314     19967.48
        7322     1.001828     2.650948 -0.001336117     19974.81
        7324     1.001633     2.633878 -0.002968864     19979.64
        7326     1.002137     2.623689 -0.004401767     19989.99
        7328     1.001272     2.630921 -0.004677212     19996.87
        7330     1.000973     2.615734 -0.003548226     20002.28
        7332     1.001147      2.59646 -0.002145481     20010.15
        7334     1.000884     2.595303 -0.004032539     20012.06
        7336     1.000478     2.613757  -0.00100808      20017.6
        7338     1.000409     2.583474  0.000973134     20025.49
        7340     1.000466     2.588396 -0.001512627     20029.86
        7342     1.000612     2.603088  0.004789227     20038.47
        7344    0.9999863     2.601656  0.009032812     20043.35
        7346    0.9999416     2.621788  0.006477134     20048.37
        7348    0.9998282     2.660658  0.006626555     20056.95
        7350     1.000107     2.654906  0.007453748     20059.94
        7352     1.000292     2.654668  0.004080555     20069.02
        7354     1.000145     2.681418  0.001301716     20073.57
        7356    0.9996096     2.693303  0.005816563     20079.32
        7358    0.9998197     2.665319  0.003728039     20082.76
        7360     1.000107     2.701201  0.003815588     20088.97
        7362       1.0004     2.711242  0.008346229     20097.75
        7364     1.000715     2.723827   0.00400596        20105
        7366     1.000617     2.732089  0.001272899     20111.73
        7368      1.00058     2.733249 -0.002941519     20115.62
        7370    0.9997539     2.721425 -0.008177855     20119.27
        7372    0.9995717     2.700295 -0.009528548     20125.53
        7374     1.000062     2.666666  -0.01468607     20131.25
        7376    0.9999194      2.65702  -0.01602434     20138.82
        7378    0.9999449     2.603937  -0.01410303      20146.1
        7380     0.999632       2.5721  -0.01736359     20152.43
        7382    0.9992465     2.553842  -0.01354453     20155.75
        7384     0.998926     2.518111 -0.008500112     20160.68
        7386    0.9986411      2.49558 -0.008675989     20168.72
        7388    0.9986638       2.5041 -0.005093906     20172.43
        7390    0.9984283     2.484434 3.253123e-05     20178.58
        7392    0.9986601      2.47736  0.001032503     20185.61
        7394    0.9989233     2.495841  0.001288037     20191.65
        7396    0.9978278      2.51236  0.003457796     20199.57
        7398    0.9983917     2.494738  0.002302139      20206.3
        7400    0.9981376     2.505023 -0.002388519     20210.61
        7402    0.9974918     2.514258  0.000353165     20216.95
        7404    0.9974619     2.493251 -0.0008624669     20222.96
        7406    0.9971923     2.497564 -0.001569529     20228.12
        7408    0.9968983     2.498123 -0.001743495      20234.7
        7410    0.9968638     2.501702 -0.001167861     20240.05
        7412    0.9968716     2.479303 -0.002004981     20244.31
        7414    0.9973745     2.488221 -0.0009372257     20251.35
        7416    0.9967457     2.482083 -0.0002513946     20256.85
        7418    0.9966461     2.494204 -0.002795521     20262.61
        7420    0.9971915     2.477292 -0.002384237     20269.24
        7422    0.9969219     2.465857 -0.003852803     20274.51
        7424    0.9968539     2.463009 -0.002051532     20278.15
        7426    0.9964159     2.463381  -0.00171825     20281.08
        7428    0.9956293      2.46088 -0.002284183     20287.79
        7430    0.9961245     2.452111 -0.002118793     20297.98
        7432    0.9956932     2.444736 -0.001182009     20303.32
        7434    0.9954513     2.446431 9.991817e-05      20309.4
        7436    0.9956005     2.451424  0.000561541     20317.14
        7438    0.9955646      2.45291 0.0008605454     20318.54
        7440    0.9953033     2.449228  0.001278938     20324.72
        7442    0.9952883     2.453315  0.004040117     20333.25
        7444    0.9954948     2.461655  0.005134358     20335.47
        7446    0.9952729     2.485231  0.002440719     20341.09
        7448     0.994901     2.490303  0.001910235     20346.84
        7450    0.9948974     2.472841 -0.001234219     20353.64
        7452    0.9954609     2.476937 -1.506115e-05     20359.09
        7454    0.9953017     2.475357 -0.001147002     20365.97
        7456    0.9949772     2.490182 -0.001697127     20368.47
        7458    0.9949043     2.463665  -0.00337164     20378.87
        7460    0.9946164      2.46336 -0.006541483     20379.33
        7462    0.9944418     2.448384 -0.003423587     20387.21
        7464    0.9946243      2.43785 -0.004276054     20394.36
        7466    0.9943668     2.436276 -0.004128169     20397.42
        7468    0.9938453     2.429152 -0.002628801     20403.54
        7470    0.9939389     2.415359 -0.003698887     20405.62
        7472    0.9944297      2.41682 -0.003292094     20414.14
        7474    0.9942863     2.406685 -0.001551026     20419.48
        7476    0.9944726     2.402815 -0.004235282     20425.14
        7478    0.9948134     2.402951  -0.00368217     20428.99
        7480    0.9945552     2.382938  -0.00287899     20435.08
        7482    0.9943231     2.377228 -0.005019867     20443.51
        7484     0.994352     2.379783 -0.004535146     20447.04
        7486    0.9944228     2.362792 -0.004955397      20447.9
        7488    0.9945059     2.346657 -0.006307107      20453.6
        7490    0.9955214     2.337585 -0.004507729      20461.1
        7492     0.995225     2.329326 -0.002364872     20466.56
        7494    0.9948554      2.32673 -0.001361797     20470.39
        7496    0.9952384     2.327738 -0.001212702     20479.53
        7498    0.9946307      2.32669 -0.0008095362     20480.88
        7500    0.9948641     2.319625 -0.0002010046     20489.09
        7502    0.9949234     2.320254 -0.0008206659     20496.14
        7504     0.994571      2.32613 -0.0003520235     20501.93
        7506    0.9949983     2.320125 0.0003435569     20505.28
        7508    0.9953011     2.316809 -0.001448683     20507.99
        7510    0.9949654     2.323002 -0.001434718     20512.88
        7512    0.9947865      2.31454 -0.001507957     20516.15
        7514    0.9945094     2.308647 -0.003515585     20518.65
        7516    0.9948518     2.304745 -0.002848024     20521.45
        7518    0.9945703     2.294877 -0.002447659     20511.61
        7520    0.9943916     2.291756 -0.002049945     20496.74
        7522    0.9942493     2.289066 -0.001473724      20492.7
        7524    0.9954564     2.288345 -0.0001050201     20408.58
        7526    0.9970057     2.283087 -0.0008813482     20175.51
        7528    0.9935494     2.290916 -0.0009392237     20262.91
        7530    0.9952499     2.282015   0.00100563     20232.81
        7532    0.9940102     2.280832 -0.0009060354     20351.82
        7534    0.9947039     2.291133 -0.0007635498     20556.53
        7536    0.9940229     2.283667 -0.0009964268     20543.59
        7538    0.9945413     2.275907 -0.003357166     20551.46
        7540    0.9948537      2.27286 -0.003193111     20572.52
        7542    0.9953977     2.264275 -0.001566476     20591.63
        7544    0.9960663     2.258123 -0.001931015     20597.73
        7546    0.9954059     2.263375 -0.001751428     20601.75
        7548    0.9944991     2.257412 0.0009935586      20604.5
        7550    0.9951919     2.250264  0.001005385     20608.48
        7552    0.9955051     2.266071 -0.0008229342     20611.65
        7554    0.9959036     2.271418  0.002341035     20618.98
        7556    0.9955401     2.250829 3.949217e-05     20626.39
        7558    0.9954611     2.268992 -0.001390226      20629.5
        7560    0.9958123     2.266387 0.0007824249     20638.09
        7562    0.9950637     2.260296 0.0004845011     20637.48
        7564    0.9952946     2.257088 -0.000103088     20643.84
        7566    0.9957634     2.272868  -0.00287199     20648.72
        7568    0.9954918     2.265562 -0.002379102     20653.48
        7570    0.9957825      2.23732  -0.00464347     20661.29
        7572    0.9954169     2.238055 -0.004383218     20667.02
        7574    0.9953148      2.23572 -0.002850291     20670.85
        7576    0.9959092     2.230497 -0.003196744     20672.59
        7578    0.9958876     2.214518 -0.004043918     20677.58
        7580    0.9963165     2.212481 -0.003823471     20686.91
        7582    0.9957093     2.203369 -0.003687514     20686.69
        7584     0.995548     2.199909  -0.00338896     20686.99
        7586    0.9960951     2.185018 -0.001800527     20694.77
        7588    0.9965792      2.18537 -0.002365731     20697.55
        7590    0.9958921     2.188965 -0.001678226     20698.77
        7592    0.9961781     2.180983 -0.001489836        20701
        7594    0.9961353     2.171592 -0.001705463     20705.19
        7596    0.9964444     2.173451 -0.001130051     20707.99
        7598    0.9965665     2.175321 -0.001099479      20708.9
        7600    0.9964929     2.171943 -0.001100339     20714.36
        7602    0.9961137     2.162796 -0.001572044     20720.37
        7604    0.9958875     2.164648 -0.0009574766     20722.39
        7606    0.9962254     2.162745 -0.001921787     20725.92
        7608     0.996692     2.164283 -0.002447475     20727.93
        7610    0.9966773     2.147422 -0.001587576     20729.68
        7612    0.9965608     2.145068   -0.0026061     20735.35
        7614    0.9969797     2.150044 -0.001866477     20742.08
        7616    0.9971364     2.143434 -0.0009049578     20746.22
        7618    0.9967834      2.13249 -0.001534968     20750.13
        7620    0.9967509     2.137829 -0.001554687     20753.58
        7622    0.9964364     2.137764 -0.000236692     20759.44
        7624    0.9964822     2.130996 -0.0002761871     20758.74
        7626    0.9969127     2.130597 -0.001205678     20765.49
        7628    0.9969163     2.135619 -0.001152141     20769.11
        7630    0.9968373     2.128119 -0.001751198     20771.69
        7632    0.9967734     2.121779  -0.00300369      20775.7
        7634    0.9972293     2.116587 -0.002626903     20780.44
        7636    0.9970024      2.11159  -0.00239557     20784.95
        7638    0.9966934     2.107104 -0.002827598     20788.86
        7640    0.9970023     2.102615 -0.002102628     20794.36
        7642    0.9972552     2.093966 -0.001536677     20798.61
        7644    0.9973684     2.094769 -0.001272376     20804.37
        7646    0.9973329      2.09481  -0.00151682     20806.15
        7648    0.9975163     2.092436  -0.00242492     20815.13
        7650    0.9971241     2.081832 -0.002035372     20817.83
        7652    0.9970428     2.075369 -0.001752819     20820.03
        7654    0.9974829     2.078527  -0.00171201     20823.22
        7656    0.9976499     2.078413 -3.504703e-05     20826.44
        7658    0.9974643     2.068136 -0.001011975     20829.94
        7660    0.9975427     2.075089 -0.0006522135     20835.66
        7662    0.9974031     2.070432 -0.002068834     20837.62
        7664    0.9978026     2.073195 -0.001556996     20843.85
        7666    0.9980489     2.051585 -0.0008210762     20849.16
        7668     0.998232     2.062633 -0.002470131     20850.52
        7670    0.9977524     2.063863 0.0004895196     20855.64
        7672    0.9975729     2.053434  -0.00099073     20859.96
        7674    0.9977758     2.055501 -0.002239401     20861.36
        7676    0.9974665     2.054707 -0.0009763655     20864.86
        7678    0.9975227     2.045948 -0.001261824      20870.2
        7680    0.9977169     2.045623 -0.001735328     20876.01
        7682    0.9982451     2.045407 -0.0005270576     20880.26
        7684    0.9981638     2.040824 -0.0005702024     20880.68
        7686    0.9980125     2.041731 -0.002119714     20889.55
        7688    0.9979648     2.041062  -0.00128399      20891.5
        7690    0.9982094     2.028449  -0.00125877     20892.12
        7692    0.9982715     2.030553 -0.002043977     20899.29
        7694    0.9985423     2.031661 0.0001037201     20903.08
        7696    0.9983363      2.02471 -0.0005445685     20902.56
        7698    0.9985797     2.029279 -0.002136643     20909.59
        7700    0.9987209     2.026196 -0.001437829     20914.41
        7702    0.9988062     2.014568 -0.002226531     20917.42
        7704    0.9987888     2.013207 -0.002443092        20925
        7706    0.9982448     2.011466 -0.001625376     20921.09
        7708    0.9986504     2.006651 -0.001464853     20926.47
        7710     0.998892     2.001565 -0.001459423     20931.17
        7712    0.9992502     2.001489 -0.001498134      20938.4
        7714    0.9993321     1.999791 -0.001146078     20942.51
        7716    0.9997598     1.994666 -0.001306416     20945.44
        7718     1.000187     1.992396 -0.0001426834     20950.91
        7720     1.000056     1.991037 0.0003900827     20954.24
        7722    0.9998174      1.99865 -0.0004102645     20957.54
        7724    0.9996848     1.997787 -0.001267558     20960.12
        7726     1.000035     1.989114 -0.001984867     20960.67
        7728    0.9999306     1.980897 -0.001516654     20962.87
        7730     1.000268     1.982771 -0.001028856     20967.64
        7732     1.000331     1.985654 -0.001070094     20970.49
        7734       1.0008     1.980883 -0.0008426536     20977.83
        7736      1.00091     1.972336 -0.003049155     20977.86
        7738     1.000343     1.976029 -0.002676509     20981.24
        7740    0.9998818      1.96126 -0.001510716     20983.23
        7742    0.9999137     1.959471 -0.002101714     20986.68
        7744     1.000587      1.96025 -0.001010172     20990.19
        7746     1.000929     1.959216 -0.001431531     20995.04
        7748     1.000612     1.953179 -0.001600547     20995.43
        7750     1.001122     1.948019 -0.001664805     20999.42
        7752     1.001085     1.947446 -0.001021506     21004.66
        7754     1.000559     1.945897 -0.001056075     21005.15
        7756     1.000931     1.945007 -0.0009788227      21010.8
        7758     1.000851      1.93957 -0.001435639     21012.84
        7760     1.001008     1.939615 -0.002252948     21019.06
        7762     1.001089     1.934412 -0.001226389     21021.49
        7764     1.001361     1.926983 -0.002064818     21021.36
        7766     1.001718     1.929759 -0.002310486     21023.56
        7768     1.001663     1.923097 -0.001965945     21023.33
        7770     1.001479     1.915928 -0.002569452     21026.33
        7772     1.001068     1.911256 -0.002060919     21029.12
        7774     1.000941     1.909204 -0.001796821     21031.48
        7776     1.001469     1.906609 -0.001829312     21029.14
        7778     1.001297     1.901554 -0.0001400233      21024.1
        7780     1.001079     1.896621 -0.0005666653     21017.08
        7782     1.001273     1.908084 -0.0006213315     20983.68
        7784     1.003037     1.902076 -0.0002849847     20745.58
        7786     1.004687     1.896583 -0.002610973     20133.83
        7788    0.9991169     1.894341 -0.001753616      20053.4
        7790    0.9986797     1.887196 -0.001167294     20226.09
        7792     1.001071     1.888047 -0.001736609     21038.33
        7794     1.001079     1.887245  -0.00102579     21074.32
        7796     1.001243     1.880449 -0.001325627     21085.87
        7798     1.001433     1.878989 -0.001470614     21093.36
        7800     1.001031     1.877442 -0.0008375618      21094.9
        7802     1.001399      1.87548 -0.001642911     21099.01
        7804     1.001396     1.873748 -0.001457425     21101.94
        7806     1.001837     1.865846 -0.001102042     21107.05
        7808     1.001353     1.865783 -0.001933119     21109.05
        7810     1.001477     1.866663   -0.0010724     21112.45
        7812     1.001626     1.858283 -0.0009232055     21113.31
        7814     1.001522     1.857267 -0.001807408      21114.6
        7816     1.002039     1.858397 -0.001725202     21119.57
        7818     1.002091     1.852204 -0.001505553     21121.47
        7820     1.002248     1.844481 -0.002043436      21120.3
        7822     1.001725     1.845222 -0.001444141     21124.98
        7824     1.001929      1.84205 -0.000774471     21130.19
        7826     1.002428     1.840651 -0.001675598     21132.84
        7828     1.002153     1.838286 -0.001543045      21136.5
        7830     1.002495     1.831818 -0.002045564     21143.16
        7832     1.002383     1.829705 -0.001510529     21141.77
        7834     1.002687     1.824286 -0.001060822     21145.89
        7836      1.00307     1.826201 -0.001498556     21147.67
        7838     1.003202     1.823331 -0.001377361     21151.06
        7840     1.003215     1.817717 -0.001608787        21155
        7842     1.003084     1.813268 -0.001255221     21158.42
        7844     1.002957     1.813331 -0.0007022726     21158.68
        7846     1.003401     1.813289 -5.610122e-05      21161.6
        7848     1.003241     1.812099 -0.0008848382     21164.95
        7850     1.003175     1.812819 -0.001618133     21170.89
        7852      1.00352     1.806252 -0.001526954     21169.92
        7854     1.003466     1.800344 -0.002238611     21170.69
        7856      1.00336     1.799883  -0.00118072     21174.34
        7858     1.003434      1.79491 -0.001543382     21173.65
        7860     1.003216     1.796807 -0.002194688     21175.33
        7862     1.003216     1.787997 -0.001440299     21180.62
        7864     1.003582     1.782326 -0.001840419     21183.86
        7866     1.003842     1.783387 -0.001619069     21184.88
        7868     1.003898     1.782083 -0.001456216      21189.8
        7870     1.003771     1.775045 -0.001793406     21193.87
        7872     1.004117     1.770676 -0.001565284     21199.17
        7874     1.003662      1.76904 -0.0007842506     21200.67
        7876     1.003714     1.769561 -0.001128864     21204.34
        7878     1.003627     1.768771 -0.001660001     21202.52
        7880     1.003593     1.761645 -0.001918295     21206.68
        7882     1.003882      1.75576 -0.001631207     21212.64
        7884     1.004274     1.754215 -0.001381459     21215.22
        7886     1.004182     1.755721 -0.001447298     21217.47
        7888     1.004344     1.750593 -0.001504628      21222.6
        7890     1.003725     1.744182 -0.002505462     21224.15
        7892     1.003781     1.742178 -0.002009611     21225.59
        7894     1.003539     1.735677 -0.001236792      21226.6
        7896     1.003865     1.734516 -0.001842688     21230.76
        7898     1.003765     1.734288 -0.001586218     21231.11
        7900     1.003657     1.727436 -0.001671921     21235.64
        7902     1.004238     1.722988 -0.002107038     21241.37
        7904     1.004389     1.721141 -0.001065526     21245.95
        7906     1.004448     1.717431 -0.001892265     21248.91
        7908     1.003891     1.718912 -0.001105003     21249.39
        7910     1.003791     1.707849 -0.001552608     21256.05
        7912     1.003849     1.712301 -0.001705121     21257.14
        7914     1.003972      1.70501 -0.0008347758     21200.79
        7916     1.005072     1.705271 -0.001599807     20929.24
        7918     1.005177     1.701171 -0.001067546     20643.14
        7920     1.004052     1.699502 -0.001653187     20958.76
        7922     1.004572      1.69647 -0.001237847     21185.94
        7924      1.00441     1.692046 -0.001076102     21232.65
        7926      1.00431     1.691268 -0.001227083      21245.2
        7928     1.004552     1.690894 -0.0008681488     21252.72
        7930     1.004531     1.686653 -0.0008869257     21256.74
        7932     1.004429       1.6851 -0.001597632     21261.37
        7934     1.004464     1.684173 -0.001202864     21266.83
        7936     1.004852     1.678113  -0.00124531     21273.62
        7938      1.00484      1.67703 -0.001519891     21273.78
        7940     1.005091     1.675138 -0.001177714     21276.07
        7942     1.004977     1.672014 -0.001368489     21277.96
        7944     1.005198     1.668691  -0.00124843     21282.15
        7946     1.004939     1.666082 -0.0006480267     21283.73
        7948     1.004465      1.66515 -0.0008271106     21287.29
        7950     1.004938      1.66683 -0.0009316452     21290.29
        7952     1.005098     1.662074 -0.001279701     21292.73
        7954     1.005515     1.658629 -0.001402588     21294.42
        7956     1.005286     1.654913 -0.001697796     21295.99
        7958     1.005394     1.655609 -0.002069589     21302.88
        7960     1.005644     1.648492 -0.001517417     21305.49
        7962     1.005773     1.642073  -0.00197386     21309.28
        7964     1.005399     1.642773 -0.0009115421     21307.72
        7966     1.005419     1.639818 -0.000527451     21312.09
        7968     1.005591     1.641199 -0.001457137     21317.19
        7970     1.005715     1.637853 -0.001045987     21314.85
        7972     1.005724     1.631116 -0.001479512     21319.57
        7974     1.005637      1.63145  -0.00168817      21322.8
        7976     1.005502     1.629363 -0.001801648      21323.5
        7978     1.005385     1.624348 -0.001504999     21325.34
        7980      1.00534     1.616703 -0.001169163     21330.87
        7982     1.005242      1.61941 -0.001260294     21332.67
        7984     1.004768      1.62001 -0.0009126715     21335.54
        7986     1.005014     1.614265 -0.001333114     21337.28
        7988     1.004918     1.609402 -0.001326105     21336.98
        7990     1.005042     1.608745 -0.001112933      21338.3
        7992     1.005319     1.609401 -0.001181062     21346.15
        7994     1.005672     1.605362 -0.001277122     21347.45
        7996     1.005143     1.599953  -0.00125676      21348.8
        7998     1.005205     1.598528 -0.001708571     21348.78
        8000      1.00482     1.599347 -0.001754221     21349.07
        8002     1.004616     1.591693 -0.001714921     21349.58
        8004     1.004681      1.58592 -0.001663413     21350.47
        8006     1.004822     1.584809 -0.0007663353     21356.01
        8008      1.00534      1.58604 -0.0009437574     21359.89
        8010     1.005013     1.585563 -0.001213704     21362.57
        8012     1.004965     1.578369 -0.001702259     21366.06
        8014     1.005151     1.575099   -0.0021856     21368.72
        8016      1.00475     1.572422 -0.001022226     21368.81
        8018     1.004898     1.568078 -0.001518994     21368.92
        8020     1.004903     1.570192 -0.001635946     21372.51
        8022     1.005045     1.562947 -0.001100369     21375.52
        8024     1.005354     1.559334 -0.001045617     21380.04
        8026     1.005017     1.559275 -0.0008118733     21379.44
        8028     1.005162     1.561827 -0.0008152727     21378.13
        8030      1.00482     1.556452 -0.001249827     21381.91
        8032     1.004915     1.552812 -0.001302875     21383.24
        8034      1.00467     1.549276 -0.001222218     21388.03
        8036     1.004693     1.551404 -0.0009565456     21388.38
        8038     1.004694     1.546675 -0.001079611      21387.9
        8040     1.004593      1.54516 -0.001378502     21393.31
        8042     1.004692     1.540639 -0.001248994      21393.6
        8044     1.004618     1.540376 -0.001838193     21394.36
        8046     1.004703     1.536683 -0.001204409     21394.73
        8048     1.004889     1.530454 -0.001673481     21401.07
        8050     1.004692     1.531004 -0.001406754     21403.36
        8052     1.004718     1.526988 -0.001093707     21405.29
        8054     1.004812     1.525429 -0.001673854     21407.74
        8056     1.004476     1.521704 -0.001619451     21407.98
        8058     1.004662     1.517613 -0.001970415     21411.18
        8060     1.004268     1.514032 -0.001393183     21413.64
        8062     1.004705     1.509665  -0.00152975     21415.78
        8064     1.004514     1.510559 -0.001637179     21417.12
        8066     1.004009     1.505375 -0.001388837     21419.53
        8068     1.004159     1.500935 -0.001629035     21421.94
        8070     1.004118     1.498555 -0.001204195     21422.03
        8072     1.003645     1.497527 -0.001173797     21422.77
        8074     1.003313     1.495742 -0.001256654      21427.1
        8076     1.003309     1.491544 -0.001211369     21427.06
        8078      1.00351     1.488501 -0.001090066     21426.92
        8080     1.003367     1.487836 -0.001010081     21429.72
        8082     1.003242     1.487021 -0.001086661     21432.11
        8084     1.003222     1.483464 -0.001202224     21434.74
        8086     1.002894     1.479808 -0.001134315     21433.92
        8088     1.002712     1.478218 -0.001406753     21437.14
        8090     1.002535     1.477947 -0.001213865     21439.52
        8092     1.002401      1.47221   -0.0015919     21437.86
        8094       1.0025     1.470097 -0.001622886     21439.16
        8096     1.002437     1.465483 -0.001161886     21443.48
        8098     1.002056     1.464964 -0.0008514836     21444.91
        8100     1.002179     1.462915 -0.0008245838     21450.76
        8102     1.002135     1.463285 -0.001363502     21447.62
        8104     1.001867     1.458886 -0.001171286     21449.12
        8106     1.001339     1.454056 -0.001239685     21450.17
        8108     1.001386     1.453544  -0.00115386     21455.85
        8110     1.001738     1.453368 -0.0009888172     21455.36
        8112     1.001514     1.449655 -0.001286445     21456.52
        8114     1.001353     1.446145 -0.001621575     21461.51
        8116     1.001219     1.443253 -0.001659517     21459.65
        8118     1.001008     1.440395 -0.001070755     21464.04
        8120     1.000625     1.436379 -0.0009243169     21463.72
        8122      1.00029     1.437579 -0.001471993     21463.08
        8124     1.000125     1.435858  -0.00130708     21463.08
        8126     1.000088     1.428619 -0.001440378     21467.46
        8128      1.00011     1.425922 -0.001401706     21470.37
        8130     1.000057     1.426056 -0.0008307334     21470.69
        8132    0.9999882     1.424645 -0.001177439     21468.41
        8134    0.9999751     1.421973 -0.001204882     21470.98
        8136    0.9997412     1.416503 -0.001350615     21469.95
        8138    0.9996426     1.416417 -0.001094264     21473.84
        8140    0.9995218      1.41384 -0.0005851051     21480.36
        8142    0.9988224     1.413219 -0.001064993     21475.27
        8144     0.998722     1.411822 -0.001017954     21475.56
        8146    0.9989462     1.407897 -0.001491848     21478.95
        8148    0.9987781     1.405696 -0.001817071     21476.94
        8150     0.998802     1.401285 -0.001219373      21477.4
        8152    0.9986003     1.397285 -0.0009230768     21479.17
        8154    0.9985784     1.398142 -0.0008461294     21481.23
        8156    0.9983406     1.398312 -0.001236196     21479.84
        8158    0.9978728     1.394516 -0.001877171     21484.23
        8160    0.9976294     1.387396 -0.001746277     21486.03
        8162    0.9969563     1.383125 -0.002017064     21484.49
        8164    0.9972009     1.384341 -0.001475377     21483.73
        8166    0.9970958     1.378379 -0.001068755     21484.61
        8168    0.9967521     1.375593 -0.001551276     21485.73
        8170    0.9968887     1.374575 -0.0006186161     21488.94
        8172    0.9967152     1.371931 -0.0008824952     21492.67
        8174    0.9961935      1.37343 -0.001096572     21491.74
        8176    0.9961102     1.368533 -0.001020609     21493.17
        8178    0.9962953     1.365802 -0.001693088     21493.18
        8180    0.9958685     1.363766 -0.001525845     21490.67
        8182     0.995562     1.359885 -0.001529597     21490.82
        8184    0.9953235     1.356326 -0.001522561     21492.51
        8186    0.9950095     1.353565 -0.0009301691     21491.76
        8188    0.9950813     1.351586 -0.0006358494     21498.55
        8190    0.9948694     1.352444 -0.0006830876     21500.65
        8192    0.9946122     1.351239 -0.001031582     21500.54
        8194    0.9946393       1.3481 -0.001618328     21504.89
        8196    0.9946313     1.343333 -0.001462495     21500.28
        8198    0.9943406     1.339497 -0.001268691     21503.77
        8200    0.9944282     1.339539 -0.0009647744     21501.54
        8202     0.994407     1.337951  -0.00108345     21506.31
        8204    0.9938848     1.335615 -0.001412337     21504.32
        8206    0.9937413      1.33083 -0.001612511     21503.99
        8208    0.9936042     1.328241 -0.001661647     21507.04
        8210    0.9934684     1.325051 -0.001170861     21507.81
        8212    0.9931875     1.322322 -0.001257067     21506.64
        8214    0.9930353     1.321463 -0.0009500955     21509.15
        8216    0.9927022     1.318184 -0.001066869     21508.75
        8218    0.9928001      1.31745 -0.001459043     21510.59
        8220    0.9923289     1.313787 -0.001260711     21511.71
        8222    0.9921317     1.309791 -0.001463091     21510.16
        8224    0.9922791     1.308098 -0.001134844     21513.24
        8226    0.9919197     1.305745 -0.000871967     21512.56
        8228    0.9918049     1.304708 -0.0008731295     21517.93
        8230    0.9915975     1.302815 -0.001336097     21518.67
        8232    0.9912525     1.301113  -0.00145719     21518.95
        8234    0.9911782     1.295057 -0.001159759     21517.85
        8236    0.9913389      1.29305 -0.001466562     21522.64
        8238    0.9907271     1.293537 -0.001065452     21521.36
        8240    0.9903167     1.289381 -0.001004035     21521.38
        8242    0.9904634     1.286533 -0.001215833     21524.79
        8244    0.9901014     1.285018 -0.001059455     21521.38
        8246     0.989813      1.28381 -0.001030713      21519.7
        8248    0.9896593     1.280905 -0.001141287     21524.04
        8250    0.9890325     1.278287 -0.001272999     21524.76
