# This file has been produced by extranormal (v 1.0.1 - February 23, 2017)
# O. Roudenko - Synchrotron SOLEIL. Covered by GPL licence.
#Data from HDF File: /nfs/ruche-rock/rock-soleil/com-rock/2021/Projets/20210209_Hilde/InSitu/10Ni-10Fe_50BN/10Ni-10Fe_50BN_RWGS750_CO2pulses_H2cst_ratio1/10Ni-10Fe_50BN_RWGS750_CO2pulses_H2cst_ratio1_00780.nxs to 10Ni-10Fe_50BN_RWGS750_CO2pulses_H2cst_ratio1_00781.nxs
#Time at start=2021-02-10 14:42:38.997
#Time from start (seconds)=3898.83878443
#Sample temperature (C)=24.6
# Normalization -------------
# pivot spectrum: Pivot_Fe_10Ni-10Fe_50BN_RT_air_av2000_00001.txt
# E0=7112.0   Eshift=1.65505414457
# E0_pivot = 7112.0
# pre-edge params: from E0_pivot-140.0 to E0_pivot-20.0
# pre-edge range: [6972.0, 7092.0]
# post-edge params: from E0_pivot+100.0 to E0_pivot+1140.0
# post-edge range: [7212.0, 8250.0]
# I jump at E0_pivot = 1.24673572098
# shifted energy	normalized	reference	ref.derivative	I0
        6970   0.00185803     1.676949 -0.001600708     18816.19
        6972   0.00185803     1.676949 -0.001600708     18816.19
        6974  0.001731348     1.673418 -0.002241984      18823.6
        6976  0.001559909     1.667886 -0.001476013     18828.72
        6978  0.001419941     1.667474 -0.001649261     18837.98
        6980 0.0009668462     1.665141 -0.003074669      18847.7
        6982 0.0007351469     1.660224 -0.0007261163     18855.83
        6984 0.0006807064     1.643289 -0.0005903366     18862.69
        6986  0.000742981     1.661665 -0.001465882     18869.57
        6988 0.0007035796     1.660418 0.0005778721     18877.64
        6990  0.000351649     1.648496 -0.002016222     18885.12
        6992 0.0007472945     1.647912 -0.002574064     18892.34
        6994 0.0006095258     1.645535 -0.001980387     18897.63
        6996 0.0004432066     1.639826 -0.001981138     18907.38
        6998 0.0003133922     1.632653 -0.001460353     18917.34
        7000 -1.978394e-05     1.632063 -0.001109991     18923.78
        7002 0.0001054282     1.633852 -0.0005018275     18935.35
        7004  -5.2737e-05     1.630946 -0.001073121     18942.04
        7006 -9.358641e-05     1.628639 -0.002034764     18949.67
        7008 -0.0004159949     1.623478 -0.002222522     18955.94
        7010 -0.0006037015     1.617574 -0.002350305     18962.69
        7012 -0.0005519765     1.613165 -0.002658047     18972.08
        7014 -0.0002921317     1.609836 -0.001403702     18979.64
        7016 -0.0006475191     1.602213 -0.001422231     18987.92
        7018 -0.0009874682     1.606345 -0.001726005     18992.81
        7020 -0.001095263     1.601788 0.0002908383      19001.1
        7022 -0.0008671491     1.596028 -0.001487993     19009.81
        7024 -0.001290391      1.60454 -0.001285862     19017.18
        7026 -0.0007999625     1.594441 -0.0005441808     19028.25
        7028 -0.001262562     1.591501 -0.002254051     19036.64
        7030 -0.0008012886     1.591675 -0.002080427     19044.55
        7032 -0.0008460053     1.586508 -0.001659708     19055.06
        7034 -0.0007309106     1.577797 -0.001902545     19063.35
        7036 -0.0007588103     1.578223 -0.002089004     19069.94
        7038 -0.001190315     1.576455 -0.001375559     19074.97
        7040 -0.0008920403     1.569796 -0.001178837     19084.87
        7042 -0.0009612691     1.566793 -0.001655673     19096.15
        7044 -0.0008443015     1.568792 -0.001374398      19104.7
        7046 -0.0005971832     1.563209 -0.0006917462     19111.82
        7048 -0.0009914869       1.5588 -0.002232277      19120.1
        7050 -0.001062986     1.561259 -0.001785072     19124.89
        7052 -0.0006187059     1.550934 0.0005751982     19133.03
        7054 -0.0003359101     1.548929 -0.001174564     19145.76
        7056 -0.0005392585     1.563402 -0.000916089     19154.09
        7058 -0.0008508482     1.551862 -0.0008267804     19159.46
        7060 -0.000608799     1.543605 -0.003038349     19162.51
        7062 -0.0006480829     1.542314 -0.002272302     19173.34
        7064 -0.0006360253     1.539095 -0.002238467      19180.7
        7066 -0.0001624616     1.533684 -0.002395514     19190.95
        7068 -0.0006041913     1.525698 -0.001646968     19197.42
        7070 -0.0002478589      1.52315 -0.001574663     19204.65
        7072 -8.137445e-05      1.52592 -0.001027662     19211.87
        7074 0.0002819322     1.521087 -0.0004911507     19219.29
        7076 0.0003245324     1.517476 -0.001424344     19227.43
        7078 0.0004994941     1.519221 -0.000847705     19236.87
        7080 0.0004159466     1.514525 -0.0009142125     19243.71
        7082 0.0006301792     1.514305 -0.001796479     19248.63
        7084  0.001536331     1.510163 -0.0008756935     19257.13
        7086  0.002199901     1.504849 -0.001577136     19267.89
        7088  0.002275459     1.507519 -0.0009927319     19273.08
        7090  0.002295829     1.501688 -0.001178527     19282.48
        7092  0.002640459     1.502221 -0.001606103     19287.22
        7094  0.003188484     1.495421 -0.0008348229     19297.46
        7096  0.004032597      1.49467 -0.001339434        19304
        7098  0.004875164     1.495009 -0.0004502141     19311.84
        7100  0.005661418     1.491505 -0.000848002     19318.32
      7100.2  0.005798181     1.491616 -0.0009400485     19319.32
      7100.4  0.005934943     1.491727 -0.001032095     19320.32
      7100.6  0.006071705     1.491838 -0.001124141     19321.33
      7100.8  0.006208468     1.491949 -0.001216188     19322.33
        7101   0.00634523     1.492059 -0.001308234     19323.33
      7101.2  0.006481993      1.49217 -0.001400281     19324.33
      7101.4  0.006618755     1.492281 -0.001492327     19325.34
      7101.6  0.006755517     1.492392 -0.001584374     19326.34
      7101.8  0.006773427     1.490787 -0.001063723     19327.61
        7102  0.006823181     1.489101 -0.001931294     19327.81
      7102.2   0.00695247      1.48898  0.001083925     19327.81
      7102.4  0.006912161     1.490148  0.001793046     19324.92
      7102.6  0.007144529     1.491654 -0.0003182002     19325.08
      7102.8  0.007288104     1.490536 -0.000905702     19324.26
        7103  0.007568536     1.488726 -0.002474738      19326.6
      7103.2  0.007858942     1.489423 0.0007931494      19330.1
      7103.4  0.007982243     1.489674  0.007579553     19331.68
      7103.6  0.008093384      1.49117     0.010787     19333.94
      7103.8  0.008339276     1.494789   0.01248607     19334.14
        7104  0.008688897     1.498053   0.01123764     19336.83
      7104.2  0.009009278     1.499663  0.006979278     19338.25
      7104.4  0.009208955      1.50016   0.00111625     19336.36
      7104.6  0.009471706     1.500373 -0.001401011     19335.21
      7104.8  0.009654483     1.498946 -0.0007897583     19335.25
        7105  0.009978907     1.498542  0.003199655     19336.55
      7105.2   0.01042228     1.499528    0.0120016      19340.7
      7105.4   0.01044362     1.502932   0.01812306     19339.94
      7105.6    0.0105174     1.508547   0.01935008     19339.83
      7105.8   0.01092806     1.513041   0.01562803     19342.55
        7106   0.01142567     1.515008 -0.002101552     19342.23
      7106.2   0.01183497     1.515435  -0.01751903     19341.69
      7106.4    0.0120589     1.506866  -0.02722858     19341.91
      7106.6   0.01211145     1.499026  -0.03645174        19343
      7106.8   0.01225947     1.493226  -0.03347306     19344.35
        7107   0.01237144     1.486273  -0.02353382     19344.36
      7107.2   0.01267442     1.480088  -0.01142849     19344.25
      7107.4    0.0131969     1.480199 0.0004238676     19345.28
      7107.6   0.01382118     1.484083   0.01245642     19346.36
      7107.8   0.01428481     1.486612   0.02183057     19348.14
        7108   0.01460141     1.490053   0.02148167      19349.8
      7108.2   0.01501627     1.497663   0.01697873     19350.12
      7108.4   0.01560405     1.501268   0.01499937     19350.72
      7108.6   0.01629352     1.500195   0.01094836      19349.4
      7108.8   0.01698379     1.502052   0.01180321     19348.55
        7109   0.01784576     1.506422   0.01786205     19351.81
      7109.2   0.01883454     1.510711   0.02184969     19353.52
      7109.4   0.01984267     1.514485   0.02263887     19353.62
      7109.6   0.02095367     1.519532   0.02200466     19354.73
      7109.8   0.02212234     1.524533     0.024699     19355.41
        7110   0.02344035     1.528314   0.03095897     19355.98
      7110.2   0.02510528     1.534244   0.03718884     19355.78
      7110.4   0.02730434     1.544299   0.04837197     19355.68
      7110.6   0.03010607     1.554284   0.06295818     19355.85
      7110.8   0.03355728     1.567012   0.08219237     19354.26
        7111   0.03765998     1.584611   0.09815452     19351.05
      7111.2   0.04241779     1.610053    0.1134223     19349.17
      7111.4   0.04839203     1.632808    0.1288638     19348.61
      7111.6   0.05527147      1.65775     0.143416     19347.25
      7111.8   0.06356209     1.687702    0.1606359     19346.53
        7112   0.07274699     1.724786    0.1713059     19345.73
      7112.2   0.08239015     1.761316    0.1684991     19343.48
      7112.4   0.09179519     1.794794    0.1531103     19342.73
      7112.6    0.1009097     1.822501    0.1309303     19340.88
      7112.8    0.1095268     1.847274    0.1150467      19339.1
        7113     0.117543      1.86606    0.1068646     19337.07
      7113.2    0.1249179     1.886832   0.09525528     19337.95
      7113.4    0.1318622     1.907993   0.08809152      19337.5
      7113.6    0.1380004     1.923478   0.07959645     19336.71
      7113.8    0.1436103     1.936534   0.06901405     19334.04
        7114    0.1490094     1.950509   0.06545547     19334.48
      7114.2    0.1541538     1.963204   0.06981312     19335.79
      7114.4    0.1585768     1.975843   0.06429175     19334.61
      7114.6    0.1621021     1.992384   0.05891504     19332.59
      7114.8     0.165184     2.001942   0.05620808     19331.74
        7115    0.1678882     2.010336   0.05294815     19334.36
      7115.2    0.1702328     2.020809   0.05418646     19334.29
      7115.4    0.1722608     2.034743   0.05129039     19333.57
      7115.6     0.174302     2.045292    0.0449416     19333.27
      7115.8    0.1769348     2.051368   0.03037364     19335.19
        7116    0.1800201     2.056762   0.01645811     19335.67
      7116.2    0.1841931     2.059042   0.01286513     19334.82
      7116.4    0.1889661     2.058458   0.01563816     19336.35
      7116.6    0.1945266     2.061661   0.02093651     19338.19
      7116.8    0.2011872     2.069273   0.02715379     19336.95
        7117    0.2084511     2.075791   0.03686286     19337.99
      7117.2    0.2164493     2.080181   0.04059222     19338.33
      7117.4    0.2257377     2.091151   0.04537897     19336.87
      7117.6    0.2363398     2.101747   0.05567895     19337.72
      7117.8    0.2480076     2.112094   0.05917167     19338.89
        7118    0.2609862     2.124724   0.06856324     19339.72
      7118.2    0.2749311     2.138488   0.08206266     19340.36
      7118.4    0.2905461     2.156597   0.09532451     19340.87
      7118.6     0.308172     2.177744    0.1121373      19340.4
      7118.8     0.326776     2.200984     0.123847     19338.12
        7119    0.3463656     2.228198    0.1280029     19337.07
      7119.2    0.3677675     2.255675    0.1287063     19338.16
      7119.4      0.39105     2.280146    0.1254837     19339.58
      7119.6    0.4148627     2.303949    0.1265494     19338.92
      7119.8    0.4390196     2.328585    0.1307352     19339.35
        7120    0.4635484     2.356914    0.1346183     19342.25
      7120.2    0.4876631     2.384735    0.1268929      19341.9
      7120.4    0.5107401     2.411644    0.1329287     19341.91
      7120.6    0.5323385     2.430099    0.1555249     19342.23
      7120.8    0.5522602     2.463257    0.1587446     19343.01
        7121    0.5701868     2.509155    0.1661186     19341.75
      7121.2    0.5864999     2.538639    0.1661056     19341.26
      7121.4    0.6019732     2.562994    0.1410856     19340.25
      7121.6    0.6171704     2.596142    0.1276415     19338.69
      7121.8    0.6313453     2.622023    0.1102943     19336.55
        7122    0.6454882     2.640752    0.1117477      19338.6
      7122.2    0.6599741      2.65123   0.09953509     19337.24
      7122.4    0.6749771      2.68554   0.08283299     19336.58
      7122.6    0.6907598     2.701651   0.08447782     19336.58
      7122.8    0.7073982     2.707019   0.06560967     19336.81
        7123    0.7246244     2.718812   0.04587411     19335.31
      7123.2    0.7421117     2.738028   0.04110655     19337.16
      7123.4     0.759848      2.73835   0.03642284     19337.25
      7123.6    0.7776552     2.739904   0.02702596      19335.6
      7123.8    0.7961446      2.74795   0.07205651     19334.77
        7124    0.8150121     2.759649   0.06873537     19334.14
      7124.2    0.8328134     2.795996   0.03832565     19332.55
      7124.4    0.8501831     2.794892    0.0619937     19330.44
      7124.6     0.866954     2.778611   0.01623392     19328.28
      7124.8    0.8829244     2.809244   0.01908975     19328.71
        7125    0.8975714     2.808983   0.05598905     19329.43
      7125.2    0.9112543     2.810164   0.03015104     19327.39
      7125.4    0.9238391     2.823402   0.03548523     19328.59
      7125.6    0.9357699     2.833364   0.06728972     19329.32
      7125.8    0.9482162     2.837371   0.07185112     19327.76
        7126    0.9606402     2.863996   0.04626048     19327.29
      7126.2    0.9725189     2.880883   0.06437842     19326.24
      7126.4    0.9840004     2.870373   0.06120697     19323.63
      7126.6    0.9951196     2.888874   0.05121721     19321.85
      7126.8     1.006959     2.912962   0.07160701     19321.89
        7127     1.019237     2.921857   0.04594016     19321.78
      7127.2     1.031605     2.927658   0.01811587     19322.45
      7127.4     1.044896     2.925626   0.00329358     19322.49
      7127.6     1.058822     2.927454  -0.01672133     19320.58
      7127.8      1.07294     2.924492  0.007315212     19319.47
        7128     1.087174     2.914281    0.0342668     19318.83
      7128.2     1.101643     2.931478   0.04552451     19319.13
      7128.4     1.116034     2.954868   0.09773235     19319.39
      7128.6     1.130146     2.960911    0.1022791     19317.16
      7128.8     1.143973     2.992467     0.109229     19313.98
        7129      1.15678     3.013301    0.1689209     19313.47
      7129.2     1.168444     3.042251    0.1963076     19315.68
      7129.4     1.178476     3.096048    0.1574557     19316.39
      7129.6     1.187801     3.149513    0.1079271     19315.88
      7129.8     1.195111     3.139266 -0.0003726224     19314.22
        7130     1.200845     3.128593  -0.07970824     19312.95
      7130.2     1.205506      3.09575  -0.03340964     19313.95
      7130.4     1.208872     3.085747  -0.03377474     19314.77
      7130.6     1.211083     3.112538 -0.007904635     19314.92
      7130.8      1.21221     3.101573   0.01191544     19312.24
        7131     1.212606     3.089426  -0.04508309     19309.01
      7131.2     1.212765     3.095279  -0.06412261     19307.48
      7131.4     1.212909     3.076472  -0.09712543     19305.45
      7131.6      1.21274     3.050275  -0.05310738     19304.87
      7131.8     1.212347     3.011726   0.01256066     19303.19
        7132     1.212164     3.052793  0.008569827     19303.63
      7132.2     1.212309      3.08652   0.04052241     19304.43
      7132.4      1.21213      3.05713  -0.02484662     19303.63
      7132.6     1.211245     3.044144  -0.02204773     19304.16
      7132.8     1.210008     3.032916   0.02391576     19304.22
        7133     1.207406     3.068882   0.04868345     19302.42
      7133.2     1.203162     3.076263   0.05485211     19300.66
      7133.4     1.198439      3.08309  0.004353888     19302.04
      7133.6     1.193519     3.076798   -0.0190994     19303.65
      7133.8     1.188558     3.072365  -0.05357889     19304.44
        7134     1.182651     3.060984  -0.07674805     19304.34
      7134.2     1.176227     3.040227  -0.07236855     19304.33
      7134.4      1.16903     3.015399  -0.06175244     19305.95
      7134.6     1.161348      3.01447  -0.06472696      19308.6
      7134.8     1.154218     3.011582  -0.08319247     19310.06
        7135     1.147286     2.988446   -0.1361986     19312.42
      7135.2     1.140443     2.948845    -0.113115     19312.98
      7135.4     1.133871     2.905511  -0.05812472     19313.75
      7135.6     1.127369      2.92109  -0.05687271     19316.02
      7135.8     1.120697     2.941946  -0.03135873     19315.93
        7136     1.114037     2.903347  -0.02052442     19317.79
      7136.2     1.107297     2.880424  -0.05251339     19319.59
      7136.4     1.100858      2.90467  -0.04137804     19318.97
      7136.6     1.095433     2.899935   0.02964532      19316.1
      7136.8     1.090062     2.870245 -0.005103662     19311.19
        7137     1.085228     2.904141   0.02013332     19302.27
      7137.2     1.080824     2.900587   0.07523259     19287.29
      7137.4     1.076564     2.916042   0.02171938     19263.95
      7137.6     1.072602     2.930431   0.02119032     19229.48
      7137.8     1.069144     2.921516  -0.03072644      19189.1
        7138     1.065984     2.917539   -0.0338912     19148.83
      7138.2     1.063312     2.891461   0.03827007     19115.64
      7138.4     1.060265     2.903318   0.03869136     19091.22
      7138.6     1.057155     2.952132   0.06987211     19084.26
      7138.8      1.05399     2.948493   0.04440237      19090.6
        7139     1.051008     2.947358  -0.01597499      19106.5
      7139.2     1.048782      2.93884  -0.01892033     19130.19
      7139.4     1.047173     2.939352  -0.01722145     19159.39
      7139.6     1.045913     2.933356 0.0001204429     19189.46
      7139.8     1.044436     2.933581 -0.006660489     19217.18
        7140      1.04342     2.938936  0.003497217      19244.7
      7140.2     1.042463     2.934024  -0.01809165     19270.39
      7140.4     1.040938     2.936154  0.002876144      19288.7
      7140.6     1.040031     2.919108   0.03144925      19301.1
      7140.8     1.039554     2.941237   0.05167423     19308.38
        7141     1.039087     2.959183   0.08133428     19312.08
      7141.2     1.038949     2.977493   0.05313779     19313.48
      7141.4     1.039188     2.984175   0.03906966     19311.64
      7141.6     1.038837     2.983747   0.03676558     19303.55
      7141.8     1.038053     2.990439   0.05261251     19283.83
        7142     1.037272     3.006906   0.03764293     19255.67
      7142.2     1.036382     3.026265 -0.0008640542     19220.66
      7142.4     1.035302     3.013861 -0.008609267     19179.11
      7142.6     1.034217     2.989748  -0.01537563     19139.06
      7142.8     1.033212     3.000018    -0.012372     19104.52
        7143       1.0322     3.013965  -0.01224586     19080.11
      7143.2      1.03118     3.003964  -0.05688455     19073.17
      7143.4     1.029965     2.979951  -0.07784278     19084.22
      7143.6     1.028882     2.954511  -0.07324763     19110.71
      7143.8     1.027918     2.951691  -0.03426289      19146.5
        7144     1.026955     2.945366  -0.01997708     19186.95
      7144.2     1.026253     2.952541  -0.07350924     19228.29
      7144.4     1.025191     2.938529  -0.06441655      19262.6
      7144.6     1.024277     2.892883  -0.02888667     19291.51
      7144.8     1.023446     2.893832  -0.01444246     19309.95
        7145     1.022481     2.929431   0.04859045      19317.8
      7145.2     1.021651     2.926975   0.04076238     19327.23
      7145.4      1.02029     2.931756  -0.03908017     19332.64
      7145.6     1.018082     2.926442   -0.0332321      19334.6
      7145.8     1.016336     2.898167   0.04243832     19337.03
        7146      1.01507     2.900389   0.09440861     19342.01
      7146.2     1.013422     2.965706    0.1534844     19345.81
      7146.4     1.011722     3.001969    0.1160048     19349.31
      7146.6     1.009527     3.020955   0.02612066     19350.61
      7146.8     1.007178     2.993193  -0.02122866     19354.41
        7147     1.004677     2.986603  -0.03556779     19357.85
      7147.2     1.002399     2.984986   0.02183709     19358.33
      7147.4     1.000081     2.992501   0.01817334     19359.48
      7147.6    0.9970297     3.010663 -0.005905279     19360.58
      7147.8    0.9942647     3.001142   0.02513854     19363.36
        7148    0.9912972     2.980262  0.005561279     19364.93
      7148.2     0.988068     3.012611  -0.01989842     19366.56
      7148.4    0.9850155     3.015112  -0.01636234     19369.38
      7148.6     0.982092     2.985223  -0.07971038     19371.53
      7148.8    0.9792109     2.967172  -0.06275462     19373.17
        7149    0.9762965     2.948843   0.01387656     19374.38
      7149.2     0.973165     2.964908    0.0581468     19374.36
      7149.4    0.9697114     2.996324     0.107806     19374.07
      7149.6    0.9665194      3.01369    0.1112405     19374.38
      7149.8    0.9638298     3.035088     0.100501     19376.95
        7150    0.9612033     3.053901   0.06072288     19380.43
      7150.2    0.9583744     3.076725   -0.0158542     19382.04
      7150.4    0.9554054     3.062268 -0.007694269     19384.27
      7150.6    0.9528356     3.022405 -0.001264181     19384.91
      7150.8    0.9506338     3.047745  0.001896999     19385.11
        7151    0.9484061     3.075714   0.06341939     19388.46
      7151.2    0.9461024     3.063786   0.05108411     19390.72
      7151.4    0.9439993      3.07314  -0.00174379     19391.27
      7151.6    0.9416123     3.088613  0.009425484     19391.39
      7151.8    0.9396031     3.074318  -0.03218051      19389.9
        7152    0.9378891     3.071326  -0.03496463     19390.41
      7152.2    0.9365087     3.047396 -0.001914394     19391.79
      7152.4    0.9355309     3.060641   0.00622448     19393.27
      7152.6    0.9347082     3.072787   0.02645109      19393.6
      7152.8     0.933903     3.076306  -0.01701605     19393.57
        7153    0.9330374     3.068557   0.01787697     19393.95
      7153.2    0.9328909     3.047028   0.03454683     19395.28
      7153.4    0.9329329     3.087089   0.04341077     19397.18
      7153.6    0.9324167     3.103943   0.07318795     19397.84
      7153.8    0.9319035     3.103285   0.03420889     19396.98
        7154    0.9317807     3.105578   0.01850181     19396.97
      7154.2    0.9321583     3.114456   0.02079113     19398.78
      7154.4    0.9327549     3.118744  0.003155653     19399.63
      7154.6    0.9330263     3.119918  -0.03040631     19400.17
      7154.8    0.9335545     3.108103  -0.05227429     19400.63
        7155    0.9345312     3.090131  -0.06554297     19402.46
      7155.2    0.9354443     3.076925  -0.07617863     19404.67
      7155.4    0.9365464     3.067484   -0.0346562     19404.54
      7155.6    0.9375875      3.04716   0.02183094      19404.7
      7155.8    0.9385829     3.062406   0.01972886     19405.63
        7156     0.939811      3.09439   0.03434663     19405.44
      7156.2    0.9406355     3.083267 -0.009547322     19405.64
      7156.4    0.9413389     3.074637  -0.07914266     19407.49
      7156.6    0.9423305     3.054768  -0.04818361     19410.06
      7156.8     0.943466     3.031076  -0.01508399     19411.64
        7157    0.9449315      3.04472  -0.01334315     19411.72
      7157.2    0.9462992      3.06257  0.004184573     19410.98
      7157.4    0.9477719     3.044093   0.02219807     19410.63
      7157.6    0.9494863     3.034423  -0.01906092     19410.28
      7157.8    0.9508071     3.062478    0.0103856     19413.53
        7158    0.9515715     3.047321    0.0351008     19416.21
      7158.2    0.9522605     3.052402 3.749333e-05     19419.88
      7158.4    0.9527483     3.062504   0.03993134     19420.64
      7158.6    0.9544625     3.062508   0.04581808     19421.26
      7158.8    0.9561067     3.079267  0.001763944     19420.78
        7159    0.9573776     3.089056  0.005759597     19421.31
      7159.2    0.9582938     3.063915  -0.01273529     19421.33
      7159.4    0.9594817     3.067116  -0.03054448     19422.36
      7159.6    0.9600509     3.069078   0.01107332     19421.31
      7159.8    0.9607699     3.064621  -0.03220592     19419.86
        7160    0.9617382     3.072774  -0.06432974     19419.77
      7160.2    0.9627247     3.041351  -0.04972418     19421.87
      7160.4     0.963641     3.017614  -0.05306574     19423.12
      7160.6    0.9643988     3.024841  -0.01465839     19424.12
      7160.8    0.9650091     3.030321  0.003668547     19426.47
        7161    0.9654152     3.029625  0.004259119     19427.36
      7161.2    0.9656888     3.020549   0.01906087     19427.55
      7161.4    0.9662391     3.028249   0.02662045     19428.96
      7161.6    0.9670454      3.04557   0.03806651     19431.26
      7161.8     0.967687     3.050921   0.03907303     19431.16
        7162    0.9677895     3.051003   0.04838998     19428.41
      7162.2    0.9677667     3.059507   0.04118396     19426.73
      7162.4    0.9681999     3.084282   0.03910067      19427.1
      7162.6    0.9689354     3.083868   0.04426961     19428.95
      7162.8    0.9698501     3.082283  -0.02772643     19430.57
        7163     0.970504     3.094923  -0.04504372     19432.37
      7163.2    0.9708314     3.062101  -0.08480296     19433.38
      7163.4        0.971     3.047833   -0.1252614     19433.08
      7163.6    0.9711476     3.014441   -0.0639743     19433.83
      7163.8    0.9713715     2.994714  -0.05410321     19433.61
        7164    0.9719963     3.010921  -0.02156859     19434.71
      7164.2    0.9727262     3.004551 -0.004500281     19433.17
      7164.4    0.9732249     2.997186   -0.0277044     19434.49
      7164.6    0.9733936     2.991113  0.009075019     19433.84
      7164.8    0.9738431     2.988758 -0.006294928     19434.17
        7165    0.9743245     3.011811  -0.01546232     19434.17
      7165.2    0.9750749      2.99215  -0.01204038     19436.29
      7165.4    0.9756066     2.978744   -0.0509744     19437.24
      7165.6    0.9762431     2.979125  -0.01579042     19439.93
      7165.8    0.9770206     2.971031   0.01489384     19440.69
        7166    0.9776423     2.979518   0.03316775     19439.29
      7166.2    0.9784005     2.990659   0.05347744     19438.15
      7166.4    0.9790871      3.00566   0.02427385     19439.03
      7166.6    0.9796547     3.013813  -0.02949555     19439.65
      7166.8    0.9802673     2.998937   -0.1088143     19440.26
        7167    0.9808067     2.967062   -0.1642656     19441.76
      7167.2    0.9811822     2.918608   -0.1853727     19443.75
      7167.4    0.9815462     2.882401   -0.2090077        19445
      7167.6    0.9823368     2.850638   -0.2273206     19445.14
      7167.8    0.9834064     2.799856   -0.2268141      19445.1
        7168    0.9841049     2.736752   -0.1359979     19444.63
      7168.2     0.984819     2.700949   0.04314209      19443.8
      7168.4    0.9856817      2.74184    0.2779255     19443.12
      7168.6    0.9866355      2.83437    0.4726615     19444.22
      7168.8    0.9882326     2.959092    0.5242507     19445.49
        7169    0.9893093     3.079078    0.4793577     19444.54
      7169.2    0.9901914     3.161241    0.3301178     19446.53
      7169.4    0.9911849     3.217856    0.1642069     19448.51
      7169.6    0.9918519     3.223186   0.08619298     19451.98
      7169.8    0.9923198     3.210444  -0.01322178     19451.52
        7170    0.9929046     3.230195  -0.04028791     19450.15
      7170.2    0.9934315     3.207278  -0.03030017     19448.26
      7170.4    0.9938176     3.190956  -0.04875948     19447.09
      7170.6    0.9944382     3.186204  -0.05244736     19446.78
      7170.8    0.9952448     3.191187  -0.08256105     19448.69
        7171    0.9957931      3.16532   -0.0976964     19449.36
      7171.2    0.9967531     3.124907   -0.1371713     19450.25
      7171.4    0.9977662     3.108047   -0.1520423     19451.27
      7171.6     0.998623      3.08145   -0.1236176     19451.28
      7171.8    0.9995639     3.043687   -0.1125034     19452.88
        7172     1.000339     3.026013  -0.09200916     19451.72
      7172.2     1.000513     3.018044  -0.06803041     19450.09
      7172.4     1.000954     3.007843  -0.06572851     19450.16
      7172.6     1.001794     2.989262  -0.06174671     19452.33
      7172.8     1.002415      2.97343  -0.07401639     19455.76
        7173     1.002673     2.968647  -0.06908678     19455.63
      7173.2     1.002965      2.94863  -0.04667019     19454.33
      7173.4     1.003193     2.933993  -0.04352817     19455.84
      7173.6     1.002943     2.936094  0.002616526     19457.79
      7173.8     1.002959     2.933824   0.03587198     19459.31
        7174      1.00359     2.950723   0.03127778     19461.19
      7174.2     1.004301     2.962691   0.04519748     19461.64
      7174.4      1.00472     2.961116    0.0294585     19460.03
      7174.6     1.005025     2.969982  -0.01642523     19460.28
      7174.8     1.005575      2.97429  -0.01182238      19460.5
        7175     1.006295      2.94955 5.507363e-05     19461.49
      7175.2     1.006485     2.951658  0.001790316     19463.18
      7175.4     1.006511     2.970026    0.0287853     19465.01
      7175.6     1.006971     2.975722   0.01203529     19466.07
      7175.8     1.007257     2.972579  -0.02800373     19467.04
        7176     1.007395     2.961287   -0.0394307     19468.39
      7176.2     1.007109     2.947623  -0.05433842     19468.65
      7176.4     1.007014     2.944178  -0.04563105     19469.44
      7176.6     1.007817     2.929108  -0.04808849     19471.01
      7176.8     1.008012     2.924782  -0.06470534     19469.41
        7177      1.00784     2.909152  -0.04813449     19470.18
      7177.2     1.007692     2.892413  -0.01167481     19471.82
      7177.4     1.007581       2.8906  0.006398891      19472.6
      7177.6     1.007645     2.915442   0.01444873        19475
      7177.8     1.007732     2.914271    0.0171298        19476
        7178     1.007751     2.903972  -0.02541117     19474.87
      7178.2     1.007643     2.904304  -0.02497192     19474.12
      7178.4     1.007612     2.895113   -0.0199345      19475.5
      7178.6     1.007832     2.894294  -0.02228423     19476.91
      7178.8     1.008032     2.888025  0.007078855     19476.67
        7179     1.008008     2.886477 4.695521e-06     19477.59
      7179.2     1.007817     2.900776  0.009232589     19479.09
      7179.4     1.007627     2.894298   0.01430743     19479.96
      7179.6     1.007309     2.895411  -0.02161225     19480.04
      7179.8     1.007062     2.897923   0.01659221     19479.68
        7180     1.007281     2.883486   0.01988065     19480.66
      7180.2     1.007386     2.907571    0.0187135     19481.12
      7180.4      1.00786     2.911315   0.03193975     19480.43
      7180.6     1.007522     2.912893 -0.003895582     19483.96
      7180.8     1.008022     2.909038  -0.02653949     19486.43
        7181     1.008772     2.904455  -0.05708597     19488.56
      7181.2     1.009044     2.890084  -0.05836852     19489.59
      7181.4     1.008829     2.867225  -0.05042644     19487.37
      7181.6     1.008977     2.862343 -0.001439926        19487
      7181.8     1.009245     2.864114   0.01483869     19488.68
        7182     1.009619     2.888932   0.02165061     19488.76
      7182.2     1.010152     2.879096   0.03708955     19489.39
      7182.4     1.010185     2.879664    0.0218894     19490.53
      7182.6     1.010072     2.893785   0.02483562     19491.65
      7182.8     1.010263     2.906443  0.001035029     19493.48
        7183     1.010426     2.898964  0.002759483      19494.3
      7183.2     1.010282     2.880492 -0.0009280011     19492.79
      7183.4     1.010153     2.895993  -0.02976682     19490.13
      7183.6      1.01021     2.905701  -0.02021853     19488.92
      7183.8     1.010441     2.875151 -0.005246437     19489.66
        7184     1.011062     2.864317 -0.001879174     19492.04
      7184.2     1.011521     2.891796   0.01919399     19494.87
      7184.4     1.011731     2.904198   0.01893186     19495.44
      7184.6     1.012104     2.890506  -0.02077119      19497.1
      7184.8     1.011929     2.879463  -0.05576405     19499.48
        7185     1.011968     2.875179  -0.06459979     19498.21
      7185.2     1.011764     2.859586  -0.06072394     19498.46
      7185.4     1.011292     2.838826   -0.0710243     19501.02
      7185.6     1.011264     2.830883  -0.06393875     19501.88
      7185.8     1.011548      2.81836  -0.05211905     19503.02
        7186     1.011927     2.808435  -0.06795911     19503.41
      7186.2       1.0122     2.797131  -0.06281703     19504.63
      7186.4     1.012076     2.776516  -0.02571289     19505.97
      7186.6      1.01194     2.768106   0.01623535      19505.4
      7186.8     1.011841     2.787865   0.05137549     19505.17
        7187     1.011919     2.810119    0.0641481      19506.2
      7187.2     1.012237     2.817616   0.07756123     19506.36
      7187.4     1.012841     2.819424    0.0757915     19507.06
      7187.6     1.013277     2.849914   0.05604386     19508.07
      7187.8     1.013444     2.870752   0.07095646     19508.75
        7188     1.013423     2.862452   0.06987704     19509.81
      7188.2     1.013612      2.87619   0.05292915     19513.86
      7188.4     1.013924     2.905816   0.05439033     19517.71
      7188.6     1.014139     2.913096   0.03020786     19519.22
      7188.8     1.014447     2.905964  0.001460962     19519.61
        7189     1.014468     2.900356   0.01677133     19518.64
      7189.2     1.014012     2.906985   0.04010487     19518.98
      7189.4      1.01336     2.926513   0.04316944     19518.36
      7189.6     1.013083     2.938048   0.01150135     19516.32
      7189.8     1.013155     2.934891  -0.01647008      19514.7
        7190     1.013175     2.916186 -0.001629561     19516.27
      7190.2     1.013139     2.913337   0.04367166     19518.63
      7190.4     1.012607     2.936744   0.07168883     19518.65
      7190.6      1.01275     2.969829   0.03783656     19520.91
      7190.8      1.01295     2.973537   0.01598189     19520.93
        7191     1.012945     2.943606  0.005989964     19522.61
      7191.2     1.012835      2.94953 -0.009511327      19522.7
      7191.4      1.01277     2.974621  0.008943164     19524.74
      7191.6     1.012729     2.965928  0.004748578     19526.47
      7191.8     1.012938      2.95076  -0.01503353     19527.82
        7192     1.013253     2.953328  -0.00411352     19530.39
      7192.2     1.013439     2.962594 -0.003886045     19529.63
      7192.4     1.013399     2.962637  -0.01945007     19531.11
      7192.6     1.013319     2.947652  -0.04767885     19531.26
      7192.8     1.013196     2.937768  -0.05474644     19530.16
        7193     1.012987     2.924451 -0.001842888     19530.28
      7193.2     1.012947      2.91884   0.03105625     19531.87
      7193.4     1.013363     2.946177   0.03892404     19534.22
      7193.6     1.013682     2.962613   0.04655701     19533.46
      7193.8     1.013485      2.95559   0.02374686     19532.81
        7194     1.013414     2.956085   0.03259215     19534.19
      7194.2     1.013381     2.965175   0.06514954     19536.15
      7194.4     1.013229     2.988687   0.09350847     19535.47
      7194.6     1.013219      3.00771   0.06230043     19534.83
      7194.8     1.013582     3.030892   0.02335055     19537.56
        7195     1.013718     3.015015    0.0149337     19537.82
      7195.2     1.013906     3.007368   0.01376199     19538.46
      7195.4     1.014075     3.019657   0.01552697     19538.05
      7195.6     1.014252     3.041902  -0.02708623      19541.8
      7195.8     1.014436     3.027437  -0.05723611     19544.86
        7196     1.014337     2.985699  -0.08718325     19545.55
      7196.2     1.014486     2.973868  -0.06551695     19546.04
      7196.4      1.01483     2.972155 -0.009876427     19545.93
      7196.6     1.015357     2.975023  0.008971487     19548.01
      7196.8     1.015619     2.977797  -0.01122681     19550.03
        7197     1.015761     2.981045  -0.01606294     19550.94
      7197.2     1.016017     2.963174  -0.02928283     19550.28
      7197.4      1.01608     2.962173    -0.061428     19548.55
      7197.6     1.016195     2.954371  -0.03529347      19549.6
      7197.8     1.016331     2.931903   -0.0228153     19551.64
        7198     1.016096     2.934939 -0.005003402     19551.77
      7198.2     1.016065      2.94392   0.02058235     19552.12
      7198.4     1.016272     2.950368   0.01396674     19552.67
      7198.6      1.01637     2.948368 -0.0002964211     19552.58
      7198.8     1.016845     2.946112 -0.009818238     19553.11
        7199     1.017204     2.943683  -0.03531006     19554.84
      7199.2     1.017314     2.942514  -0.01056985     19556.96
      7199.4     1.017176      2.92012   0.02144136     19558.65
      7199.6     1.017318     2.937656 -0.009070102     19558.25
      7199.8     1.017527     2.960836   0.04998135     19558.91
        7200     1.017913     2.935258   0.04848595     19560.12
      7200.2     1.018313     2.960105  -0.00468439      19561.8
      7200.4     1.018442     2.976445 -0.008565749     19562.12
      7200.6     1.018584     2.957089  -0.05730672      19560.8
      7200.8     1.018667     2.928405  -0.07009041     19561.73
        7201     1.018691      2.91426     -0.05844     19563.13
      7201.2     1.018992     2.920373  -0.04694407     19563.79
      7201.4     1.018913     2.910337  -0.03926501      19563.3
      7201.6     1.018961      2.89085  -0.06524825     19565.28
      7201.8     1.018932     2.882848  -0.06512472     19566.93
        7202     1.018986     2.868174  -0.02981925     19568.11
      7202.2     1.019324     2.858237  -0.03128453     19569.18
      7202.4     1.019293     2.866995  -0.03740133     19568.21
      7202.6     1.019363      2.85782 -0.004186076     19569.01
      7202.8     1.019661     2.838253   0.01713301     19571.68
        7203     1.019471     2.854888   0.01977363     19572.28
      7203.2     1.019199     2.880701   0.02571892     19572.17
      7203.4      1.01944     2.873639 -0.002314531     19573.68
      7203.6     1.019674     2.858828  -0.05589312     19574.65
      7203.8     1.019835     2.853037  -0.04918594     19576.01
        7204     1.020068     2.835986  0.004056839     19575.34
      7204.2      1.01963     2.834291  0.008095269     19575.69
      7204.4     1.019293     2.862074   0.02905195     19574.93
      7204.6     1.019171     2.859513   0.01468427     19574.25
      7204.8     1.019057     2.859228   -0.0409146     19575.96
        7205     1.019527     2.846038  -0.03982403     19577.39
      7205.2     1.019803     2.829342   -0.0248816     19580.32
      7205.4     1.019708     2.827654  -0.02108307      19582.1
      7205.6     1.019745     2.839323   -0.0199416     19581.24
      7205.8     1.019395     2.829172 -0.008996463     19581.01
        7206     1.019254     2.813389  -0.01292677     19582.45
      7206.2     1.019532     2.820456   -0.0113952     19584.27
      7206.4      1.01968     2.828981 -0.007844227     19585.23
      7206.6     1.019803     2.820055  -0.02162014     19585.16
      7206.8     1.019955     2.807113  -0.03379516     19584.06
        7207     1.019881      2.80316  -0.02126254     19583.84
      7207.2     1.019668     2.801945 -0.007276327     19585.79
      7207.4     1.019688     2.803045  -0.01746856     19587.35
      7207.6     1.019825     2.801292 -0.004470635     19588.69
      7207.8     1.019784     2.789186  0.003511688     19590.18
        7208     1.019912     2.798369   0.02112041     19591.31
      7208.2     1.020284     2.805855   0.03584715     19591.46
      7208.4      1.02055     2.818189   0.01118334     19591.88
      7208.6     1.020977     2.817863     0.011427     19594.94
      7208.8      1.02091     2.807315  -0.01113875     19597.53
        7209     1.020275     2.814996  -0.02467238     19596.44
      7209.2     1.020106     2.809278   0.01225783      19596.5
      7209.4      1.01983     2.798125  0.005721819     19597.76
      7209.6     1.019799     2.817122  0.005243028     19598.51
      7209.8     1.020207     2.819574   0.04393731     19598.15
        7210     1.020093     2.813472   0.01955297     19599.49
      7210.2      1.02019     2.833275   0.01574907     19599.47
      7210.4     1.020497     2.832764   0.04936931     19598.64
      7210.6     1.020562     2.832173    0.0039178     19598.27
      7210.8     1.020261     2.852967  -0.01638756     19598.86
        7211     1.019652     2.836409  0.002685983     19600.16
      7211.2      1.01911     2.819654  -0.03146821     19598.99
      7211.4     1.018926     2.834322  -0.01228523     19598.59
      7211.6     1.018948     2.827793   0.02402029     19601.08
      7211.8     1.018831     2.826581   0.02286751     19603.25
        7212     1.018954      2.83887   0.04738602     19605.63
      7212.2     1.018562     2.852616   0.05180094     19603.43
      7212.4     1.018231     2.865702   0.06540919     19600.62
      7212.6     1.018041     2.868022   0.09040637     19603.02
      7212.8     1.017722     2.891197    0.1170723     19604.02
        7213     1.017774     2.924941    0.1149661     19605.09
      7213.2     1.017162      2.95936    0.0800033     19606.34
      7213.4     1.017031     2.959995   0.01650963     19607.32
      7213.6     1.016746       2.9552 -0.003449479     19607.49
      7213.8     1.016635     2.938149 0.0002460373     19608.82
        7214     1.016321       2.9566   0.02109059     19609.61
      7214.2     1.016015     2.960192   0.07020008     19610.59
      7214.4     1.015656     2.972073    0.0395106     19610.38
      7214.6     1.015166     2.994309   0.03691805     19610.13
      7214.8     1.014993     2.988208    0.0354921     19612.72
        7215      1.01479     2.989726  0.003410874     19615.91
      7215.2     1.014435     3.000466 0.0001614842     19616.32
      7215.4     1.014304     2.997037 -0.007095761     19616.39
      7215.6     1.013984     2.988338   0.01062568     19617.15
      7215.8     1.013276      2.98405   0.06051727     19616.73
        7216     1.012645     3.008967   0.07093747     19617.45
      7216.2     1.012239     3.045451   0.07574686     19617.41
      7216.4     1.012035     3.045088    0.0666908     19617.53
      7216.6     1.011787     3.044647   0.02684443     19617.35
      7216.8     1.011801     3.062319 -0.002381384     19619.28
        7217     1.011899     3.066927   0.02104553     19620.55
      7217.2     1.011555     3.043183   0.02950562     19622.29
      7217.4     1.011326     3.061483   0.04982616      19623.9
      7217.6     1.010847     3.085924    0.1049752     19622.86
      7217.8     1.010747     3.106788   0.09362936     19621.35
        7218     1.010285     3.127163   0.06308002     19624.62
      7218.2     1.009669     3.136387    0.0232789     19624.77
      7218.4     1.009709     3.136388 -0.006070453     19623.39
      7218.6     1.009805     3.125411 -0.007834578     19625.18
      7218.8      1.00941     3.122306  -0.02293252     19627.69
        7219       1.0091     3.130119  -0.00748259     19629.15
      7219.2      1.00919     3.118042   0.01626983     19628.64
      7219.4     1.009021     3.119425  0.009071071     19628.71
      7219.6     1.008742     3.135322   0.04312327     19629.86
      7219.8     1.008665     3.137376   0.01180899     19629.69
        7220     1.008243     3.152541  -0.01244225     19631.43
      7220.2     1.008088     3.128872 -0.009524109     19634.17
      7220.4      1.00807     3.125368  -0.03158542     19635.93
      7220.6     1.008055     3.129757 -0.007818293     19634.66
      7220.8      1.00796     3.127272  0.002753217     19634.03
        7221     1.007635     3.122617  -0.01804315     19635.98
      7221.2     1.007327     3.127571  -0.02270408     19638.23
      7221.4     1.006952     3.115322  -0.04625229     19636.46
      7221.6     1.006561     3.109109   -0.0678836     19637.13
      7221.8     1.006544     3.085615  -0.02850093     19638.66
        7222     1.006151     3.073264 -0.009391956     19638.03
      7222.2     1.005858     3.092522   0.03362671     19637.83
      7222.4     1.006201     3.101595   0.06696136     19640.49
      7222.6     1.006259     3.112517   0.05712105     19642.12
      7222.8     1.006088     3.126833   0.05087144     19644.84
        7223     1.005884     3.138218   0.03579784     19646.36
      7223.2     1.005571     3.142293  0.002628346     19645.57
      7223.4     1.005282     3.141155   -0.0438589     19645.63
      7223.6     1.004917     3.128936  -0.04102569     19645.23
      7223.8     1.004532     3.103131  -0.05229956     19645.75
        7224     1.004234     3.109472  -0.05887375     19646.12
      7224.2     1.004129     3.099315  -0.03171896      19647.4
      7224.4     1.003673     3.081837  -0.05655548     19646.81
      7224.6     1.003924     3.077756   -0.0316268     19646.56
      7224.8     1.003866     3.064228 -0.006793659     19647.21
        7225     1.003235     3.074014  0.002098728     19647.81
      7225.2     1.002996     3.076402  -0.01281803     19648.85
      7225.4     1.002997     3.079435  -0.06315981     19650.14
      7225.6     1.002599     3.053973  -0.08267823     19651.94
      7225.8      1.00228     3.023486  -0.07435599     19652.63
        7226     1.002182     3.010259  -0.03515791     19652.39
      7226.2     1.001763      3.01995 -0.007574354     19651.72
      7226.4     1.001305     3.025847 -0.001369578      19650.4
      7226.6     1.001089     3.017427  -0.02528593     19650.16
      7226.8     1.001038     3.009164  -0.03137114     19654.83
        7227     1.001108     2.999722  -0.03747473     19658.04
      7227.2     1.001066      3.00075  -0.06331545     19657.04
      7227.4     1.000537     2.987447   -0.0446521     19657.09
      7227.6    0.9999796     2.958511  -0.03470675     19657.54
      7227.8     0.999678        2.964   0.01404229        19659
        7228    0.9988959     2.972985   0.04135353     19658.79
      7228.2    0.9987952     2.998681   0.02163516     19658.98
      7228.4    0.9991213     2.991594  -0.01764682     19660.83
      7228.6    0.9986752     2.981308  -0.07193566     19660.65
      7228.8    0.9984952     2.958867  -0.07372792     19661.05
        7229    0.9982805     2.941132  -0.08468899     19661.99
      7229.2    0.9979919     2.932612  -0.06095172     19663.77
      7229.4     0.997575     2.913557  -0.04039775     19665.54
      7229.6    0.9971073     2.910106  -0.03732351     19666.84
      7229.8    0.9962847     2.908814  -0.02682857     19667.43
        7230    0.9958956     2.902753   -0.0434213     19667.21
      7230.2    0.9959177     2.892094  -0.04440635     19666.95
      7230.4    0.9959518     2.875369  -0.02201411     19666.23
      7230.6    0.9958302     2.873289  -0.01898043     19666.42
      7230.8    0.9952964     2.885142  -0.03139865     19667.84
        7231    0.9948431      2.87691  -0.04024403     19669.42
      7231.2    0.9945767      2.85025  -0.04040466     19669.63
      7231.4    0.9943405     2.841094  -0.01528951     19669.91
      7231.6    0.9944361     2.852818   0.02181954     19672.74
      7231.8    0.9941981     2.864678   0.01388542     19673.78
        7232    0.9938171     2.867705  -0.03005428     19675.18
      7232.2    0.9933406     2.852202    -0.076488     19674.29
      7232.4    0.9929776     2.828775  -0.07081705     19675.58
      7232.6    0.9930228     2.803488  -0.03286277     19675.91
      7232.8    0.9931557     2.811052  0.007801114     19676.43
        7233    0.9933646     2.825912   0.01815993     19678.35
      7233.2    0.9932836     2.835015  -0.02947613     19677.96
      7233.4    0.9934064     2.818016  -0.06288402      19678.8
      7233.6     0.993084     2.787471   -0.0782874     19681.05
      7233.8    0.9926629     2.775605  -0.05296607     19680.03
        7234    0.9924837     2.772386 -0.004080114     19679.59
      7234.2    0.9922452     2.775643   0.01001047     19681.99
      7234.4    0.9919774     2.784207   0.01216576     19683.99
      7234.6    0.9920497     2.783613   0.01029533     19685.74
      7234.8    0.9922514     2.782118 -0.009480621      19686.9
        7235    0.9921367     2.783879  -0.01789258     19686.08
      7235.2    0.9918168     2.776622   -0.0062587     19685.19
      7235.4    0.9914681     2.769299 -0.0002465804      19685.2
      7235.6     0.991475     2.777111 -0.007120898     19686.59
      7235.8    0.9915678     2.783682  0.008677611     19689.45
        7236    0.9916842     2.770926  0.005468618     19691.49
      7236.2    0.9912511     2.776241 -0.003426315     19692.21
      7236.4    0.9908969     2.781486   0.01313378     19692.69
      7236.6    0.9911042     2.780941 -0.002341356     19693.29
      7236.8    0.9910454     2.781433 -0.004546164     19693.28
        7237    0.9911146     2.774368  0.001027719     19693.85
      7237.2    0.9911911     2.777849  0.004586415     19695.16
      7237.4    0.9910252     2.781763   0.03938306     19693.78
      7237.6    0.9910841     2.785102   0.05913538     19694.85
      7237.8    0.9910752     2.805874   0.07530409     19696.74
        7238    0.9907537     2.825157    0.1255424      19696.1
      7238.2    0.9904738     2.842006    0.1672075     19695.48
      7238.4    0.9905905     2.885536    0.1481226     19694.89
      7238.6     0.990874      2.93964   0.08293434     19694.51
      7238.8    0.9908195     2.943656  0.007699405     19693.91
        7239    0.9907596     2.908354   -0.1405225     19693.07
      7239.2    0.9907673     2.891695   -0.2600902     19694.76
      7239.4    0.9904058     2.827222   -0.2389088     19695.24
      7239.6    0.9899902     2.735583   -0.2423139     19695.12
      7239.8    0.9900705     2.717227   -0.2466128     19695.91
        7240    0.9902314     2.697844   -0.1922299      19696.5
      7240.2    0.9903837     2.629932   -0.1714362     19697.26
      7240.4    0.9902953     2.581799   -0.1422594     19698.44
      7240.6    0.9901869     2.580078  -0.02583326     19698.51
      7240.8    0.9904748     2.584037   0.09317504     19698.64
        7241    0.9909048     2.609265   0.09888449     19700.77
      7241.2    0.9914135      2.65634   0.05882394     19703.21
      7241.4    0.9914458     2.659185   0.02618402     19702.86
      7241.6    0.9915148     2.631096 -0.005530378     19703.22
      7241.8    0.9917115     2.630213   0.01959504     19705.08
        7242    0.9915992     2.651915   0.07378387     19705.35
      7242.2    0.9918226     2.674861    0.0756918     19705.24
      7242.4    0.9921773     2.690123    0.0477868     19706.46
      7242.6     0.992318     2.690766   0.02659252     19708.43
      7242.8    0.9925701     2.690145     0.019365      19709.1
        7243    0.9927822     2.696135   0.02946413     19710.21
      7243.2     0.993299     2.705615   0.02213812     19712.35
      7243.4    0.9937144     2.714337  0.007615264     19711.78
      7243.6      0.99417     2.707855 -0.002554664     19711.02
      7243.8    0.9946208     2.702227 -0.005382291     19712.02
        7244    0.9948223     2.703571   0.03270865     19711.52
      7244.2    0.9951573     2.710032    0.0398745     19711.03
      7244.4    0.9954598     2.734022   0.02885281     19712.59
      7244.6    0.9953437     2.734127  0.009574638     19714.48
      7244.8    0.9951655     2.726653  -0.03687984     19713.96
        7245    0.9948885     2.717691  -0.02541224     19714.44
      7245.2    0.9946823     2.704518   0.02156236     19715.04
      7245.4    0.9947396     2.713797   0.03750868     19715.11
      7245.6    0.9948271     2.743903   0.02692597     19715.95
      7245.8    0.9950452     2.747698   0.03593751     19717.02
        7246     0.995513     2.726059    0.0349275     19719.68
      7246.2    0.9958719     2.742547   0.03990847     19721.21
      7246.4    0.9958574     2.771845   0.05227323     19721.83
      7246.6    0.9961927     2.779625   0.06829372     19721.96
      7246.8    0.9965491     2.767878   0.03692617     19722.78
        7247    0.9968434     2.797182   0.03438799     19723.04
      7247.2    0.9972895     2.801386   0.04970913     19723.52
      7247.4    0.9980268     2.807135   0.00834689     19727.08
      7247.6    0.9982843     2.807645 -0.001274359      19729.9
      7247.8    0.9985649      2.80386 -0.005433443     19729.09
        7248    0.9985555     2.800367  -0.01139361     19727.75
      7248.2    0.9983179     2.802789   -0.0325821     19727.33
      7248.4    0.9981705      2.79853  -0.03342528     19728.37
      7248.6    0.9982372     2.777794  -0.02048658     19729.16
      7248.8       0.9986     2.773626  -0.02754145      19729.7
        7249    0.9989852     2.786399  -0.02237206     19730.03
      7249.2    0.9991351     2.776497  -0.01842441     19729.35
      7249.4    0.9990383     2.759896  -0.04373869     19728.79
      7249.6     0.999098     2.758887  -0.04732911     19727.68
      7249.8    0.9995334     2.751408  -0.04642653     19728.49
        7250    0.9997167     2.738634  -0.05009302      19731.4
        7252     1.001787     2.773554 -0.002891945     19738.75
        7254     1.004403     2.764821 -0.0006059563     19744.58
        7256     1.006552     2.722795  0.007102777     19752.62
        7258      1.00924      2.75274  0.001443601     19761.76
        7260     1.012419     2.830376  0.007160162     19767.13
        7262     1.014269     2.776369  0.004762887     19774.35
        7264     1.015902     2.780077 -0.004077319     19783.23
        7266     1.017695     2.790843  0.003016297     19792.71
        7268     1.018504     2.797757  0.008797799     19793.89
        7270     1.018408       2.8005  0.004125006     19799.21
        7272      1.01851     2.850459  0.006469197     19809.14
        7274     1.018262     2.823844  0.007937836     19816.72
        7276      1.01768     2.849511 -0.0005889429     19823.24
        7278     1.016915     2.864002   0.01079375     19829.57
        7280     1.016719     2.845748  0.005596031     19834.76
        7282     1.014899     2.910194  0.004526919     19842.74
        7284     1.013895     2.894279  0.009754164      19848.5
        7286     1.012874     2.900218 -0.001718581     19853.67
        7288     1.010309     2.923781 -0.003204145     19863.28
        7290     1.009071     2.896445 -0.007827643     19871.46
        7292      1.00816     2.868646  -0.01601815     19878.73
        7294      1.00647     2.837597  -0.01861775     19882.11
        7296     1.006303     2.795636  -0.01574709     19890.45
        7298     1.004294     2.747503  -0.01576585     19896.59
        7300     1.003916     2.742669  -0.01134023     19904.85
        7302     1.003724      2.71147 -0.009801809     19911.45
        7304     1.003801     2.704914  -0.01007832     19920.32
        7306     1.002812     2.669088 -0.006023935     19926.68
        7308     1.002794     2.662043  -0.00636775     19930.76
        7310     1.003104     2.663278 -0.003215564     19935.45
        7312     1.002819     2.653972 -0.002369238     19938.87
        7314     1.003297     2.643364 -0.007544103     19947.93
        7316     1.002508     2.643089 -0.009022092     19957.17
        7318     1.002431     2.602926  0.002090844     19963.04
        7320     1.001984     2.581795  0.005751682     19969.93
        7322     1.002427     2.660091  0.006635484     19977.64
        7324     1.002264     2.689102  0.005911993     19981.54
        7326     1.001616     2.656009  -0.00216159     19986.98
        7328     1.001396     2.629091 -0.007391838        19992
        7330     1.000783     2.642798 -0.005456633     19995.86
        7332      1.00038     2.629968 -0.003468382     20000.64
        7334     1.001355     2.612356 -0.005304406     20011.08
        7336     1.000554     2.601344 -0.002721287      20016.1
        7338      1.00028     2.600363 -0.004976774     20024.65
        7340     0.999994     2.608197 -0.004738414     20032.77
        7342    0.9998889     2.572542  0.001493051      20037.7
        7344     1.000053     2.563437   0.00494794     20041.37
        7346     0.999992     2.612307  0.008916655     20045.37
        7348    0.9998393     2.647781   0.01156891     20051.66
        7350    0.9997489     2.643875  0.009999701     20060.54
        7352     1.000106     2.655988  0.004607339     20068.28
        7354    0.9994864     2.692305  0.008383886     20075.06
        7356    0.9994699     2.684639  0.005863462     20079.01
        7358      1.00045     2.710946  0.001118612     20085.63
        7360     1.000451     2.702896  0.005006296     20091.23
        7362     1.000215     2.701254  0.003452604      20096.2
        7364    0.9997628      2.72469 -0.001316224     20102.83
        7366      1.00025     2.738567  0.001494046     20107.24
        7368    0.9998789     2.692366 -0.002406251     20112.33
        7370     1.000505     2.713206  -0.01104255     20119.88
        7372     1.000661      2.70544 -0.006693901     20131.14
        7374     1.000678     2.650227  -0.01078182     20131.23
        7376    0.9999536     2.638815  -0.01770054     20139.87
        7378     1.000374     2.626951  -0.01350786     20146.23
        7380    0.9995849     2.563835  -0.01321642     20151.65
        7382    0.9995641     2.542164  -0.01531096     20157.09
        7384    0.9995979     2.533083 -0.007042957     20162.06
        7386    0.9995452     2.504464 -0.003815427     20171.12
        7388    0.9999483     2.507492 -0.004775136     20176.31
        7390    0.9992192     2.511641 -0.0007762565     20180.51
        7392    0.9986836     2.494882 -0.0008599221     20182.85
        7394    0.9988935     2.498254 0.0002013044     20192.15
        7396     0.998495     2.500612 0.0004140324     20198.63
        7398    0.9991573     2.513251  0.001449892     20203.62
        7400    0.9987511     2.498194  0.001082166     20208.36
        7402    0.9983502     2.509853 0.0006731349     20217.35
        7404    0.9978783      2.50927  0.007354324     20219.43
        7406     0.998379     2.518636  0.001700097     20227.27
        7408    0.9981326     2.557029  -0.01138071     20228.89
        7410    0.9969281     2.523453  -0.00885845     20235.89
        7412    0.9965316     2.418224 -0.009254558     20238.14
        7414    0.9970316     2.447769 -0.003745694     20248.88
        7416    0.9973175     2.482993  0.006021507     20253.79
        7418    0.9970262     2.493488  0.001868024     20257.77
        7420     0.996803     2.466396  -0.00336795     20266.98
        7422    0.9961431     2.462713   -0.0060836     20271.94
        7424    0.9962971     2.456049 -0.001426978     20274.19
        7426    0.9956461     2.444819   -0.0027737     20277.95
        7428    0.9961147      2.45498  -0.00170525     20285.65
        7430    0.9955689     2.440523  0.005371606     20293.64
        7432    0.9956364     2.442407  0.001798802     20301.17
        7434    0.9959844     2.487792  0.002072323     20309.29
        7436    0.9958165     2.469371   0.00220095      20311.5
        7438    0.9954257     2.457102 -0.002864869      20313.5
        7440    0.9952851     2.460015 0.0009707604     20322.09
        7442    0.9953098     2.464873   0.00221195     20328.63
        7444    0.9953983     2.477137  0.002855996     20336.86
        7446    0.9955686     2.474797   0.00154278     20341.01
        7448    0.9953279     2.482863 -7.58411e-05     20350.12
        7450    0.9948627     2.477215  0.002078487     20356.13
        7452     0.994938      2.47653 0.0002363993     20361.55
        7454    0.9947518     2.491425 -0.003495381     20366.04
        7456     0.994797     2.484754 -0.001138137     20370.96
        7458    0.9952073     2.449252 -0.003447872     20376.98
        7460    0.9954427     2.467425 -0.005009217     20383.24
        7462     0.995564     2.463842 -0.0002444531     20387.91
        7464    0.9954839      2.44468 -0.003520211     20395.62
        7466    0.9952406     2.447297 -0.005161792     20397.65
        7468    0.9953869     2.439263 -0.004831826     20406.77
        7470    0.9947964     2.422548 -0.005390832     20408.86
        7472    0.9948273     2.406025 -0.004955373     20413.63
        7474    0.9946806      2.40417 -0.004201911     20418.86
        7476    0.9951374      2.39962 -0.003850229     20425.69
        7478    0.9946715     2.388933 -0.003730334     20428.86
        7480     0.995014     2.375224 -0.003833568     20436.28
        7482      0.99487     2.374327 -0.004831785     20442.37
        7484    0.9955789     2.368952  -0.00289909     20444.19
        7486    0.9953763     2.350278 -0.004449443     20450.74
        7488    0.9950548     2.352031 -0.004117808     20455.33
        7490    0.9958089     2.338732 -0.002477466     20462.66
        7492    0.9954742     2.336009 -0.003840863     20463.73
        7494     0.995849     2.330459 -0.000899961     20470.48
        7496    0.9959117     2.321304 -0.002017966     20476.23
        7498    0.9961853     2.331532 -0.005260387     20484.81
        7500    0.9959534     2.319866  -0.00624513     20486.48
        7502    0.9954556     2.288376 -0.001155147     20490.71
        7504    0.9953634     2.271343  0.006149341     20497.72
        7506    0.9959338     2.322291  0.006134585     20500.59
        7508    0.9965396      2.36906  0.005726915     20504.63
        7510    0.9957941     2.337452 -0.0007318439     20505.28
        7512    0.9948052     2.317158 -0.006701355     20511.34
        7514    0.9951839     2.316436 -0.003729325      20515.9
        7516    0.9951991     2.315449 -0.002472364     20516.79
        7518    0.9955055     2.307618 -0.001464215     20509.28
        7520    0.9951177     2.297379 -0.001493354     20495.46
        7522    0.9953786     2.304722 -0.001719605     20493.23
        7524    0.9960303     2.303503  -0.00139966     20421.71
        7526    0.9971983     2.293861 -0.003188673     20132.19
        7528    0.9943772     2.286182 -0.005150945     20280.78
        7530    0.9955935     2.279213 -0.003316266     20190.36
        7532    0.9935338     2.262295 -0.0004299323     20364.76
        7534    0.9946367     2.267331 -0.001234552     20555.28
        7536    0.9947106     2.282743 0.0004165995      20541.5
        7538     0.995247     2.269337  0.001257148     20548.26
        7540     0.994961     2.265628 -0.001429808     20568.31
        7542    0.9947636     2.277388  -0.00159595     20588.15
        7544    0.9947536     2.271304 -0.0002916726     20591.11
        7546    0.9951055     2.256569 -0.0006399005     20597.29
        7548    0.9943203     2.263294 -0.002271387     20601.69
        7550    0.9949704     2.272269 -0.000566471     20605.77
        7552    0.9947884     2.253133 -0.0007904476     20610.35
        7554    0.9950598     2.252037 -0.001055265     20617.12
        7556    0.9953672     2.256971  0.001551169     20622.91
        7558    0.9952927     2.263827  0.002305156     20628.27
        7560    0.9952586     2.265542 -0.0001745747     20632.69
        7562    0.9946536     2.270478 -0.001014573      20636.1
        7564    0.9952924     2.255574 -0.002054567     20644.15
        7566    0.9948046      2.25571 -0.003226723     20649.37
        7568     0.994906     2.249106 -0.002292464     20653.39
        7570    0.9952662     2.244665 -0.003363784     20655.88
        7572    0.9950598     2.237235 -0.002646262      20659.3
        7574     0.994934       2.2288 -0.002687737     20662.93
        7576    0.9952695     2.227936 -0.002352724     20667.94
        7578    0.9957067     2.223163 -0.002953565     20673.23
        7580    0.9957286     2.218413 -0.003910216     20677.99
        7582    0.9951494     2.205171 -0.002835004     20677.91
        7584    0.9952506     2.196654 -0.003888778     20680.03
        7586     0.995334     2.200483 -0.002798448     20684.47
        7588    0.9955168     2.187303 -0.002511912     20691.28
        7590    0.9958729     2.182784 -0.002574508     20693.39
        7592    0.9958485     2.176559 -0.0005426553      20700.2
        7594    0.9957889     2.179887 -8.90499e-05     20701.48
        7596     0.996111     2.182961 -0.001518318      20706.4
        7598    0.9961814     2.182071 -0.001485901     20704.81
        7600    0.9954191     2.164412 -0.0009433108      20708.8
        7602    0.9959016     2.167999 -0.0004532889     20714.91
        7604    0.9964115     2.175415  0.002343087     20720.37
        7606    0.9965663     2.178445 -0.002145921     20723.09
        7608    0.9963904     2.183157 -0.004862844     20724.37
        7610    0.9958214     2.150832 -0.006442403     20728.42
        7612    0.9956254     2.136512 -0.005627472     20733.27
        7614    0.9954454     2.126906 -0.001936973     20738.79
        7616    0.9956795     2.138137 -0.0002879844     20741.37
        7618    0.9957113     2.135336 6.118713e-05     20741.81
        7620     0.995627     2.134208 -0.001190915     20748.45
        7622    0.9955978     2.127395 -0.001678458     20753.88
        7624    0.9954921      2.12861 -0.002230088     20758.11
        7626    0.9955135     2.121909 -0.001122352     20763.35
        7628    0.9958295     2.116367 -0.0008431051     20766.54
        7630    0.9954034     2.118416 -0.0009978047     20771.69
        7632    0.9960266     2.121865 0.0002098364      20771.1
        7634    0.9958338     2.113926 0.0001073617     20776.63
        7636    0.9958852     2.118046 -0.001290431     20779.87
        7638     0.996128     2.119275 -0.0008467961     20787.99
        7640     0.995777     2.111541 -0.002741162     20789.37
        7642    0.9956088     2.107152 -0.003149789     20792.09
        7644    0.9960958     2.096117 -0.003378624     20796.49
        7646    0.9964538     2.094077 -0.003143693     20805.48
        7648    0.9965285     2.084512 -0.001895261     20804.98
        7650    0.9959125     2.082002 -0.001944257     20806.14
        7652    0.9963408     2.080955 -0.0004871287     20811.55
        7654    0.9963372     2.078523 -0.001415565     20818.62
        7656      0.99676     2.080615  -0.00154988     20819.64
        7658    0.9965948     2.070678 -0.001173358      20829.2
        7660    0.9972078     2.068556 -0.001822894     20832.43
        7662    0.9969647     2.069136 -0.0007411328        20837
        7664    0.9974892     2.066032 -0.001242952     20844.13
        7666    0.9972924     2.064749 -0.001026085     20844.19
        7668    0.9975503     2.058612 -0.001188839     20848.04
        7670    0.9975781     2.060927 -0.001412112     20854.68
        7672    0.9975454     2.056522 -0.0004619186     20858.38
        7674    0.9972323     2.053452  -0.00127755     20857.14
        7676    0.9979185     2.054917 -0.0005502589     20864.02
        7678    0.9977768     2.050707 -0.0009583847     20863.06
        7680    0.9975863     2.052119 -0.001935237     20870.41
        7682    0.9980151     2.045785 -0.001988461     20872.44
        7684    0.9981937     2.039435 -0.001853746     20880.19
        7686    0.9981621     2.034799 -0.002120724     20882.76
        7688    0.9984071      2.03729 -0.0005784074     20888.35
        7690    0.9980896     2.028819 -0.0007890304     20887.85
        7692    0.9984251     2.034808 -0.001754515     20891.25
        7694    0.9985992     2.028487 -0.001081115     20898.39
        7696    0.9985445     2.023253 -0.002587862     20901.06
        7698    0.9986702      2.02017 -0.002917366     20906.65
        7700    0.9982053     2.014105 -0.001768948     20906.28
        7702    0.9982316     2.005148 -0.001916959     20910.81
        7704    0.9988506     2.009102 -0.001723762     20918.32
        7706    0.9987291     2.004834 -0.000720216     20921.45
        7708    0.9988698     2.000315 -0.001264696     20924.53
        7710    0.9990907     1.999386 -0.0006746788     20929.67
        7712    0.9991782     1.998984 -0.001476055     20936.13
        7714    0.9992298     1.999437 -0.001970728     20938.04
        7716    0.9992435     1.988506 -0.002517376     20939.52
        7718    0.9993317      1.98362  0.000867608      20944.2
        7720    0.9994415     1.978845  0.002301749     20952.32
        7722    0.9998773     2.006378  0.001634708     20951.41
        7724    0.9995271      2.00692  0.001191955     20954.42
        7726    0.9996148     1.996698 -0.002366983     20957.72
        7728    0.9998443     1.988381 -0.003085382     20958.74
        7730    0.9998342     1.987442 -0.002885512     20959.23
        7732    0.9998279     1.982237 -0.001139664     20966.42
        7734    0.9999277     1.973614 -0.001673616     20968.01
        7736    0.9998168     1.979264  -0.00190901     20973.79
        7738     1.000147     1.974053 -0.0001749554     20976.41
        7740    0.9998504     1.966965 -0.001907231     20975.21
        7742     1.000074     1.972214 -0.001969721     20979.24
        7744      1.00035     1.964006 -0.001152534     20985.28
        7746     1.000472     1.958295 -0.002508578     20988.48
        7748     1.000287     1.957745 -0.002697261     20988.75
        7750     1.000398     1.952146 -0.002148903     20990.83
        7752    0.9999675     1.942428 -0.002488822     20995.81
        7754     1.000559     1.941104 -0.001183442     21002.93
        7756     1.000649     1.937834 -0.0007853073     21006.44
        7758     1.000486     1.942678 -0.001107428     21007.79
        7760     1.000604     1.936145 -0.0003660929     21014.13
        7762     1.000515     1.932245  -0.00209008     21014.16
        7764     1.000843     1.934905 -0.001825027     21017.44
        7766     1.000902     1.925958  -0.00163585     21018.05
        7768      1.00103     1.921545 -0.002061136     21020.02
        7770      1.00111     1.919158  -0.00196283     21021.37
        7772     1.001507     1.918416  -0.00196622     21024.67
        7774     1.001197     1.910255 -0.001887788     21024.04
        7776     1.001108     1.905815 -0.001830516     21026.56
        7778     1.000985     1.904056 -0.0009789209      21015.9
        7780     1.001452     1.903772 -0.001425142     21008.09
        7782     1.001365     1.902424 -0.0007304216     20977.44
        7784     1.002485     1.894414 -0.001341117      20758.9
        7786     1.005093     1.898212 -0.003386835     20045.82
        7788    0.9998505     1.893043 -0.001131546     20088.61
        7790    0.9987665     1.875329 -0.001937526     20253.66
        7792     1.001682     1.885362 -0.001752327     21038.15
        7794     1.002176     1.882712  0.000816026     21069.87
        7796     1.002067     1.879025 -0.0009880405     21081.02
        7798     1.001745     1.881857 -0.001389793     21084.29
        7800     1.001959     1.877457 -0.001445832     21087.52
        7802      1.00184     1.871594 -0.001491646     21091.52
        7804     1.002372     1.867458 -0.0009094562     21093.83
        7806     1.002311     1.869924 -0.0006911832     21100.72
        7808     1.002526     1.870182 -0.0006530629     21102.33
        7810     1.002198     1.866064 -0.001122109     21103.79
        7812     1.001978     1.862234 -0.001365567     21104.11
        7814     1.002193     1.860947 -0.001473712     21107.56
        7816     1.002257     1.859257 -0.001651734     21112.54
        7818      1.00226     1.854274 -0.001993218     21114.48
        7820      1.00247      1.84902 -0.001770832     21118.65
        7822     1.002704     1.845001 -0.001587379     21120.46
        7824     1.002774      1.84509 -0.002049178     21119.31
        7826     1.002752     1.841575 -0.002334655     21125.63
        7828     1.003218     1.832626 -0.002146039     21129.65
        7830     1.003032     1.826324 -0.001585345     21128.34
        7832     1.002899     1.827922 -0.0004967563     21133.88
        7834     1.003365     1.828893 -0.0002415711     21137.33
        7836     1.003181     1.828652 0.0004785112     21142.46
        7838     1.003182     1.824392 -0.002579827     21144.87
        7840     1.003075      1.83175 -0.003987571     21146.67
        7842     1.002488     1.808254 -0.003136209     21150.04
        7844     1.003064     1.796752  -0.00346801     21151.62
        7846     1.003267     1.799302 -0.0005464525     21155.37
        7848     1.003233     1.804006 0.0006570678     21162.06
        7850      1.00334     1.803882 0.0001598984      21162.3
        7852     1.003417     1.802008 -0.0006898523     21163.86
        7854     1.002949     1.800581 -0.001204445     21165.31
        7856     1.003233     1.798487 -0.002156893     21168.42
        7858     1.003432     1.794247 -0.002346488     21167.58
        7860     1.003465     1.784753 -0.001755994     21172.64
        7862      1.00336     1.781809  -0.00121631     21177.87
        7864      1.00348     1.784439 -0.0004234498     21182.62
        7866     1.003274     1.784516 -0.0005916363     21181.84
        7868     1.003342     1.781365 -0.001429708      21187.8
        7870     1.003186     1.777076 -0.0009225122     21190.03
        7872     1.003823     1.773002 -0.0007748683     21193.23
        7874     1.003855     1.777136 -0.001184023     21195.36
        7876     1.003764     1.775166 -0.001190404     21200.76
        7878     1.003821     1.767604 -0.002660541     21202.41
        7880     1.003776     1.763479 -0.003018918     21202.56
        7882     1.003216     1.755852  -0.00177948     21205.55
        7884     1.003989     1.751015  -0.00146386     21212.77
        7886     1.003717     1.753368 -0.0008432764      21213.2
        7888     1.003885     1.751768 -0.001467623     21217.01
        7890     1.003915     1.749106 -0.001837315     21220.58
        7892     1.004178     1.739274 -0.001967586     21222.68
        7894      1.00376      1.73867 -0.002007247     21224.24
        7896       1.0039     1.736027 -0.001305796     21226.51
        7898     1.003986     1.733048 -0.001616983     21229.41
        7900       1.0043     1.728828 -0.001572409     21235.81
        7902     1.003738     1.725734  -0.00162304     21235.83
        7904     1.004447     1.723448 -0.0009946632     21242.53
        7906      1.00457     1.720063 -0.001398492     21241.98
        7908     1.004838      1.72087 -0.001280402     21245.85
        7910     1.004664     1.714546 -0.001210531     21255.18
        7912     1.004819     1.713204 -0.002057458     21253.63
        7914     1.005034     1.710379 -0.002091267      21205.5
        7916     1.005433     1.704411 -0.001751092     20937.92
        7918     1.005299     1.697816 -0.001633642     20600.86
        7920     1.004502     1.699196 -0.001342296     20951.98
        7922     1.004762      1.69731 -0.0006774425     21184.63
        7924     1.005271     1.693672 -0.001688427     21228.93
        7926     1.005146     1.692396 -0.001100626     21241.12
        7928     1.005358     1.685688 -0.0008407276     21248.38
        7930     1.005007     1.688505 -0.001198943     21253.91
        7932     1.004783     1.686947 -0.000711209     21257.59
        7934     1.005326     1.682804 -0.001133903     21261.51
        7936     1.005345     1.679999 -0.001589486     21265.85
        7938     1.004954     1.679434 -0.001137553     21267.09
        7940     1.005425     1.674231  -0.00116964     21272.92
        7942     1.005535     1.673704 -0.001588776     21274.84
        7944     1.005763     1.670642 -0.001161383     21276.41
        7946     1.005607     1.666724 -0.001490251     21277.81
        7948     1.005611      1.66494 -0.001693489     21284.57
        7950     1.005991     1.661782 -0.001259961      21287.9
        7952     1.006173     1.657094 -0.001294658     21288.58
        7954     1.006213     1.656644 -0.001266228     21288.09
        7956     1.006038     1.654582 -0.001526213     21290.71
        7958     1.006504     1.651652 -0.001721857     21297.96
        7960     1.006864     1.644884  -0.00137082     21301.53
        7962     1.006617     1.642869 -0.0001653726      21300.7
        7964     1.006436     1.643616 6.161956e-05     21302.47
        7966     1.006468     1.650329 -6.727043e-05     21305.79
        7968     1.006235     1.645377 -0.0009595061     21307.33
        7970     1.006043     1.642331 -0.002507873     21309.11
        7972     1.005937      1.63594 -0.002187347      21314.8
        7974     1.006471     1.630266 -0.001641986     21319.88
        7976     1.006429     1.627878 -0.001139189     21322.74
        7978      1.00593     1.629195 -0.0009070892     21320.65
        7980     1.006073     1.626826 -0.001200568     21325.48
        7982     1.006158      1.62301 -0.001505338     21326.76
        7984     1.006286     1.618274 -0.001814101     21330.02
        7986     1.005734     1.617152 -0.001712434     21329.55
        7988     1.005906     1.612313 -0.001033384     21332.98
        7990     1.005646      1.60931 -0.001587967      21328.4
        7992     1.005775     1.610006 -0.001642469      21337.1
        7994     1.005856     1.604449 -0.001642301     21338.25
        7996     1.005762     1.599174 -0.002412439     21340.69
        7998     1.005507     1.596172 -0.001789556     21341.66
        8000     1.005598     1.590707 -0.001583494     21349.45
        8002     1.005322     1.590132 -0.001046999     21347.95
        8004     1.004991     1.586506 -0.000457658     21349.01
        8006     1.005206     1.587796 -0.0004461095     21352.18
        8008     1.005117     1.587046 -0.0007743386     21355.84
        8010     1.004811     1.586563 -0.001173783     21355.53
        8012     1.004767     1.580311 -0.001472386     21360.02
        8014     1.004384     1.578405  -0.00185014     21363.44
        8016     1.004706     1.575267 -0.001766242     21365.19
        8018     1.004549     1.571762 -0.001838555     21366.33
        8020     1.004707     1.566181 -0.0009566984     21366.01
        8022     1.004639     1.563697 -0.001010468     21367.25
        8024     1.004672     1.567613 -0.0009945777     21370.34
        8026     1.004449     1.563678 -0.001267087     21374.63
        8028     1.004682     1.558225 -0.002058356     21376.29
        8030     1.004404      1.55356 -0.001887475     21378.55
        8032     1.004401     1.551146 -0.001532164     21377.64
        8034      1.00444     1.548579 -0.001376669     21379.42
        8036     1.004459     1.545967 -0.001151263     21380.67
        8038     1.004252     1.542547 -0.000850105      21384.5
        8040     1.004178     1.541936 -0.001173342     21386.03
        8042     1.004304     1.541778 -0.001251938     21389.12
        8044     1.004233      1.53658 -0.001043751     21390.57
        8046     1.004333     1.532531 -0.001791567     21391.35
        8048     1.004426     1.533586 -0.001363018     21396.45
        8050     1.004422     1.527445 -0.0007836986     21398.41
        8052     1.004575     1.525676 -0.001359932     21400.84
        8054     1.004484     1.526262 -0.001058638     21402.45
        8056     1.003998     1.522707 -0.001116747     21406.71
        8058     1.004011     1.518976 -0.001859212        21406
        8060     1.003818     1.516742 -0.001840616     21409.37
        8062     1.004165     1.511388 -0.001346187      21410.2
        8064     1.003746     1.507982  -0.00178825     21411.05
        8066     1.004065     1.508207 -0.001071283     21413.79
        8068      1.00402     1.502436 -0.001476707      21413.8
        8070     1.003952     1.502818 -0.001697882     21416.09
        8072      1.00352     1.496168 -0.0009666387     21413.31
        8074     1.003806     1.494624 -0.001420893     21421.43
        8076     1.003371     1.494703 -0.001171626     21419.14
        8078     1.003446     1.491451  -0.00146497     21419.91
        8080     1.003508     1.486795 -0.001495198     21420.98
        8082      1.00363     1.482904 -0.001296221     21422.17
        8084      1.00337     1.482742 -0.0008157435     21424.38
        8086     1.003361     1.481081 -0.0003743598     21426.38
        8088     1.003123     1.480269 -0.0007667409      21426.1
        8090     1.002887     1.479909 -0.001476714      21427.5
        8092     1.002815     1.476608 -0.001819091     21433.15
        8094     1.002561     1.469267 -0.002968884      21431.1
        8096     1.002443     1.465716 -0.002170507     21430.39
        8098     1.002323     1.456158 -0.001572729     21436.16
        8100     1.001928     1.459244 -0.001121763     21437.84
        8102     1.001948     1.456685 -0.0001251377     21439.32
        8104     1.001953     1.456742 -0.0007812429     21441.33
        8106     1.001927     1.455157 -0.0006227427     21447.95
        8108     1.001395     1.452994 -0.001087592        21446
        8110     1.001223     1.451703  -0.00109229     21445.65
        8112     1.001076     1.448041 -0.001446045     21447.33
        8114     1.000802     1.446418 -0.001593225      21447.8
        8116     1.000735     1.441425 -0.001421805      21448.6
        8118     1.000669     1.438958 -0.001323786     21453.13
        8120     1.000436     1.436667 -0.0007576944     21452.83
        8122     1.000161     1.435828 -0.0008568131     21458.83
        8124     1.000063     1.435364 -0.0007394653      21460.3
        8126    0.9999544     1.432103 -0.0006200176     21461.13
        8128    0.9998355     1.430751 -0.0009087857     21461.57
        8130    0.9995039     1.430868 -0.000949849     21463.55
        8132    0.9997416     1.428094 -0.001211296     21463.07
        8134    0.9993762     1.424504 -0.001792955     21464.33
        8136    0.9991566     1.421061 -0.001664779     21465.22
        8138    0.9991044     1.416524 -0.001360763     21465.78
        8140     0.998893     1.414775 -0.001221208     21468.74
        8142    0.9988728     1.413618 -0.001323883     21470.11
        8144    0.9985632     1.411291 -0.001629785     21471.21
        8146    0.9986236     1.405933 -0.001733854     21472.61
        8148    0.9982476     1.401737 -0.001593374     21472.48
        8150    0.9981225     1.399747 -0.001086726     21471.03
        8152    0.9975597     1.398544 -0.0008197144     21470.85
        8154    0.9973729     1.397239 -0.0008923689     21470.52
        8156    0.9978321     1.395179 -0.001044191     21477.77
        8158     0.997532     1.392608 -0.001176875     21479.69
        8160     0.997526     1.390191 -0.001238919     21477.47
        8162    0.9976374     1.387824 -0.0009142449     21479.78
        8164    0.9971917     1.385268  -0.00116072     21481.97
        8166    0.9967418     1.385295 -0.001122449     21478.45
        8168    0.9965324     1.380905 -0.001569208     21480.27
        8170    0.9964578     1.378845 -0.001753227     21482.68
        8172     0.996524     1.372714  -0.00145624      21487.5
        8174    0.9960926     1.371269 -0.001571039     21484.63
        8176    0.9959596     1.369255 -0.001309975     21487.53
        8178    0.9961281     1.366277 -0.001816097     21489.36
        8180    0.9959628     1.362234   -0.0014625     21488.23
        8182    0.9959107      1.35674 -0.001111731     21488.08
        8184    0.9956694     1.357555 -0.001034545     21487.09
        8186    0.9956399     1.357383 -0.000897476     21491.19
        8188    0.9953486     1.353958 -0.001073515     21488.21
        8190    0.9955238      1.34956 -0.001295345        21492
        8192    0.9957032     1.348967 -0.001472915     21500.51
        8194    0.9954002      1.34702 -0.0009986523        21495
        8196    0.9948999     1.342175 -0.001179976      21493.2
        8198    0.9946997     1.341571 -0.001290676     21494.91
        8200    0.9946342     1.339527 -0.001531462     21496.84
        8202    0.9944643     1.336695 -0.001362385     21497.66
        8204    0.9940461     1.329923 -0.001571933     21498.52
        8206     0.994102     1.330672 -0.001144965     21498.58
        8208    0.9941442     1.326952 -0.0004968885      21498.2
        8210    0.9933774     1.327535 -0.001313631     21498.79
        8212    0.9929109     1.325948 -0.0009648103     21496.23
        8214    0.9931792     1.320163 -0.001193665     21503.75
        8216    0.9930083     1.319233 -0.001486984     21505.09
        8218    0.9927332     1.317985 -0.001634095     21504.56
        8220    0.9925017     1.314052 -0.002041447     21504.28
        8222    0.9923399      1.30709 -0.001736064     21501.28
        8224    0.9922375     1.302902 -0.001286392     21505.67
        8226    0.9922939     1.304097 -0.0002138574     21508.65
        8228    0.9917534     1.303761 -0.0001134702     21507.02
        8230      0.99155     1.305379 -0.0008992356     21508.22
        8232    0.9910665     1.301994 -0.001104939     21508.95
        8234    0.9907395     1.296903 -0.001514643     21506.42
        8236    0.9905363     1.294921 -0.001432028     21508.57
        8238    0.9900908     1.293262 -0.001155898     21506.27
        8240    0.9902522     1.290538 -0.001275724     21508.19
        8242    0.9897349     1.287656 -0.001257806     21506.62
        8244    0.9893412     1.284716 -0.001143809     21511.71
        8246    0.9892618       1.2832 -0.0009946782     21512.92
        8248    0.9891456     1.281387 -0.0007563716        21513
        8250    0.9889483     1.279698  -0.00067992     21516.13
