# This file has been produced by extranormal (v 1.0.1 - February 23, 2017)
# O. Roudenko - Synchrotron SOLEIL. Covered by GPL licence.
#Data from HDF File: /nfs/ruche-rock/rock-soleil/com-rock/2021/Projets/20210209_Hilde/InSitu/10Ni-10Fe_50BN/10Ni-10Fe_50BN_RWGS750_CO2pulses_H2cst_ratio1/10Ni-10Fe_50BN_RWGS750_CO2pulses_H2cst_ratio1_00258.nxs to 10Ni-10Fe_50BN_RWGS750_CO2pulses_H2cst_ratio1_00259.nxs
#Time at start=2021-02-10 14:42:38.997
#Time from start (seconds)=1287.89399515
#Sample temperature (C)=24.7
# Normalization -------------
# pivot spectrum: Pivot_Fe_10Ni-10Fe_50BN_RT_air_av2000_00001.txt
# E0=7112.0   Eshift=1.85879992354
# E0_pivot = 7112.0
# pre-edge params: from E0_pivot-140.0 to E0_pivot-20.0
# pre-edge range: [6972.0, 7092.0]
# post-edge params: from E0_pivot+100.0 to E0_pivot+1140.0
# post-edge range: [7212.0, 8250.0]
# I jump at E0_pivot = 1.24432003345
# shifted energy	normalized	reference	ref.derivative	I0
        6970  0.001634834     1.672558  0.001004324     18809.59
        6972  0.001634834     1.672558  0.001004324     18809.59
        6974  0.001594309     1.674269 -0.0009371848        18820
        6976  0.001442592      1.66867 -0.0007968488     18827.58
        6978  0.001463665     1.669678 -0.002001795     18836.56
        6980 0.0007936224     1.666183 -0.002522878     18847.57
        6982  0.001313037     1.658254 -0.001525779      18853.8
        6984 0.0009357133     1.648487 -0.001989266     18860.86
        6986 0.0007325062     1.657472 -0.0002133375     18868.59
        6988 0.0002020605     1.650269 -0.000419988     18874.49
        6990 8.267826e-05     1.656548 -0.002001383     18882.37
        6992  0.000150071     1.645127 -0.001396484     18888.28
        6994 0.0003865741     1.641461  -0.00278159     18894.59
        6996 0.0002754281     1.639097 -0.001336206     18906.43
        6998 0.0004589557     1.634295 -0.001676572     18917.73
        7000 -0.0001242092     1.634438 -0.001209548     18921.38
        7002 -0.0005459493     1.628048 -0.0007604896     18929.94
        7004 -0.0002304706      1.62942 -0.002029496      18940.5
        7006 -0.0003619874     1.628211 -0.0003214016     18949.17
        7008 -0.0002756259     1.618202 -0.001325765     18958.56
        7010 -0.0002748379     1.625477 -0.001665184     18961.88
        7012 -0.0001737055     1.618814 -0.001451804     18971.19
        7014 -0.0006028177     1.614889 -0.002596101     18978.76
        7016 -0.0006831712     1.606587 -0.001145991     18986.77
        7018 -0.0008249043     1.604708  -0.00211684     18995.21
        7020 -0.0006303914     1.609646 -0.001804849     19002.63
        7022 -0.0009637159     1.597955 -0.001253908     19011.43
        7024 -0.0008979297     1.592148 -0.002386812     19018.69
        7026 -0.000708282     1.594677 -0.001710159     19028.24
        7028 -0.0008006463     1.590552 -0.001047391     19033.94
        7030 -0.0006619488     1.584273 -0.001566033     19043.63
        7032 -0.0002241819     1.583769 -0.001989626     19054.24
        7034 -0.0003026575     1.582149 -0.001099204      19061.1
        7036 -0.0006503203     1.574635 -0.001324803      19066.4
        7038 -0.0003867282      1.57548  -0.00145454     19073.27
        7040   -0.0012076     1.573171 -0.0005689133     19081.67
        7042 -0.001098507     1.570513 -0.001185782        19090
        7044 -0.0009899922     1.570084 -0.001530306     19098.85
        7046 -0.0007247909     1.565994 -0.002049865     19108.34
        7048 -0.0008150942     1.560928 -0.001955284     19115.27
        7050 -0.0006035919     1.554114 -0.001929402     19125.29
        7052 -0.0009448179     1.554441 -0.001742478      19132.1
        7054 -0.0004559359     1.550558 -0.0009351104     19143.62
        7056 -0.0008944034     1.546989 -0.0009815698     19149.15
        7058 -0.0006867653     1.546633 -0.0008626925     19158.77
        7060 -0.000376173     1.546589 -0.0007398938     19164.38
        7062 9.745604e-05     1.543657 -0.001924075     19174.44
        7064 -0.0005764088     1.541069 -0.001416539     19180.62
        7066 -0.0002850283      1.53124 -0.002592943      19189.6
        7068 -0.000371153     1.535256 -0.002189037     19193.68
        7070 -0.0004340926     1.522913 -0.001086774      19199.6
        7072 0.0003573156     1.523557 -0.001968503     19208.78
        7074 0.0001765811     1.522546 -0.0001051924     19218.47
        7076 -0.0002494206     1.519508 -0.001585019     19223.67
        7078 -4.404614e-05     1.522072 -0.0008329697     19231.63
        7080  0.001158505     1.510877 -0.001492257     19244.84
        7082 0.0009936365     1.515882 -0.001675069     19251.27
        7084 0.0008570677      1.50757 -0.001349485        19256
        7086  0.001051842     1.508671 -0.002048396     19262.43
        7088  0.001770945     1.500081 -0.001149132     19271.25
        7090  0.002342308     1.499495 -0.0007833624     19279.64
        7092  0.002580115     1.498377 -0.0003171879     19286.95
        7094  0.003543825     1.502404 -0.000555731     19294.25
        7096  0.003987887     1.497544 -0.001504323     19303.31
        7098  0.004741227     1.495049 -0.001216963     19310.23
        7100  0.005954036     1.486343 -0.0008936258     19321.65
      7100.2  0.006006769     1.487043 -0.0008478112     19322.11
      7100.4  0.006059503     1.487743 -0.0008019967     19322.56
      7100.6  0.006112236     1.488443 -0.0007561821     19323.02
      7100.8   0.00616497     1.489144 -0.0007103675     19323.47
        7101  0.006217704     1.489844 -0.0006645529     19323.93
      7101.2  0.006270437     1.490544 -0.0006187383     19324.38
      7101.4  0.006323171     1.491244 -0.0005729237     19324.84
      7101.6  0.006375904     1.491944 -0.0005271091     19325.29
      7101.8  0.006428638     1.492645 -0.0004812945     19325.75
        7102  0.006825553     1.492207  0.001810855     19326.06
      7102.2  0.007065472     1.493175  0.002407425     19327.13
      7102.4  0.007277206     1.493219  0.003416784     19328.24
      7102.6  0.007472421     1.494178  0.001180835     19329.08
      7102.8  0.007553795      1.49494 0.0008615174     19329.87
        7103  0.007688607      1.49412 0.0001660757     19329.07
      7103.2  0.007728615     1.493909 -0.003026199     19327.71
      7103.4  0.007772572     1.494311  0.001012626     19330.91
      7103.6  0.008151614     1.492519  0.003437829     19331.69
      7103.8   0.00858824      1.49493  0.001366128     19334.21
        7104  0.008955467     1.496659  0.002229632     19337.29
      7104.2  0.009093691     1.495404  0.001002529     19338.39
      7104.4  0.009141077     1.494303 0.0003467022      19338.5
      7104.6  0.009392883     1.495732  0.001132506      19338.8
      7104.8  0.009508375     1.496936 0.0008752607     19338.55
        7105  0.009825954      1.49631 -0.002844368     19340.29
      7105.2   0.01013167     1.495003 -0.004590435     19340.94
      7105.4   0.01039574     1.493456 -0.002591501     19340.82
      7105.6   0.01033217     1.493264  0.001646324     19340.43
      7105.8   0.01055403     1.494237  0.004487855      19342.2
        7106   0.01102388      1.49632  0.005712509     19344.51
      7106.2   0.01140158     1.497047  0.003911363     19344.81
      7106.4   0.01168451     1.497834   0.00188004     19344.02
      7106.6   0.01186389     1.497366  0.003343292     19343.31
      7106.8    0.0121434     1.497824  0.001718189     19344.64
        7107   0.01254681     1.499721  0.003800984     19347.16
      7107.2   0.01306479     1.499209  0.006335298     19349.67
      7107.4   0.01359349     1.500407  0.008216553     19350.87
      7107.6   0.01408311     1.502893    0.0141533     19351.23
      7107.8   0.01468832     1.506294   0.01218245     19351.71
        7108   0.01501089     1.510531  0.005970422      19350.5
      7108.2   0.01543421     1.510153  0.002800225     19349.37
      7108.4   0.01616952     1.507669  0.002281677     19350.47
      7108.6   0.01691891     1.508535  0.007677041     19351.77
      7108.8   0.01780571     1.512357   0.01540938     19350.99
        7109   0.01866495     1.516294   0.01805295     19350.75
      7109.2   0.01942792     1.519997   0.01839337     19351.69
      7109.4   0.02032672     1.522977   0.01879917     19351.82
      7109.6   0.02131848     1.527071   0.01424744     19351.14
      7109.8   0.02238711     1.531334   0.01505515     19351.56
        7110   0.02376614     1.531395   0.02449595     19353.38
      7110.2   0.02561881     1.535021   0.03499446     19353.89
      7110.4   0.02792521     1.546668   0.04895799     19354.57
      7110.6   0.03047826     1.559329   0.06645547     19352.98
      7110.8    0.0333725     1.570561   0.07742995     19350.43
        7111   0.03681718     1.588186   0.09217822     19348.72
      7111.2   0.04152597     1.608612     0.114075     19346.45
      7111.4   0.04766771     1.633072    0.1302279     19345.34
      7111.6   0.05504055     1.661821    0.1457132     19345.87
      7111.8    0.0634093     1.692368    0.1494232      19346.4
        7112   0.07236691     1.725182    0.1497538     19345.03
      7112.2   0.08198635      1.75261    0.1465933     19343.29
      7112.4   0.09163763     1.781624    0.1406327     19341.35
      7112.6    0.1009293     1.809642    0.1420391     19340.09
      7112.8    0.1095947     1.837689    0.1384707     19337.95
        7113    0.1175005     1.866242    0.1283264     19336.84
      7113.2    0.1246979     1.892401    0.1132374     19335.56
      7113.4    0.1314854     1.912304   0.09531652     19333.29
      7113.6    0.1377401     1.928279   0.07769857      19331.6
      7113.8    0.1435239     1.942495    0.0686231     19331.12
        7114    0.1490292     1.954559     0.067783     19331.17
      7114.2    0.1541159     1.967202   0.06412294     19331.29
      7114.4    0.1586465     1.982505   0.06292434     19330.21
      7114.6    0.1623533     1.993793   0.06253848      19330.3
      7114.8    0.1655946     2.004899   0.05391552     19332.03
        7115    0.1684879     2.017233   0.05340374     19331.35
      7115.2    0.1709742     2.025637   0.04834533      19332.9
      7115.4    0.1731081     2.036516   0.03887193     19334.21
      7115.6    0.1752851     2.043575   0.03433237      19334.6
      7115.8    0.1778244      2.04833   0.03104701     19332.67
        7116    0.1812431     2.053103   0.03643671     19335.12
      7116.2    0.1850532     2.061354   0.03326574     19337.03
      7116.4    0.1897872     2.072724   0.02867809      19336.7
      7116.6    0.1954898     2.074943   0.01952344     19335.37
      7116.8    0.2022368     2.076046   0.01101216     19333.98
        7117    0.2099957     2.076973   0.02028639     19334.15
      7117.2    0.2185731     2.081534   0.03489284     19334.26
      7117.4    0.2279138     2.091172   0.04753989     19334.78
      7117.6    0.2385289      2.10396   0.05844461     19335.66
      7117.8    0.2504409     2.115005   0.07021103     19336.12
        7118    0.2634905      2.12829      0.07652     19335.14
      7118.2    0.2776885     2.147341    0.0839263     19333.89
      7118.4    0.2929619     2.165176   0.09184554     19334.08
      7118.6    0.3098809     2.182146   0.09797146     19334.25
      7118.8    0.3287981     2.201766     0.109102      19334.6
        7119    0.3488135     2.225718    0.1239958     19334.69
      7119.2    0.3696137     2.252458    0.1332308     19334.84
      7119.4    0.3918829     2.281342    0.1242292     19336.63
      7119.6     0.415003     2.308351    0.1160626     19336.44
      7119.8    0.4380696     2.325101    0.1202277     19334.38
        7120    0.4614874     2.345308    0.1275964     19332.67
      7120.2    0.4852636     2.377524     0.149974     19331.72
      7120.4    0.5083647     2.410428    0.1569653     19333.03
      7120.6    0.5298588     2.445081    0.1259793     19332.64
      7120.8    0.5495047      2.47088    0.1026214     19332.69
        7121    0.5672408     2.478308   0.08939503     19334.44
      7121.2    0.5834105     2.492525    0.1016774     19336.31
      7121.4    0.5988699     2.516597    0.1435119     19335.74
      7121.6    0.6138636     2.552222    0.1598349     19333.35
      7121.8    0.6289013     2.593117    0.1256109     19331.63
        7122    0.6438917     2.620393    0.1086296     19330.01
      7122.2    0.6588054     2.617085    0.0815538     19331.08
      7122.4     0.674202     2.639126   0.07586479     19332.61
      7122.6    0.6903066      2.65836   0.09093826     19332.33
      7122.8     0.706801     2.681085   0.03064359     19330.26
        7123    0.7237672     2.689836 -0.003394787     19330.19
      7123.2    0.7412748      2.66364  0.008541403        19329
      7123.4    0.7591846     2.655645   0.01243206     19329.05
      7123.6    0.7773816     2.687918   0.06207412      19327.5
      7123.8     0.795495     2.699782   0.09507038     19329.34
        7124    0.8139071       2.7133   0.07193774     19329.58
      7124.2    0.8318289     2.731701   0.07742732     19330.26
      7124.4    0.8491616     2.745468   0.07027438      19331.1
      7124.6     0.866017     2.761723   0.07311793     19330.48
      7124.8    0.8827768     2.769519    0.1069535     19329.77
        7125    0.8983642     2.790195    0.1060214     19329.39
      7125.2    0.9123551     2.831031    0.1318964      19327.4
      7125.4    0.9255643     2.846541    0.1453652     19327.97
      7125.6    0.9382873     2.875036   0.06422152     19328.87
      7125.8    0.9504988     2.906487 -0.0003878259     19325.99
        7126    0.9627102     2.882408  -0.02717209     19323.21
      7126.2    0.9748885      2.84623  -0.03887151     19321.83
      7126.4    0.9871649     2.853299  0.009184657     19321.72
      7126.6     0.999178      2.87539   0.05631137     19321.55
      7126.8     1.010848     2.889756   0.06780384     19319.44
        7127      1.02314     2.891279   0.02775099     19319.84
      7127.2     1.035791     2.907542  -0.01476676      19321.2
      7127.4     1.048279     2.897591  0.001478573     19319.06
      7127.6     1.061301     2.877943   0.01768144     19317.25
      7127.8     1.075341     2.892462   0.09759662     19316.81
        7128     1.089815     2.921687    0.1420804     19315.44
      7128.2     1.103803     2.975668    0.1271861     19314.92
      7128.4     1.117292     2.991607     0.120398     19315.74
      7128.6     1.130706     2.994211   0.06213325     19315.95
      7128.8      1.14368     3.018005    0.0600237     19315.67
        7129     1.156089     3.025375   0.05525343      19314.9
      7129.2     1.167661     3.039626 -0.004246061     19312.38
      7129.4     1.177391     3.038414 -0.009076651     19310.45
      7129.6     1.186334     3.014608  -0.03676826     19312.25
      7129.8     1.194207     3.018114  0.006201727     19312.79
        7130     1.199822     3.010211    0.0766849     19313.01
      7130.2     1.203313     3.043375   0.09839167     19311.31
      7130.4     1.206163     3.075956     0.109697     19310.89
      7130.6     1.208563     3.096827   0.06876914     19311.03
      7130.8     1.209791     3.097969   0.07488427     19308.41
        7131     1.210341     3.098391   0.03529944     19306.78
      7131.2     1.210773     3.135864   0.03553204     19305.39
      7131.4     1.210441     3.125066 -0.004864506      19303.5
      7131.6     1.210336     3.126394  -0.04018215     19301.49
      7131.8     1.210373     3.094499 -0.009183021     19302.84
        7132     1.210187     3.103718  -0.05278675     19301.97
      7132.2     1.210152      3.11772  0.005674089     19300.73
      7132.4     1.209844     3.084165  -0.03188689      19301.1
      7132.6     1.208931     3.099038   -0.1164723     19299.83
      7132.8     1.207312     3.078209  -0.09780091     19300.99
        7133     1.204834     3.024542   -0.1163027      19301.9
      7133.2     1.201088     3.005924   -0.0760524     19304.35
      7133.4     1.196567     3.005996 -0.004384177     19306.31
      7133.6     1.190854     3.017367  -0.02994224     19306.03
      7133.8     1.185477     3.021035  -0.07250644     19306.68
        7134     1.179985      2.98197  -0.08967429     19307.99
      7134.2     1.174127     2.947991   -0.1025385     19307.15
      7134.4     1.167771     2.945627  -0.05532613     19306.63
      7134.6     1.161143     2.939004  -0.04227665     19308.17
      7134.8     1.154285      2.93771  -0.08971102     19309.76
        7135     1.146456      2.91417   -0.0358065     19310.56
      7135.2     1.138792     2.873858   0.04703106     19311.57
      7135.4     1.132322     2.910359   0.06479555      19311.9
      7135.6     1.126014     2.975334   0.06502961     19312.07
      7135.8     1.119376     2.966006   0.01477638        19313
        7136     1.113092     2.925882  -0.05333212     19315.19
      7136.2     1.107336      2.92218   -0.0630365     19317.86
      7136.4     1.101575     2.932669 -0.0009773366     19316.82
      7136.6     1.095601     2.915577   0.03616471     19313.57
      7136.8     1.089849       2.9251   0.03207615     19309.31
        7137     1.084657     2.951112   0.03634867     19300.94
      7137.2     1.080221      2.95833  0.002939556     19286.83
      7137.4     1.076693     2.944656   -0.0562108      19264.1
      7137.6      1.07334     2.927452   -0.0648517     19230.36
      7137.8     1.069759     2.906143  -0.03096331     19188.71
        7138     1.066312     2.906448 -0.007380606     19146.44
      7138.2     1.062758     2.919885    0.0342134     19112.79
      7138.4      1.05937     2.921547   0.05209958     19088.17
      7138.6     1.056389     2.933514    0.0607581     19081.32
      7138.8     1.053358     2.948128   0.05177184     19089.03
        7139     1.050345     2.968492   0.01002351     19106.11
      7139.2     1.048041     2.962965  0.002132279     19128.78
      7139.4     1.046026     2.941533  0.003525572      19155.4
      7139.6     1.044466     2.949834  -0.02622562      19186.4
      7139.8     1.043376     2.971312  -0.04788516     19215.79
        7140     1.042526     2.941984 -0.009182985     19239.93
      7140.2     1.042213     2.903225   0.02252125     19264.59
      7140.4     1.041248     2.942487   0.09035965     19285.29
      7140.6     1.040172     2.989329    0.1311959     19300.05
      7140.8     1.039602     3.014272   0.04027655     19308.75
        7141     1.038972     3.008181  -0.00240237     19312.59
      7141.2     1.038298     2.974709  0.008291167     19314.45
      7141.4     1.037251     2.987407  0.007052186     19309.88
      7141.6     1.036469     3.020905   0.03676172     19299.53
      7141.8     1.035437     3.013823  0.003970498     19282.46
        7142     1.034733     3.004118  -0.05220539     19256.03
      7142.2     1.034141     2.990584  -0.04828883     19220.55
      7142.4     1.033204     2.979141  -0.01496957     19180.85
      7142.6     1.032107     2.975192   0.03779553      19141.7
      7142.8     1.031092     2.992142   0.03114906     19107.98
        7143     1.030317      3.02082 -0.007277613     19084.85
      7143.2     1.028998      3.00406  -0.05504471     19076.98
      7143.4     1.027394      2.96937    -0.096845     19087.44
      7143.6     1.026326     2.948107  -0.09063909     19112.99
      7143.8     1.025769     2.943344  -0.07567056     19148.95
        7144     1.024847     2.931549  -0.03885328     19189.39
      7144.2     1.023679     2.908833  -0.01115715     19229.74
      7144.4     1.022852     2.917024   0.03411866     19264.37
      7144.6     1.021873     2.934418   0.07800566     19290.18
      7144.8     1.021305     2.958844    0.1047726     19308.04
        7145     1.020217     2.971238   0.05281102     19321.41
      7145.2     1.018975     3.000842   0.01015085     19328.86
      7145.4     1.017659     2.976667 -0.001210269     19333.36
      7145.6     1.015978     2.966964  -0.03379805     19337.84
      7145.8     1.014364      2.97027   -0.0217366     19341.58
        7146     1.012926     2.973804 -0.006475592     19343.57
      7146.2     1.011373     2.959278 -0.005146995      19346.4
      7146.4     1.009409     2.961784 -0.003793639     19350.26
      7146.6     1.007772     2.966152   0.03120434     19350.91
      7146.8     1.005848     2.970769   0.05178367     19352.32
        7147     1.003726     2.984241   0.04358674     19355.08
      7147.2     1.001452     3.003211   0.03075212     19356.69
      7147.4    0.9987227     3.001021   0.04298173     19357.71
      7147.6    0.9960686      2.99537   0.03009399     19359.34
      7147.8    0.9933187     3.018627   0.02571188     19359.18
        7148    0.9906932     3.027286   0.01856884     19362.09
      7148.2    0.9876454     3.021591 -0.003075773     19363.92
      7148.4    0.9846111     3.010225  0.001739609     19367.06
      7148.6    0.9814539     3.016166   0.02718285     19369.82
      7148.8    0.9781865     3.028678   0.06838297     19372.59
        7149     0.975002     3.043337   0.07442519     19376.99
      7149.2    0.9719586     3.064932   0.03710328     19379.89
      7149.4    0.9687496     3.075706   0.00332046     19381.36
      7149.6    0.9652147      3.05836  -0.03797382     19381.61
      7149.8    0.9623604     3.045994  -0.07177778      19382.1
        7150    0.9599065     3.034553  -0.01873853     19383.03
      7150.2    0.9574146     3.018284   0.03091222     19384.89
      7150.4    0.9549855     3.043369   0.06967632     19388.98
      7150.6     0.952264     3.070723    0.0887713     19391.06
      7150.8    0.9498938     3.090294   0.03771685     19390.44
        7151    0.9472922     3.089301 -0.009187419     19389.41
      7151.2    0.9448057     3.073543  -0.05160299     19389.79
      7151.4    0.9428939     3.063373  -0.05131246     19389.19
      7151.6    0.9413936     3.049011  -0.01295103     19388.54
      7151.8    0.9401127     3.048251   0.04895283     19389.11
        7152    0.9387501     3.063182   0.09961943     19388.31
      7152.2    0.9375848     3.102536   0.07155827     19390.14
      7152.4    0.9366647     3.128707   0.05049371     19392.59
      7152.6    0.9359654     3.105498  -0.01170379     19394.96
      7152.8     0.935247     3.103577  -0.08200852     19398.13
        7153    0.9343975     3.093173   -0.0714707     19395.87
      7153.2    0.9340495       3.0631  -0.06021562      19396.8
      7153.4    0.9336407     3.048321  -0.04458384     19399.22
      7153.6    0.9335057     3.055405  0.003123478     19400.23
      7153.8    0.9333115     3.057506   0.05118515     19400.63
        7154    0.9331866     3.065599   0.02947471     19401.11
      7154.2    0.9335742     3.089269  -0.00459592     19402.18
      7154.4    0.9341406     3.078984  -0.01505727     19401.45
      7154.6    0.9347042     3.053829  -0.03136051     19402.58
      7154.8    0.9353384     3.053553  -0.01399768     19406.83
        7155    0.9357769     3.064181   0.02543724     19407.34
      7155.2     0.936296     3.067786   0.01576899     19406.03
      7155.4    0.9372515     3.074179   0.01319074     19406.56
      7155.6    0.9383607     3.066168   0.02417732     19406.79
      7155.8    0.9396793     3.074733   0.01144344     19407.75
        7156     0.940639     3.087128   0.02258149     19409.19
      7156.2    0.9413768     3.083333  0.004449232     19409.82
      7156.4    0.9424543     3.084233  -0.02308836     19412.68
      7156.6    0.9434158     3.078293  -0.02348198     19415.63
      7156.8    0.9446061     3.068657   0.01726413     19414.75
        7157    0.9462303     3.064548   0.00796664     19414.16
      7157.2    0.9479296     3.098045  -0.02537056      19414.1
      7157.4     0.949136     3.084666    -0.044134     19413.64
      7157.6    0.9504469     3.048361  -0.06770919     19416.25
      7157.8     0.951676     3.029241  -0.05553826      19417.1
        7158    0.9528202     3.043877  -0.03541823     19418.85
      7158.2    0.9538093     3.040236  -0.05034594     19419.44
      7158.4    0.9544985     3.020026  -0.03466953     19419.74
      7158.6    0.9551589     2.988964  -0.01431558     19421.71
      7158.8    0.9566313     3.016142 -0.006596439     19422.93
        7159    0.9575819     3.028783   0.05731888     19422.69
      7159.2    0.9580447     3.014749   0.02594099     19420.45
      7159.4    0.9587208     3.034819   0.02238433     19419.51
      7159.6    0.9596632     3.036895   0.05282023     19421.11
      7159.8    0.9605964     3.046691   0.04765587     19422.15
        7160    0.9613807     3.057005   0.01422896     19421.84
      7160.2    0.9619341     3.072944 -0.005722433     19424.12
      7160.4    0.9623241     3.048278   0.01009807     19425.57
      7160.6    0.9627357     3.042113 -0.005427878     19426.18
      7160.8    0.9633431     3.065084  0.001986944     19428.11
        7161    0.9641824     3.068601  -0.02218665     19430.72
      7161.2     0.965316     3.049867 -0.004867116     19431.26
      7161.4    0.9666227     3.024363   0.03696982     19430.95
      7161.6     0.967148      3.06119   0.03612522     19431.15
      7161.8    0.9672046     3.098177   0.05220907      19428.5
        7162     0.967788     3.078767 -0.007097546     19428.23
      7162.2     0.968389     3.066131   -0.0732405     19431.61
      7162.4    0.9685916     3.055512  -0.05318328     19433.12
      7162.6    0.9689422     3.039585  -0.02694816     19432.91
      7162.8    0.9695503     3.036221  -0.02261983     19432.76
        7163    0.9702407     3.044572  -0.02476774     19434.44
      7163.2    0.9711028     3.037416  -0.04045934      19434.8
      7163.4    0.9716582     3.019771  -0.05569104     19436.13
      7163.6     0.972073     3.003853  -0.04596463     19435.79
      7163.8    0.9725426     3.000019 -0.002786161     19435.39
        7164    0.9729715     3.000645   0.04019248     19436.73
      7164.2    0.9736268     3.017542   0.06951704     19437.89
      7164.4    0.9740544     3.036007   0.06217768     19438.73
      7164.6    0.9746442     3.055633   0.02019238      19441.2
      7164.8     0.975216     3.050387  -0.01866545     19441.28
        7165     0.975265     3.033696  -0.03292328     19441.71
      7165.2    0.9756332     3.021075  0.008718357     19441.25
      7165.4    0.9762488     3.029294   0.01849867     19443.77
      7165.6    0.9765837     3.057361   0.01355569      19443.5
      7165.8    0.9771708     3.048495   -0.0132168     19441.51
        7166    0.9778317      3.03192  -0.06431148     19440.66
      7166.2    0.9781099     3.018721  -0.08023725      19439.7
      7166.4    0.9789329     3.005912  -0.04964055     19440.53
      7166.6    0.9796646     2.984305  -0.02265971     19441.83
      7166.8     0.980817     2.992207  -0.00820056     19441.71
        7167    0.9820252     3.000593   0.01484804     19441.11
      7167.2    0.9828611     2.999352 -0.009988366     19442.61
      7167.4    0.9837694     2.996183  -0.04009132     19443.58
      7167.6    0.9841745     2.984216  -0.03850476      19441.6
      7167.8    0.9846274      2.96852 -0.004408576     19441.67
        7168    0.9853776     2.968548   0.02875005     19442.49
      7168.2    0.9859908     2.992656   0.04577924     19440.73
      7168.4    0.9865988     3.007216   0.04036408     19441.51
      7168.6    0.9869082     3.005143   0.01473167     19443.27
      7168.8    0.9874022     3.000839 -0.002818281     19442.96
        7169    0.9881176     3.004442  -0.00112599     19444.19
      7169.2    0.9891526     3.004962   0.01268343     19445.11
      7169.4    0.9900734     3.004243  0.005042892     19446.88
      7169.6    0.9909971     3.010986  -0.05121795     19447.51
      7169.8    0.9917569     3.008476  -0.06005376     19448.31
        7170    0.9924905     2.963987  -0.02771943     19449.93
      7170.2    0.9931963     2.956199  -0.01425988     19448.12
      7170.4    0.9934769      2.98881   0.01298857     19446.37
      7170.6    0.9939058     2.997068    0.0313574     19445.03
      7170.8    0.9946357     2.974378   0.01351764     19447.47
        7171    0.9957442     2.981285  -0.01237032     19449.33
      7171.2    0.9967819     2.999625  0.006619671     19450.12
      7171.4    0.9975315     2.987172 -0.008358481     19451.02
      7171.6    0.9982646     2.979674  -0.04574922     19451.45
      7171.8    0.9989273     2.974599  -0.04055125     19453.28
        7172    0.9995051     2.963025  -0.03017388     19453.56
      7172.2    0.9999165     2.954731  -0.05308053     19453.12
      7172.4     1.000824     2.955535  -0.06719898     19453.85
      7172.6     1.001728     2.932134  -0.09769299     19454.19
      7172.8     1.002253     2.909266  -0.07777396     19455.16
        7173     1.002491     2.876576   0.05586047     19457.87
      7173.2     1.002772     2.893316    0.1033811     19458.21
      7173.4     1.003194     2.976823    0.1291887     19457.01
      7173.6     1.003489     2.991971    0.1219764     19459.43
      7173.8      1.00377     2.979927 -0.006188866     19461.51
        7174     1.003961     2.990897   -0.0572948     19460.58
      7174.2     1.004434     2.971871  -0.06266373     19461.32
      7174.4     1.005265     2.946135  -0.07894292     19463.28
      7174.6     1.005852     2.929796  -0.05924103     19465.12
      7174.8     1.006143     2.927743   0.01045802     19466.79
        7175     1.006437     2.924479   0.06476284     19466.09
      7175.2     1.006463     2.954501   0.06000693     19464.31
      7175.4     1.006714     2.981607   0.03080111     19464.98
      7175.6     1.007243     2.975748  -0.03733729     19467.26
      7175.8     1.007567      2.94912  -0.06177435     19470.22
        7176     1.007995     2.924632  -0.06165099     19471.95
      7176.2     1.008597     2.932187  -0.04110632     19472.66
      7176.4     1.009181     2.926427  -0.03249689     19470.14
      7176.6     1.009398     2.916234  -0.05242617     19468.58
      7176.8     1.008876     2.898634  -0.08059648     19470.16
        7177     1.008266     2.890246  -0.08016868     19470.96
      7177.2     1.008153      2.86195  -0.04251629     19471.34
      7177.4     1.008122       2.8521 -0.001740988     19470.95
      7177.6     1.008432     2.864621   0.04553327     19470.25
      7177.8     1.008737     2.888853   0.05150949     19471.04
        7178      1.00867     2.898377   0.01745526     19472.26
      7178.2      1.00857     2.893307  -0.04248142     19472.05
      7178.4     1.008621     2.878585  -0.07901268     19473.75
      7178.6     1.008525     2.854868  -0.07827677     19476.45
      7178.8      1.00816     2.835167  -0.01904276     19477.48
        7179     1.007908     2.830686   0.05348488     19479.68
      7179.2     1.007981     2.863351   0.08022413     19480.73
      7179.4     1.007982     2.897656    0.0908034     19478.97
      7179.6     1.007874     2.899346   0.05909895     19478.68
      7179.8     1.008034     2.903328   0.01835193     19479.81
        7180     1.007716      2.91063   0.01735774     19480.05
      7180.2     1.007471     2.912338 -0.006436475     19480.37
      7180.4     1.007642     2.913232  -0.01906946     19482.09
      7180.6     1.008146     2.898179  -0.02273573     19483.84
      7180.8     1.008301     2.895375  -0.06045037     19484.42
        7181     1.008675     2.894149  -0.03750447     19485.53
      7181.2     1.008983     2.864872  -0.03139754     19485.75
      7181.4     1.008824     2.868176  -0.04735428     19486.73
      7181.6     1.008556     2.870257  -0.01444449     19488.03
      7181.8     1.008801     2.856266   -0.0175998     19489.51
        7182     1.009079     2.853316  -0.01252676      19490.2
      7182.2       1.0092     2.854096    0.0233462     19491.12
      7182.4     1.009448     2.860235   0.01812541     19490.56
      7182.6      1.00954     2.874943  0.001840457     19489.27
      7182.8     1.009446     2.867817  -0.02853683     19490.19
        7183     1.009482     2.855568  -0.05636241     19490.99
      7183.2     1.009526     2.837406  -0.04753112     19492.48
      7183.4     1.009598     2.829853  -0.05563053     19493.59
      7183.6     1.009748     2.829792  -0.04258562      19493.5
      7183.8     1.009663     2.811064  -0.01408935     19493.92
        7184     1.009439     2.803337  0.007866468     19493.81
      7184.2     1.009561     2.818581   0.06253236     19494.05
      7184.4      1.01005     2.836085    0.1045382     19494.85
      7184.6     1.010564      2.86109   0.07989472     19495.88
      7184.8     1.010811     2.886968   0.09077711     19496.79
        7185       1.0107     2.882497   0.08102433     19495.88
      7185.2     1.010823     2.908707  0.005907612      19497.4
      7185.4     1.011446     2.925909  -0.01880765     19499.98
      7185.6     1.011861     2.891694  -0.02113513     19501.41
      7185.8     1.011796     2.867451  -0.02409552     19502.69
        7186     1.011959     2.891798 -0.008801158     19505.28
      7186.2     1.012189     2.906633    0.0756539     19506.05
      7186.4     1.012364     2.884653   0.08518832     19506.99
      7186.6     1.012246     2.927974   0.05742558     19507.53
      7186.8     1.012328     2.959949   0.06136808     19507.88
        7187     1.012345     2.952573  -0.05711155     19508.14
      7187.2     1.012908     2.933747   -0.1429135     19511.04
      7187.4     1.013116     2.882285  -0.06098291      19512.1
      7187.6     1.012997     2.845618   0.05047776     19513.19
      7187.8     1.013132     2.903787     0.156976     19515.98
        7188     1.013208      2.97413    0.2106891     19515.73
      7188.2     1.013102     3.007866   0.09794777     19514.74
      7188.4      1.01306      3.01417  -0.03085582     19516.12
      7188.6     1.013301     2.982145  -0.08136589     19516.99
      7188.8     1.013569     2.949445  -0.08147334     19517.77
        7189     1.013636     2.942773  -0.03455091     19518.46
      7189.2     1.013733     2.948991   0.00927951     19518.02
      7189.4     1.013937     2.954504  -0.01838173     19519.55
      7189.6     1.013903     2.956869  -0.06976619     19520.57
      7189.8     1.013346     2.928068  -0.09097652     19520.28
        7190     1.013133     2.893178  -0.07377473     19522.72
      7190.2      1.01334     2.881723   0.03669053     19523.37
      7190.4     1.013076     2.897849   0.07638136     19522.87
      7190.6     1.013038      2.95742    0.0807936     19523.32
      7190.8     1.013356     2.954283   0.09036494     19525.37
        7191     1.013311     2.946358   0.03748117     19527.42
      7191.2     1.013224     2.970141   0.03942777     19528.21
      7191.4     1.013144     2.987405   0.04630845     19526.94
      7191.6     1.013193     2.985825  0.006237433     19525.42
      7191.8     1.012887     2.983405   -0.0156582     19524.92
        7192     1.012692     2.975131  -0.03287775     19525.61
      7192.2     1.012794     2.974878  -0.03562882     19526.89
      7192.4     1.013002     2.959523 -0.0007501606     19529.69
      7192.6     1.013121     2.954902   0.02668875     19531.31
      7192.8     1.013158     2.974531   0.05353151      19531.1
        7193     1.013292     2.996229   0.06289303      19532.2
      7193.2     1.013706     3.002348   0.03744838     19533.45
      7193.4     1.013951     3.005216 -0.003217112     19534.66
      7193.6     1.013816     3.004489  -0.01124205     19535.13
      7193.8     1.013809     2.993656   -0.0290973     19534.57
        7194     1.013981     2.993355  -0.03861487     19536.07
      7194.2     1.014293     2.981938 -0.002411202     19538.04
      7194.4     1.014498     2.973597  0.003891228     19538.85
      7194.6     1.014548     2.991727   0.01503768     19538.37
      7194.8     1.015018     2.996468  0.007127986     19540.12
        7195      1.01493     2.993968  0.006597347     19540.71
      7195.2     1.014445       2.9793  -0.04698587     19540.22
      7195.4     1.014324     2.997005  -0.05663295     19540.24
      7195.6     1.014096     2.958879   -0.0128496     19540.62
      7195.8     1.014612     2.948662  -0.04551274     19543.03
        7196     1.015017      2.96902 -0.005923651     19543.49
      7196.2     1.015498     2.960594  0.006155222     19544.62
      7196.4      1.01558      2.95414  -0.01632698     19546.36
      7196.6     1.015989     2.953586 -0.005159954     19548.35
      7196.8     1.016049     2.955958  0.006966505     19549.41
        7197     1.015824     2.956466   0.02550704     19551.04
      7197.2     1.015706     2.959713   0.03943243     19552.47
      7197.4     1.015709     2.973992   0.03238297     19553.17
      7197.6     1.015888     2.987504   0.01892556     19554.59
      7197.8     1.016468     2.982373 -0.003632698      19556.5
        7198     1.017198     2.974854  -0.01724083     19557.48
      7198.2     1.017515     2.971086   0.01077681      19557.5
      7198.4     1.017549     2.973712  0.002006825     19556.59
      7198.6     1.017279     2.990994  -0.03753603     19556.89
      7198.8     1.016858     2.976459  -0.03931775     19559.44
        7199     1.016962     2.941057  -0.04768322     19559.54
      7199.2     1.017267     2.942258  -0.04145665     19559.19
      7199.4     1.017615     2.952848 -0.006802077     19560.58
      7199.6     1.017982     2.943294 0.0003930931     19560.86
      7199.8     1.018389     2.935615  -0.04660957     19558.64
        7200     1.018807     2.942572  -0.05077757     19560.44
      7200.2     1.018733      2.91556    -0.050878      19561.7
      7200.4     1.018464     2.902672  -0.06882427     19562.38
      7200.6     1.018206     2.894913  -0.02728946     19563.17
      7200.8     1.018179     2.887513   0.01323686     19566.21
        7201     1.018284     2.893728   0.03208819     19567.52
      7201.2     1.018504     2.913261  0.004237958     19566.52
      7201.4     1.018722     2.920583  -0.01342027     19568.48
      7201.6     1.019114     2.890903  -0.01362982     19569.89
      7201.8     1.019195     2.882992  -0.03452331     19569.51
        7202     1.019055     2.902357  -0.02257056     19569.69
      7202.2     1.019318     2.892965 -0.006661303     19571.53
      7202.4     1.019302     2.872847  -0.03858079     19573.68
      7202.6     1.019112     2.877663  -0.05665259     19575.11
      7202.8     1.019279     2.871493   -0.0478989     19577.24
        7203     1.019453     2.847643  -0.06010279     19578.95
      7203.2     1.019545     2.834527  -0.02615307      19578.9
      7203.4     1.019437     2.829581 -0.001728779      19578.8
      7203.6     1.019686      2.85057  -0.01432108      19578.1
      7203.8     1.019853      2.84626  -0.02171741     19576.74
        7204     1.019653     2.823071  -0.02804452     19578.78
      7204.2     1.019477     2.812207  -0.03124614     19578.97
      7204.4     1.019718     2.828135  -0.01491469     19579.06
      7204.6     1.019872     2.821263  -0.00752187     19580.07
      7204.8     1.019735     2.811139  -0.03951404     19582.03
        7205     1.020031      2.80619  -0.01516861     19582.29
      7205.2     1.020196     2.796523  0.001009777     19582.91
      7205.4     1.020138     2.809128 -0.006518379     19584.96
      7205.6     1.020208     2.811947  0.006303552     19585.71
      7205.8     1.020335     2.800975 -0.004729915     19585.87
        7206     1.019942     2.801566  -0.02423065     19584.78
      7206.2     1.019601     2.805344  -0.01316899     19584.54
      7206.4     1.019688     2.792562  0.006189073     19584.86
      7206.6     1.019697      2.79044  0.008444213      19586.9
      7206.8     1.019766     2.806518   0.02265945     19590.35
        7207       1.0198     2.812099   0.02001977     19590.71
      7207.2     1.019585      2.81069  -0.01554472     19590.71
      7207.4      1.01954     2.806455  -0.03018538     19592.75
      7207.6     1.019575     2.794082  -0.02204731     19593.02
      7207.8     1.019608     2.787951  -0.01215985     19592.55
        7208     1.019905     2.793052 -0.007518095     19593.45
      7208.2     1.020215     2.796728   -0.0259703     19593.95
      7208.4     1.019919     2.788067  -0.03740688     19594.87
      7208.6     1.020038     2.767175  -0.03181779     19595.29
      7208.8     1.020159     2.763126  -0.02369453     19595.93
        7209     1.020181     2.771273 -0.004228606     19594.89
      7209.2     1.020097     2.769112  0.002714912     19594.05
      7209.4      1.02007     2.763792 -0.002419622     19594.73
      7209.6     1.020117     2.765298   0.01892447     19596.67
      7209.8     1.020133     2.769338   0.04123752     19597.68
        7210      1.01964     2.784251   0.05098347     19598.52
      7210.2     1.019235     2.796782   0.07790669     19598.13
      7210.4     1.019243     2.806085   0.09751711     19598.87
      7210.6      1.01943     2.831663   0.08659941     19601.19
      7210.8     1.019119     2.862265   0.06150041     19603.05
        7211     1.018474     2.866061   0.04798361     19603.96
      7211.2     1.018186     2.855285   0.02202999     19604.33
      7211.4     1.018067      2.87005 -0.003666612     19604.28
      7211.6     1.018093     2.879889   0.02864627     19604.94
      7211.8     1.018345     2.863128   0.04140784     19606.67
        7212     1.018287     2.878202   0.01916112     19606.76
      7212.2     1.017801     2.903176  0.009399018     19607.28
      7212.4     1.017322     2.895218  0.005041354     19608.88
      7212.6     1.016856     2.870647 -0.005380018     19607.77
      7212.8      1.01701     2.882235   0.01774355     19607.56
        7213     1.017275     2.898872   0.04259468      19609.5
      7213.2      1.01706     2.909413   0.02268144      19609.5
      7213.4     1.016827     2.904723  0.003532496     19609.43
      7213.6      1.01644     2.900381   0.01191521     19611.56
      7213.8     1.016012     2.901698   0.02744838     19615.21
        7214     1.015509     2.918945   0.05498072     19614.86
      7214.2     1.015302     2.926682    0.0772268     19613.84
      7214.4     1.015221     2.944365   0.07793805     19614.66
      7214.6     1.014754      2.96348   0.09233598     19615.53
      7214.8     1.014273     2.981295   0.07181974     19616.18
        7215     1.014177     3.000551   0.04547843     19616.82
      7215.2     1.014002     3.001821   0.04111252     19616.89
      7215.4     1.013893     2.999862   0.04392844     19616.72
      7215.6     1.013745     3.014185   0.06858787     19617.08
      7215.8     1.013002     3.035693   0.09286566     19618.31
        7216      1.01218     3.056691   0.07482395     19619.86
      7216.2     1.011483     3.074155   0.02736761     19620.74
      7216.4     1.011231     3.074044 0.0002841487     19621.49
      7216.6     1.011362     3.057587  -0.01206028     19620.89
      7216.8     1.011439     3.056919  -0.00824338     19619.55
        7217     1.011178     3.064507   0.01995545     19619.92
      7217.2     1.011254      3.06745   0.04701165     19620.57
      7217.4     1.011289     3.073552   0.02166116     19623.93
      7217.6     1.010907     3.094528  0.001419398     19626.69
      7217.8     1.010645     3.081836  -0.01250968     19626.98
        7218     1.010441     3.068585  -0.01422013      19629.2
      7218.2       1.0099     3.063544   0.01433192     19629.37
      7218.4     1.009685     3.083152    0.0312126     19628.28
      7218.6     1.009465     3.093301   0.04967001     19629.35
      7218.8     1.008915     3.093555   0.04627127     19629.92
        7219     1.008602      3.10328   0.05871337     19629.49
      7219.2     1.008794     3.120169   0.05853803     19629.94
      7219.4     1.009038     3.140272   0.05351839     19631.32
      7219.6     1.008941     3.140386   0.05339101      19632.6
      7219.8     1.008594     3.146095   0.01740044     19633.53
        7220     1.008156     3.162882   0.03885255     19634.59
      7220.2      1.00785     3.154192   0.02429263     19635.02
      7220.4     1.007759     3.171468  -0.03679564     19635.79
      7220.6     1.007639     3.165529  -0.03127163     19637.33
      7220.8     1.007204     3.133445  -0.03390951     19636.91
        7221     1.007043     3.129175 -0.007724205     19636.73
      7221.2     1.007022      3.14434  0.003414465     19638.72
      7221.4     1.006884      3.15935 -0.005491328     19638.31
      7221.6     1.006922     3.136177   -0.0294492     19638.82
      7221.8     1.006806     3.124782  -0.04671408     19641.58
        7222     1.006337     3.120781  -0.04597052      19643.3
      7222.2     1.005906     3.121978  -0.05589436     19643.15
      7222.4     1.005783       3.0994  -0.06323632      19642.1
      7222.6     1.005672     3.080066   -0.0638821     19641.94
      7222.8     1.005521     3.070192  -0.03703749     19641.54
        7223     1.005077     3.070873  -0.00823621     19643.23
      7223.2     1.004662      3.06977   0.03075123     19644.05
      7223.4      1.00437     3.073477   0.03828971     19643.82
      7223.6     1.004129     3.094793   0.04412792     19646.77
      7223.8     1.004318     3.101504   0.04357855     19648.74
        7224     1.004608     3.105073 -0.003271563     19648.26
      7224.2     1.004829      3.10834  -0.04859397     19647.41
      7224.4     1.004629     3.092175  -0.05703378      19647.4
      7224.6     1.004159     3.062629  -0.05699293     19646.97
      7224.8     1.003539     3.059446  -0.02606659     19648.91
        7225     1.002827     3.062746   0.02178363      19648.9
      7225.2     1.002533     3.071322   0.02733921     19649.45
      7225.4     1.001915     3.080056   0.03203327     19650.23
      7225.6     1.001855     3.081317   0.01705945     19650.69
      7225.8     1.001867     3.088372   0.02146339     19650.59
        7226      1.00175      3.08497  -0.03016693     19652.67
      7226.2     1.001739     3.097227   -0.1011063     19656.13
      7226.4     1.001564     3.057183   -0.1048483     19656.69
      7226.6     1.001576     3.007487  -0.08988191     19656.46
      7226.8     1.001227     3.001091  -0.02036901     19655.17
        7227      1.00071     3.025321 0.0002368458     19655.15
      7227.2     1.000436     3.040888  -0.04682745     19657.19
      7227.4    0.9999648     3.007677   -0.1057627        19658
      7227.6    0.9994083     2.963629   -0.1394022      19658.7
      7227.8      0.99888     2.940711   -0.0954573     19658.16
        7228    0.9984478     2.929366  -0.03570867     19657.75
      7228.2    0.9982709     2.931311 -0.005078539     19660.95
      7228.4    0.9983458     2.935062 -0.005970022      19662.4
      7228.6    0.9980667     2.936648  -0.02190537     19662.87
      7228.8    0.9978402      2.92459  -0.02385454     19663.45
        7229     0.997555     2.913787  -0.03765169      19665.9
      7229.2     0.997387     2.915979  -0.02654259     19666.55
      7229.4    0.9973341     2.906527 -0.000952638     19668.84
      7229.6    0.9973436     2.903356  0.008782448     19669.56
      7229.8    0.9971341     2.913025  0.007689079      19667.9
        7230    0.9968693     2.923005  0.009616123     19668.92
      7230.2    0.9966847     2.912678  -0.00856774     19667.12
      7230.4    0.9963143     2.911049  -0.03143604     19667.09
      7230.6     0.995848      2.90617  -0.02047698     19668.83
      7230.8    0.9955694     2.897856  -0.03222834     19670.38
        7231    0.9954607     2.896297  -0.03656457     19672.99
      7231.2    0.9952326     2.885267  -0.04482186     19675.11
      7231.4    0.9948483     2.876919  -0.06328763     19675.22
      7231.6    0.9945451     2.861998   -0.0367483     19673.83
      7231.8    0.9941343     2.845666  -0.04704357     19673.22
        7232    0.9937381     2.855868  -0.05212502     19671.95
      7232.2    0.9938759     2.839284  -0.02111421     19673.27
      7232.4    0.9938717     2.820298  -0.03551729     19672.23
      7232.6     0.993451     2.828775   -0.0178613     19674.49
      7232.8    0.9929916     2.827454   0.00464608     19674.94
        7233    0.9928677     2.824995  -0.03024761     19674.93
      7233.2    0.9927371     2.824015  -0.04131246     19675.87
      7233.4      0.99237     2.804577  -0.03769422      19675.5
      7233.6    0.9920227     2.794404  -0.05021534     19677.12
      7233.8    0.9916143      2.79484  -0.04748197     19679.05
        7234    0.9914854     2.783843  -0.02192975     19680.35
      7234.2    0.9915785     2.766591  -0.01758329     19681.04
      7234.4    0.9917211      2.77686  -0.03447915     19681.29
      7234.6    0.9917347     2.780773  -0.03401474     19681.58
      7234.8    0.9914877      2.75626  -0.05119849     19681.08
        7235    0.9913862      2.73938  -0.04546089     19680.95
      7235.2    0.9914924     2.735902 -0.0009981138     19682.27
      7235.4    0.9914762     2.744404   0.01835646     19683.07
      7235.6    0.9913259     2.755461  0.007675843     19683.56
      7235.8    0.9911164     2.754065   -0.0117064     19684.95
        7236     0.991124     2.742042  -0.01034779     19685.39
      7236.2    0.9911715     2.735039   -0.0104655     19686.19
      7236.4    0.9914161     2.747183   0.01639932     19689.07
      7236.6    0.9915225     2.745692   0.03138336     19691.54
      7236.8    0.9912619     2.755162  0.007612315     19690.86
        7237    0.9910291     2.760146   -0.0057236     19692.21
      7237.2    0.9906154     2.753273  -0.02175746     19693.33
      7237.4    0.9903423     2.741114  -0.02866162     19692.61
      7237.6    0.9906588     2.737756  -0.01789247      19693.3
      7237.8     0.991146     2.737216     0.012084     19693.38
        7238    0.9913769     2.738959   0.03684276     19693.06
      7238.2    0.9913023     2.750781    0.0308702     19694.18
      7238.4    0.9912515      2.76723 -0.005365775     19695.26
      7238.6    0.9913349     2.761913  -0.04627722     19695.23
      7238.8    0.9914716     2.734666  -0.07471613     19695.13
        7239    0.9915757     2.713759  -0.04779074     19695.66
      7239.2    0.9913912     2.707457 -0.004980722     19696.26
      7239.4    0.9914297      2.72368  0.006576759     19696.87
      7239.6    0.9916785     2.730681   0.01289905     19696.48
      7239.8    0.9917428      2.71902  -0.01281225     19696.87
        7240     0.991977     2.717776  -0.03554058     19700.51
      7240.2    0.9918956      2.71343  -0.01654115     19701.71
      7240.4    0.9921315     2.702249 -0.008641147      19701.8
      7240.6    0.9921671     2.705787   0.01061499     19704.06
      7240.8    0.9921756     2.710863   0.03929434     19705.82
        7241    0.9921692     2.721922    0.0550636     19707.33
      7241.2    0.9923637     2.733685    0.0588969     19708.32
      7241.4    0.9925666     2.749838    0.0480677     19707.73
      7241.6    0.9928694     2.757981   0.01438737     19706.53
      7241.8     0.993442     2.760376   -0.0261893     19706.67
        7242    0.9937329     2.745194  -0.01564388     19707.97
      7242.2    0.9937708     2.728887  0.003939638     19709.27
      7242.4     0.993996     2.745466    0.0285447     19711.13
      7242.6    0.9939579     2.763528   0.04131698     19711.66
      7242.8    0.9935644      2.76803   0.02802443     19710.34
        7243    0.9934849      2.76194   0.02278101     19711.97
      7243.2    0.9933338     2.767885   0.01987414     19712.86
      7243.4    0.9930323     2.781753  0.007349345     19713.44
      7243.6    0.9935103     2.783929  0.001516081     19716.07
      7243.8    0.9940586      2.76782  -0.01014308     19715.33
        7244    0.9947473     2.769098   0.02546592     19716.54
      7244.2    0.9953172     2.773638   0.08529421     19717.42
      7244.4    0.9955394     2.804302    0.0891191     19717.23
      7244.6    0.9956849     2.836055  0.009895089      19716.8
      7244.8    0.9956072     2.840393   -0.1021764     19717.08
        7245    0.9952272     2.781554   -0.1456582     19716.67
      7245.2    0.9951555     2.722561   -0.1228407     19717.31
      7245.4    0.9951533     2.719529  -0.02856225     19719.26
      7245.6    0.9951997     2.742121    0.0384384     19720.94
      7245.8    0.9956474     2.758705   0.03326456     19720.94
        7246    0.9960944     2.753312   0.02331008     19722.29
      7246.2    0.9964132      2.74614   0.01032067     19726.42
      7246.4    0.9967995     2.760769   0.01088419     19725.15
      7246.6    0.9974007     2.766961   0.02175672     19723.54
      7246.8    0.9975573     2.762019   0.02880965     19724.15
        7247    0.9974946     2.763546    0.0424908     19724.85
      7247.2    0.9973438     2.783817   0.02150145     19726.24
      7247.4    0.9970058     2.800954  0.003606443     19725.98
      7247.6     0.997216      2.77922  -0.02438467     19727.54
      7247.8    0.9975106     2.766431  -0.01914756     19729.29
        7248    0.9980192     2.764309 0.0009794523     19730.06
      7248.2    0.9982983     2.785636  0.001581449     19728.77
      7248.4     0.998445     2.780004   0.01515221      19727.1
      7248.6    0.9986838     2.767696 -0.009626216     19727.94
      7248.8     0.999038     2.776431 -0.006845368     19729.05
        7249    0.9991978     2.777935   0.01613594     19729.96
      7249.2    0.9992421     2.774528   0.02487819     19731.23
      7249.4    0.9996793     2.780605   0.01784631     19730.75
      7249.6     1.000188     2.796333 -0.007815545     19730.48
      7249.8     1.000556     2.792212 -0.006791606     19732.38
        7250     1.000888     2.768275  -0.04192386     19734.14
        7252     1.002712     2.771168  0.002231264     19743.88
        7254     1.005047      2.77553 -0.006418107     19747.74
        7256      1.00731     2.772179 -0.001163867     19752.96
        7258     1.010026     2.718951 0.0007925936     19760.58
        7260     1.012186     2.761858  0.002048607     19767.58
        7262     1.014176     2.781871  0.004533637     19773.89
        7264     1.015836     2.788568  0.002509488     19782.58
        7266     1.017494      2.75522  0.003081301     19788.32
        7268     1.016958     2.781933  0.005040553     19790.13
        7270     1.017843     2.806521  0.004354608     19802.83
        7272      1.01861     2.828893   0.00665155     19809.17
        7274     1.017992     2.790057  0.007648016      19814.2
        7276     1.017848     2.835146  0.005769313     19816.66
        7278     1.016833     2.867706  0.009849671     19826.57
        7280      1.01598     2.875047  0.008613311     19835.53
        7282     1.014386     2.868854  0.002187044      19842.5
        7284     1.013076     2.904052  0.004639094     19849.16
        7286     1.011371     2.885202    0.0039077     19852.23
        7288      1.00998      2.91216 -0.005225467     19862.37
        7290      1.00822     2.900116 -0.009445515     19871.22
        7292     1.007096     2.862249  -0.01407752     19877.73
        7294     1.005492     2.809638  -0.01854258     19883.51
        7296     1.004552      2.79954  -0.01862652     19891.18
        7298     1.004731     2.751775  -0.01395783      19897.5
        7300     1.003982     2.713236  -0.01222837     19902.12
        7302     1.003163     2.697975 -0.008766271     19911.15
        7304     1.003485     2.701713 -0.008486071     19917.01
        7306     1.002852     2.681645  -0.00622347     19922.44
        7308     1.002871     2.645348 -0.005309093     19929.34
        7310     1.002653     2.648187 -0.005203965     19935.65
        7312     1.002738      2.65924 -0.0006677985     19943.59
        7314     1.001271     2.640013 -0.0002321563     19947.22
        7316     1.001759     2.640005  -0.00550136     19956.15
        7318     1.002205      2.64633  0.002224625     19965.03
        7320     1.002166     2.615229 0.0008356929     19972.42
        7322     1.002246      2.65781 -0.008007751     19981.08
        7324     1.001554     2.646691  0.001935248     19981.89
        7326     1.001288     2.582268 -0.001864606     19988.46
        7328     1.001642     2.630711  -0.00492602     19997.22
        7330     1.001115     2.642893  0.006278516     20004.15
        7332     1.001228     2.607283 -0.002379641     20008.69
        7334     1.000206     2.632496 -0.004800051     20009.11
        7336    0.9999623     2.611674 -0.006199681     20018.32
        7338     0.999693     2.604493 -0.002109436     20023.74
        7340     1.000019     2.557685  0.001621048     20033.46
        7342     1.000173     2.615621  0.004590311     20039.42
        7344     1.000532     2.624642  0.008858085     20043.95
        7346     1.000555     2.641215  0.005974094     20054.69
        7348     1.000199      2.62855  0.004033759     20057.13
        7350    0.9993559     2.663413  0.005928963     20060.41
        7352    0.9993258     2.656912  0.005532274     20062.63
        7354    0.9998795     2.688647   0.00341524     20073.44
        7356     1.000029     2.672808  0.006482765     20083.79
        7358     1.000078     2.690735  0.004531454     20083.11
        7360    0.9998899     2.708774  0.002617066     20091.79
        7362     1.000059     2.724899   0.00259392     20099.12
        7364    0.9999949     2.693745  0.002403104     20104.99
        7366    0.9998252     2.711487 -0.001977965     20108.99
        7368     1.000316     2.727999 -0.002686614     20112.86
        7370     1.000043     2.709075 -0.004919423     20118.91
        7372     1.000197     2.672252  -0.01012478     20127.26
        7374    0.9996258     2.672131  -0.01178612     20132.92
        7376    0.9995546     2.647001  -0.01417579     20134.95
        7378     0.999557     2.614786  -0.01724374     20143.37
        7380    0.9993401     2.558846   -0.0167721     20148.57
        7382     1.000084     2.534181  -0.01356215     20154.74
        7384    0.9998737     2.512824 -0.007465208     20163.88
        7386    0.9990301     2.506289 -0.007019844     20166.26
        7388    0.9994729     2.499124 -0.002584884     20176.27
        7390    0.9989408     2.478023 0.0001689738     20183.32
        7392    0.9986889     2.492145  0.001905364     20186.35
        7394    0.9998231     2.507641  0.004631242     20197.97
        7396     0.998598     2.514367 0.0006967767     20196.73
        7398    0.9987586     2.515073 -5.215796e-05     20205.59
        7400    0.9980206     2.497719 -0.001885439     20212.81
        7402    0.9984157     2.507223 -0.0007722658        20217
        7404    0.9974983     2.499283 -0.002107624     20222.89
        7406    0.9977328     2.508895 -0.001248759     20226.68
        7408      0.99764     2.480858 2.157711e-05     20235.73
        7410    0.9968469     2.497233 -0.001022096     20240.18
        7412    0.9968951     2.499456  0.003315105     20240.21
        7414    0.9972258     2.500718  -0.00550069     20250.92
        7416    0.9971782     2.507379 -0.003859554     20259.71
        7418    0.9972787     2.453228 -0.002685392     20263.55
        7420    0.9960511      2.46858 -0.006936056     20267.74
        7422     0.996484     2.479235 0.0003445366     20272.58
        7424    0.9960148     2.451891 -0.000409551     20278.57
        7426    0.9960123     2.455984 -0.0006937237     20281.04
        7428    0.9965706     2.465303 -0.001936241     20291.55
        7430     0.995983     2.473685 -0.000949373     20295.89
        7432    0.9955413     2.436401 -0.001810964     20302.98
        7434    0.9955389     2.448389 -0.003910666     20310.76
        7436    0.9954592     2.450815  0.003024284     20317.79
        7438    0.9952007       2.4424  0.001813736     20321.14
        7440    0.9957152     2.460595   0.00142686      20328.6
        7442    0.9961332     2.462899  0.003649929     20335.51
        7444    0.9959709      2.46223  0.002002432     20337.18
        7446    0.9956677     2.471599 0.0002448644        20345
        7448    0.9953416     2.476615  0.003194188     20348.05
        7450    0.9953534     2.464858  0.002833772     20356.88
        7452    0.9950249     2.487784 0.0001727849     20363.35
        7454    0.9963843     2.494269  0.001610394     20366.44
        7456    0.9956975     2.477997 0.0001114269     20373.16
        7458    0.9962234     2.477741 -0.003313582     20380.24
        7460    0.9949198     2.488675 -0.001746052     20383.12
        7462    0.9950626      2.46776 -0.002092863     20385.68
        7464    0.9955443     2.464028 -0.005760656     20394.49
        7466    0.9955927     2.460998 -0.005764675     20399.22
        7468    0.9952881      2.44259 -0.005148448     20404.55
        7470     0.995202     2.421643 -0.007339082     20411.58
        7472    0.9956467     2.422841  -0.00540555     20414.21
        7474    0.9953603     2.402285 -0.003759665     20423.07
        7476    0.9955685     2.399346 -0.005724105     20429.86
        7478    0.9955575     2.391566 -0.002921467        20431
        7480    0.9960145     2.377048 -0.002522787     20441.46
        7482    0.9958147     2.378914 -0.004415045     20446.77
        7484    0.9952686     2.379163 -0.003165415     20447.67
        7486    0.9952013     2.356245 -0.003134645     20452.33
        7488    0.9961382     2.351725 -0.005342452     20458.93
        7490    0.9953871     2.353836 -0.004746438     20461.77
        7492    0.9954387     2.336424 -0.002229389     20467.01
        7494    0.9953421     2.318274 -0.004525019     20472.53
        7496    0.9950864      2.33389 -0.001818089     20476.72
        7498    0.9946795     2.317636 -0.0001129522     20481.98
        7500    0.9955377     2.321879 -0.001563625     20483.99
        7502    0.9952534      2.31737   0.00204166     20490.09
        7504    0.9951287     2.321381 -0.001337097     20499.09
        7506    0.9958031      2.33397 -0.002274427     20503.12
        7508    0.9953378     2.311182 -0.0003162803     20506.26
        7510    0.9956992     2.299175 -0.001589888     20507.82
        7512    0.9952197      2.31885 0.0003286403     20514.95
        7514    0.9955149     2.321251 -0.0005716223     20520.96
        7516    0.9958567     2.313811 -0.004768386     20519.42
        7518    0.9956946     2.294602 -0.001463286     20507.03
        7520    0.9955609     2.280703 -0.002690447     20494.74
        7522    0.9955402     2.309544   -0.0011747     20495.81
        7524    0.9957142     2.292288  0.003079192     20446.97
        7526    0.9970403     2.285204 -0.001625796     20035.72
        7528    0.9944467     2.305337 -0.001317792     20344.26
        7530    0.9963149     2.296538 0.0007607256     20098.83
        7532    0.9950532     2.281745 -0.001587738      20426.6
        7534    0.9948589      2.29129 -0.003252885     20558.03
        7536    0.9950328     2.292635 -0.000930936     20543.96
        7538    0.9950061     2.270515 -0.003143152     20549.24
        7540    0.9952286     2.274298 -0.001285877     20575.07
        7542    0.9955999     2.266145 -0.0003299905     20590.13
        7544    0.9955887     2.282348 -0.002218089     20593.55
        7546    0.9952585     2.267875 -0.000536231     20604.43
        7548    0.9957497     2.256553 -0.002814302     20606.98
        7550    0.9954906     2.261855 -0.001642872     20614.68
        7552    0.9952112     2.259833 -0.000963454     20618.13
        7554    0.9946174     2.254732 0.0001893653     20616.04
        7556    0.9952396     2.248846 -0.0009008607     20624.89
        7558     0.995148      2.26337 -0.000305251     20629.41
        7560    0.9948326     2.252627 0.0002976646     20631.08
        7562    0.9954935      2.25229 -0.001255405     20642.35
        7564    0.9949266     2.251227 -0.001075959     20642.93
        7566    0.9952573     2.253327 -0.001613873     20648.93
        7568     0.995474     2.244019 0.0002332195        20654
        7570    0.9949567     2.239379 -0.001969152      20655.6
        7572    0.9948355     2.253093 -0.002286872     20661.76
        7574     0.994851     2.237573 -0.002489488     20672.41
        7576    0.9956556     2.225724 -0.004408208     20675.13
        7578     0.995293     2.219463 -0.004383039     20678.84
        7580    0.9950081     2.217827 -0.003207629     20683.41
        7582    0.9960865     2.202509 -0.002789147     20688.02
        7584    0.9950036     2.200063  -0.00299837     20686.23
        7586    0.9958618      2.19715 -0.001310798     20688.02
        7588    0.9959107      2.19384 -0.001541016      20693.7
        7590    0.9958064     2.192023 -0.002036802     20698.83
        7592    0.9959248     2.187735 -0.001280503     20702.29
        7594    0.9962749     2.180855 -0.002097657     20704.62
        7596    0.9963045     2.183596  -0.00225458      20706.6
        7598    0.9965205     2.175242 -0.001417512     20706.39
        7600    0.9965499     2.169698 -0.002051015     20710.98
        7602    0.9967353     2.169515 -0.001801363     20719.41
        7604    0.9966806     2.167188 -0.001328947     20723.12
        7606    0.9969266     2.160831 -0.001604424     20726.28
        7608    0.9968768     2.159067 -0.002426502      20730.4
        7610    0.9971148      2.15668 -0.001036572     20734.08
        7612    0.9968797     2.147776 -0.001228138     20739.54
        7614     0.996772     2.152538 0.0005587259      20738.8
        7616    0.9971146     2.149241 -0.002328892     20747.95
        7618    0.9967234      2.16115 -0.002639344     20750.43
        7620     0.997057     2.129145 -0.001350516     20754.39
        7622    0.9966402     2.131423 -0.004883978     20757.69
        7624    0.9972012     2.138437 5.925456e-05     20763.04
        7626    0.9969983     2.122078 -0.001743821     20767.28
        7628    0.9975971     2.129619 -0.001789926     20766.84
        7630    0.9971559     2.117473 -0.0009601119     20773.23
        7632    0.9975215     2.124118 -0.001646859     20776.35
        7634    0.9968477     2.114397 -0.002135882     20780.03
        7636    0.9967209     2.116444 -0.003406904     20780.08
        7638    0.9967312     2.100386 -0.001884472     20790.53
        7640    0.9971674     2.096863 -0.002099966     20794.14
        7642    0.9969969     2.099321 0.0001951023     20799.15
        7644    0.9974243     2.099644 -0.001491826     20804.12
        7646    0.9967033     2.101946  -0.00300793     20806.87
        7648    0.9963622     2.084928 -0.002677668     20807.68
        7650      0.99687     2.075258 -0.002591742     20816.72
        7652      0.99648     2.078223 -0.001531323     20814.92
        7654    0.9968708     2.081213 -0.0002444828     20817.43
        7656    0.9971554     2.072677 -0.001106731     20826.18
        7658     0.997536     2.073302  -0.00157535      20835.3
        7660    0.9967645     2.069369 -0.0002845057     20834.78
        7662    0.9971571      2.06861 -0.001401556     20834.96
        7664    0.9969953     2.070401 -0.001274496     20836.69
        7666    0.9970194     2.062089 -0.001042187     20846.94
        7668    0.9967469     2.059173 -0.001154822     20850.49
        7670     0.996923     2.060272 -0.0006058674     20850.98
        7672    0.9970392     2.061163 -0.001039118     20856.14
        7674    0.9968706     2.057243 -0.0007444535     20857.17
        7676    0.9974603      2.05086 -0.001159095      20864.3
        7678    0.9968907     2.054317 -0.001594438     20866.69
        7680    0.9973637      2.05189 -0.001110438     20872.97
        7682    0.9977667     2.044487  -0.00109523     20881.49
        7684    0.9973799     2.041976 -0.001510436     20883.77
        7686    0.9977068     2.045555 -0.001510162     20888.62
        7688    0.9971146     2.039807 -0.001839751     20888.67
        7690    0.9974352     2.032406 -0.001568995     20888.09
        7692    0.9972465     2.027258  -0.00187606     20896.85
        7694    0.9973893     2.033003 -0.001776396      20901.3
        7696    0.9983292     2.024798 -0.001622363     20905.55
        7698    0.9984628     2.018195  -0.00311772     20909.15
        7700    0.9986951      2.01428 -0.001594983     20911.64
        7702    0.9981875     2.008061 -0.002041132     20918.55
        7704    0.9983061     2.012038 -0.001779046     20919.51
        7706    0.9985204     2.001865 -0.000778164     20923.34
        7708    0.9985899     2.000047 -0.001660876      20929.8
        7710    0.9983692     2.001836 -0.0003156003     20929.58
        7712    0.9987574     1.998751 -0.0005153438     20930.32
        7714    0.9991622     1.999341 -0.0009848581     20934.81
        7716     0.999014     1.995924 -0.0003579764      20944.4
        7718    0.9988692     1.993957 -0.0006224729     20945.04
        7720    0.9988052     1.995887 -0.001244725     20947.03
        7722    0.9987306     1.994361 -0.002763674     20948.69
        7724    0.9991366     1.985967 -0.0007392941     20953.64
        7726    0.9994359     1.971848 -0.002326796     20958.57
        7728    0.9997615     1.989973 -0.0002278811      20961.4
        7730    0.9997362     1.975747 0.0007723683     20966.28
        7732     0.999866     1.984144 -0.001210546     20970.02
        7734    0.9997589     1.978026 -0.0009850158      20973.6
        7736     0.999982     1.980289 -0.001614685     20976.06
        7738    0.9998107     1.967866  -0.00210825      20975.6
        7740    0.9996807     1.971226  -0.00160372     20981.26
        7742    0.9998982      1.96116 -0.001453006     20982.49
        7744     1.000189     1.967459 -0.001293835      20986.1
        7746    0.9999168     1.956242 -0.0008810494     20988.24
        7748     1.000449     1.960875 -0.0009337202     20997.53
        7750    0.9999217     1.954112 -0.0007529209     20995.65
        7752     1.000314     1.959989 -0.003031843     21001.78
        7754     1.000606     1.950219 -0.0008292943     21000.46
        7756     1.000343     1.936621 -0.002404927     21002.99
        7758     1.000615     1.947478 -0.001838463     21010.42
        7760     1.000838      1.94075 -0.001122432      21015.1
        7762     1.001025     1.935511  -0.00231413      21017.5
        7764     1.000913     1.927641 -0.001977216      21019.8
        7766     1.001034     1.928965 -0.001410611     21021.36
        7768      1.00117     1.924932 -0.001438822     21023.85
        7770     1.000489     1.924226 -0.002183478     21022.94
        7772     1.000873     1.916131 -0.002615049     21024.86
        7774     1.001102     1.911497 -0.002361919     21031.11
        7776     1.001319     1.904012  -0.00226911     21026.67
        7778      1.00136     1.905331 -0.001394753     21023.42
        7780     1.001649     1.897978 -0.0005063324     21012.67
        7782     1.001564     1.900339 -0.001276761     20983.52
        7784     1.003034     1.899961  6.24396e-05     20811.28
        7786     1.005062     1.895117 -0.002078667     19874.21
        7788     1.001275     1.898477 -0.001528793     20084.54
        7790    0.9984401     1.883709 -0.001611468     20404.32
        7792     1.001395     1.887731 -0.002379111     21050.11
        7794     1.001872     1.882225 -0.0001820211     21076.28
        7796     1.001624     1.879444 -0.000880436     21084.37
        7798     1.001715     1.882253 -0.001563065     21089.82
        7800     1.001594     1.880687 -0.0009178234     21092.96
        7802     1.000898     1.869721 -0.001368052     21093.04
        7804     1.001449     1.872102 -0.001977616     21095.08
        7806     1.002096     1.871309 -0.0008954897     21102.67
        7808     1.001556     1.864866 -0.000759604     21105.52
        7810     1.001558     1.862557 -0.001629891     21105.62
        7812     1.001616     1.866025 -0.000349239     21107.47
        7814     1.001761      1.85827 -0.001084784     21112.58
        7816     1.002426     1.862072 -0.001437017     21116.27
        7818     1.001951     1.853878 -0.001053976     21115.21
        7820     1.002341     1.854529 -0.001994908     21120.87
        7822      1.00296     1.849838 -0.001668075     21125.48
        7824     1.002196     1.846113 -0.002613402     21123.61
        7826      1.00223     1.840534  -0.00148403     21127.42
        7828     1.002832     1.833622  -0.00138929     21130.35
        7830     1.002749     1.837966 -0.001315325     21133.77
        7832     1.003145     1.834999 -0.001264077     21139.07
        7834     1.002975     1.830011  -0.00213933     21140.51
        7836     1.002765     1.823509 -0.001603453     21141.91
        7838     1.002544     1.820851 -0.001345679      21142.2
        7840      1.00292     1.822171  -0.00123832     21149.77
        7842     1.003351     1.819246 -0.0008762004      21150.3
        7844     1.003487     1.813602 -0.001127037      21154.5
        7846     1.003319     1.813841 -0.001224093     21158.34
        7848     1.003434     1.813155 -0.001437974     21160.55
        7850      1.00355     1.809453  -0.00145741     21164.26
        7852     1.002891     1.802099 -0.001721757     21165.24
        7854     1.002784     1.802182 -0.002308626     21166.47
        7856     1.002489     1.799381 -0.001637088     21166.67
        7858     1.002781     1.790984 -0.0008881963     21166.59
        7860     1.003312     1.789002 -0.001884596     21175.69
        7862     1.003182     1.795077 -0.0006243692     21179.62
        7864     1.002956     1.784304 -0.001783027     21179.78
        7866     1.003424     1.785989  -0.00222775     21186.17
        7868     1.002983     1.774738 -0.001026902     21190.75
        7870     1.002947     1.777255 -0.002322253      21190.9
        7872     1.003079     1.776089 -0.001290798     21191.59
        7874     1.003681     1.767411 -0.001763212     21198.03
        7876     1.003833     1.764411 -0.001388876      21200.5
        7878     1.003782     1.763149 -0.0007630722     21204.21
        7880     1.003522     1.764978 -0.001039336     21210.06
        7882     1.003622     1.761307  -0.00136359     21210.95
        7884     1.003732     1.756097 -0.002335738     21214.19
        7886     1.003449      1.75224 -0.002127297      21214.8
        7888     1.003173     1.746292 -0.001902018      21214.9
        7890     1.004112     1.744288 -0.002069653     21219.48
        7892     1.003963     1.740881  -0.00138652     21224.47
        7894     1.004124     1.735683 -0.001412908     21230.94
        7896      1.00384       1.7352 -0.0009311117     21228.28
        7898     1.003754     1.732985  -0.00102404     21232.67
        7900      1.00404     1.733432 -0.0009868879     21240.71
        7902     1.003497     1.727491  -0.00175298     21237.34
        7904     1.003833     1.727305 -0.001651104     21238.13
        7906      1.00433     1.718961 -0.001298013     21246.75
        7908     1.004305     1.720223 -0.001886844     21253.53
        7910     1.003961     1.717107 -0.001307464     21249.28
        7912     1.004402      1.71221 -0.001316869      21254.8
        7914     1.004361     1.708501 -0.001561974     21216.94
        7916     1.004922     1.709688 -0.001254925     20947.29
        7918     1.004279     1.704611 -0.001154128     20546.02
        7920     1.003432      1.70217 -0.001717042     20954.62
        7922     1.003908     1.699268 -0.001249797     21198.29
        7924     1.004398     1.695952 -0.001512113     21230.42
        7926     1.004438     1.694612 -0.001842624     21240.14
        7928     1.005109     1.690074 -0.001653624     21250.12
        7930     1.004439     1.684527 -0.001432615     21252.55
        7932     1.004635     1.682723   -0.0016038     21260.56
        7934       1.0048     1.683151 -0.0006246341     21265.03
        7936     1.004447     1.677243 -0.001482091     21267.15
        7938     1.004719      1.67953 -0.001130336     21270.93
        7940     1.005086     1.670866 -0.0007829047     21279.85
        7942     1.004333     1.674109 -0.001330194     21275.93
        7944      1.00472      1.67098 -0.001230882     21279.97
        7946     1.005345     1.668889 -0.001293778     21285.75
        7948     1.004814     1.661019 -0.001410927     21284.24
        7950     1.005004     1.663759 -0.001535757     21287.03
        7952     1.005368     1.659692 -0.001045055      21291.1
        7954      1.00575     1.656603 -0.001168983     21295.46
        7956     1.005543     1.652658 -0.0007891339     21295.98
        7958      1.00543     1.654407 -0.001315786     21299.97
        7960     1.005455     1.653379 -0.001446403     21301.25
        7962     1.005705     1.646076 -0.001628872     21304.87
        7964     1.005622     1.641087 -0.001598386     21303.86
        7966     1.005836     1.641376 -0.001278693     21305.59
        7968     1.005868     1.640592 -0.001276729     21311.34
        7970     1.005885     1.635847 -0.0009974421     21315.96
        7972     1.005574     1.630873  -0.00113777     21318.17
        7974     1.005352     1.633396 -0.0006949803     21319.85
        7976       1.0055      1.63149 -0.0007748553      21321.7
        7978     1.005246     1.630287 -0.001241591     21323.33
        7980     1.005751     1.624674 -0.001399042      21324.6
        7982     1.005746     1.623463 -0.001648197     21329.81
        7984      1.00582     1.620298 -0.001333604     21332.94
        7986     1.005804     1.617101 -0.002047308     21334.88
        7988     1.005478     1.614006 -0.001134301     21340.35
        7990     1.005469     1.607085 -0.001329832     21339.93
        7992     1.005412     1.611223  -0.00200912     21337.03
        7994     1.005967     1.606463 -0.0008383639     21341.19
        7996     1.005575     1.597933 -0.000923485     21342.72
        7998     1.005647     1.600378 -0.001405602      21344.8
        8000     1.005519     1.603836 -0.001037222     21348.31
        8002     1.005199     1.595218 -0.001423313     21347.36
        8004     1.005341     1.589635 -0.002096113     21352.07
        8006     1.005617     1.588992 -0.002282159     21355.65
        8008     1.005098     1.587067 -0.001104075     21356.66
        8010     1.005406     1.576961 -0.001439938        21357
        8012     1.005036     1.580802 -0.001408095     21360.26
        8014      1.00542     1.577472 -0.0006908097     21367.55
        8016     1.005296     1.575802 -0.001347582     21362.98
        8018     1.005161     1.571434  -0.00110626     21364.63
        8020      1.00494     1.570022 -0.001987764     21367.51
        8022     1.004482     1.568622 -0.001333176     21369.58
        8024     1.004778       1.5599 -0.001287789     21373.45
        8026     1.004691     1.560769 -0.001663183     21375.75
        8028      1.00484     1.559719 -0.0009536977     21378.23
        8030     1.004627     1.555317  -0.00130303     21376.94
        8032     1.004632      1.55227 -0.001770758     21382.62
        8034     1.004289     1.550345 -0.0007912983     21383.16
        8036     1.004916     1.545553 -0.001061607     21387.71
        8038     1.004563     1.548986 -0.001456032     21390.33
        8040     1.004405     1.543777 -0.0008750603      21393.5
        8042     1.004628     1.538696 -0.002290203     21391.55
        8044     1.004321     1.538553 -0.001342376     21393.09
        8046      1.00414     1.530665 -0.001109258     21394.22
        8048     1.004325     1.533038 -0.001929254     21399.39
        8050      1.00424     1.529822 -0.001253616     21398.35
        8052      1.00444     1.523119 -0.001912201     21400.48
        8054     1.003947     1.520636 -0.001214809     21400.61
        8056     1.003985     1.517741 -0.0009937849     21404.81
        8058     1.004029     1.520104 -0.0007527706     21406.96
        8060     1.003872     1.515168 -0.0008134548     21408.28
        8062     1.004461     1.514613 -0.001654861     21411.93
        8064     1.003764     1.511233 -0.001272443     21412.42
        8066     1.003848     1.506865 -0.001940326     21414.68
        8068     1.003217     1.504989 -0.001797964     21410.57
        8070      1.00381     1.499091 -0.001745582     21418.31
        8072     1.003527     1.496849 -0.001811536     21417.59
        8074     1.003395       1.4929 -0.001038181        21422
        8076     1.003762     1.490497 -0.001418174     21424.65
        8078     1.003716     1.490785 -0.001054263     21421.57
        8080     1.003571     1.485504 -0.0009164644     21425.65
        8082     1.003763     1.484466 -0.001363231     21428.45
        8084     1.003407     1.483165 -0.001048763      21426.6
        8086     1.003318      1.47988 -0.001079193     21428.51
        8088     1.002968     1.477114 -0.001038915     21429.18
        8090     1.003029     1.475833 -0.0009935607     21434.35
        8092     1.002657     1.474854 -0.001062086     21434.21
        8094     1.003158     1.471931 -0.001246272     21437.87
        8096     1.003021     1.468617 -0.001749777     21439.02
        8098     1.003252     1.465862 -0.001777817     21441.16
        8100     1.002894     1.460855 -0.001137574     21439.02
        8102     1.003034     1.457709 -0.001118442     21445.11
        8104     1.003162     1.459517 -0.001091269     21449.46
        8106     1.002253     1.456915 -0.001029834     21451.92
        8108     1.002088     1.452125 -0.001070726     21446.45
        8110     1.002135      1.44947 -0.001044107     21449.31
        8112     1.002021     1.450951  -0.00107035     21452.04
        8114     1.002138     1.448562 -0.0009773851     21455.82
        8116      1.00193     1.443562 -0.001134742     21452.32
        8118      1.00179     1.441651 -0.001228005     21456.27
        8120     1.001467     1.441873 -0.001585469     21454.72
        8122     1.000846     1.438738 -0.001599193     21453.24
        8124      1.00108     1.430879 -0.001604259     21460.98
        8126     1.000494     1.428857  -0.00186788     21459.93
        8128     1.000166     1.429039 -0.0009978196     21459.36
        8130     1.000262     1.423795 -0.0009817301     21464.93
        8132    0.9997168     1.422896 -0.001191094     21464.85
        8134    0.9998094     1.421003 -0.0005968874     21463.57
        8136    0.9998303      1.41951 -0.001023188     21466.07
        8138    0.9996384      1.41902 -0.001365501     21466.54
        8140    0.9992726     1.414711 -0.001618595     21468.35
        8142    0.9990164     1.410079 -0.001532304     21466.33
        8144    0.9987085     1.406561 -0.001348442     21469.71
        8146    0.9984835     1.406761 -0.001061197     21470.88
        8148    0.9981391     1.403923 -0.0007358333     21469.01
        8150     0.998217      1.40159 -0.001293007     21476.45
        8152    0.9984491     1.400675 -0.001174583     21474.34
        8154    0.9983503     1.396417 -0.001259994     21475.13
        8156    0.9976579     1.394526 -0.001194599     21473.72
        8158    0.9980247      1.39151 -0.001007281     21481.13
        8160    0.9974481     1.391118 -0.001240415     21477.24
        8162    0.9969504     1.388359 -0.001166224     21477.27
        8164     0.997238     1.384603 -0.001283549     21480.64
        8166    0.9971483      1.38218 -0.001597046      21482.1
        8168    0.9969499     1.380849 -0.001122774     21482.42
        8170    0.9966539     1.375583 -0.001428424     21485.44
        8172     0.996516     1.375621 -0.001299704     21482.22
        8174    0.9966804     1.370753 -0.001380741     21484.75
        8176    0.9965068     1.370452 -0.001240527     21484.65
        8178    0.9964733     1.364537 -0.001415741     21485.35
        8180    0.9956377     1.365697 -0.001558259     21481.79
        8182    0.9957891     1.359427  -0.00111663     21487.47
        8184    0.9958658     1.357986 -0.001488317     21488.96
        8186    0.9953587     1.355604 -0.001091715     21491.69
        8188    0.9952988      1.35379 -0.0009072409     21494.44
        8190    0.9950542     1.350693 -0.001253732     21492.41
        8192    0.9949308     1.350728 -0.001118615     21494.37
        8194       0.9951     1.345574 -0.0009749379     21495.82
        8196    0.9946022     1.344841 -0.001115346     21496.82
        8198    0.9946768     1.342894 -0.0009754904     21496.32
        8200     0.994327     1.341805 -0.001414117      21497.7
        8202    0.9938284      1.33777 -0.001651201     21499.38
        8204    0.9937168     1.333528 -0.001443413     21497.23
        8206    0.9937578     1.329684 -0.001371473     21499.29
        8208    0.9938013     1.330258 -0.0009608557     21498.13
        8210    0.9937343     1.326798 -0.001170636     21502.07
        8212    0.9931986     1.325841 -0.001542492     21501.11
        8214    0.9928591     1.320319 -0.001412347     21501.23
        8216    0.9932168     1.317918 -0.001582301     21506.62
        8218    0.9931219     1.315499 -0.001030686     21506.57
        8220    0.9925751     1.313183 -0.001064146     21504.63
        8222    0.9923043     1.312073 -0.0008531648     21504.26
        8224    0.9923596     1.309405 -0.001059211     21510.72
        8226     0.991985     1.308674 -0.001659207     21506.51
        8228    0.9914484     1.304709  -0.00110894     21505.11
        8230    0.9915536       1.2988 -0.001387282     21510.09
        8232    0.9912795     1.300533 -0.001122485     21508.57
        8234    0.9910963     1.297576 -0.001015982     21510.94
        8236    0.9905478     1.295729 -0.001229392     21510.95
        8238    0.9901767     1.290672 -0.001393255     21510.16
        8240     0.990295     1.290698 -0.001517271     21514.74
        8242    0.9897554      1.28643 -0.001305163      21513.8
        8244    0.9896182     1.283591 -0.001033685      21513.4
        8246     0.989452     1.280231 -0.0007230518     21512.69
        8248    0.9891249     1.282428 -0.0009891847     21518.38
        8250    0.9886679     1.280645 -0.001616252     21512.07
