# This file has been produced by extranormal (v 1.0.1 - February 23, 2017)
# O. Roudenko - Synchrotron SOLEIL. Covered by GPL licence.
#Data from HDF File: /nfs/ruche-rock/rock-soleil/com-rock/2021/Projets/20210209_Hilde/InSitu/10Ni-10Fe_50BN/10Ni-10Fe_50BN_RWGS750_CO2pulses_H2cst_ratio1/10Ni-10Fe_50BN_RWGS750_CO2pulses_H2cst_ratio1_00863.nxs to 10Ni-10Fe_50BN_RWGS750_CO2pulses_H2cst_ratio1_00864.nxs
#Time at start=2021-02-10 14:42:38.997
#Time from start (seconds)=4313.98919589
#Sample temperature (C)=24.7
# Normalization -------------
# pivot spectrum: Pivot_Fe_10Ni-10Fe_50BN_RT_air_av2000_00001.txt
# E0=7112.0   Eshift=1.61282729689
# E0_pivot = 7112.0
# pre-edge params: from E0_pivot-140.0 to E0_pivot-20.0
# pre-edge range: [6972.0, 7092.0]
# post-edge params: from E0_pivot+100.0 to E0_pivot+1140.0
# post-edge range: [7212.0, 8250.0]
# I jump at E0_pivot = 1.24703928559
# shifted energy	normalized	reference	ref.derivative	I0
        6970  0.001447039     1.677234  -0.00374954     18811.45
        6972  0.001447039     1.677234  -0.00374954     18811.45
        6974  0.001046048     1.671177 -0.0009550677     18823.25
        6976  0.001457495     1.674773 -0.001762387     18833.33
        6978  0.001616422     1.668703 -0.001755317     18837.87
        6980 0.0009053692     1.663135 -0.002627839     18848.12
        6982  0.001196067     1.657134 -0.001819106     18855.52
        6984 0.0008944946      1.65375 -0.001423019     18861.53
        6986 0.0004584306      1.65415 -0.0007006374      18870.2
        6988 0.0006490297      1.65175 -0.001343563      18875.9
        6990 0.0006693276     1.651529 -0.001582684      18883.7
        6992 0.0004390537     1.643001 -0.001941387     18890.86
        6994 0.0005514449     1.641489 -0.001838374     18901.37
        6996 0.0001822933     1.636219   -0.0010832     18909.58
        6998 0.0001581982     1.636822 -0.001010121      18919.7
        7000 -4.856839e-05     1.634336 -0.001257666     18924.93
        7002 -0.0002273874     1.633408 -0.002129738     18929.98
        7004 -0.0002084678     1.626158 -0.001559332     18941.93
        7006 -0.0001008543     1.619784 -0.001769751     18951.48
        7008 -0.0005690877     1.621861 -0.001723815     18960.32
        7010 -0.000274999      1.61925 -0.001105781      18965.1
        7012 -0.0005436886     1.612368 -0.001795813      18975.3
        7014 -0.0002545755     1.610938  -0.00133973     18984.11
        7016 -0.0001628331     1.607495 -0.0006514315     18986.98
        7018 -0.0002255756     1.608532 -0.001108417     19000.84
        7020 -0.0002233486     1.607156 -0.001536813     19005.79
        7022 -0.000693203      1.60207 -0.002552495     19012.36
        7024 -0.001031358       1.5952 -0.002602915      19020.9
        7026 -0.001017316     1.588112   -0.0024525     19031.39
        7028 -0.001079692     1.586333 -0.0008409337     19040.33
        7030 -0.0008315491      1.58245 -0.0007241212     19049.47
        7032 -0.001207426     1.588473 -0.0005650007     19053.98
        7034 -0.001320981     1.582319 -0.0007585984     19060.15
        7036 -0.001029502     1.581813  -0.00163504     19068.14
        7038 -0.001090141     1.576382 -0.001588313     19076.96
        7040 -0.001081046     1.575392 -0.001788876      19084.5
        7042 -0.0009619041     1.569612 -0.001619535     19092.14
        7044 -0.001253024     1.567502 -0.002017369     19107.25
        7046 -0.0008960635     1.563425 -0.001018929     19111.55
        7048 -0.0004366539     1.559253 -0.001352565     19123.06
        7050 -0.0007177994     1.561461 -0.001481125     19132.37
        7052 -0.001155974     1.556681 -0.001364992      19137.8
        7054 -0.0002305911     1.551576 -0.002008805      19148.5
        7056 -0.0003743976     1.548333 -0.002013519     19156.23
        7058 -0.0008090957     1.545391 -0.001720961      19163.9
        7060 -0.0004411905     1.540573 -0.001286965      19169.6
        7062 -0.0002673299     1.537809 -0.001714232     19179.39
        7064 -0.000429374     1.538038 -0.001708128     19185.96
        7066 -0.0004293788     1.531677 -0.001169674     19192.25
        7068 -3.776037e-05     1.526908 -0.001800539      19196.7
        7070 4.876191e-05     1.528451 -0.001141056     19205.28
        7072 -0.0003347796     1.523633 -0.0001440025     19211.31
        7074 -0.0001244201     1.522548 -0.001457184     19216.94
        7076 0.0006249497     1.525756 -0.0004352255     19233.39
        7078  0.000343586     1.516794 -0.001643951     19236.09
        7080  0.000444634     1.520152 -0.002378977     19244.95
        7082  0.001202134     1.509397 -0.001250078     19251.32
        7084  0.001497651     1.506724   -0.0019606     19260.49
        7086  0.001492846     1.506793  -0.00104376     19265.28
        7088   0.00177332     1.504467   -0.0011005     19274.93
        7090  0.002129026     1.501047 -0.001357756     19283.16
        7092  0.002830159      1.49792   -0.0013511     19288.68
        7094  0.003550757     1.495931 -0.001146178     19298.37
        7096  0.003973022     1.493658 -0.000851297     19303.03
        7098  0.004961169     1.491877 -0.0003495088     19311.07
        7100  0.006002208      1.49111 -7.040039e-05     19321.71
      7100.2  0.006134786     1.491379 -1.183041e-05     19322.39
      7100.4  0.006267364     1.491648 4.673957e-05     19323.08
      7100.6  0.006399941     1.491916 0.0001053095     19323.77
      7100.8  0.006532519     1.492185 0.0001638795     19324.45
        7101  0.006665097     1.492454 0.0002224495     19325.14
      7101.2  0.006797675     1.492723 0.0002810195     19325.83
      7101.4  0.006930252     1.492992 0.0003395895     19326.51
      7101.6   0.00706283      1.49326 0.0003981594      19327.2
      7101.8  0.007096094     1.492898  0.000805107     19324.67
        7102  0.007424195     1.493885 0.0008136693     19326.77
      7102.2   0.00745254     1.492832 -0.0002142915     19329.02
      7102.4  0.007084593     1.493852 -0.001346048     19326.44
      7102.6  0.007223606     1.492726  0.002008555     19327.02
      7102.8  0.007576794     1.492808  0.002102403     19328.08
        7103   0.00773572     1.494438  0.001281414     19325.76
      7103.2  0.008186779     1.495534 0.0001295303     19328.05
      7103.4  0.008280299     1.493752 -7.479596e-05     19330.84
      7103.6  0.008211803     1.492912 -0.004146655     19330.97
      7103.8  0.008255062     1.494379 -0.005169474     19331.84
        7104  0.008414394     1.492217 -0.001355161      19333.2
      7104.2  0.008937217     1.489616 0.0009179134     19335.74
      7104.4  0.009295363     1.491828  0.005258571     19335.16
      7104.6  0.009593407     1.495113  0.008418707     19336.88
      7104.8  0.009797106     1.496424  0.006677493      19338.2
        7105  0.009988857     1.496351 -0.0007321903     19340.19
      7105.2   0.01013126      1.49717 -0.001892601     19340.96
      7105.4     0.010585     1.494527 -0.001799723     19344.85
      7105.6    0.0108043      1.49491  0.001071059     19344.01
      7105.8    0.0111732     1.494911  0.003318247     19343.49
        7106   0.01133737     1.498027 0.0001961349     19343.33
      7106.2    0.0114361     1.497182 0.0007906226     19344.98
      7106.4   0.01179927     1.495067 -0.003738681     19347.63
      7106.6   0.01226825     1.495544 -0.003248422     19347.27
      7106.8   0.01275668     1.495036 -0.0004069762     19348.81
        7107   0.01277915     1.494583 -0.0003095295     19350.28
      7107.2    0.0130809     1.494741  0.003051065     19350.37
      7107.4   0.01360839     1.495296   0.01059464     19350.68
      7107.6    0.0141717     1.497477   0.01093835     19350.35
      7107.8   0.01468522     1.503059   0.01272021     19349.63
        7108   0.01516744     1.503492   0.01315827     19349.21
      7108.2   0.01573398     1.505472  0.005509713     19350.41
      7108.4   0.01640725     1.508003   0.00766482     19351.08
      7108.6   0.01697746     1.507466  0.007828955     19350.67
      7108.8   0.01751457     1.509624  0.006153142     19352.69
        7109   0.01826353     1.511735   0.01051921     19351.96
      7109.2   0.01898672     1.512926   0.01219691     19350.39
      7109.4    0.0198277     1.515882   0.01348507     19353.45
      7109.6   0.02094883     1.519381   0.02098645      19355.2
      7109.8   0.02233793     1.522523   0.02724661     19355.58
        7110   0.02388935     1.529715    0.0327229     19355.08
      7110.2   0.02558887     1.537679   0.03932492     19354.63
      7110.4   0.02752745     1.545559   0.04583805     19354.18
      7110.6   0.02962663     1.553983   0.05776461     19351.84
      7110.8    0.0324777     1.566385   0.07726094     19351.16
        7111   0.03634525     1.583891   0.09380941     19350.25
      7111.2   0.04120149     1.607368     0.115467     19350.46
      7111.4    0.0470078     1.629031    0.1356928     19350.36
      7111.6   0.05429699     1.658759    0.1495907     19350.98
      7111.8   0.06265665     1.692445    0.1592616     19347.31
        7112   0.07153563     1.727041    0.1636255      19345.9
      7112.2   0.08044633      1.75644    0.1593385     19341.77
      7112.4   0.08980228     1.789659    0.1521136     19342.83
      7112.6   0.09900937     1.819916     0.137648     19341.32
      7112.8    0.1074381     1.848732    0.1287126     19339.53
        7113     0.114994     1.866559    0.1163473     19339.46
      7113.2    0.1219105     1.892629   0.09445616     19339.12
      7113.4    0.1281504     1.912994   0.09469762     19338.84
      7113.6    0.1338768     1.924297     0.084949     19336.33
      7113.8    0.1399459     1.942317   0.07434012     19334.95
        7114    0.1453108     1.960589    0.0788385     19333.74
      7114.2    0.1499497     1.972466   0.07102748     19332.18
      7114.4    0.1542184     1.987367   0.05916044     19334.12
      7114.6    0.1581342     1.999139   0.05261147     19335.48
      7114.8     0.161128     2.007917    0.0496765     19336.56
        7115    0.1637121     2.014555    0.0459766     19340.04
      7115.2    0.1655118     2.027109   0.04971351      19340.4
      7115.4    0.1672962      2.03592   0.04803562     19340.82
      7115.6    0.1694214     2.047688   0.04070882     19341.66
      7115.8    0.1718388     2.052983   0.04038148     19338.72
        7116    0.1749311     2.059676   0.02990192     19340.53
      7116.2    0.1784482     2.068225   0.03354367     19337.79
      7116.4    0.1834243     2.071609   0.03243297     19339.62
      7116.6    0.1889963     2.079818   0.01957819     19343.23
      7116.8    0.1952973     2.085622   0.01674051     19342.24
        7117    0.2024963     2.083888   0.01859825     19341.95
      7117.2    0.2105742     2.085002   0.01542652     19340.98
      7117.4     0.220037     2.094697   0.03593389     19340.86
      7117.6    0.2304903     2.097963   0.06165429     19340.97
      7117.8    0.2419724     2.112635    0.0597454     19340.46
        7118     0.254497     2.134325   0.07866126     19339.48
      7118.2    0.2682574     2.142493   0.09331322     19337.46
      7118.4    0.2839412     2.160892    0.0997502     19338.27
      7118.6    0.3014299     2.187285    0.1192697     19339.31
      7118.8    0.3201373     2.214125    0.1189855     19338.38
        7119    0.3402784     2.237909    0.1212172     19339.98
      7119.2    0.3618021     2.256081    0.1314461     19341.11
      7119.4    0.3846158     2.284259    0.1237086     19341.19
      7119.6     0.408899     2.319282     0.095676     19342.12
      7119.8    0.4336693     2.336876   0.08705952     19340.25
        7120    0.4586189     2.332621   0.07061258     19339.34
      7120.2    0.4832431     2.353907   0.07592037     19339.09
      7120.4    0.5063635     2.375772    0.1197837     19336.44
      7120.6    0.5278226     2.397612    0.1391055     19336.95
      7120.8    0.5482396     2.428448     0.150093     19337.79
        7121    0.5669466     2.465191    0.1561328     19337.51
      7121.2    0.5838144     2.495847     0.149982     19339.28
      7121.4    0.5993842     2.522518    0.1757377     19341.66
      7121.6    0.6141776     2.548434    0.1418784     19340.79
      7121.8    0.6282264     2.605781    0.1233596      19339.2
        7122     0.643151     2.609349    0.1176311      19336.2
      7122.2    0.6583487     2.621206     0.071628     19335.39
      7122.4    0.6739177     2.642539    0.1102347     19335.64
      7122.6    0.6896283     2.663084    0.1137589     19337.11
      7122.8    0.7054691     2.697537    0.1198859     19335.82
        7123    0.7226838     2.712213   0.09791828     19334.12
      7123.2    0.7405312     2.738448   0.02006458     19334.46
      7123.4    0.7583245     2.741418  0.002439791     19332.76
      7123.6    0.7759858     2.713589   0.01878923     19332.11
      7123.8    0.7945299     2.714165   0.03636745     19329.45
        7124    0.8131608     2.753479    0.0386765     19328.11
      7124.2    0.8315171     2.770512   0.01840099     19330.11
      7124.4    0.8494025      2.74453 0.0002382089      19330.8
      7124.6    0.8663888     2.728886   0.02704424     19329.46
      7124.8    0.8825981      2.75367   0.03710892     19328.48
        7125    0.8972725     2.792148   0.05927763     19329.22
      7125.2    0.9105888     2.774217    0.0863767     19329.79
      7125.4    0.9239949     2.776308   0.06314663     19328.69
      7125.6    0.9370225     2.822771   0.09137316     19331.95
      7125.8     0.949637     2.842665   0.07889148     19332.49
        7126    0.9620522     2.847316   0.03864344     19331.57
      7126.2    0.9738318     2.839421   0.05059444     19331.73
      7126.4    0.9857694     2.853686   0.06197251     19330.58
      7126.6    0.9972714      2.88314     0.103851     19325.09
      7126.8     1.009395     2.896894   0.09175791     19323.08
        7127     1.021935     2.922502  -0.01147845     19322.24
      7127.2     1.033882     2.927092  -0.05412472     19320.28
      7127.4     1.046781     2.873958    -0.063649     19320.85
      7127.6     1.060625     2.853594  -0.06482601     19321.85
      7127.8     1.074617     2.871583 -0.002208904     19321.02
        7128     1.088914     2.875231   0.02472125     19319.29
      7128.2     1.103917      2.87219   0.07173963     19318.28
      7128.4     1.119109     2.873371     0.155932     19316.51
      7128.6     1.133337     2.928974    0.2135004      19317.9
      7128.8     1.147089     2.999977    0.1691782      19321.2
        7129     1.159997     3.042991   0.06341702     19321.99
      7129.2     1.171362     3.008713   0.03970478     19320.38
      7129.4     1.182041     2.979708 -0.000285183     19321.99
      7129.6      1.19147     3.031741     0.143372     19319.45
      7129.8     1.199013     3.042763    0.1970027     19314.35
        7130     1.204862     3.123411   0.08289851     19313.32
      7130.2     1.209707      3.13731    0.1446592     19312.14
      7130.4     1.212764     3.098059    0.1794933     19311.03
      7130.6     1.215048      3.15849     0.161163     19310.63
      7130.8     1.216368     3.267006   0.01768129     19312.13
        7131     1.217247     3.266241   -0.1514208     19307.36
      7131.2     1.217885     3.112204    -0.331592     19304.08
      7131.4      1.21776     3.037353   -0.3323945     19304.91
      7131.6     1.217873     3.001732   -0.1387442     19305.43
      7131.8     1.217823     3.000325  -0.05177427     19303.93
        7132     1.218012     3.001209   0.01394833      19305.6
      7132.2     1.217857     2.995934    0.0419827     19305.47
      7132.4     1.217262     3.012891   0.09940965     19305.67
      7132.6     1.216362     3.033911    0.1592515     19302.92
      7132.8     1.214771     3.080737   0.06864717     19306.23
        7133     1.212219     3.123335   -0.0552317     19304.75
      7133.2     1.208623     3.067808   -0.1284861     19304.34
      7133.4      1.20408     2.989726   -0.2152299     19306.96
      7133.6      1.19898     2.977948    -0.154748     19307.81
      7133.8     1.192754     2.951151 -0.005318339     19308.26
        7134     1.186133      2.94401   0.03532934     19308.78
      7134.2     1.178755     2.985471   0.06054546     19308.38
      7134.4     1.172161     3.006211   0.09837601     19309.69
      7134.6     1.165726     2.999588   0.06911103     19309.75
      7134.8      1.15776     3.022711  -0.02907396     19311.85
        7135     1.149684      3.04076    -0.113529     19314.06
      7135.2     1.142741     2.982952   -0.1756745     19314.73
      7135.4     1.135587     2.908764   -0.2065365     19314.39
      7135.6     1.128547     2.882171   -0.1257269     19315.88
      7135.8      1.12193     2.875531  -0.03328498     19317.69
        7136     1.115083     2.882371  -0.01727913     19316.64
      7136.2     1.108753     2.882136 -0.006922937      19317.2
      7136.4     1.102447     2.868348  -0.04279281     19315.73
      7136.6     1.096745     2.869992  -0.01053518     19316.09
      7136.8     1.091841     2.848137   0.03126535     19313.64
        7137     1.087386     2.873708  -0.02060164      19305.1
      7137.2      1.08273      2.89336    0.0366387     19290.22
      7137.4     1.078532     2.853511   0.02696009     19266.05
      7137.6     1.074241     2.877447  -0.01044154     19230.33
      7137.8     1.070688     2.895276   0.09246844     19187.76
        7138     1.067985     2.885007    0.1076758     19146.61
      7138.2     1.064455     2.927486   0.05724322      19111.1
      7138.4     1.061428     2.963588   0.08839222     19085.16
      7138.6     1.058458     2.941071   0.04825649        19077
      7138.8     1.055024     2.955721  -0.05061209     19084.17
        7139     1.052164     2.966091  0.003162686     19105.68
      7139.2     1.050107     2.923098   0.02781663     19128.78
      7139.4     1.047878     2.943601 -0.008939517     19158.23
      7139.6     1.046818     2.977974   0.06560544     19187.25
      7139.8     1.045196     2.958939  0.007026411     19217.02
        7140     1.044003     2.975583  -0.06869997     19242.33
      7140.2     1.043708     2.949222  -0.05023989     19268.68
      7140.4     1.042745     2.923014  -0.07825165     19289.34
      7140.6     1.042677     2.918747 0.0006797447     19305.79
      7140.8     1.041769     2.912981   0.02767683     19314.54
        7141     1.040624     2.949766  -0.01938592     19316.22
      7141.2     1.039963     2.945156 0.0003918881     19316.55
      7141.4     1.039127     2.903239    0.0262409     19312.66
      7141.6     1.038467     2.913295   0.02630496     19303.58
      7141.8     1.037891     2.970759   0.05897362     19285.66
        7142     1.037447       2.9662   0.07149743     19257.91
      7142.2     1.036522     2.950418   0.03410588     19218.94
      7142.4     1.035596     2.970493   0.06070382     19176.07
      7142.6      1.03471     2.998043   0.09804651     19135.87
      7142.8     1.033698     3.014763   0.08273762     19100.08
        7143     1.033063     3.028855   0.03433493     19080.15
      7143.2     1.032288     3.036683   0.02289842     19075.39
      7143.4     1.031774     3.025511  -0.03355803        19083
      7143.6     1.030815     3.033081  -0.07321829     19109.26
      7143.8     1.029288     3.002008  -0.07291507      19146.6
        7144     1.028455     2.978108    -0.131118     19188.82
      7144.2     1.027157     2.967179  -0.09681135     19232.03
      7144.4     1.025653     2.928187  -0.05820765     19267.58
      7144.6     1.024417     2.924559   -0.0332744     19291.32
      7144.8     1.023829     2.931542  -0.00303319     19306.56
        7145     1.023091      2.94056 -0.006785474     19319.88
      7145.2     1.021806      2.92576 -0.006469023      19327.8
      7145.4     1.020612     2.919131  0.004229593     19333.59
      7145.6     1.019529     2.926367   0.05099768      19335.8
      7145.8     1.017966     2.943943   0.05827536     19339.91
        7146     1.015939     2.966559   0.08193371     19339.75
      7146.2     1.013674     2.965751   0.01387152     19343.55
      7146.4      1.01218     2.991914 -0.001629544     19345.48
      7146.6      1.00983     2.955041   0.04275688     19350.68
      7146.8     1.007403     2.965255  0.006796361     19351.17
        7147     1.005361     2.999957   0.04678728     19356.21
      7147.2     1.003053     2.997351   0.07023353     19361.49
      7147.4     1.000526     2.992471   0.04335584     19361.97
      7147.6    0.9975252     3.021442   0.03548417      19362.2
      7147.8    0.9939022     3.034641   0.04644264     19361.31
        7148    0.9906861     3.025738    0.0183255     19359.14
      7148.2    0.9877711     3.029625    0.0277341     19363.85
      7148.4    0.9845184     3.036102   0.03885313     19368.01
      7148.6    0.9809325     3.056829 -0.0004252946     19368.03
      7148.8    0.9776754     3.056821   -0.0316854     19369.43
        7149    0.9747548     3.029284  -0.02706137     19371.05
      7149.2    0.9716931     3.010754   0.02302269     19374.49
      7149.4    0.9684041      3.03518    0.0626713     19377.67
      7149.6    0.9655366     3.075239    0.0516326     19379.02
      7149.8    0.9630255     3.079421   0.01736781     19380.24
        7150    0.9600212      3.05206  0.007709091     19378.46
      7150.2    0.9571942     3.049074  0.001832396     19377.18
      7150.4    0.9548614     3.081406   0.07454856     19379.05
      7150.6    0.9519615     3.080887   0.08068037      19382.1
      7150.8    0.9492062     3.111699 -0.008598781     19384.38
        7151    0.9476584     3.113618   0.02567455     19385.44
      7151.2    0.9458678     3.074527 0.0008131178     19388.12
      7151.4    0.9437421     3.101427  -0.01071929     19387.24
      7151.6     0.941562     3.112349   0.03442003     19388.04
      7151.8    0.9392618     3.105043  -0.01848797     19389.24
        7152    0.9373801     3.102063  -0.05305071     19388.18
      7152.2    0.9359594     3.086637  -0.03521182     19389.91
      7152.4    0.9347929     3.069909  -0.04126351        19390
      7152.6    0.9337277     3.076873  -0.06165665     19389.83
      7152.8    0.9326334     3.069053  -0.04994395     19391.95
        7153    0.9314435     3.037311   -0.0276334     19392.99
      7153.2     0.930881     3.029953 -0.008622408     19396.22
      7153.4    0.9305174     3.054767   0.03952471     19398.28
      7153.6    0.9305671     3.062155   0.09450469     19399.97
      7153.8     0.930833     3.068931    0.0247543      19399.8
        7154    0.9311252     3.105557   0.03862708     19400.74
      7154.2    0.9316698      3.07457    0.0445349     19401.91
      7154.4    0.9318529     3.093056 -0.003695339     19405.46
      7154.6    0.9327966     3.104559  0.009296164     19408.13
      7154.8    0.9331827     3.102601  0.002797074     19406.55
        7155    0.9337121     3.082007   0.01071747     19407.52
      7155.2    0.9346193     3.095294  -0.02291689     19407.72
      7155.4    0.9349408     3.113133  -0.02199184     19406.15
      7155.6    0.9355676     3.084267  -0.03920826        19407
      7155.8    0.9363198     3.064413   -0.0709012     19406.13
        7156    0.9372485     3.063927  -0.06348359     19408.01
      7156.2    0.9389487     3.056412   -0.0261502     19410.33
      7156.4    0.9404063     3.033481   0.01073081     19409.23
      7156.6    0.9414741     3.043493  0.007291476     19411.42
      7156.8    0.9426095     3.072512   0.02405374      19411.7
        7157    0.9438106     3.062245    0.0135056     19411.59
      7157.2     0.945185     3.052724  0.008548962     19412.75
      7157.4    0.9458271     3.054298   0.02987296     19413.87
      7157.6    0.9462883     3.079351   0.04066712     19412.84
      7157.8    0.9477893     3.086144   0.06035587     19416.68
        7158    0.9494039     3.085257  -0.03428163     19417.71
      7158.2     0.950967     3.102582  -0.03547514     19418.07
      7158.4    0.9518541     3.051926  -0.01880099     19420.99
      7158.6     0.953168     3.057763  -0.03409829     19423.38
      7158.8    0.9543702     3.070216    0.0334565        19420
        7159    0.9549676     3.075304   0.02319927     19419.79
      7159.2    0.9556297     3.078691  -0.01075755     19419.51
      7159.4    0.9567184     3.076323  -0.04192078     19420.12
      7159.6    0.9576595      3.06161  -0.02791406     19419.95
      7159.8    0.9584866     3.041767  0.001643608     19420.48
        7160    0.9597747      3.05636   -0.0243627     19426.85
      7160.2    0.9604602     3.077638  0.005150794     19425.68
      7160.4    0.9607071      3.04212  0.007873507     19425.07
      7160.6     0.961147     3.045888  -0.04008696     19426.23
      7160.8    0.9622776     3.062659  0.001267024     19425.99
        7161    0.9635919     3.045568  -0.01511811     19429.41
      7161.2    0.9640835     3.043134   -0.0395383      19431.6
      7161.4    0.9643512     3.033793  -0.01769917     19429.06
      7161.6    0.9647031     3.031028  -0.03898794     19429.88
      7161.8    0.9650099     3.031409  -0.03250439     19429.83
        7162    0.9653636     3.011944  -0.01518247     19430.97
      7162.2    0.9658911      3.00779   0.01878406     19434.56
      7162.4    0.9666117     3.018882   0.06510077     19434.32
      7162.6    0.9671612     3.046436   0.05886339      19436.5
      7162.8    0.9678589     3.064024     0.059495     19437.97
        7163    0.9683388     3.054881   0.02289643     19435.91
      7163.2    0.9685595     3.066478 -0.008120405     19433.52
      7163.4    0.9695839     3.064753  -0.02966456     19436.65
      7163.6    0.9703173     3.057528  -0.06899119     19437.94
      7163.8    0.9709622     3.031149   -0.0757113     19434.75
        7164    0.9712336     3.011285  -0.03061484     19435.55
      7164.2    0.9716162     3.004184   0.02804898     19436.81
      7164.4    0.9716347     3.033036   0.08226339     19437.68
      7164.6    0.9722441     3.053588   0.04806198     19438.54
      7164.8    0.9728424     3.077096  -0.04770672     19439.11
        7165     0.973468     3.042634  -0.07635591     19440.97
      7165.2    0.9743897     2.994871  -0.06593346     19437.87
      7165.4    0.9749245     2.992503  -0.03698738     19438.75
      7165.6    0.9750175     3.024349    0.0285129     19439.86
      7165.8    0.9754296     3.013044    0.0205952     19438.87
        7166    0.9764918     3.017681  -0.03628265      19437.8
      7166.2    0.9774028      3.00898  -0.01593744     19438.14
      7166.4    0.9781793     2.995323  -0.03178488     19439.94
      7166.6     0.978677     3.000294  0.004581902      19439.9
      7166.8    0.9791136     2.992253   0.02336515     19441.55
        7167     0.979748     3.012645   0.01161896     19442.33
      7167.2    0.9805902     3.014015   0.01375714     19440.64
      7167.4    0.9813759     3.009589  -0.01559092     19440.27
      7167.6    0.9817257     3.003259  -0.02404229     19440.87
      7167.8    0.9824361     3.000172  -0.03077732     19439.64
        7168    0.9831924     2.994781   0.02815447      19439.9
      7168.2    0.9838443     2.984967    0.0195405      19441.5
      7168.4    0.9849172     3.025782   0.02183649     19439.82
      7168.6    0.9856572     3.015805   0.04597738     19441.26
      7168.8    0.9869765      3.01225  -0.02963647     19443.92
        7169    0.9880501     3.021749  -0.01304994     19443.48
      7169.2    0.9891565     3.002073  -0.04967572     19445.34
      7169.4    0.9904443     3.005365  -0.03923145     19444.94
      7169.6    0.9908852      2.97251   0.02857958      19443.6
      7169.8    0.9915131     2.990364   0.03573551     19442.67
        7170    0.9922521     3.024937   0.02521521     19444.21
      7170.2    0.9929378     3.033953  -0.01105429      19448.4
      7170.4    0.9932636     2.992682  -0.04623435     19447.23
      7170.6    0.9943879     2.981521  -0.06610989     19449.45
      7170.8    0.9956008     2.987949  -0.04392209     19451.29
        7171    0.9966654     2.981065  -0.04950253     19452.29
      7171.2    0.9975138     2.957544  -0.04820006     19453.44
      7171.4    0.9983518     2.941919   -0.0234292     19451.24
      7171.6    0.9991945     2.949389  0.009956923     19451.99
      7171.8    0.9998642     2.962322    0.0275565     19453.27
        7172     1.000584      2.96551   0.04560521     19452.92
      7172.2     1.001354     2.963964   0.03579656     19453.29
      7172.4      1.00176     2.985873   0.03511137     19453.98
      7172.6     1.001788     2.990959   0.04450536     19455.45
      7172.8     1.002109     2.993599  -0.00509964     19455.61
        7173     1.002455     2.999568 -0.007005194     19456.33
      7173.2     1.003214     2.981794  0.003449927     19459.08
      7173.4     1.003789     2.985355  -0.01591391     19459.64
      7173.6     1.003798     2.996359 -0.005768486     19459.73
      7173.8     1.004667     2.986837  -0.04897192     19460.26
        7174     1.005259     2.977179  -0.09736044      19459.3
      7174.2     1.005338     2.946177  -0.09936022     19460.72
      7174.4      1.00577      2.91847  -0.08388379     19461.01
      7174.6     1.006108     2.907349  -0.03048379     19459.55
      7174.8     1.006247     2.910072  -0.03018824     19465.46
        7175     1.006414      2.92179  -0.01600188     19463.89
      7175.2     1.007042      2.89432  -0.04256663     19462.28
      7175.4     1.007965     2.894547   -0.1020837     19464.53
      7175.6     1.008446     2.876019  0.003057541     19463.66
      7175.8     1.008301     2.840124  0.003142123     19461.77
        7176     1.008472     2.896766   0.02758782     19466.06
      7176.2     1.008508     2.897061   0.08600629     19467.27
      7176.4     1.008685     2.898089   0.01109888      19463.9
      7176.6     1.008935     2.908929  0.009926658     19467.83
      7176.8     1.009143     2.905645 -0.004542239     19469.51
        7177     1.009219     2.905002  -0.01100824     19470.75
      7177.2     1.009302     2.894455 -0.0004257437     19473.05
      7177.4     1.009292     2.900122   0.01093943     19471.87
      7177.6      1.00959     2.905304   0.01808307     19472.33
      7177.8     1.009242     2.913754  -0.02593867     19474.07
        7178     1.008686     2.908922  -0.05032927     19475.25
      7178.2     1.008538     2.879371  -0.06619573     19476.36
      7178.4     1.008622     2.865041  -0.05911591     19477.32
      7178.6     1.008638     2.860797  -0.01047989     19477.92
      7178.8     1.008752     2.861629 -0.005970508     19477.36
        7179     1.009063     2.870987  -0.03179855     19477.93
      7179.2     1.009014     2.860265   -0.0416301     19479.13
      7179.4     1.009382     2.835358  -0.04511622     19480.51
      7179.6     1.009887     2.828325  -0.08897251     19482.75
      7179.8      1.00979     2.834894  -0.07336182     19480.38
        7180     1.009232     2.789087  -0.01973731     19481.05
      7180.2     1.009055     2.776669   0.02149673     19482.61
      7180.4     1.008853     2.812535   0.08015742     19480.04
      7180.6     1.009494     2.852092   0.07970675     19480.22
      7180.8      1.00962     2.853213   0.03386008        19480
        7181     1.009862     2.840434  0.009715319     19480.35
      7181.2     1.009456     2.839623   0.01626194     19483.03
      7181.4     1.009258     2.859864   0.04550049     19484.58
      7181.6     1.009445     2.866222   0.04330872     19488.54
      7181.8     1.009065     2.876835   0.02144873     19490.17
        7182     1.009132      2.87427  -0.01924984      19488.9
      7182.2      1.00974     2.877023   -0.0205889      19487.6
      7182.4     1.010329     2.850822  -0.03300131     19488.68
      7182.6      1.01078     2.860364  -0.04812063     19486.53
      7182.8     1.010805     2.847869  -0.02826847      19488.1
        7183     1.010772     2.838526  -0.09012074      19488.6
      7183.2     1.010902     2.828207  -0.04761587     19490.26
      7183.4     1.011077     2.788267   0.04582412     19492.95
      7183.6      1.01136     2.809776   0.03502171     19493.25
      7183.8     1.011983     2.875186   0.03253201     19495.26
        7184     1.012339     2.856225   0.04790839     19496.35
      7184.2     1.012149     2.814293  -0.00897173     19497.11
      7184.4     1.012339     2.848103   0.01043742     19498.51
      7184.6     1.012655     2.868008   0.07157239      19499.5
      7184.8     1.012775     2.864575   0.03560111     19498.71
        7185     1.012521      2.87155   0.04230155     19497.52
      7185.2     1.012675     2.876584   0.03384256     19499.74
      7185.4     1.012677     2.901849  -0.01318574     19502.11
      7185.6     1.013346     2.891649 -0.004076679     19501.74
      7185.8     1.013153     2.861002   -0.0231265     19500.93
        7186     1.013224     2.873322  -0.01794922     19498.63
      7186.2       1.0135     2.883348   0.01278884     19502.65
      7186.4      1.01321     2.877289 -0.004158951     19505.37
      7186.6     1.013271     2.871233  -0.03325659     19507.22
      7186.8     1.013063     2.869995   0.02834093     19507.59
        7187     1.013151     2.856743   0.06722803     19507.85
      7187.2     1.013643     2.899962   0.07993585     19509.07
      7187.4     1.013788     2.925015    0.1011453     19510.92
      7187.6     1.014162     2.933944   0.04070734     19510.93
      7187.8     1.014078     2.937659   0.00564343     19509.79
        7188     1.013593     2.932528 -0.008306382     19509.66
      7188.2     1.013767      2.92953  0.002806295     19509.34
      7188.4     1.014152     2.927299   0.03350982     19510.41
      7188.6      1.01465     2.939904   0.04368519     19513.53
      7188.8     1.015152     2.959336   0.04971741     19515.76
        7189     1.015241     2.964478   0.02624379     19515.75
      7189.2     1.015203     2.967073  -0.03990374     19515.16
      7189.4     1.015105     2.960899  -0.05717668     19516.82
      7189.6     1.015086     2.927413  -0.02569013     19517.73
      7189.8     1.014459     2.918737  -0.03633744     19518.44
        7190      1.01425     2.946521  -0.01448683     19520.73
      7190.2     1.013763     2.931829 -0.0002510284     19520.14
      7190.4     1.013535     2.915823  -0.01718589      19522.8
      7190.6     1.013503     2.918536   0.01801382     19523.45
      7190.8     1.014126     2.932772   0.01565092     19523.33
        7191     1.014391      2.94624    0.0600206     19524.35
      7191.2     1.013871     2.928344   0.05236382     19523.89
      7191.4     1.014108     2.966553   0.01161392     19526.08
      7191.6     1.014083     2.974663    0.0717763     19528.86
      7191.8     1.014216     2.955531  -0.02018726     19529.18
        7192     1.014259     2.985765  -0.01318622     19527.92
      7192.2     1.014342     2.950403   0.05548686     19527.51
      7192.4     1.014392     2.964114   0.01737366     19528.32
      7192.6     1.014699     2.999921   0.05930551     19529.89
      7192.8     1.014594     2.999664   0.05412507     19532.67
        7193     1.013684     2.997847 -0.001915691     19535.78
      7193.2     1.012993     3.007414  -0.05673897     19538.77
      7193.4     1.012482     2.998388  -0.09116991     19538.11
      7193.6     1.012382     2.954273  -0.06794446     19536.69
      7193.8     1.013342     2.924911   0.02685831        19540
        7194     1.014138     2.953059   0.06138592     19541.67
      7194.2      1.01459     3.019875   0.08023545     19542.13
      7194.4     1.015126     3.003382   0.07574192     19542.43
      7194.6     1.015048       2.9891  -0.01923187     19539.75
      7194.8     1.014937     3.013652  0.001403332     19541.16
        7195     1.014265      3.00449   0.02448325     19541.52
      7195.2     1.014379     3.004504  -0.02131322     19538.24
      7195.4     1.014682     3.008686 -6.212208e-05     19541.22
      7195.6      1.01513     2.996601 -0.007114461      19542.2
      7195.8     1.014929      3.00444  -0.05125059     19541.34
        7196     1.014661     2.998813  -0.03655975     19544.02
      7196.2     1.014489     2.967686  -0.04994606     19546.85
      7196.4     1.015354     2.967354  -0.05224703     19549.04
      7196.6      1.01566     2.964483 -0.002111339     19547.09
      7196.8     1.015705     2.957015   0.02617391     19548.18
        7197     1.015971     2.965997   0.05687823     19550.57
      7197.2     1.016208     2.988293   0.04892514     19552.52
      7197.4     1.016854     3.009986  -0.01715048     19554.78
      7197.6     1.017252     2.996155  -0.07560524     19555.33
      7197.8     1.016941     2.952276    -0.120757     19556.16
        7198     1.016594     2.927809   -0.1006812     19554.23
      7198.2      1.01651      2.91338  0.003487481     19552.59
      7198.4     1.017027      2.91561   0.05407645     19555.21
      7198.6     1.017635     2.955066   0.07969898     19554.55
      7198.8     1.017543      2.97107   0.09059962     19555.64
        7199     1.017711     2.977139   0.05560215     19558.88
      7199.2     1.017978      2.98809    0.0536796     19560.66
      7199.4     1.017985     2.999548  0.007170544     19559.55
      7199.6     1.018131     3.014013  -0.04568908     19559.37
      7199.8     1.018005     2.982876  -0.08181293     19564.57
        7200     1.018354     2.951539   -0.1321971     19561.34
      7200.2     1.018366     2.934098   -0.1051363     19561.48
      7200.4     1.018332     2.908256   -0.1076605     19563.45
      7200.6     1.018317     2.898767  -0.08791116     19565.17
      7200.8     1.018301      2.86541   0.02319268     19564.85
        7201     1.018441     2.863769   0.03598289     19566.47
      7201.2     1.019058      2.92681     0.061183      19566.5
      7201.4     1.019415     2.927553   0.03388082     19569.58
      7201.6      1.01936     2.914357  -0.06318366      19569.2
      7201.8     1.019326     2.890873  -0.02597924     19569.84
        7202     1.019247     2.876263  0.007275128      19569.5
      7202.2     1.019128      2.90677   0.02300115     19570.19
      7202.4     1.019125     2.920177    0.0301773     19573.21
      7202.6     1.019119     2.909274  -0.02302646     19571.68
      7202.8     1.018999     2.900405  -0.06162698     19570.87
        7203     1.018679     2.888348  -0.07071833     19571.73
      7203.2     1.018626     2.870875  -0.05642928     19572.96
      7203.4     1.019265       2.8527  -0.06557431     19574.76
      7203.6     1.019555     2.855261  -0.02882896     19574.45
      7203.8     1.019505     2.835889  -0.02198769     19576.53
        7204     1.019352     2.847812  -0.03877311     19576.71
      7204.2     1.019433     2.835109  -0.02248682     19578.32
      7204.4     1.019104     2.824243  -0.02030179      19578.8
      7204.6     1.018697     2.817899   0.01620884     19580.33
      7204.8     1.018929     2.831571   0.03474872     19582.17
        7205     1.018823     2.848077   0.04719978     19583.57
      7205.2     1.018804     2.852042  0.008911366     19583.58
      7205.4     1.018916     2.855659  -0.03710117     19583.12
      7205.6     1.019008       2.8387  -0.02878258     19585.02
      7205.8     1.018807     2.818396 -0.001601842     19585.85
        7206     1.018925     2.829016  0.003485012     19584.76
      7206.2      1.01933     2.854378 -0.007181991     19585.06
      7206.4     1.019232     2.841488 -0.003817924     19585.66
      7206.6     1.019141      2.81265   -0.0218582     19585.01
      7206.8     1.019335     2.825961  -0.03561755     19586.38
        7207      1.01946     2.836891 8.478915e-05     19587.64
      7207.2     1.019496     2.812994  -0.01369508      19586.9
      7207.4     1.019677     2.812718  -0.06907062     19589.11
      7207.6     1.020109     2.815005  -0.06354793      19590.4
      7207.8     1.019888     2.781635  -0.04939398     19589.71
        7208     1.019517     2.762155  -0.05198601     19592.33
      7208.2     1.019235     2.773203   0.00241716     19593.79
      7208.4     1.019401     2.773417   0.04224893      19596.2
      7208.6     1.019738     2.783568   0.03034909     19593.86
      7208.8     1.019841     2.795955   0.03177339     19593.78
        7209     1.019973     2.797482   0.02207961     19596.27
      7209.2     1.019595     2.798835  0.009505359     19596.69
      7209.4     1.019403     2.801232    0.0279301     19597.02
      7209.6     1.019203     2.803559   0.02953721     19597.91
      7209.8     1.019212     2.819826   0.02148066     19597.25
        7210     1.019319     2.822465   0.04758623      19598.8
      7210.2     1.019355     2.818417  0.004123643     19597.02
      7210.4     1.019209     2.841628  -0.01776888     19595.74
      7210.6     1.019126     2.823125   0.01275545     19598.51
      7210.8     1.018738      2.80825  -0.01377921     19598.07
        7211     1.018263     2.828621   0.03358545     19598.79
      7211.2     1.018122     2.830604   0.07136097     19603.09
      7211.4     1.018063     2.849993    0.0244133     19605.08
      7211.6     1.018054     2.865339   0.02469509     19606.24
      7211.8     1.017723     2.848152 -0.006091214     19607.29
        7212     1.017338      2.85036  -0.02196552     19609.06
      7212.2     1.017112      2.84512   0.03649451      19608.4
      7212.4     1.016709     2.847766   0.03997683     19606.45
      7212.6     1.016293     2.877347   0.06978031     19604.68
      7212.8     1.016217     2.882342    0.0518657      19606.4
        7213     1.015927     2.900945   0.03562214     19607.28
      7213.2     1.015479     2.889259   0.06499683     19609.09
      7213.4     1.015306     2.905845   0.08709662     19611.41
      7213.6     1.014977     2.934339     0.113046     19613.99
      7213.8     1.014963     2.970622    0.1086863     19616.69
        7214      1.01488     2.979696   0.08847255     19616.46
      7214.2     1.014988     2.992794   0.03721075     19616.07
      7214.4     1.014955     3.005117  0.005228588     19614.75
      7214.6     1.014767      3.00039 -0.0001038998     19616.73
      7214.8     1.014542     2.983879  -0.01443928     19617.61
        7215     1.014151     2.992711  -0.00484311     19615.47
      7215.2     1.013623     2.993566   0.02628018     19615.64
      7215.4     1.012838     2.996516  -0.01524235     19617.34
      7215.6     1.012346     3.004903  0.008309954      19618.9
      7215.8     1.012498     2.980517 -0.003521352      19620.5
        7216     1.012337     3.000214  -0.01268064     19620.74
      7216.2     1.011829     2.993699   0.03331091     19618.84
      7216.4     1.011507     2.994758   0.03358691      19620.5
      7216.6      1.01162     3.007166   0.07526952     19622.64
      7216.8       1.0112     3.027084   0.06808902     19622.45
        7217     1.010447     3.053915    0.0382591     19621.14
      7217.2     1.010586     3.049229   0.01640646     19622.43
      7217.4     1.010211     3.037773  -0.01377879     19624.28
      7217.6     1.009913     3.040209 -0.0003363976     19623.47
      7217.8     1.009613     3.042891   0.03405201     19624.37
        7218     1.009863      3.04896   0.04594111     19628.74
      7218.2     1.009277     3.065015   0.03869778     19630.45
      7218.4     1.009114     3.076962   0.07047081     19628.43
      7218.6     1.009142      3.07385   0.07308224     19628.28
      7218.8     1.008892     3.105337   0.04216131     19629.39
        7219     1.008722      3.12348   0.07041503     19630.03
      7219.2     1.008613     3.110691   0.03405826     19631.61
      7219.4      1.00847     3.130182  0.003489153     19632.04
      7219.6     1.008124     3.132584   0.06261558     19630.26
      7219.8     1.007728     3.126272   0.02733224     19630.06
        7220     1.007356     3.160783  -0.01642179     19631.54
      7220.2     1.006986     3.152048  -0.02877029     19632.06
      7220.4     1.006598     3.119446  -0.02985235     19632.27
      7220.6     1.006337     3.103256  -0.03200713     19632.45
      7220.8     1.006576     3.136901  -0.02087499        19634
        7221      1.00659     3.126442  0.002126296     19636.45
      7221.2     1.006541     3.102746  -0.07717037     19638.34
      7221.4     1.006278     3.104957  -0.06107776     19638.36
      7221.6      1.00598     3.075165  -0.01868005     19639.16
      7221.8     1.005883      3.07758 -0.003097606     19640.92
        7222     1.005978     3.087802   0.01531434     19643.27
      7222.2     1.005607     3.102479   0.03226747     19643.49
      7222.4     1.005585     3.087416   0.02581537        19644
      7222.6      1.00544     3.103394     0.021319     19646.11
      7222.8     1.005223     3.108454   0.06891533     19645.69
        7223     1.005051     3.119534    0.0039738        19645
      7223.2     1.004714     3.142549 -0.001730827     19645.69
      7223.4     1.004419     3.106573   0.02215815     19644.63
      7223.6     1.003981      3.10707  -0.04113984     19642.71
      7223.8     1.003648      3.13726   0.01016685     19642.71
        7224     1.003804     3.109637   0.01595817     19646.22
      7224.2     1.004058     3.114706  -0.03186469     19648.93
      7224.4     1.003959     3.119836  -0.06580021     19648.52
      7224.6     1.003755     3.111768   -0.0760831     19651.52
      7224.8     1.003694     3.056997   -0.1010856     19651.79
        7225     1.003646      3.05384  -0.09568629     19653.95
      7225.2     1.003209     3.038968  -0.02911651     19651.94
      7225.4     1.003033     3.035219  -0.02381047     19656.55
      7225.6      1.00233     3.033703   0.01301565     19656.81
      7225.8     1.002249     3.034791 -0.005026118     19656.67
        7226     1.002201      3.04938  -0.02312738     19658.13
      7226.2     1.001772     3.031199  -0.03333425     19656.66
      7226.4     1.001791     3.015201  -0.04809552     19654.58
      7226.6     1.001999     3.008124  -0.02922026     19657.25
      7226.8     1.001935     3.010904  -0.05254251     19658.62
        7227     1.001656     3.007822  -0.07013741     19658.47
      7227.2     1.001366     2.973167  -0.06166256     19661.43
      7227.4     1.000975     2.952014  -0.05207467     19662.46
      7227.6     1.000354     2.961574  -0.02412808     19660.99
      7227.8    0.9999822     2.966163 -0.006077358        19661
        7228    0.9997031     2.953865   0.02620126      19660.6
      7228.2    0.9993592     2.947152   0.01319184     19660.73
      7228.4    0.9994329     2.982535 -0.0006288149      19663.8
      7228.6    0.9989236     2.976716 -0.0007842811     19665.77
      7228.8    0.9981498     2.953362  -0.05532079     19666.52
        7229    0.9984782     2.946525  -0.09709553     19667.54
      7229.2    0.9980865     2.938278  -0.07838939     19669.78
      7229.4    0.9976887      2.89904  -0.04503888     19669.08
      7229.6    0.9969264      2.89065  -0.02460755     19666.37
      7229.8    0.9962186     2.910494  0.003121519     19665.59
        7230    0.9956811     2.918592  -0.02487676     19664.58
      7230.2    0.9957866     2.901537  -0.08396998     19665.37
      7230.4    0.9956547     2.870749  -0.06378819     19667.01
      7230.6    0.9951824     2.843318  -0.01560522     19665.78
      7230.8    0.9951216     2.867562  0.004606975     19666.33
        7231     0.995074     2.889053   0.04891508     19669.18
      7231.2    0.9947527     2.874435 -0.007535141     19669.18
      7231.4    0.9944269      2.88245  -0.06226247     19668.77
      7231.6    0.9942365     2.861533  -0.02273252     19670.99
      7231.8    0.9941139     2.839243  -0.03781215     19673.69
        7232    0.9938705     2.856249  -0.05342018     19675.48
      7232.2      0.99377       2.8522  -0.04678893     19677.56
      7232.4    0.9935237     2.818797  -0.07497598     19675.72
      7232.6    0.9935179     2.801812  -0.09103923     19675.27
      7232.8     0.993222     2.796268  -0.03727616        19675
        7233    0.9929557     2.779368 -0.008896554      19676.8
      7233.2    0.9929078     2.788976  0.002320275     19674.73
      7233.4    0.9927822     2.794694   0.02752535     19674.65
      7233.6    0.9925277     2.798124  0.001479589     19674.99
      7233.8    0.9920891     2.801389  -0.03781547     19673.96
        7234    0.9919956      2.79016  -0.04172574     19674.91
      7234.2    0.9919886     2.764442  -0.03376623     19675.44
      7234.4    0.9916697     2.764743  -0.01928159     19675.44
      7234.6    0.9918379     2.774376   0.02175088     19676.43
      7234.8    0.9918521     2.774735   0.02277894     19676.88
        7235    0.9912004     2.781843  0.004105656     19678.24
      7235.2    0.9910273     2.782967  -0.02513496     19680.53
      7235.4    0.9909345      2.77766   -0.0427725     19681.24
      7235.6    0.9907973     2.754627  -0.04000696     19681.82
      7235.8    0.9907122     2.747625  -0.02248154     19682.08
        7236     0.990692     2.750961   0.03099904     19682.34
      7236.2    0.9906628     2.759675   0.02801348     19684.42
      7236.4    0.9906716     2.779426   0.01507464     19687.09
      7236.6    0.9906675     2.770035 -0.007727891     19686.93
      7236.8    0.9909692     2.763021  -0.06315457     19690.97
        7237    0.9910972     2.753493  -0.06961429     19689.38
      7237.2    0.9908977     2.728902  -0.05333335     19687.95
      7237.4    0.9908414     2.714344  -0.05355047      19686.6
      7237.6    0.9904847     2.720354 -0.006390144     19688.79
      7237.8    0.9904897     2.710652   0.05285137     19688.93
        7238    0.9903748      2.72379   0.02800329     19688.92
      7238.2     0.990141     2.756625  0.007809421     19690.58
      7238.4    0.9903036     2.742757 -0.001402113     19692.71
      7238.6    0.9900402       2.7169  -0.03521867     19693.77
      7238.8    0.9898202     2.722669  -0.03216655     19693.46
        7239    0.9902508      2.72845 -0.004758904      19696.8
      7239.2    0.9905406     2.717023  0.007064244     19696.87
      7239.4    0.9909399     2.713093  -0.01327748     19697.77
      7239.6    0.9911939      2.72832  0.005349254     19698.89
      7239.8    0.9910386     2.717828   0.03061609     19698.38
        7240    0.9909757     2.721303   0.01269508     19698.43
      7240.2    0.9913726     2.737586   0.02861046     19702.08
      7240.4    0.9910916     2.738476   0.03950053     19702.94
      7240.6    0.9911203     2.740717   0.02468496      19700.5
      7240.8    0.9910938     2.752903  0.007262838     19702.49
        7241    0.9913455     2.757334 -0.008520821     19703.36
      7241.2    0.9919453     2.744286  -0.02601298     19704.35
      7241.4    0.9925838       2.7339  -0.04217831     19703.95
      7241.6    0.9928712     2.732093  -0.01955832     19707.54
      7241.8    0.9931413     2.723591    0.0293272     19710.35
        7242     0.993299      2.72864   0.03936781     19708.08
      7242.2    0.9928556     2.757362   0.02420595     19706.17
      7242.4    0.9926515     2.763587    0.0204092     19705.79
      7242.6    0.9930355     2.742956  0.001220931     19709.21
      7242.8    0.9934434     2.744967  -0.03001786     19710.39
        7243    0.9937243     2.758338  0.002988405     19710.61
      7243.2    0.9933327     2.739573   0.01362675     19709.15
      7243.4    0.9934449     2.745346 -0.007617101     19709.86
      7243.6    0.9937944     2.755868  0.007807288     19710.85
      7243.8    0.9941459     2.752245  -0.01917424     19713.43
        7244    0.9944578     2.745819 -0.001917095     19712.94
      7244.2    0.9948425     2.730007   0.00731457     19715.22
      7244.4    0.9954429     2.754335   0.03082785     19718.57
      7244.6    0.9955192     2.758096    0.0780217     19717.94
      7244.8    0.9956403     2.770481   0.03808504      19717.6
        7245    0.9962095     2.792424   0.01572252     19717.17
      7245.2    0.9963068     2.784803 -0.002701076     19716.68
      7245.4    0.9961978     2.770674  -0.04013852     19717.27
      7245.6    0.9966508      2.76832  -0.04737887     19717.95
      7245.8     0.996884     2.760314  -0.02164317     19718.88
        7246    0.9967811       2.7469   0.01198134     19720.94
      7246.2     0.997231      2.75336    0.0487878     19723.59
      7246.4    0.9976433     2.777905   0.05488627     19723.89
      7246.6    0.9977514     2.799344   0.03194973     19725.21
      7246.8    0.9979753     2.790809 -0.002706925     19726.94
        7247    0.9982874      2.77892  -0.05827092     19729.55
      7247.2    0.9980916      2.77574  -0.04759754     19729.28
      7247.4      0.99793     2.752727  -0.01702926     19726.31
      7247.6    0.9983058     2.752731  -0.01205602     19723.55
      7247.8     0.998468     2.765296   0.02663483     19727.17
        7248      0.99844     2.766095   0.04447506     19726.75
      7248.2    0.9984661     2.774035   0.01715461     19727.76
      7248.4    0.9988175     2.788311   0.01991637     19730.06
      7248.6    0.9990587      2.77902   0.03137642     19730.09
      7248.8    0.9993403     2.782028   0.01019396     19730.45
        7249    0.9995034     2.799136   0.03622104     19731.16
      7249.2    0.9997232     2.796466   0.04230355     19731.71
      7249.4       1.0002     2.807997  -0.01654694     19732.28
      7249.6     1.000357     2.815871  -0.02077086     19732.67
      7249.8     1.001106     2.785899  -0.02503488     19733.56
        7250     1.001445     2.779849  -0.05303219     19733.95
        7252     1.003111     2.796942 -0.002206399     19739.92
        7254     1.005169     2.748703 -0.006106016     19745.35
        7256      1.00705     2.772155 -0.005380085     19756.06
        7258     1.009625     2.764263  0.003532765     19760.62
        7260     1.012281     2.753901 -0.001854573     19771.72
        7262     1.014475     2.776965  0.003309483     19776.93
        7264     1.016459     2.757318 -0.0007586719     19784.24
        7266     1.018017     2.790738  0.002498831     19791.74
        7268     1.018107     2.747832   0.01151081     19799.08
        7270     1.018605     2.796956 0.0008486362     19806.05
        7272     1.018543     2.849405   0.01422797     19810.96
        7274     1.017783     2.797528  0.006696774     19817.43
        7276     1.017926     2.861655 -0.0003167357      19826.8
        7278     1.017102      2.85053    0.0122033     19831.96
        7280     1.015613     2.846871  0.003922826      19836.4
        7282      1.01465     2.895154  0.003015666     19843.11
        7284     1.014036     2.893038  0.009170431     19852.29
        7286     1.012135     2.874655 -0.001245595     19856.31
        7288     1.010116     2.920234 -0.002176976     19866.68
        7290     1.008662     2.885189 -0.003397369      19872.4
        7292     1.007438     2.875622  -0.01459366     19875.47
        7294      1.00639     2.847476  -0.01473005     19886.53
        7296     1.005257     2.803485  -0.01708415     19892.02
        7298     1.004086     2.767349  -0.02021531     19898.75
        7300     1.003401     2.738949  -0.01577482     19906.21
        7302     1.003269     2.685754  -0.01285357     19911.62
        7304     1.002664     2.677287  -0.01185739     19918.72
        7306     1.002478      2.66452 -0.003111513     19924.21
        7308      1.00219      2.64409 -0.002828646     19928.48
        7310     1.002581     2.660862   0.00103007     19933.97
        7312     1.002664     2.654657 0.0006224181     19943.95
        7314     1.002081     2.672761 -0.002320383     19952.37
        7316     1.002032     2.649069 -0.0008063854     19956.96
        7318     1.001876     2.642299 -0.004773254     19961.96
        7320     1.002338     2.648206 -0.001043829     19968.66
        7322     1.002493     2.634575 -0.0007726028     19976.14
        7324     1.002197     2.640719 -0.002524887        19985
        7326      1.00148     2.636118  -0.00144004     19987.43
        7328     1.001938     2.628007 -0.005381775     19991.65
        7330     1.002272     2.623054 -0.004103356     19998.25
        7332     1.001908     2.597664 -0.004342397     20009.47
        7334     1.001494     2.603291 -0.006068554     20013.76
        7336     1.001538     2.593268 0.0002331828     20018.94
        7338      1.00056     2.574506 -0.002669432     20027.19
        7340     1.000535      2.59953  0.003883171     20031.23
        7342     1.001173     2.581936  0.007912518     20038.06
        7344     1.001068     2.624333    0.0026786     20042.38
        7346     1.001087     2.637806  0.008359912     20048.59
        7348     1.000015     2.620959  0.008650269     20055.11
        7350       1.0002     2.648815  0.005924514     20060.05
        7352     1.000113     2.693536  0.006106283     20067.27
        7354     1.000753     2.685202  0.006946236     20071.22
        7356     1.000818     2.669809 0.0002588122     20078.57
        7358     1.000292     2.704385  0.001115647     20088.57
        7360     1.000069     2.695606  0.004939362     20093.14
        7362     1.000386     2.694127  0.002042716     20098.95
        7364     1.000561     2.709324 -9.523259e-05     20105.59
        7366     1.000596     2.720727 -0.0005152248      20108.1
        7368     1.000348     2.694844 -0.002538605     20114.63
        7370      1.00006     2.690006 -0.008039524     20121.85
        7372    0.9998221     2.689015 -0.009760554     20127.97
        7374    0.9999325      2.65641  -0.01031634     20131.37
        7376     1.000311      2.61676   -0.0145985     20136.46
        7378     1.000399     2.607475  -0.01525119     20144.33
        7380    0.9999323     2.572227  -0.01177294      20154.1
        7382    0.9999789     2.534401  -0.01447774     20158.65
        7384    0.9995579     2.522576 -0.009732889     20166.11
        7386    0.9989705     2.491653 -0.003252299     20169.03
        7388    0.9991041     2.494364 -0.001912814     20175.24
        7390    0.9989851     2.508382  0.001736629     20181.66
        7392    0.9992755     2.507274  0.001839853     20188.61
        7394    0.9988461     2.505546 -0.0004662618     20194.22
        7396    0.9982704     2.509083 -0.001320032     20199.23
        7398    0.9983031     2.504652 5.465442e-05     20203.33
        7400       0.9985     2.496713 -0.001210406     20210.85
        7402    0.9979348     2.505983 -0.0004416897     20216.97
        7404    0.9975422     2.499399 0.0003197811     20220.86
        7406    0.9974568     2.501119 -0.001300208     20227.12
        7408    0.9972257     2.499272 -0.0001345504     20233.19
        7410    0.9967928     2.495582  -0.00306458     20240.88
        7412    0.9977093     2.498323 -0.0007141181     20245.74
        7414    0.9967246     2.476602 7.552029e-05     20250.04
        7416    0.9970141     2.493559 -0.002035132     20257.67
        7418    0.9972184     2.496186 0.0006126702     20266.66
        7420     0.996401     2.482042 -0.001383181     20269.59
        7422    0.9967543     2.481504 -0.006638375      20274.7
        7424    0.9966706     2.482493 -0.005370639     20275.47
        7426    0.9964897     2.443079 -0.003397257     20282.68
        7428    0.9964322     2.439077 -0.003431601     20289.98
        7430    0.9963461     2.454325 -0.0006994418     20295.51
        7432    0.9960942      2.45504 -0.0002404246     20301.24
        7434    0.9959968     2.437483 -0.001007658     20310.11
        7436    0.9958678     2.437153  0.001611468     20315.83
        7438    0.9952753     2.446264  0.001609459     20320.62
        7440    0.9961617     2.467932  0.002513291     20326.76
        7442    0.9959691     2.450359  0.002194322     20331.04
        7444    0.9958296      2.45726  0.001458605     20333.07
        7446    0.9959069     2.463819   0.00217318     20343.65
        7448    0.9952722     2.479601  0.002388967     20347.03
        7450     0.995042     2.467744 -0.0004043943     20354.07
        7452    0.9955073     2.476372 -0.001546773     20359.06
        7454    0.9956881     2.460584 1.713156e-05     20366.99
        7456    0.9952061     2.467227 -0.001190971     20368.04
        7458    0.9953178     2.467881  0.001976707     20378.21
        7460    0.9953777     2.466844 0.0002359265     20384.88
        7462    0.9958746     2.476397 -0.002404737     20389.92
        7464    0.9950696     2.469114 -0.003089808     20393.08
        7466    0.9947313     2.448644  -0.00561144     20392.02
        7468    0.9951721     2.442125 -0.005964113      20400.3
        7470    0.9947744     2.431506 -0.004414137     20407.57
        7472    0.9945421     2.421401 -0.004624933     20413.69
        7474    0.9943131      2.41333 -0.005903511     20418.85
        7476    0.9943731     2.405126 -0.004146028     20425.53
        7478     0.994457     2.384278 -0.004081809     20430.89
        7480    0.9940564     2.388233 -0.004565343     20437.51
        7482    0.9943728     2.380676 -0.002847233     20440.15
        7484    0.9945142     2.368603 -0.005318659     20443.82
        7486    0.9945216       2.3615 -0.004768237     20451.75
        7488    0.9944121     2.345684 -0.004028831     20458.81
        7490    0.9946819      2.34253 -0.003568007     20464.28
        7492    0.9947616     2.336372 -0.001788644     20468.17
        7494     0.994889     2.332956 -0.002451492     20472.86
        7496    0.9942478     2.331375 -0.001293896     20476.84
        7498    0.9942446     2.322918 -0.001540688     20482.13
        7500    0.9940317     2.326021 -0.000927721     20489.47
        7502     0.994828      2.32063 -0.0004850932     20495.51
        7504    0.9947727     2.323953 -0.001088423     20496.45
        7506    0.9944672     2.319037 -0.0009515076     20502.01
        7508    0.9948513     2.317314 -0.001439798     20505.98
        7510    0.9945256     2.313018 -0.001143789     20512.05
        7512    0.9946682     2.312435 -0.001292027     20516.07
        7514    0.9943254     2.309887 -0.002148985     20517.96
        7516    0.9943973     2.306978 -0.002270096     20519.02
        7518    0.9947536     2.295826 -0.001771449     20510.35
        7520    0.9943023     2.294274  0.001067885     20496.07
        7522    0.9946339     2.295715 -0.0004485995     20494.39
        7524     0.995256     2.315521 -0.0009548118     20418.01
        7526    0.9968548     2.292237  0.000667093     20152.42
        7528    0.9933593     2.286635 -0.001195066     20268.34
        7530    0.9951832     2.301052 -0.000837367     20217.29
        7532    0.9937628      2.30596 -0.0003083357     20352.63
        7534    0.9950302     2.285539 -0.002398153     20557.82
        7536     0.994505     2.284169 -0.003592798     20544.31
        7538    0.9945664     2.281867 -0.0008393685     20550.54
        7540    0.9953175     2.277218 -0.001714046     20569.65
        7542    0.9950612     2.278824 -0.001672694     20589.34
        7544    0.9951546     2.270456 -0.004527061     20594.46
        7546    0.9948202     2.268485 -0.001635936     20596.56
        7548    0.9950497     2.241001 -0.001566352     20602.64
        7550    0.9950475     2.265736 -0.0008286764     20605.53
        7552    0.9951142     2.257925  0.002689668     20615.23
        7554    0.9945665     2.261856 -0.001342766     20620.14
        7556    0.9946588     2.262519 -4.270385e-05      20622.9
        7558    0.9954297     2.254994 -0.001344504     20628.28
        7560     0.994891     2.257584 -0.0008751582     20636.63
        7562    0.9943551       2.2511 0.0001695528     20638.33
        7564    0.9943921     2.255517 -0.0006696061     20644.23
        7566    0.9943045      2.25635 -0.0005570805     20653.15
        7568    0.9938294     2.252227 -0.001786672     20654.64
        7570    0.9944322     2.246643 -0.003322581     20657.83
        7572    0.9955647     2.241224  -0.00291536     20665.69
        7574    0.9954474      2.22977  -0.00223685     20667.14
        7576    0.9948876     2.228904 -0.004266123     20673.29
        7578    0.9949336     2.228749 -0.002630605     20676.35
        7580    0.9947277     2.207095 -0.003748614      20679.8
        7582    0.9952188     2.208725 -0.004440191     20683.72
        7584    0.9949343     2.198915 -0.001277767     20689.35
        7586    0.9953414     2.193227 -0.003342036     20692.38
        7588    0.9953553     2.196873 -0.001391604     20694.99
        7590    0.9957208     2.181989 -0.001651929     20697.11
        7592    0.9950388     2.187782 -0.002357502     20701.61
        7594    0.9951172     2.180012 -0.001359067     20703.44
        7596     0.995378     2.178013  -0.00158196     20708.14
        7598    0.9955288     2.171116 -0.001058217     20708.44
        7600    0.9954846     2.175127 -0.001290154     20715.95
        7602    0.9957108     2.171546  -0.00123257     20722.93
        7604    0.9957711     2.167692 -0.002833823     20725.51
        7606    0.9958542     2.161256 -0.001799491     20728.57
        7608    0.9953777     2.152456 -0.002641315     20732.51
        7610    0.9958201      2.15715 -0.002715548     20733.63
        7612    0.9958696     2.146561 -0.001487372     20737.98
        7614    0.9957278     2.139531 -0.002599957     20742.21
        7616    0.9962643     2.140557 -0.001416904     20747.11
        7618    0.9959714      2.13635 -0.001041706     20749.33
        7620    0.9965549     2.135226  -0.00105455     20753.57
        7622    0.9962009     2.131198 0.0005412537     20759.79
        7624    0.9964668     2.132121 -0.0004468586     20765.32
        7626    0.9958331      2.14068 -0.002985441     20769.77
        7628    0.9962212     2.131651 -0.001241015     20773.15
        7630    0.9962524     2.107314 -0.002073537     20775.96
        7632    0.9964665     2.122193 -0.002551157     20776.57
        7634    0.9961545     2.124092  -0.00082955     20777.44
        7636    0.9962107     2.111242 -0.002155672     20784.99
        7638    0.9961681     2.100678 -0.002050866     20788.76
        7640    0.9963977     2.104947 -0.002285989     20795.54
        7642    0.9968809     2.107685 -0.002843717     20800.56
        7644    0.9969898     2.092954 -0.002719756     20804.63
        7646    0.9969738     2.077928 -0.003287198     20808.59
        7648    0.9972858     2.083189 -0.001486506     20808.81
        7650     0.996982     2.081388  0.000159148     20816.93
        7652    0.9971651     2.081062 -0.001757908     20815.55
        7654    0.9976966     2.079201 -0.001932209     20823.01
        7656    0.9972779     2.069126 -0.002164331      20825.5
        7658    0.9970894      2.06593 -0.001536731     20830.86
        7660    0.9971682     2.063747 -0.000497538     20833.66
        7662    0.9981357     2.066907 -0.0008941594     20841.02
        7664    0.9979835     2.065146 -0.0009177632     20845.25
        7666    0.9980301     2.058777 -0.0001478743     20848.77
        7668    0.9978859     2.056405 -0.0004258568     20854.07
        7670    0.9974395     2.065724 -0.0002768729     20853.11
        7672    0.9977786     2.061739 -0.0001303913     20856.19
        7674    0.9975186     2.056562 -0.001651432     20861.94
        7676    0.9979068     2.055362 -0.001442572     20867.01
        7678    0.9982084     2.052513 -0.0008536638     20870.94
        7680    0.9983854     2.050198 -0.001030807     20874.53
        7682     0.998241     2.049732 -0.001259369     20881.38
        7684    0.9980411     2.047115  -0.00104926     20885.97
        7686    0.9979829     2.042438 -0.001879501      20887.2
        7688    0.9980294     2.041804 -0.001480282     20889.48
        7690    0.9982095     2.034696 -0.001481336     20893.18
        7692    0.9984128     2.035273  -0.00244224     20898.57
        7694    0.9988091     2.030587 -0.002379052     20903.88
        7696    0.9987513     2.022266 -0.001755695     20908.05
        7698    0.9991692     2.015664 -0.002053931     20912.43
        7700    0.9990678     2.021228 -0.001633579     20914.44
        7702    0.9990161     2.014156 -0.001184702     20917.57
        7704    0.9990829     2.009198 -0.001861613     20921.18
        7706    0.9990804     2.006186 -0.002578745     20926.96
        7708     0.998753     2.006335 -0.001642343     20930.85
        7710    0.9994028     1.993526 -0.0006291957     20932.89
        7712    0.9993433     1.996059 -0.001354704     20935.09
        7714    0.9994482     2.001153 -0.0007458281     20939.89
        7716    0.9993332     1.995497 -0.000598582     20945.47
        7718    0.9998118     1.987559 -0.0006966419     20947.88
        7720    0.9999026      1.99127 -0.0006193503     20950.81
        7722    0.9998323      1.99558 -0.0001837697     20955.66
        7724    0.9999792     1.990542 -0.0008098967     20959.72
        7726      1.00018     1.986089 -0.002040703     20959.46
        7728    0.9997805     1.984791 -0.001154596     20961.54
        7730     1.000042     1.979254 -0.001593854     20967.32
        7732    0.9999314     1.981306 -0.001545823     20972.49
        7734     1.000009     1.973338 -0.001446208     20976.16
        7736     1.000436     1.972424  -0.00245444      20977.7
        7738    0.9997986     1.967684 -0.001536396     20982.88
        7740    0.9998977      1.96167  -0.00108849     20985.85
        7742     1.000609     1.961047 -0.000707965      20994.3
        7744     1.000519     1.963716 -0.001215448     20994.67
        7746     1.000436     1.962021 -0.002059107     20994.78
        7748      1.00084     1.951946 -0.0008416651      21000.3
        7750    0.9999073     1.944574 -0.000675604     20999.38
        7752     1.000318     1.956983 -0.0005345405     21003.29
        7754     1.000709     1.956616 -0.0005815261     21007.54
        7756     1.001223      1.94767 -0.003444229     21010.94
        7758     1.000837     1.939922 -0.002451389     21011.22
        7760     1.000964     1.929429 -0.001563371     21019.91
        7762     1.000912     1.937005 -0.001471379     21022.62
        7764      1.00072     1.935163 -0.001403985     21024.59
        7766     1.001029     1.928151  -0.00296107     21027.33
        7768     1.001101     1.918197 -0.001898644     21026.48
        7770     1.000919     1.913316 -0.002390292     21029.14
        7772     1.000975     1.919974 -0.001968845      21029.9
        7774     1.001129     1.909028 -0.0001254946     21030.97
        7776     1.001234     1.902447 -0.002136593     21029.44
        7778     1.001291     1.912312 -0.001565907     21025.17
        7780      1.00133     1.902881 -0.0005329342     21012.99
        7782      1.00183     1.896501 -0.001558555     20987.82
        7784     1.002841     1.898183 -0.001418871     20764.21
        7786      1.00545     1.899844 -0.002209383     20098.24
        7788     0.999345      1.89153  -0.00175432     20082.36
        7790    0.9989075     1.878826 -0.001924408     20229.96
        7792     1.001279     1.884149 -0.001243914     21036.13
        7794     1.001251     1.884448 -0.0003106715     21071.39
        7796     1.001543     1.881579 -0.001652548     21081.55
        7798     1.001858     1.876341 -0.001678913     21086.49
        7800     1.002368     1.870928 -0.001264625     21095.12
        7802     1.002235     1.871017   -0.0011103     21097.65
        7804     1.002111     1.871462 -0.001190948     21101.56
        7806     1.002447     1.867458 -0.001244125     21105.22
        7808      1.00248     1.861401 -0.001143532     21107.26
        7810     1.002634     1.861064 -0.0008553725     21110.49
        7812     1.002456     1.862314 -0.0004302924     21110.38
        7814     1.002632     1.860615 -0.001340553     21117.18
        7816     1.002238     1.857958 -0.002007918     21116.98
        7818     1.002769      1.85034 -0.002615559     21122.64
        7820     1.003073      1.84625 -0.001670121     21123.82
        7822     1.003296     1.839691 -0.001181922     21123.54
        7824     1.003377     1.844597 -0.001488933     21129.66
        7826     1.003858     1.840884 -0.0006293256     21134.33
        7828     1.003394     1.834339 -0.001212164     21135.51
        7830     1.003676     1.834656 -0.001174244     21138.47
        7832     1.004305       1.8349  -0.00132369     21140.71
        7834     1.004202      1.83149 -0.001784849     21148.83
        7836     1.004279     1.823749 -0.001646425     21149.94
        7838     1.004208     1.820378 -0.001607282     21153.23
        7840     1.004373     1.821729 -0.001141268      21157.4
        7842     1.004521     1.818632 -0.001471017     21158.06
        7844     1.003919     1.814619 -0.001178657     21158.54
        7846     1.004254     1.808609 -0.0009667502     21159.58
        7848     1.004074     1.812299   -0.0016965     21163.46
        7850     1.003411     1.810898 -0.001334441     21164.65
        7852     1.003982     1.801047 -0.001473165     21166.03
        7854      1.00404     1.797934 -0.001765673     21168.67
        7856     1.004184     1.800514 -0.001171435     21172.21
        7858     1.003947     1.796773 -0.001505598     21174.13
        7860     1.003982     1.791676 -0.002437647     21176.15
        7862     1.003696     1.785889 -0.002012311     21182.11
        7864     1.004241     1.781013 -0.001774485     21183.41
        7866     1.004301     1.780674 -0.001776387     21185.94
        7868     1.003902      1.77748 -0.0006103088     21193.01
        7870     1.004029     1.771678 -0.001584941      21194.8
        7872     1.003966      1.77613 -0.000932605     21195.23
        7874     1.003512     1.767995 8.018152e-05     21199.51
        7876     1.003543     1.770019 -0.001660971     21198.84
        7878     1.003573     1.772319 -0.001624994     21205.09
        7880     1.003883     1.762843 -0.002155834      21210.5
        7882     1.003731     1.754995 -0.003040266     21213.68
        7884     1.003489     1.752772 -0.001654806     21215.15
        7886     1.003844     1.747997 -0.001400027     21218.38
        7888     1.003259     1.749604  -0.00189657     21220.06
        7890     1.003293     1.743794 -0.001068522     21228.16
        7892       1.0034       1.7376 -0.002106161      21229.5
        7894     1.002914     1.739449 -0.001508063     21224.09
        7896     1.003318     1.732755 -0.0007992762     21228.24
        7898     1.003533      1.73173 -0.001602316     21232.46
        7900     1.003544     1.731206 -0.001372112      21236.9
        7902      1.00394     1.726631 -0.002091528     21243.53
        7904     1.004279     1.721778  -0.00165258     21245.56
        7906     1.003398     1.714998 -0.001333585     21251.25
        7908     1.003142     1.717985 -0.001464006     21251.37
        7910     1.003279     1.715962 -0.001040588     21255.95
        7912     1.003762     1.710066 -0.0009018895     21257.76
        7914     1.004746     1.706673 -0.001407747     21208.45
        7916     1.004748      1.71077 -0.0008046098     20929.97
        7918     1.004781       1.7047 -0.0008267083     20613.33
        7920     1.003471     1.703629 -0.001998876     20956.94
        7922     1.003774     1.700059 -0.001189198     21187.51
        7924     1.003806     1.694779 -0.001296475     21230.32
        7926     1.004098     1.695186 -0.002204625     21246.05
        7928     1.004537     1.693257 -0.001450735     21254.76
        7930     1.004755     1.682422 -0.001413621     21261.55
        7932     1.004706     1.683173 -0.001571972     21268.73
        7934     1.004503     1.683877 -0.0005626533     21268.51
        7936     1.004479     1.680682 -0.0009078836     21269.55
        7938     1.004598     1.677921  -0.00138982      21274.3
        7940     1.004337      1.67591 -0.0008609487     21279.03
        7942     1.004551     1.672759 -0.001266967     21281.46
        7944     1.005014     1.673794 -0.001715305     21285.77
        7946     1.005178     1.667785 -0.001347875     21286.37
        7948     1.005141     1.662187 -0.001934511     21288.97
        7950     1.005524     1.661976  -0.00147541     21293.73
        7952     1.005635     1.658318 -0.001401795     21295.94
        7954     1.005623     1.655982 -0.001398463     21293.32
        7956     1.005582     1.650973 -0.0008892054     21296.58
        7958     1.005721     1.650788 -0.001253725     21306.71
        7960     1.005827     1.651204 -0.0006376958     21305.67
        7962     1.005573     1.645952 -0.001141514     21308.01
        7964     1.005816     1.645872 -0.001320667     21309.73
        7966     1.005639     1.641656 -0.001530318     21309.03
        7968     1.005677     1.640639  -0.00183414     21314.84
        7970     1.005804      1.63371 -0.001856181     21316.83
        7972     1.005782     1.631198 -0.001842818     21320.13
        7974       1.0055     1.626807 -0.001026997     21323.79
        7976     1.005518     1.625896 -0.001299605     21321.59
        7978     1.005522     1.625494 -0.0009981123     21323.74
        7980     1.005415     1.620802 -0.000640986     21327.98
        7982     1.005436     1.618822 -0.000838623     21331.93
        7984     1.005124     1.620768 -0.001200836     21332.15
        7986     1.005369     1.618785 -0.001422644     21333.84
        7988     1.005198     1.611195 -0.001603013     21335.12
        7990     1.005379     1.607441 -0.001905604     21337.48
        7992     1.005508     1.607944 -0.001255167     21339.41
        7994     1.005635      1.60354  -0.00103432     21342.37
        7996      1.00541     1.601154 -0.001530416      21340.6
        7998     1.005414     1.599166 -0.001313051     21342.24
        8000     1.004947     1.595701 -0.001300879     21348.31
        8002     1.004969     1.593036 -0.001063579     21349.72
        8004     1.005517     1.590747 -0.000983211     21354.45
        8006     1.005633     1.590657 -0.001709002     21357.09
        8008     1.005679     1.587835 -0.001604539     21361.41
        8010     1.005363     1.579364  -0.00137493      21363.8
        8012     1.005311      1.57791 -0.001507999     21367.41
        8014     1.005213     1.579658 -0.0004570848     21366.33
        8016     1.005118     1.575771 -0.001168409     21369.58
        8018     1.005062     1.575707 -0.001384219      21372.2
        8020     1.004782     1.568563 -0.001601188     21371.27
        8022     1.004686     1.568584 -0.001882065     21374.72
        8024     1.004573     1.562962 -0.001521796     21374.82
        8026     1.004807      1.56065 -0.001506321     21380.24
        8028      1.00447     1.556389 -0.0009900564     21379.29
        8030     1.004301     1.556534 -0.001512641     21380.95
        8032     1.004274     1.555041 -0.001351117     21385.58
        8034     1.004287     1.548549 -0.001707705     21385.79
        8036     1.004561      1.54558 -0.002119596     21386.01
        8038     1.004462     1.542872 -0.001329309     21391.98
        8040     1.004223     1.538085 -0.001538814     21391.61
        8042     1.003984     1.537915   -0.0013629     21393.72
        8044     1.003737     1.533269 -0.0006658451     21397.45
        8046     1.004063     1.531969 -0.001083429     21400.25
        8048     1.003881     1.532758 -0.0005566889     21401.34
        8050     1.003841     1.529247 -0.0009321826        21404
        8052      1.00397     1.528816 -0.001505984     21407.99
        8054     1.003824     1.524511 -0.001577173     21405.34
        8056     1.003882      1.52071 -0.001622147     21411.85
        8058     1.003737      1.51663 -0.001479474     21413.46
        8060     1.003311     1.515838 -0.001613737     21417.46
        8062     1.003359     1.512675 -0.001265264     21414.53
        8064     1.003214       1.5078 -0.001354686     21419.01
        8066     1.003068     1.506508 -0.001368051     21418.52
        8068     1.003188     1.505001 -0.001208323     21421.54
        8070      1.00296     1.501731 -0.001599881     21424.29
        8072     1.002805     1.498134 -0.001739144     21426.55
        8074     1.002828     1.493709 -0.001512928     21428.61
        8076      1.00258     1.491088  -0.00112915      21427.5
        8078     1.002345     1.489628  -0.00105082     21426.67
        8080     1.002549       1.4891 -0.0007772479     21430.24
        8082     1.002684     1.485302 -0.001489437     21432.74
        8084     1.002767      1.48487  -0.00144771     21435.12
        8086     1.002656     1.477712 -0.001289685     21435.22
        8088     1.002885     1.477519 -0.001406611     21435.75
        8090     1.003075     1.474985 -0.0009245003      21441.3
        8092     1.002781     1.473617 -0.0007727529     21441.93
        8094     1.002491     1.470316 -0.0009711795     21442.51
        8096     1.002284     1.471337 -0.001240244     21444.12
        8098     1.002089     1.467215 -0.001270934     21444.77
        8100      1.00205     1.463695 -0.001533224     21443.32
        8102     1.002091     1.460149 -0.001247669     21444.58
        8104     1.002539     1.459071 -0.001497449     21447.77
        8106     1.002513     1.457234 -0.001226946     21448.69
        8108     1.002322     1.451715 -0.001226179     21450.88
        8110     1.002225     1.450333  -0.00124839     21456.19
        8112     1.002129     1.449261 -0.001001699     21454.21
        8114     1.001493     1.447247 -0.001109672     21453.53
        8116     1.001598     1.443702 -0.001190307     21457.89
        8118      1.00127     1.441456 -0.001212407      21460.1
        8120     1.001355     1.439739 -0.001178065     21461.31
        8122     1.001433     1.437548 -0.001125765     21463.67
        8124     1.001464     1.434277 -0.001776501     21460.88
        8126     1.001162      1.43245 -0.001391798     21464.68
        8128     1.000889     1.425527 -0.001114106     21463.38
        8130     1.000635     1.426413 -0.001185168     21465.36
        8132     1.000644     1.425364 -0.0009982361     21464.15
        8134      1.00093     1.422968 -0.001645301     21466.92
        8136     1.000587     1.417541 -0.002021956     21470.93
        8138    0.9996961     1.413251 -0.001767166     21472.49
        8140    0.9997082     1.409189 -0.001675332      21471.1
        8142    0.9995908     1.408831 -0.0007913601     21469.33
        8144    0.9999894     1.404138 -0.0005542775     21471.94
        8146     0.999588      1.40692 -0.0009718207     21471.75
        8148    0.9991722     1.404755 -0.0007829577     21472.79
        8150    0.9990311     1.401056 -0.001348241     21475.07
        8152    0.9986789     1.397875 -0.001162867     21477.98
        8154    0.9983113     1.396134 -0.001308301     21475.15
        8156    0.9981425     1.395452 -0.001157056     21479.68
        8158    0.9977303      1.39059  -0.00121481     21477.86
        8160     0.997913     1.388618  -0.00127742     21480.86
        8162     0.997753     1.386416 -0.0009546599     21479.67
        8164    0.9978194     1.385232 -0.001474627     21480.84
        8166    0.9975241     1.382953 -0.001499713      21485.4
        8168     0.997505     1.376821  -0.00158287     21484.83
        8170    0.9971588     1.374418 -0.001424508     21486.71
        8172    0.9966748     1.372569 -0.0009059528     21485.34
        8174    0.9962844     1.371557 -0.001182307     21489.72
        8176    0.9961349     1.369574 -0.001216161        21488
        8178    0.9960921     1.364959 -0.001003505      21487.8
        8180    0.9960908      1.36284 -0.001525231     21491.38
        8182    0.9957068     1.363529 -0.0008689064     21491.42
        8184    0.9958926     1.357372 -0.0009166208     21490.56
        8186    0.9960022     1.358008 -0.001535535     21498.87
        8188     0.995531     1.355507 -0.001043011      21498.6
        8190     0.995082     1.351244 -0.001280756     21497.78
        8192    0.9946971     1.349028 -0.001201954      21497.2
        8194    0.9943098     1.347762 -0.001099823     21497.34
        8196    0.9940952     1.345891 -0.001114806     21499.54
        8198    0.9943348     1.342446 -0.001499273     21506.29
        8200    0.9941306     1.340109 -0.001483296     21503.34
        8202     0.993934     1.335768 -0.001159832     21500.96
        8204    0.9938818     1.334025 -0.001147737     21504.77
        8206    0.9935144     1.333167 -0.001017088     21507.75
        8208     0.993289     1.330927 -0.001361146     21504.42
        8210    0.9929693     1.327631 -0.001355324     21506.72
        8212    0.9926233     1.323136 -0.001168692      21510.1
        8214    0.9924303     1.322324 -0.001302576     21506.36
        8216    0.9925917     1.321578 -0.001185845     21509.45
        8218    0.9924486     1.317211 -0.001550093     21513.56
        8220    0.9918541     1.313649 -0.001596165     21511.79
        8222    0.9920087     1.309924 -0.001196892     21514.42
        8224    0.9920288     1.308808 -0.001062284     21515.31
        8226    0.9916469     1.307635 -0.0008398555     21510.54
        8228    0.9918603     1.305151 -0.0009790156     21517.48
        8230    0.9916121     1.303205 -0.001411231     21523.04
        8232    0.9911665     1.300976 -0.001367941      21519.2
        8234    0.9908483     1.296346 -0.001400406     21517.01
        8236    0.9904064     1.294207 -0.001408599        21519
        8238     0.990451     1.292002 -0.001053694     21521.76
        8240    0.9904578     1.289708 -0.001079871      21522.7
        8242    0.9899631     1.287916 -0.0009485688     21524.93
        8244     0.989847     1.285568 -0.001073462     21525.05
        8246    0.9892304     1.284413 -0.001436497     21521.21
        8248    0.9888415      1.28112 -0.001511386      21520.2
        8250    0.9887656     1.276424 -0.001794592     21524.24
