# This file has been produced by extranormal (v 1.0.1 - February 23, 2017)
# O. Roudenko - Synchrotron SOLEIL. Covered by GPL licence.
#Data from HDF File: /nfs/ruche-rock/rock-soleil/com-rock/2021/Projets/20210209_Hilde/InSitu/10Ni-10Fe_50BN/10Ni-10Fe_50BN_RWGS750_CO2pulses_H2cst_ratio1/10Ni-10Fe_50BN_RWGS750_CO2pulses_H2cst_ratio1_00493.nxs to 10Ni-10Fe_50BN_RWGS750_CO2pulses_H2cst_ratio1_00494.nxs
#Time at start=2021-02-10 14:42:38.997
#Time from start (seconds)=2463.31906337
#Sample temperature (C)=24.9
# Normalization -------------
# pivot spectrum: Pivot_Fe_10Ni-10Fe_50BN_RT_air_av2000_00001.txt
# E0=7112.0   Eshift=1.74577277651
# E0_pivot = 7112.0
# pre-edge params: from E0_pivot-140.0 to E0_pivot-20.0
# pre-edge range: [6972.0, 7092.0]
# post-edge params: from E0_pivot+100.0 to E0_pivot+1140.0
# post-edge range: [7212.0, 8250.0]
# I jump at E0_pivot = 1.24564360238
# shifted energy	normalized	reference	ref.derivative	I0
        6970  0.001182895     1.675533 -2.514832e-05     18813.43
        6972  0.001182895     1.675533 -2.514832e-05     18813.43
        6974   0.00141104     1.675081  -0.00144819     18822.21
        6976  0.001445593     1.669629  -0.00174479     18827.95
        6978  0.001557653     1.667159 -0.001679854     18833.68
        6980  0.001308428     1.661575 -0.001255054     18841.97
        6982   0.00105739     1.661642 -0.001172487     18851.72
        6984   0.00112786     1.659589 -0.001850433     18858.99
        6986  0.001002287     1.657779 -0.001780276     18871.58
        6988 0.0004708765     1.646772  -0.00164568     18877.33
        6990 0.0008978819       1.6474 -0.001598817     18884.66
        6992  0.000530122     1.646423 -0.0005937721      18889.7
        6994 0.0004601105     1.644989 -0.0006611445     18897.87
        6996 0.0001471641     1.642021 -0.001348603     18906.18
        6998 -0.0004399947     1.642111  -0.00214426     18913.04
        7000 -0.0002939627     1.635634 -0.001641047     18919.55
        7002 7.885367e-05     1.627834 -0.002079521     18928.07
        7004 -0.0001294544     1.628893 -0.001981652     18939.88
        7006 -7.816299e-06     1.625475 -0.001317993     18947.86
        7008 -0.0005802405     1.619781 -0.001749924     18955.98
        7010 -6.459852e-05     1.617291 -0.001995076     18963.02
        7012 -0.0005720508     1.614894 -0.0006887764     18972.42
        7014  6.95757e-06     1.609514 -0.0009665848     18983.84
        7016 -0.0006798281     1.614271 -0.001162201      18987.7
        7018 -0.0008075769     1.609558 -0.0009852252     18992.77
        7020 -0.0008347941     1.605596 -0.002244279     19001.12
        7022 -0.0009926111     1.601632  -0.00236383     19008.32
        7024 -0.001151754     1.596317 -0.0008689668     19016.65
        7026 -0.0007583136     1.590647 -0.001429204     19025.04
        7028 -0.001180784     1.598644 -0.000769688     19034.71
        7030 -0.0009930658     1.590199 -0.0006572719     19049.02
        7032 -0.001221352     1.590159 -0.002726989     19054.53
        7034 -0.0009973425     1.585389  -0.00153819     19062.11
        7036  -0.00113697     1.576828 -0.002088316     19065.78
        7038 -0.001022555     1.577893 -0.002056183     19076.86
        7040 -0.0008904208     1.573453  -0.00140844      19086.4
        7042 -0.001102233      1.56894 -0.001157525     19094.85
        7044 -0.0008395004     1.565561 -0.001714249     19102.02
        7046 -0.0009753507     1.568633 -0.001662608     19109.84
        7048 -0.0009634094     1.559739 -0.0008882526     19118.88
        7050 -0.001282795     1.555639 -0.001763438     19124.74
        7052 -0.0006293849     1.558455 -0.001136649     19134.96
        7054 -0.000736201     1.554526 -0.001303318     19141.16
        7056 -0.0004586882     1.550646 -0.001886632     19149.46
        7058 -0.0005283482     1.545212 -0.001653608     19156.45
        7060 -0.0004336114     1.543362 -0.001248512     19163.14
        7062 -0.0006939748     1.541297 -0.0005056024     19169.13
        7064 -0.0004574354     1.540657 -0.001468665     19179.36
        7066 -0.0003826515     1.541167  -0.00109626     19188.37
        7068 0.0001460694     1.531612 -0.001610108     19197.07
        7070 0.0002715325     1.532527 -0.002747195     19202.04
        7072 0.0001027261     1.527777 -0.001730454     19208.07
        7074 9.243711e-05      1.51919 -0.001398684     19215.07
        7076 0.0004389287     1.517769 -0.0006112515     19228.89
        7078 0.0009246016     1.521337 -0.001128319     19232.82
        7080  0.000727417     1.522887 -0.0009781429     19242.92
        7082 0.0008007672     1.510163 -0.001978636     19249.71
        7084  0.000767726     1.509944 -0.002263644     19255.07
        7086  0.001905413     1.505508 -0.001317095     19267.62
        7088  0.002135902     1.504777 -0.001718577     19276.18
        7090  0.002060589     1.499626 -0.0007932892     19279.93
        7092  0.002585814     1.496195 -0.001512697     19286.16
        7094  0.003233624     1.499162 -0.000144761     19294.64
        7096  0.003810287     1.492676 -0.0001591229     19300.25
        7098   0.00460865     1.498468 -0.0007570204     19310.55
        7100  0.005623374     1.494922  0.000380158     19317.75
      7100.2  0.005750382     1.494667  0.000269514     19318.46
      7100.4  0.005877389     1.494412 0.0001588699     19319.18
      7100.6  0.006004397     1.494156 4.822592e-05      19319.9
      7100.8  0.006131405     1.493901 -6.24181e-05     19320.62
        7101  0.006258413     1.493646 -0.0001730621     19321.33
      7101.2   0.00638542     1.493391 -0.0002837062     19322.05
      7101.4  0.006512428     1.493135 -0.0003943502     19322.77
      7101.6  0.006639436      1.49288 -0.0005049942     19323.49
      7101.8  0.006772312     1.493318 -0.0003203861     19324.08
        7102  0.006944592     1.495364  0.001117622      19325.2
      7102.2  0.007213728     1.496335  0.001886642     19328.32
      7102.4  0.007481594     1.495964 -0.001599326     19329.54
      7102.6  0.007501098     1.494827 -0.002582018      19328.5
      7102.8  0.007544704     1.494084 -0.002306136     19329.39
        7103  0.007748339      1.49427 -0.0003806377     19329.85
      7103.2  0.008040274     1.494119 5.050468e-05     19331.15
      7103.4   0.00808121     1.494522 -8.695883e-05     19331.62
      7103.6  0.008143857     1.494125 0.0006941743     19330.86
      7103.8  0.008223197       1.4942  0.002461129     19330.98
        7104  0.008123287     1.494674  0.001982659      19331.7
      7104.2  0.008477141     1.496491 -0.0001380499     19332.95
      7104.4  0.008914659     1.495711 0.0002613366     19332.78
      7104.6  0.008943547      1.49409 -0.005002239     19332.16
      7104.8  0.009181255     1.494883 -0.002404729     19333.25
        7105  0.009651455     1.492489 -0.0008650458     19335.14
      7105.2   0.01004178     1.493787 -0.000377815     19337.93
      7105.4   0.01012967     1.493398  0.002502642     19339.37
      7105.6    0.0100467     1.494581  0.001042458     19339.14
      7105.8   0.01028229     1.494492  0.003506008     19339.59
        7106   0.01060901     1.494621 0.0009612392     19338.78
      7106.2   0.01094424     1.496203 0.0007358599     19339.07
      7106.4   0.01128505      1.49535   0.00129594     19339.64
      7106.6   0.01189243      1.49508 -0.0006078929     19342.68
      7106.8   0.01254567     1.495658   0.00156303      19343.5
        7107   0.01291942     1.495716  0.005041623     19343.79
      7107.2   0.01301899       1.4966  0.006967541     19342.41
      7107.4   0.01310416     1.499114   0.01063979     19341.97
      7107.6   0.01346025     1.501232   0.01134146     19344.73
      7107.8   0.01406023     1.504228  0.007937207     19347.23
        7108   0.01484605     1.505674  0.007950812     19348.61
      7108.2   0.01578855     1.505463  0.007452965     19350.56
      7108.4      0.01657     1.507592  0.005746346     19351.43
      7108.6   0.01728143     1.510191  0.005624838     19350.31
      7108.8   0.01784452     1.510271  0.006150495     19349.97
        7109   0.01850538     1.509963  0.007574543     19352.31
      7109.2   0.01942101     1.512513   0.01280265     19353.66
      7109.4   0.02059518      1.51625   0.01955112     19354.11
      7109.6   0.02182037     1.520513   0.02401244     19354.76
      7109.8   0.02281594     1.525604   0.02844178     19354.38
        7110   0.02398536     1.531723   0.03251571     19353.72
      7110.2   0.02539034     1.539004   0.03937243     19353.05
      7110.4   0.02746251     1.546525   0.04812188     19351.87
      7110.6    0.0302584     1.557102   0.05861058     19349.84
      7110.8   0.03356938      1.57022   0.07243178     19350.38
        7111   0.03754528     1.585892    0.0900486     19350.02
      7111.2   0.04242864     1.604471    0.1104261     19349.36
      7111.4   0.04840148     1.629141     0.129919     19347.53
      7111.6   0.05536943     1.658561    0.1461684     19344.78
      7111.8   0.06313362     1.689827    0.1557645     19342.35
        7112    0.0722122     1.721405    0.1626493     19342.12
      7112.2   0.08206701     1.753752    0.1590104      19341.6
      7112.4   0.09177196     1.788681    0.1522057     19340.84
      7112.6    0.1008318     1.817036     0.144071     19340.35
      7112.8    0.1095236      1.84317    0.1302911     19338.69
        7113    0.1175408     1.869009    0.1214287     19335.69
      7113.2    0.1246712     1.892913    0.1096555      19334.6
      7113.4    0.1310441     1.914179   0.09926056     19333.24
      7113.6    0.1368121     1.930894   0.08599183     19331.89
      7113.8    0.1427392     1.948418   0.07981869     19333.17
        7114    0.1484902     1.961707    0.0694739     19332.99
      7114.2    0.1539144     1.978033   0.05506583     19334.31
      7114.4    0.1587516     1.986474   0.04698408     19336.19
      7114.6    0.1628595      1.99247   0.04052032     19335.75
      7114.8    0.1662841     1.999294   0.05152429     19334.81
        7115    0.1687816      2.01045   0.05637096     19334.19
      7115.2    0.1707493     2.027693   0.05889903     19334.08
      7115.4    0.1727708     2.037567   0.05243161     19335.18
      7115.6    0.1751303     2.046413    0.0394015     19335.91
      7115.8    0.1780439     2.052395   0.03165147     19337.49
        7116    0.1811546     2.059214   0.02413879     19339.46
      7116.2    0.1849933     2.062888   0.02444479     19341.46
      7116.4    0.1897337     2.065724   0.01893948     19341.28
      7116.6    0.1955307     2.071951   0.02138673      19340.6
      7116.8    0.2021159     2.074366   0.03235787     19340.94
        7117    0.2094461     2.079998   0.03277971     19340.16
      7117.2    0.2176851     2.091611   0.03579573     19341.78
      7117.4    0.2271257     2.098175   0.04502697     19342.54
      7117.6    0.2376528     2.103002   0.05342583     19342.17
      7117.8    0.2491676     2.116019    0.0638314     19342.48
        7118    0.2620287     2.134351   0.07655938     19341.96
      7118.2    0.2763281      2.14924   0.08903253     19341.48
      7118.4    0.2921494      2.16425   0.09790245     19341.08
      7118.6    0.3093357     2.187245    0.1096476     19340.55
      7118.8    0.3277921     2.212673    0.1167975     19341.76
        7119    0.3473663     2.236958    0.1134406     19343.38
      7119.2    0.3685519     2.257688    0.1118184     19342.47
      7119.4    0.3917704     2.277998    0.1129623     19340.55
      7119.6    0.4155695     2.302128    0.1214652     19340.79
      7119.8    0.4389644     2.327328    0.1307365     19341.11
        7120    0.4625298      2.35486    0.1360691     19340.57
      7120.2    0.4864362     2.382587    0.1280231     19342.27
      7120.4     0.509632     2.410983    0.1238388     19343.58
      7120.6    0.5313135     2.429746     0.131408      19342.6
      7120.8     0.551256     2.453931    0.1226593     19341.18
        7121     0.569199     2.487713    0.1313139     19339.44
      7121.2    0.5854294     2.509111    0.1357854     19336.94
      7121.4    0.6009649     2.534797    0.1167873      19335.5
      7121.6    0.6155988     2.562559   0.09934758     19334.37
      7121.8    0.6297209     2.581143   0.09412947     19334.54
        7122    0.6439416     2.588589   0.08286883     19333.21
      7122.2    0.6589893     2.610101   0.08655448     19331.83
      7122.4    0.6743487     2.628854    0.1144141     19330.78
      7122.6    0.6901624     2.650387   0.08670185     19331.47
      7122.8    0.7066692      2.68012   0.09266993     19331.73
        7123    0.7239625     2.679462    0.1095123     19332.82
      7123.2    0.7418703      2.70299   0.06956545     19334.51
      7123.4    0.7596029     2.737997   0.07083107     19334.83
      7123.6    0.7774709     2.735772   0.07526153     19333.51
      7123.8    0.7955519     2.736127   0.05518969     19330.75
        7124    0.8140498       2.7632   0.07380842      19331.2
      7124.2    0.8323644     2.782148   0.08323733     19330.75
      7124.4    0.8496652     2.794819   0.09318504     19330.75
      7124.6    0.8667379     2.802717   0.08303275     19332.48
      7124.8    0.8825027     2.837748   0.07692912     19332.14
        7125    0.8975858     2.848575   0.05622356     19331.88
      7125.2     0.911557     2.856363   0.01124318     19330.24
      7125.4    0.9242994     2.847696  -0.01138498     19329.95
      7125.6    0.9367481     2.846742  -0.03638143     19328.17
      7125.8    0.9494821     2.839467  -0.04290948     19325.85
        7126    0.9620771     2.827257  -0.01623831     19326.14
      7126.2    0.9743729     2.813368   0.02338825     19326.43
      7126.4    0.9858266     2.833752   0.04643512     19325.02
      7126.6    0.9979271     2.858177   0.07689004     19324.65
      7126.8     1.010726     2.864405   0.03107171     19324.13
        7127      1.02286      2.87488  -0.01707089     19322.68
      7127.2     1.034866     2.858609  0.008630273     19323.62
      7127.4     1.046876     2.844521  0.004348065      19324.5
      7127.6     1.059652      2.87131 -0.005622672     19322.75
      7127.8      1.07377     2.878359 -0.008088579     19320.66
        7128     1.088029     2.854111  -0.02113234     19319.29
      7128.2     1.102125      2.83805    0.1088579     19318.22
      7128.4     1.116551     2.854404    0.2860468     19318.01
      7128.6     1.130865     2.965445    0.2993135     19317.59
      7128.8     1.144538     3.082948    0.2758955     19316.95
        7129     1.157534       3.0775    0.1358744     19317.16
      7129.2     1.169169      3.07512 -0.009013992     19316.55
      7129.4       1.1794     3.074145   0.03945987     19315.33
      7129.6     1.187987     3.075737   0.01817125     19312.99
      7129.8     1.194953     3.109068   0.04552465     19313.42
        7130     1.200499     3.089657   0.08343207     19313.06
      7130.2     1.204545     3.110564   -0.0229201     19313.57
      7130.4     1.207731     3.142483  0.007162012     19313.07
      7130.6     1.210117     3.090732   0.07458186     19311.87
      7130.8     1.212235     3.095387   0.05918349     19312.32
        7131     1.213651      3.17023    0.1344631     19312.91
      7131.2      1.21382     3.189829   0.09854546     19310.35
      7131.4     1.213726     3.198303  -0.01846001     19309.88
      7131.6     1.213637     3.174223  -0.05236307     19309.13
      7131.8     1.212818     3.155462  -0.04479523     19306.79
        7132     1.212761     3.147939  -0.03320993     19305.14
      7132.2     1.212367     3.162467  -0.06284851     19304.64
      7132.4     1.211789     3.147655  -0.08180991     19303.77
      7132.6     1.210471     3.105183   -0.1883245     19303.57
      7132.8     1.208863     3.082491   -0.2014181     19303.44
        7133     1.206137     3.011807   -0.1461755     19303.05
      7133.2     1.203199     2.986521    -0.141314      19301.7
      7133.4     1.199285     2.988243  -0.08525931     19301.83
      7133.6     1.194382      2.96944  -0.07700966     19302.22
      7133.8     1.188912       2.9436  -0.07491068     19303.97
        7134     1.182577     2.924913   0.02666438      19304.6
      7134.2     1.175607     2.928314   0.09665216     19305.96
      7134.4      1.16824     2.990771   0.09077923     19306.77
      7134.6     1.161247     3.020921   0.07206523     19308.07
      7134.8     1.154704     2.997536  -0.01281393     19309.17
        7135     1.147287     2.985966  -0.04285581     19309.91
      7135.2       1.1399      2.98052  -0.01532564        19313
      7135.4     1.133245     2.986637  -0.02767553     19315.16
      7135.6     1.126672     2.985276  -0.04948725     19316.12
      7135.8      1.11989     2.963826  -0.08536772     19316.37
        7136     1.113143      2.94093  -0.08915009     19316.55
      7136.2     1.107087     2.918342  -0.07382243      19318.3
      7136.4     1.101088     2.913956  -0.05411315     19318.28
      7136.6     1.095275     2.904768  0.009287027     19316.46
      7136.8     1.090302      2.89764 0.0009345145     19312.62
        7137     1.085335     2.925772   -0.0382015     19303.26
      7137.2     1.080479     2.914703  -0.02650858     19286.89
      7137.4     1.076356     2.874207  -0.05296392     19262.61
      7137.6      1.07314     2.876433   -0.0640895     19229.34
      7137.8     1.069761     2.883401  0.001771231     19190.71
        7138     1.066271     2.863432   0.03351572     19147.43
      7138.2     1.062478     2.875624   0.05601295     19112.17
      7138.4     1.059015     2.903246   0.08564705     19091.24
      7138.6     1.056161     2.928211   0.04409923     19083.73
      7138.8     1.053551     2.931949  0.004815078     19090.21
        7139     1.051232     2.910903   0.01928807     19107.28
      7139.2     1.049278     2.907098   0.03336379     19131.15
      7139.4     1.047581     2.943642   0.07922312      19158.9
      7139.6     1.046003     2.958641   0.08497003     19188.58
      7139.8     1.044788     2.974282   0.02158072     19219.26
        7140     1.043426     2.975074   0.01100243     19244.81
      7140.2     1.042128     2.960906  -0.01888945      19270.6
      7140.4     1.041419     2.967442  -0.03014856     19290.74
      7140.6     1.040936      2.95917  -0.05752548     19302.01
      7140.8     1.040253     2.950955  -0.05447938     19307.71
        7141     1.039888     2.914886 -0.005959125     19313.68
      7141.2     1.039526     2.923859   0.06776083     19316.43
      7141.4     1.038622     2.954403    0.1985494      19312.5
      7141.6     1.037961     3.005164    0.1647988      19301.4
      7141.8      1.03697     3.073725   0.08176805     19281.79
        7142      1.03607     3.055698   0.03668859     19254.29
      7142.2     1.035189     3.019817  -0.03633728     19219.12
      7142.4     1.033904     3.034514  -0.03429283     19178.22
      7142.6     1.032785     3.044656   0.01537533      19137.1
      7142.8     1.031831     3.028264  0.002263146     19103.65
        7143     1.030644     3.032117 -0.009479397     19082.87
      7143.2     1.029812     3.036325   0.02716474      19078.1
      7143.4     1.029254     3.037072 -0.001084575     19089.84
      7143.6     1.028368     3.049996  -0.04546712     19115.17
      7143.8     1.027177      3.03125  -0.08685001     19150.46
        7144     1.026039     2.999951   -0.1007447     19191.12
      7144.2     1.025251     2.967592  -0.07880511     19232.75
      7144.4     1.023821       2.9694  -0.03425472     19267.04
      7144.6      1.02259     2.968206  -0.00554504     19292.99
      7144.8     1.021469     2.972547  -0.04253704     19310.42
        7145     1.020133     2.963156  -0.03901523     19321.09
      7145.2     1.018676      2.93537   -0.1041389     19327.13
      7145.4     1.017969     2.936993  -0.09359296     19332.07
      7145.6     1.016691     2.889236  -0.04538615     19335.81
      7145.8     1.015383     2.888282   -0.0519842     19337.88
        7146     1.014131     2.899061   0.04289334      19341.2
      7146.2      1.01263     2.895406   0.09086929     19347.33
      7146.4     1.010556     2.923551   0.07420025     19351.28
      7146.6     1.008497     2.960977    0.1220163     19352.85
      7146.8     1.006285     2.958421    0.1007343     19353.35
        7147     1.004151     2.993019   0.04385897     19355.48
      7147.2     1.002223     3.004138   0.08494461        19357
      7147.4     1.000096     2.996064   0.02780404     19358.13
      7147.6    0.9977053     3.026377  -0.01113022     19361.09
      7147.8    0.9944114     3.015262  -0.01103784     19361.73
        7148    0.9910401     2.995234   0.01449397      19363.3
      7148.2    0.9875737     2.987234    0.1182799     19365.71
      7148.4    0.9841269     3.037972    0.1521464     19369.02
      7148.6    0.9810736     3.109886    0.1321025     19370.67
      7148.8    0.9782664     3.116951   0.06126429     19371.41
        7149    0.9749747     3.092916  -0.03113798      19371.9
      7149.2    0.9716909     3.086984  -0.04473423     19372.13
      7149.4     0.968291     3.084976  -0.04177022     19373.11
      7149.6    0.9650805     3.081164  -0.08473036     19373.56
      7149.8    0.9622945       3.0595  -0.07770174     19373.33
        7150    0.9594003     3.019199  -0.03855765      19375.8
      7150.2    0.9568862     3.022814  -0.01881397     19379.13
      7150.4    0.9548636     3.050318   0.03190616     19381.27
      7150.6    0.9526572     3.044449   0.03251267     19383.62
      7150.8    0.9500193     3.044724 -0.006659139     19383.69
        7151     0.947541     3.048825  0.006853029     19383.75
      7151.2    0.9452699     3.044991   0.04010323     19383.59
      7151.4    0.9432572     3.049931     0.085452     19383.34
      7151.6    0.9411346     3.076807    0.0764523     19384.77
      7151.8    0.9393504     3.117186    0.0880258     19384.84
        7152    0.9381348     3.106152   0.06795036     19386.44
      7152.2    0.9367293     3.120352   0.01941053     19386.68
      7152.4    0.9353545     3.131167   0.05908061     19385.79
      7152.6     0.934667     3.132715   0.03598635     19386.81
      7152.8    0.9338564     3.153417  0.005662494     19388.77
        7153    0.9331619     3.149141    -0.017053     19390.55
      7153.2    0.9324018     3.135697  -0.05284937     19394.53
      7153.4    0.9322362     3.119072  -0.03404622     19395.68
      7153.6    0.9323358     3.111137 -0.008095232     19398.07
      7153.8    0.9324287     3.121904   0.02074288     19397.87
        7154    0.9325374     3.129221  -0.03068424     19399.51
      7154.2    0.9328997     3.135666  -0.04810071     19401.28
      7154.4    0.9331335      3.08659  -0.05142306     19401.48
      7154.6    0.9336612     3.083423  -0.08211361     19403.16
      7154.8    0.9343887     3.088083  -0.02588471     19403.26
        7155     0.934994     3.069976  -0.04142477     19404.57
      7155.2    0.9356545     3.065882    -0.073966     19405.24
      7155.4     0.936656     3.050283  -0.04872556      19406.3
      7155.6    0.9377213      3.02891  -0.04329901     19409.13
      7155.8    0.9388889     3.030995  -0.02664475     19412.05
        7156     0.940174     3.031243 -0.008641667     19412.47
      7156.2    0.9411644     3.028968  -0.02048788     19410.56
      7156.4    0.9423251     3.021997   0.02572831     19411.18
      7156.6    0.9435285     3.014605   0.05807954     19412.75
      7156.8    0.9441027     3.051826   0.02225205     19412.71
        7157    0.9449956     3.075431   0.03030374     19414.06
      7157.2    0.9466457     3.039798   0.02937275      19415.2
      7157.4    0.9483239     3.038848 -0.0001399704     19416.63
      7157.6    0.9496307     3.075324   0.01688622     19420.51
      7157.8    0.9506717     3.075319   0.01181255     19421.96
        7158    0.9521075     3.053307  -0.02170673     19422.97
      7158.2    0.9536986     3.048298  -0.02784427     19422.12
      7158.4    0.9550126     3.057959   0.01456222     19420.33
      7158.6    0.9557659     3.053044  -0.01115111     19419.09
      7158.8    0.9565042     3.064957  -0.02231556     19419.42
        7159    0.9571934     3.039377  -0.01399661     19419.84
      7159.2    0.9583021     3.040106  -0.03412101     19420.25
      7159.4    0.9594159     3.041847  -0.01615444     19420.96
      7159.6    0.9603704      3.03766   0.00862169     19422.28
      7159.8    0.9605156     3.026453   0.03317036     19420.88
        7160    0.9612059     3.047003   0.03980239     19419.53
      7160.2    0.9618314     3.068383   0.03022557     19421.13
      7160.4    0.9626735     3.069502   0.02236935     19425.01
      7160.6    0.9632681     3.050634   0.03490562     19426.62
      7160.8    0.9636149     3.064899   0.02351524     19428.73
        7161    0.9642165     3.096307  0.009227486     19430.67
      7161.2    0.9646518     3.088314  -0.03858365     19431.09
      7161.4    0.9651876     3.058016  -0.06048923     19431.34
      7161.6    0.9661018     3.034032  -0.02679051     19434.01
      7161.8     0.966965     3.047916   0.01881735     19435.13
        7162     0.967807     3.066882   0.06469378     19434.54
      7162.2    0.9684711      3.07307 -0.000459041     19435.22
      7162.4    0.9685524     3.085787  -0.09391243     19434.96
      7162.6    0.9686929     3.047549  -0.09786658     19434.79
      7162.8    0.9691717     2.991752    -0.103657     19434.61
        7163    0.9695234     2.994776  -0.05807555     19432.69
      7163.2     0.969951     3.002861   0.02272342     19431.66
      7163.4    0.9705427     3.001088   0.01550526     19432.94
      7163.6    0.9711794     3.009931   0.02183167     19435.87
      7163.8    0.9716958     3.007181   0.04250209     19437.25
        7164    0.9723806     3.020327   0.04912632     19438.05
      7164.2     0.973009      3.03509   0.03438895     19439.66
      7164.4    0.9735264     3.049232   0.04012381     19437.75
      7164.6    0.9739403     3.034692   0.02951316     19437.92
      7164.8    0.9744131     3.052426  -0.02136517     19439.74
        7165    0.9750147     3.058701  -0.05067515     19439.99
      7165.2    0.9756828      3.03214  -0.03970589     19439.87
      7165.4    0.9763774     2.994152  -0.02414517      19439.4
      7165.6    0.9766862     3.020661  -0.03762139     19438.65
      7165.8    0.9769029     3.039384  0.006603711     19438.94
        7166     0.977738     3.002042  -0.01329664     19440.01
      7166.2    0.9781098     2.999435  -0.05049933     19440.36
      7166.4     0.979109     3.010024   0.01625333     19440.62
      7166.6    0.9804339     2.998985   0.01481209     19442.05
      7166.8    0.9813867     3.015045 -0.006314302     19443.24
        7167    0.9821102     3.011284  0.007714563     19444.27
      7167.2    0.9828781     3.004972 -0.007977433     19444.23
      7167.4    0.9834316     3.005157   0.01566052     19444.91
      7167.6    0.9838256     3.008663   0.05069567     19445.32
      7167.8    0.9842314     3.023813   0.04830799     19444.38
        7168    0.9846054     3.045529 -0.002577473     19442.42
      7168.2    0.9852381     3.043803  -0.04339261      19442.2
      7168.4    0.9861332     3.006601   -0.0455313     19445.34
      7168.6    0.9868318     2.989099  -0.02477918     19447.51
      7168.8    0.9874331     3.009104  0.007144485     19449.62
        7169    0.9882614      3.02398   0.03920548     19450.85
      7169.2    0.9889218     3.012317 -0.0005242188     19448.89
      7169.4    0.9896657     3.020463  -0.02565821     19447.74
      7169.6    0.9909402     3.008685  -0.01212275     19447.12
      7169.8    0.9919224     3.003453  -0.02079863     19447.84
        7170    0.9925858     3.002619 -0.009111733     19450.25
      7170.2    0.9930812     3.003824  0.001585319     19452.82
      7170.4    0.9937808     3.001395  -0.01867269     19450.24
      7170.6     0.994565     3.004721  -0.04379092     19450.56
      7170.8    0.9953912      2.98768  -0.03041021     19451.87
        7171    0.9960534     2.968791  -0.04302283     19452.39
      7171.2    0.9965521     2.977067 -0.009887185     19452.41
      7171.4    0.9972236     2.970303   0.02819233     19454.19
      7171.6    0.9982302     2.979771   0.01211704     19454.75
      7171.8    0.9993307     2.991345   0.03126878     19456.69
        7172     1.000147     2.986761  0.003612333     19458.18
      7172.2      1.00072     2.995318  -0.04588741     19457.78
      7172.4      1.00142      2.98266  -0.01412579     19459.38
      7172.6     1.001787     2.954635  0.009128722     19460.82
      7172.8     1.001838      2.97546   0.01381556     19460.41
        7173     1.002135     3.002621   0.02715934     19461.34
      7173.2     1.002727     2.993713  -0.01788505     19461.23
      7173.4     1.003539     2.976363  -0.06110399     19461.32
      7173.6     1.004072     2.961152  -0.04916536     19461.12
      7173.8     1.004422     2.953738  -0.03276457     19460.61
        7174     1.004645     2.954381  -0.02598546     19463.34
      7174.2      1.00464     2.950151  -0.02949374     19464.71
      7174.4     1.005377     2.940364  -0.02604598     19467.13
      7174.6     1.006057     2.930143  0.008890897     19469.16
      7174.8     1.006172     2.933544   0.03756821     19466.51
        7175     1.006505     2.957264    0.0506507      19468.1
      7175.2      1.00702     2.970418   0.02457363     19468.67
      7175.4     1.007507     2.970663  -0.01437351     19469.35
      7175.6     1.007376     2.953203 0.0005055298     19472.61
      7175.8     1.007589     2.945765  -0.02303898      19473.4
        7176     1.008244     2.970823  -0.03964292     19473.95
      7176.2     1.008596     2.952232  -0.04908365     19473.81
      7176.4     1.008951     2.921488  -0.09710928     19473.88
      7176.6     1.008714     2.906498  -0.05415277     19472.89
      7176.8     1.008698     2.893135   0.02047927     19473.14
        7177     1.009092      2.90891   0.04611755     19473.41
      7177.2     1.009801     2.937872   0.03909957     19473.07
      7177.4     1.009827     2.943392 -0.008603071     19472.34
      7177.6      1.00933     2.924415  -0.07780534      19473.3
      7177.8     1.009001     2.902028   -0.0910867     19474.82
        7178     1.008679     2.875628  -0.07605713      19475.8
      7178.2      1.00835     2.870523  -0.06406538     19475.85
      7178.4     1.008388     2.863569  -0.01943604     19476.22
      7178.6     1.008282     2.850775 -0.001693058     19477.12
      7178.8     1.008073     2.860079   0.02404267     19477.95
        7179     1.008295     2.869168   0.03384918     19478.06
      7179.2     1.008301     2.882803  -0.02188137     19478.11
      7179.4     1.008039     2.877855  -0.03113918     19478.17
      7179.6     1.007796     2.842574  -0.04714106     19478.44
      7179.8      1.00743     2.844257  -0.04569213     19481.81
        7180     1.007233      2.84509   0.01588179     19482.58
      7180.2     1.007072     2.841301   0.02524379     19480.33
      7180.4     1.007629     2.855279   0.03725695     19481.34
      7180.6     1.008272     2.864452   0.03974907     19484.09
      7180.8     1.008858     2.874896   0.01869752     19484.81
        7181     1.008878       2.8731   0.02532086     19485.43
      7181.2     1.008736     2.870237   0.01319159     19486.09
      7181.4     1.008648     2.884709   0.03025793      19485.8
      7181.6     1.008551     2.885449   0.02211174     19486.74
      7181.8     1.008594     2.897307 -0.003519796     19485.89
        7182     1.008804     2.887926  0.001153443     19487.47
      7182.2     1.009105     2.881893  -0.02017599     19489.82
      7182.4     1.009056     2.886372  -0.05316734     19490.52
      7182.6     1.009218     2.881166  -0.06089209     19493.09
      7182.8     1.009532     2.845393  -0.06721063     19496.09
        7183     1.009976     2.833179   -0.0307364     19497.02
      7183.2     1.009976     2.832603   0.04007906     19494.81
      7183.4     1.009805     2.856577   0.03152087     19493.66
      7183.6     1.009746     2.877456   0.02175601        19494
      7183.8     1.009399     2.858396  0.001809718     19493.35
        7184     1.009085     2.850008  -0.02202111     19494.51
      7184.2     1.009517     2.858024  0.008499761     19496.01
      7184.4     1.010542     2.859839   0.03259721     19496.13
      7184.6     1.011442     2.865196    0.0277132     19497.48
      7184.8     1.011709     2.876086   0.01490906     19498.52
        7185     1.011606     2.880195  0.002829941     19499.06
      7185.2     1.011851     2.871766   0.02976196     19500.52
      7185.4     1.011519      2.86746   0.04890296     19503.24
      7185.6      1.01143     2.899896   0.06616544     19504.68
      7185.8     1.011554     2.919317   0.03329521     19506.16
        7186     1.011964     2.924699  -0.01400989      19507.2
      7186.2     1.012292     2.894096  -0.02568346     19505.64
      7186.4     1.013081     2.888688  -0.02388306     19505.84
      7186.6     1.013173     2.898771   0.02862598     19506.25
      7186.8     1.012937     2.905592   0.03354259     19506.52
        7187     1.012979     2.916997  -0.00561563     19508.15
      7187.2     1.012771     2.915522 -0.006615028     19508.14
      7187.4     1.012645     2.894278 -0.004823224      19508.2
      7187.6     1.012628       2.9003  -0.01079713     19510.25
      7187.8     1.012408     2.913138 -0.001894535     19510.26
        7188       1.0126     2.906884   0.01432591     19508.78
      7188.2     1.013097     2.892762 0.0001732671     19508.54
      7188.4     1.013061     2.911761  -0.02211937     19508.94
      7188.6     1.012814     2.913277    0.0208636     19511.15
      7188.8     1.013121     2.889189   0.02946156     19512.91
        7189     1.013333     2.909453   0.02979402     19513.57
      7189.2     1.013283      2.93533   0.06313987     19515.86
      7189.4     1.013447     2.937112   0.04879606     19517.31
      7189.6     1.013325       2.9397   0.02802445     19516.39
      7189.8       1.0131      2.94849   0.01079169      19515.9
        7190     1.012746      2.95775   0.03085264     19517.64
      7190.2     1.012338     2.945745   0.02952968     19517.38
      7190.4     1.012306     2.964383    0.0117015     19517.13
      7190.6     1.012517     2.972114   0.03966673     19517.94
      7190.8     1.012944     2.967111   0.05111402     19520.29
        7191     1.013044     2.977479   0.01729573     19521.95
      7191.2      1.01247     3.005274  0.009453688     19522.88
      7191.4     1.012185      2.98595   0.02386581     19524.55
      7191.6     1.012227     2.974674  -0.04730431     19524.64
      7191.8     1.012582     2.996571  -0.04989932     19523.91
        7192      1.01338      2.96743   -0.0143865     19525.32
      7192.2     1.013644     2.946031 -0.007008159     19527.08
      7192.4     1.013621     2.963165   0.03835917     19529.16
      7192.6     1.013736     2.990965   0.07323609     19531.55
      7192.8     1.013622     2.998118   0.07960997     19532.87
        7193     1.013128      3.00462   0.08707281     19533.14
      7193.2     1.013209     3.026853   0.09934336     19532.18
      7193.4      1.01345     3.060623    0.0536628     19530.65
      7193.6     1.013345     3.077592  -0.03784356     19531.07
      7193.8     1.013352      3.04755   -0.1078613     19533.01
        7194     1.013221     2.996578   -0.1197422      19533.7
      7194.2     1.012828     2.974334   -0.1005907     19533.55
      7194.4     1.012535     2.981799   -0.0547579     19533.48
      7194.6     1.012961     2.967078 -0.003289952     19533.85
      7194.8     1.013619     2.952771   -0.0149518     19536.64
        7195     1.013722     2.971702  0.001949326     19538.88
      7195.2     1.014109     2.969837   0.03331475     19540.12
      7195.4     1.014605     2.968637  -0.03253556      19543.5
      7195.6     1.014508     2.979423  -0.03764755     19541.06
      7195.8     1.014289     2.945674  -0.01034851     19540.73
        7196     1.014099     2.939719   0.01947043     19543.29
      7196.2     1.013958     2.960358   0.06497912     19545.75
      7196.4     1.014751        2.995   0.01520398     19545.45
      7196.6      1.01508     2.997657  -0.03566232     19544.91
      7196.8     1.015335     2.951882  -0.07699403     19547.03
        7197     1.015515     2.931828  -0.08950512     19546.89
      7197.2     1.015589     2.933404  -0.03760448     19546.64
      7197.4      1.01598     2.926053  0.007877726     19546.23
      7197.6     1.016336     2.921799   0.03205923     19546.87
      7197.8     1.016334     2.938131   0.05461869     19548.67
        7198      1.01644     2.959052   0.05561383      19550.5
      7198.2     1.016803     2.969748   0.04184478     19552.54
      7198.4     1.017279      2.96629   0.04964471     19552.94
      7198.6     1.017695     2.971606   0.04209156     19553.61
      7198.8     1.018028     2.998767    0.0268394     19555.76
        7199     1.018257     3.003421  -0.00730998     19555.84
      7199.2     1.018161     2.987761  -0.07174983     19556.04
      7199.4     1.018295     2.965758  -0.08532488     19557.78
      7199.6     1.018414     2.941368  -0.07969396     19559.31
      7199.8     1.018449     2.935161  -0.07762281     19559.73
        7200     1.018265     2.924006  -0.07961222     19558.17
      7200.2     1.018568      2.90366  -0.06988813     19558.87
      7200.4     1.018512     2.877678  -0.05333644      19559.7
      7200.6     1.018351     2.879251  -0.04471408     19559.51
      7200.8     1.018257     2.881337  -0.03199663     19562.06
        7201     1.018369     2.867889  -0.01621536     19561.87
      7201.2     1.018318     2.852081    0.0192884     19560.97
      7201.4     1.018313     2.866278   0.02774719     19563.13
      7201.6     1.018569     2.896768   0.04178229      19565.2
      7201.8      1.01926     2.890087   0.01886866     19567.09
        7202     1.019773     2.885506  -0.03437632     19567.48
      7202.2     1.019927     2.881373  -0.02968464     19566.19
      7202.4     1.019956     2.869267   -0.0156586     19566.64
      7202.6     1.019711     2.866339 -0.009561434        19568
      7202.8     1.019449     2.872979 -0.003619298     19570.04
        7203     1.019427     2.873724  0.009455742     19571.67
      7203.2     1.019338     2.866371   0.00707508     19572.42
      7203.4     1.019176     2.873904   0.01663284     19574.85
      7203.6     1.019139      2.87864   0.03461009     19576.54
      7203.8     1.019158      2.88703  0.001843792     19577.88
        7204     1.019341     2.894059  -0.03089361     19578.38
      7204.2     1.019886     2.875379  -0.06264256     19579.19
      7204.4     1.020454     2.853925  -0.07570003     19577.79
      7204.6     1.020463     2.836916  -0.02091745     19576.21
      7204.8     1.020022     2.833499    0.0293175      19575.9
        7205     1.020113     2.858645   0.07234118     19576.98
      7205.2     1.020324     2.877379   0.06195989     19579.21
      7205.4     1.020665     2.894789  -0.07918764     19582.27
      7205.6     1.020583     2.883067   -0.1609793     19583.46
      7205.8     1.020252     2.795295   -0.1622383     19584.02
        7206     1.019897     2.748595   -0.1492048     19585.16
      7206.2     1.019608     2.764999  -0.04061029     19585.72
      7206.4     1.019472     2.763703   0.02752639        19586
      7206.6     1.019591     2.762806   0.01977237     19586.59
      7206.8      1.01982     2.770616    0.0442705     19588.82
        7207     1.020045     2.780816    0.0473743     19589.95
      7207.2     1.020533      2.79912   0.03710442     19591.29
      7207.4     1.020713     2.800706   0.04468315     19593.77
      7207.6     1.020488       2.8003   0.04900044     19593.46
      7207.8     1.020526     2.816563   0.03992342     19593.49
        7208       1.0204      2.83832 -0.007203513     19594.25
      7208.2     1.020521     2.832644  -0.03464297     19594.83
      7208.4     1.020607     2.794537  -0.06265612     19594.99
      7208.6     1.020479     2.788849  -0.03597212      19595.2
      7208.8     1.020339     2.788195 -0.000594583      19594.6
        7209     1.020009     2.803867  -0.04594696     19595.52
      7209.2     1.019901     2.794061  -0.04189426     19596.92
      7209.4     1.019624     2.752091  -0.04320808     19596.43
      7209.6     1.019266      2.75468  -0.02503456     19598.84
      7209.8     1.019315       2.7693   0.01759761     19600.42
        7210     1.018968     2.774034 -0.002818853     19601.48
      7210.2     1.018792     2.766169 -0.008928754     19602.35
      7210.4     1.018785     2.752425   0.01428854     19602.36
      7210.6     1.018489     2.762157   0.04317542      19601.8
      7210.8     1.018509     2.785465   0.07172389     19601.83
        7211       1.0185     2.800709   0.09086568     19600.37
      7211.2     1.018472     2.809804   0.09533637     19601.01
      7211.4     1.018788      2.83485   0.08180933     19603.61
      7211.6      1.01894     2.861734   0.08145731     19603.81
      7211.8     1.018807     2.866157   0.07138155     19604.69
        7212     1.018378      2.87497   0.05800377     19605.98
      7212.2     1.018038     2.891955    0.0685572     19607.18
      7212.4     1.018058     2.908137   0.08757573     19609.21
      7212.6     1.017704     2.921003   0.08878716     19609.28
      7212.8     1.017365      2.94503   0.08072876     19609.51
        7213     1.017193     2.962985   0.07075443     19609.59
      7213.2     1.016503      2.97272   0.05039418     19609.02
      7213.4     1.016086     2.977606  -0.03438697     19609.25
      7213.6     1.015473     2.985346  -0.05303394      19609.2
      7213.8     1.015454     2.935475  -0.04920523      19611.8
        7214     1.015446     2.930293  -0.04430122     19613.35
      7214.2     1.015788     2.938242   0.02466928     19614.78
      7214.4     1.015687     2.949905   0.04770229     19613.65
      7214.6     1.015029     2.955211   0.05154052     19615.11
      7214.8     1.014332     2.968454   0.04980161     19617.76
        7215     1.013975     2.979474   0.05719128     19619.39
      7215.2     1.013452     2.989746   0.05130783     19618.38
      7215.4     1.012898     3.000964   0.06913586     19618.01
      7215.6     1.012714     3.009501    0.0920533     19618.79
      7215.8     1.012498     3.034783   0.09254807     19618.16
        7216     1.012116     3.063389   0.05994654     19619.66
      7216.2     1.012053     3.075002  -0.01265655     19622.24
      7216.4      1.01233     3.057458  -0.04438935     19623.93
      7216.6     1.012156     3.024658  -0.03527753     19623.88
      7216.8     1.012065     3.027877  -0.01303282     19624.02
        7217     1.011264      3.04678   0.02315763     19623.41
      7217.2     1.010888     3.047032   0.04393438     19623.05
      7217.4     1.010856     3.043184   0.02444194     19622.46
      7217.6     1.010417     3.063025    0.0270074     19621.57
      7217.8     1.010409     3.066334   0.02119296     19624.23
        7218     1.010677     3.068638 -0.001925128        19626
      7218.2     1.010533     3.060138  0.008105945     19625.91
      7218.4     1.010238     3.061484   0.03631687     19627.46
      7218.6     1.010073     3.072818   0.06473141     19629.32
      7218.8     1.009786     3.097691   0.06138371     19629.33
        7219     1.009233     3.111924   0.04499663     19629.13
      7219.2     1.009208     3.110591 -0.002579534     19628.78
      7219.4      1.00902     3.108816  -0.05129937      19627.5
      7219.6     1.008508     3.095627  -0.04155413     19627.95
      7219.8     1.008583     3.070884 0.0008567496     19630.79
        7220     1.008657     3.077348   0.02303065     19632.62
      7220.2     1.008609     3.109501   0.04453458     19633.55
      7220.4     1.008616     3.114052   0.01318693     19636.09
      7220.6     1.008226     3.106512  -0.01578928     19638.06
      7220.8     1.007684     3.087898  0.003270777     19637.87
        7221     1.007643      3.09687   0.03466217     19638.02
      7221.2     1.007478     3.116669   0.07817449     19638.05
      7221.4     1.007391     3.134241   0.07299055     19639.15
      7221.6     1.007235     3.150437   0.02528148     19641.52
      7221.8     1.007097     3.155262  0.005704447      19642.2
        7222     1.007328     3.136894  -0.02855504     19644.46
      7222.2     1.007282     3.138805  -0.04286989     19645.54
      7222.4     1.006885     3.127593  -0.02429847     19646.05
      7222.6     1.006414     3.120966  -0.02274014     19646.93
      7222.8     1.005968     3.117455  -0.01680283     19645.36
        7223     1.005419     3.120613  -0.03712636     19643.14
      7223.2      1.00498     3.114151  -0.01620687     19641.42
      7223.4     1.004954     3.091265 -0.0007587548     19642.82
      7223.6     1.005044     3.104489  -0.01921123     19646.28
      7223.8      1.00505     3.120006   0.01876665     19648.37
        7224     1.005134     3.098782   0.01780257      19650.8
      7224.2     1.004949     3.106278  -0.02163306     19652.01
      7224.4     1.004237     3.118732  -0.01088616     19650.86
      7224.6     1.003856     3.102699  -0.05403918     19650.35
      7224.8     1.004174     3.090073   -0.1042876     19652.27
        7225      1.00428     3.063047  -0.08165975     19652.43
      7225.2     1.004195     3.035301  -0.06746014     19651.52
      7225.4     1.003835     3.037372  -0.02495783     19653.79
      7225.6     1.003814     3.036105 -0.008416398     19653.65
      7225.8     1.003089     3.043081   -0.0390108     19654.33
        7226     1.002469     3.028568  -0.02337065     19655.91
      7226.2     1.001702     3.006163  -0.05022289      19655.9
      7226.4     1.001147     3.017408   -0.0339344     19655.45
      7226.6     1.000803     3.002903   0.03384525     19654.92
      7226.8       1.0002     3.001421   0.04820527     19653.16
        7227    0.9997651     3.033239   0.04959642      19654.4
      7227.2    0.9997444     3.055973    0.0216233     19656.44
      7227.4    0.9996889      3.04258  -0.02018667     19658.32
      7227.6    0.9995408     3.018719  -0.06266946     19661.23
      7227.8    0.9994581      3.01709  -0.07535918     19662.74
        7228     0.999502     3.005837  -0.06530993     19664.63
      7228.2    0.9995536     2.982292  -0.06988289     19666.86
      7228.4    0.9991892     2.966472  -0.04565626      19667.6
      7228.6    0.9987805     2.961184  -0.02730599      19666.2
      7228.8    0.9984605     2.969312  -0.05041175     19666.61
        7229    0.9980221     2.960448  -0.07047547     19666.21
      7229.2    0.9978135     2.926142  -0.09994602     19666.77
      7229.4    0.9973379     2.904803   -0.1150207     19668.57
      7229.6    0.9968755     2.889355  -0.06186617     19667.68
      7229.8    0.9966907     2.868431  -0.01408669     19668.42
        7230    0.9961065     2.876649   0.01755965     19668.47
      7230.2    0.9956711     2.893534    0.0470177     19669.44
      7230.4    0.9954939     2.903403  0.004535572     19670.83
      7230.6    0.9953214     2.906045   -0.0316605     19673.36
      7230.8    0.9952366     2.880278  -0.04361511      19674.6
        7231    0.9950404     2.868205  -0.05433799     19674.43
      7231.2    0.9948142     2.868511  -0.03228977     19674.35
      7231.4    0.9944081     2.862575  -0.03068104     19672.34
      7231.6    0.9939824     2.854446  -0.02844384     19672.82
      7231.8    0.9939238     2.843661  -0.04933039     19676.65
        7232    0.9936238     2.845756  -0.03527763     19676.82
      7232.2    0.9936025      2.82311  -0.03134835      19677.4
      7232.4    0.9941648     2.826224  -0.05212164     19679.69
      7232.6    0.9945761     2.818582  0.005409662     19679.52
      7232.8    0.9942161     2.804058 -0.001575849     19677.68
        7233    0.9937368     2.827438 -0.007877749     19678.01
      7233.2    0.9930981     2.824963  -0.01691729     19678.26
      7233.4    0.9928041      2.81228  -0.03182776     19680.42
      7233.6    0.9926522     2.790525  -0.04173634     19682.69
      7233.8    0.9926748     2.801976  -0.03864487     19683.74
        7234    0.9927571     2.791574   0.01281588     19684.59
      7234.2    0.9923528     2.781364  -0.01971944     19683.54
      7234.4    0.9921187     2.800777  -0.03361117     19684.17
      7234.6    0.9920713       2.7862  -0.03512623     19684.28
      7234.8    0.9917364     2.764685  -0.07811122     19684.79
        7235    0.9913618     2.753263   -0.0401946     19686.73
      7235.2     0.990998     2.738288  0.007313734     19686.87
      7235.4    0.9909144     2.754045   0.02120645     19686.53
      7235.6    0.9910804     2.770536   0.03638931     19685.95
      7235.8    0.9909385     2.770228   0.00451696     19685.74
        7236    0.9910644       2.7674  -0.04642286     19685.82
      7236.2    0.9911097     2.757658  -0.05013904     19686.89
      7236.4    0.9906332     2.733398  -0.03416991     19687.68
      7236.6    0.9899628     2.730117  -0.03867154     19687.44
      7236.8    0.9899566     2.740064  -0.02018759      19688.5
        7237    0.9904302     2.726721 0.0005092503     19690.24
      7237.2    0.9902058     2.717248    0.0054113        19691
      7237.4    0.9899346     2.730524 -0.002889178     19691.51
      7237.6    0.9898248     2.744393   -0.0127833     19692.54
      7237.8    0.9897099      2.72441  -0.02171743     19692.96
        7238    0.9899521     2.707021  -0.02640519      19692.6
      7238.2    0.9903501      2.71315  0.003361463     19693.65
      7238.4    0.9907284     2.723269   0.02482464     19695.79
      7238.6    0.9910347     2.727099   0.02525305     19697.82
      7238.8    0.9911802     2.726881   0.02574544     19698.14
        7239    0.9911922     2.733353   0.01722189     19698.55
      7239.2    0.9911485     2.743865  0.009823995     19701.18
      7239.4    0.9910746     2.740876   0.01129416     19700.74
      7239.6    0.9907463      2.73474 -0.001149197     19698.78
      7239.8    0.9907535     2.742388  -0.01522351     19699.01
        7240    0.9910016     2.742946 -0.007683823     19699.22
      7240.2     0.991092     2.728698  -0.01798833     19699.96
      7240.4    0.9912234     2.728593  -0.01239404     19699.51
      7240.6    0.9915274     2.727997    0.0100209     19702.65
      7240.8    0.9917227     2.733031   0.01696603     19703.37
        7241    0.9918554     2.736714   0.01828106     19703.38
      7241.2    0.9919478     2.742166  0.005340477     19703.84
      7241.4    0.9921541     2.742622   0.00142139     19703.82
      7241.6    0.9923816     2.737303 -0.005026602     19705.27
      7241.8    0.9926555     2.737851  -0.01088718     19707.13
        7242    0.9929469     2.738144  -0.02040997     19707.41
      7242.2    0.9929647     2.733912  -0.03390739     19707.95
      7242.4    0.9929965     2.720975  -0.03228368     19710.07
      7242.6     0.993126     2.710725  -0.03654976     19711.11
      7242.8    0.9931586     2.712317  -0.01542836      19712.1
        7243    0.9933812     2.704673   0.01768762     19714.43
      7243.2    0.9933521     2.708632     0.019911     19713.11
      7243.4    0.9932329     2.724876   0.02436821     19711.71
      7243.6    0.9936152     2.728246   0.03512986     19711.54
      7243.8    0.9942005     2.724167   0.01283609     19711.25
        7244    0.9944442     2.736736   0.02349924     19711.25
      7244.2    0.9947449     2.735144   0.04711128     19712.77
      7244.4    0.9946752     2.747046   0.03227025     19713.27
      7244.6    0.9948201     2.761856   0.04622314     19714.27
      7244.8    0.9953648     2.762552   0.04323604     19717.18
        7245      0.99565     2.772123   0.01535456     19717.72
      7245.2    0.9958198     2.781634  0.008112707     19717.65
      7245.4    0.9958259      2.77414  0.001277046     19718.02
      7245.6    0.9958742     2.769043  0.006574481     19717.51
      7245.8    0.9960816     2.773145   0.04700152     19716.66
        7246    0.9961527     2.786894   0.06521348     19718.21
      7246.2    0.9964672     2.811741   0.04243829     19721.07
      7246.4    0.9970254     2.821213  0.003449211     19721.92
      7246.6    0.9973977     2.807095  -0.04139414     19723.09
      7246.8    0.9976972     2.789653  -0.06814497     19723.25
        7247    0.9978603     2.778626  -0.05662061     19723.66
      7247.2    0.9981704     2.766697  -0.02807157     19725.04
      7247.4    0.9983843     2.761799 -0.003370644     19725.27
      7247.6    0.9985978     2.767196   0.02340052     19724.96
      7247.8    0.9988715     2.775929   0.02067384     19727.37
        7248    0.9989566     2.785418   0.01441191     19727.44
      7248.2     0.999298     2.778338  0.002617376     19727.66
      7248.4    0.9993526     2.778726  -0.02144369     19729.88
      7248.6    0.9991157     2.778023  -0.01187097     19730.11
      7248.8    0.9988109     2.768263  -0.00498186     19731.25
        7249    0.9987781     2.768841  -0.01579192     19730.15
      7249.2    0.9990948      2.77474 -0.004695933     19727.92
      7249.4     0.999249      2.76539   0.01803277     19728.85
      7249.6     0.999327     2.764506   0.01979198     19728.99
      7249.8    0.9997859     2.783267   0.03967875     19730.98
        7250     1.000255     2.790574   0.04493276     19734.84
        7252     1.002125      2.79154   -0.0154913      19738.7
        7254     1.005068     2.765513 -0.005971224     19748.69
        7256     1.007304     2.733922 -0.006315707     19756.57
        7258     1.010163     2.760482 0.0004655653      19767.4
        7260     1.012087     2.741014  0.005899342     19770.78
        7262     1.013982     2.769238 -0.002471368     19773.45
        7264     1.016213     2.781117 -0.001559422     19785.48
        7266     1.017003     2.740711  0.007884202     19791.54
        7268     1.018193     2.728539  0.001316798     19798.02
        7270     1.019124     2.832312   0.01420915     19805.05
        7272     1.018757     2.791651   0.01826779     19808.02
        7274     1.018978     2.854384 -0.001263698     19816.53
        7276     1.018147     2.874681  0.006456042      19823.5
        7278     1.017172     2.822202   0.00207781     19830.37
        7280     1.016476     2.843299 0.0005422106     19835.65
        7282     1.015454     2.871007  0.007339438     19841.06
        7284     1.014107     2.879019   0.01116128     19851.27
        7286     1.012666     2.880917  0.001521787     19854.96
        7288     1.009967      2.93259  0.006297404     19861.05
        7290     1.008546     2.883181  -0.00817798     19871.84
        7292     1.007454     2.929398  -0.01522537     19878.99
        7294     1.006129     2.815494  -0.01310579     19883.31
        7296     1.005135     2.810787  -0.02358823     19888.33
        7298     1.004633     2.778335  -0.01180686     19896.17
        7300     1.003463     2.740692  -0.01677511     19904.69
        7302     1.002344     2.721039  -0.01541772     19910.15
        7304     1.002756     2.676586  -0.01260812     19914.65
        7306     1.001999     2.654993 -0.009590839     19920.87
        7308     1.002266     2.639827 -0.005292374     19928.24
        7310     1.001724     2.644312  0.001278363     19933.58
        7312      1.00224     2.634247  0.001486478     19939.53
        7314     1.002079      2.66522 -0.0001033955     19951.69
        7316     1.001465     2.651719  0.001305914      19956.8
        7318     1.001112     2.643485 -0.003406223     19959.64
        7320     1.001022     2.644694 -0.001911765     19967.87
        7322     1.000819      2.63797 -0.0004474089      19975.3
        7324     1.000577     2.636425  -0.00225059      19980.6
        7326     1.001535     2.639906 -0.003002101     19988.39
        7328     1.000959     2.626689 -0.001150505      19994.8
        7330     1.000758     2.613953 -0.005232211     19999.63
        7332     1.000205     2.627221 -0.003190009     20006.74
        7334    0.9998544     2.598048 -0.001980476     20012.41
        7336    0.9998276     2.601169 -0.005896548     20016.81
        7338    0.9996102     2.598109   0.00133629     20024.24
        7340     1.000388     2.580049  0.003305126     20031.63
        7342    0.9998269     2.608738  0.002079773      20037.4
        7344     1.000484      2.62761  0.008835215     20047.33
        7346    0.9992162     2.614747  0.008118629        20049
        7348     1.000056      2.65073  0.009030746     20057.55
        7350     1.000116     2.673687  0.003081174     20063.15
        7352     1.000196     2.699856  0.006390574     20069.33
        7354     1.000159     2.639397  0.003100917     20072.03
        7356     1.000378     2.701855 -0.0004719923     20078.53
        7358      1.00015     2.698495  0.008111632     20085.65
        7360     1.000107      2.69608  0.003482692     20092.64
        7362     1.000192      2.70429  0.002370044     20102.95
        7364    0.9999977     2.729716 -0.000653115     20104.61
        7366    0.9999145     2.717455 -0.0007319831     20109.79
        7368    0.9994904     2.690855 -0.007949861     20113.79
        7370    0.9996991     2.698434 -0.008314695     20121.44
        7372    0.9993296     2.666117 -0.005845694      20127.9
        7374    0.9993408     2.650937  -0.01173542     20130.22
        7376    0.9992805      2.64409  -0.01174996     20139.72
        7378    0.9988208     2.604551  -0.01401451     20142.72
        7380    0.9986849     2.572118  -0.01467288     20150.54
        7382    0.9988664     2.538821  -0.01504035     20152.15
        7384    0.9981617     2.526707 -0.008730132     20160.09
        7386     0.998842     2.484228 -0.004436754     20170.32
        7388    0.9978711     2.502277 -0.004314458     20175.67
        7390    0.9972072     2.503327  0.003458444     20179.34
        7392     0.998389     2.492191  0.002145555     20182.76
        7394    0.9981174     2.511895  0.003180366     20191.59
        7396    0.9974424     2.519441  0.002052994     20198.45
        7398    0.9979539      2.52877 -0.003548767     20204.19
        7400     0.997456     2.508615 -0.001199748     20209.71
        7402     0.998052     2.483505 -0.003226543     20215.14
        7404    0.9973206     2.509843 -0.0008567816     20222.28
        7406    0.9968801     2.502958 -0.0005690611     20230.87
        7408     0.996811     2.501761 -0.004028879     20235.85
        7410    0.9970042     2.478953  -0.00211366     20240.47
        7412    0.9968796     2.477612 -0.0005160581     20249.29
        7414    0.9967484     2.486049  0.001239791     20250.15
        7416    0.9968624     2.497632 -0.000625402     20259.77
        7418    0.9969769     2.488871 -0.002837214     20266.84
        7420    0.9960861     2.472609 -0.004679794     20268.62
        7422    0.9958861     2.463351 -0.004995915     20274.01
        7424    0.9959217     2.460194 -0.002150797     20279.18
        7426    0.9962348     2.448904 -0.001181117     20291.69
        7428    0.9964048     2.455403 -0.001910803     20295.07
        7430    0.9962149     2.453902 -0.001003955      20300.1
        7432    0.9965573     2.444908  -0.00105388     20304.47
        7434    0.9956195     2.440872 0.0006275796     20307.77
        7436    0.9956676     2.446972 3.208145e-05     20311.69
        7438    0.9955067     2.458923 0.0003593062     20322.61
        7440    0.9953456     2.445164  0.001591243     20328.15
        7442    0.9953735     2.443747  0.002476497     20331.93
        7444    0.9953927     2.459702  0.004299455     20341.31
        7446    0.9954144     2.478734  0.005171437     20344.79
        7448    0.9949859      2.47956  0.006597779     20349.51
        7450    0.9944564     2.485118 0.0007235744      20354.5
        7452    0.9953008     2.512484  -0.00034899     20358.22
        7454    0.9944263     2.484523 -0.001272496     20363.15
        7456    0.9944191     2.476768 -0.007724978      20369.4
        7458    0.9944166     2.474938 -0.002183078     20376.01
        7460    0.9948986     2.450684 -0.003443777     20380.22
        7462    0.9945908     2.467058 -0.001193614     20385.99
        7464    0.9948222     2.449218 -0.0003863037     20394.36
        7466    0.9955269     2.465389 -0.004197502     20399.89
        7468    0.9949955     2.447594 -0.004497219     20405.22
        7470    0.9946437     2.433478  -0.01049861     20408.97
        7472    0.9953556      2.41324 -0.006280062     20415.89
        7474       0.9952       2.3814  -0.00490095     20422.15
        7476    0.9954637     2.397353 -0.003339107     20428.78
        7478    0.9952251     2.394271 -0.0007097521     20431.91
        7480    0.9951937     2.386527 -0.003559368     20440.04
        7482    0.9950632     2.375722 -0.004428567     20443.84
        7484    0.9951039     2.368878 -0.005499777     20448.17
        7486    0.9951379     2.358842 -0.003958957     20452.99
        7488    0.9954261     2.342529 -0.003110573     20457.58
        7490     0.995422     2.344051 -0.003279454     20458.57
        7492    0.9949442     2.343993 -0.002946134     20464.71
        7494    0.9960512     2.332607  -0.00249683     20471.11
        7496    0.9947966      2.31896 -0.002267088     20476.75
        7498    0.9952157     2.324076  -0.00140835     20481.05
        7500    0.9956183     2.325857 -0.0008410277     20487.69
        7502    0.9953276      2.32134 0.0004062509     20491.41
        7504    0.9961208     2.312232 -0.001643559     20499.52
        7506     0.995893     2.327326 -0.001153095     20500.04
        7508    0.9954939     2.312708  0.001896168     20501.86
        7510    0.9955773     2.312115 -0.002771471     20506.72
        7512    0.9955256     2.327401 -0.0005688432     20512.65
        7514    0.9954224     2.305154 -0.0002846827     20517.57
        7516    0.9950416     2.308158 -0.002348817     20518.14
        7518    0.9956278     2.309838 -0.001424591     20508.46
        7520    0.9954855      2.30861 -0.001211192     20494.28
        7522    0.9951295     2.293758 -0.001323169     20490.86
        7524    0.9961066     2.298468 -0.003240981     20430.93
        7526    0.9971996     2.299252   0.00105023     20097.76
        7528    0.9940111     2.282683 -0.0008482885     20301.02
        7530    0.9961214     2.302159 -0.001707483     20159.11
        7532    0.9945619     2.291682 -0.0003802368     20386.87
        7534    0.9952937     2.285592 -0.001583821     20553.45
        7536    0.9954151     2.279641 -0.002044143     20546.72
        7538    0.9949628     2.289489 -0.002227552     20548.13
        7540    0.9946167     2.275329 -0.001153478     20568.86
        7542    0.9955062     2.267772 -0.003682111      20589.6
        7544    0.9956141     2.270413 -0.0007806099     20595.44
        7546    0.9952333     2.260032 -0.002770817     20602.13
        7548    0.9952172     2.269084 0.0001410451     20605.26
        7550     0.995215     2.245605 -0.001899337     20607.65
        7552    0.9948915     2.271541 -0.002485124     20615.06
        7554    0.9947834     2.244837  0.003004166     20621.06
        7556    0.9954228     2.249203 -0.001882041     20626.99
        7558    0.9952798     2.269639 0.0006168429     20628.84
        7560    0.9953285     2.256485  0.000112581     20635.23
        7562     0.995564     2.249772 -0.002072978     20645.83
        7564    0.9953964     2.250103 -0.001460188     20646.64
        7566    0.9949633     2.253055 -0.001212461     20652.37
        7568    0.9950582     2.244803  -0.00153787     20657.65
        7570    0.9951483     2.240072 -0.002458551      20662.2
        7572    0.9953317       2.2378 -0.003667115     20664.59
        7574     0.995131     2.233387 -0.002584533     20670.53
        7576     0.995068     2.215466 -0.004294104     20675.69
        7578    0.9953008     2.219396 -0.003673258     20675.69
        7580    0.9954351     2.203448 -0.002511906     20681.07
        7582    0.9953339     2.204001 -0.004142482     20683.56
        7584    0.9954088     2.195371 -0.002397184     20685.52
        7586    0.9956733     2.186256 -0.002077463      20688.8
        7588    0.9960026      2.18427 -0.002065663     20692.73
        7590     0.996364     2.187381 2.778561e-05     20699.72
        7592    0.9957068     2.178846 0.0006461699     20695.64
        7594    0.9960742     2.186478 -0.001072794     20703.38
        7596    0.9961308     2.189439 -0.0001524788     20705.45
        7598    0.9959219     2.178798 -0.001749347     20706.07
        7600    0.9958788     2.177626 -0.002168218      20715.7
        7602    0.9963596     2.172484 -0.001921312     20718.26
        7604    0.9959338     2.172094 -0.002651934     20720.23
        7606    0.9961584     2.163428 -0.002090398     20725.45
        7608    0.9958595     2.156411 -0.002852954     20731.59
        7610    0.9958083     2.155761 -0.002666214      20732.9
        7612    0.9959369      2.14927 -0.002163912     20734.73
        7614     0.996118     2.142098 -0.002788141     20737.37
        7616    0.9963669     2.139099 -0.001533964     20745.49
        7618     0.996199     2.133455 -0.001014932     20748.33
        7620    0.9966025     2.136998 -0.0004767988     20751.62
        7622    0.9962822     2.133979 -0.0003724796     20757.02
        7624    0.9961762     2.135285 -0.0005340505     20759.39
        7626    0.9963966     2.130476 -0.002866431     20763.66
        7628    0.9963864     2.132726  -0.00239453     20768.17
        7630    0.9967247     2.111047 -0.001107718     20773.81
        7632    0.9967856     2.116129 -0.002279064     20778.12
        7634    0.9964213     2.121614 -0.001202638     20782.04
        7636    0.9968044     2.114493 -0.002281253     20786.94
        7638     0.996697     2.101426 -0.001952931     20783.93
        7640    0.9972542     2.097879 -0.003577447     20791.07
        7642    0.9970284      2.10599 -0.002750171     20795.15
        7644    0.9973273     2.085874 -0.001292742     20802.13
        7646    0.9973621     2.079425 -0.001817659     20805.75
        7648    0.9974514     2.087537 -6.267349e-05     20812.87
        7650    0.9977322     2.091449 0.0003035683     20815.31
        7652    0.9979309     2.085372 -0.002264542     20818.04
        7654    0.9977601     2.081853 -0.002298912     20822.21
        7656    0.9975009      2.06942 -0.001313689     20823.55
        7658    0.9980338     2.073058 -0.001263321     20830.49
        7660    0.9980439     2.074863 -0.0007707299     20835.72
        7662    0.9977722     2.071747 -0.0006825278     20841.78
        7664     0.997694     2.063255 -0.001365796     20841.37
        7666    0.9980841     2.067598 -0.001182018     20851.79
        7668    0.9983855     2.063937 -0.001737205     20850.29
        7670    0.9978956     2.062291 -0.001080497     20857.38
        7672    0.9979961     2.049357 -0.001383972     20861.55
        7674    0.9978264     2.058954 -0.0009271556      20862.9
        7676    0.9983437     2.052865 -3.42684e-05     20864.99
        7678    0.9986341     2.054873 -0.001841601     20873.67
        7680    0.9984133     2.049083 -0.0007905362     20872.38
        7682    0.9987721     2.044221 -0.001358584      20877.2
        7684    0.9986923     2.046541 -0.001322626     20881.58
        7686    0.9983209     2.044005 -0.0009972041     20886.29
        7688    0.9984218     2.038502 -0.001652386     20891.01
        7690     0.998721     2.036243 -0.002026736     20890.36
        7692    0.9980022     2.033321 -0.001746234     20894.54
        7694    0.9980027     2.027791  -0.00221111     20900.14
        7696    0.9984554     2.024532 -0.002151121     20907.29
        7698    0.9991232     2.018554  -0.00185546     20909.98
        7700    0.9983493     2.016112 -0.001799369      20913.4
        7702     0.998817     2.012947 -0.001818167     20917.44
        7704     0.999596     2.010137 -0.001768805     20924.37
        7706    0.9987349     2.004009 -0.000785583     20925.83
        7708    0.9983247     2.001962 -0.0008192313     20928.01
        7710    0.9981582     2.006663 -0.000883437     20928.83
        7712    0.9989166     2.003583 -0.001092957     20934.04
        7714    0.9992046     1.996941 -0.002286238     20936.77
        7716    0.9993429     1.993218 -0.001080942     20943.71
        7718    0.9998034     1.988373 -0.0008814279     20951.21
        7720    0.9994617     1.994936 3.393159e-05     20949.71
        7722    0.9998461      1.98989 -0.0004717208     20952.77
        7724    0.9998307      1.99349 -0.0009669175     20959.64
        7726    0.9995631     1.984599 -0.001146696        20960
        7728    0.9998282       1.9872 -0.001700709      20963.8
        7730     1.000046     1.980716 -0.0006230185      20965.1
        7732     1.000316     1.979884 -0.001401045     20972.91
        7734     1.000099     1.979615 -0.001431592     20971.81
        7736     1.000394     1.975992 -0.001051568     20977.07
        7738     1.000342     1.969264 -0.001739163     20980.42
        7740     1.000501     1.971472 -0.002047659     20978.99
        7742     1.000267     1.965701  -0.00112758     20982.67
        7744     1.001362     1.959611 -0.001479875     20983.13
        7746     1.001367     1.960243 -0.001376078     20995.72
        7748     1.000983     1.959633 -0.001022109     20994.64
        7750     1.000803     1.954693 -0.001095448     20995.74
        7752     1.001014     1.951434 -0.001180289     21002.29
        7754     1.000987     1.951479 -0.001584514     21004.15
        7756     1.001155      1.95019 -0.001097873     21007.72
        7758     1.000907     1.942017 -0.001680876     21006.86
        7760     1.001004     1.942651 -0.002279143     21013.13
        7762     1.001486     1.938032 -0.002219161     21015.97
        7764     1.001509     1.931957 -0.002546583     21017.49
        7766     1.001245     1.924263 -0.002635973     21018.58
        7768     1.000896     1.922278 -0.002900514     21022.64
        7770     1.001714     1.916945 -0.001481621     21024.45
        7772     1.001396     1.908753 -0.001283439     21022.11
        7774     1.001626      1.91241 -0.001097694     21025.38
        7776     1.001758     1.912011 -0.001000733     21028.55
        7778      1.00139     1.908163  -0.00208148      21021.8
        7780     1.001311     1.900747 -0.001934419     21011.03
        7782     1.001468     1.895759 -0.001481762     20983.49
        7784     1.002969     1.896535 -0.001211538     20780.86
        7786     1.005334     1.896309 -0.002722518     19966.61
        7788     1.000829     1.891055 -0.001473065     20105.67
        7790    0.9986838     1.873978 -0.001332023     20304.09
        7792     1.001457     1.884751 -0.001488894     21042.88
        7794      1.00125     1.885653 -0.0003936893      21069.4
        7796     1.001278     1.879144 -0.001092337     21077.87
        7798     1.001547     1.870829 -0.001546999     21087.77
        7800     1.001105     1.876012  -0.00115379     21091.64
        7802     1.001715     1.873277 0.0001103868     21096.81
        7804     1.001539     1.869913  9.65573e-05     21095.84
        7806      1.00165     1.871712  -0.00141541     21099.88
        7808     1.001837     1.876784 -0.0006812444      21102.9
        7810     1.001851     1.861954 -0.001129986     21107.21
        7812     1.001871     1.864463 -0.002341241     21109.12
        7814     1.001804     1.862672 -0.0008955798     21109.96
        7816     1.001944     1.858055 -0.001782788      21118.4
        7818     1.002166     1.854789 -0.001863677     21119.77
        7820     1.001683     1.850201 -0.001999645     21117.85
        7822      1.00206     1.847763 -0.001270806     21122.63
        7824     1.002445     1.842057 -0.001584481     21128.92
        7826     1.002519     1.844623 -0.001851388     21131.13
        7828     1.002657     1.837525 -0.001231203     21128.63
        7830     1.002349     1.832952 -0.001600682     21133.45
        7832     1.002991     1.832208 -0.001380028     21140.75
        7834     1.002699     1.831817 -0.001709113     21139.76
        7836     1.002587     1.826485 -0.002103902     21142.84
        7838     1.003091     1.819279 -0.001701268      21148.8
        7840      1.00279     1.815377 -0.001664315     21151.93
        7842     1.002222     1.818207 -0.0005831866     21153.88
        7844     1.003041     1.813171 -0.0006495695     21159.14
        7846     1.002676     1.814613 -0.001944954     21161.45
        7848     1.003205      1.81018 -0.001519597     21163.93
        7850     1.002886     1.802647  -0.00219682     21162.41
        7852     1.003147     1.801014 -0.001506801     21169.73
        7854     1.003024     1.797039 -0.0007881736     21168.21
        7856     1.002595     1.798126  -0.00110598     21170.43
        7858     1.002923     1.796342 -0.001377136     21175.07
        7860     1.003125     1.792166 -0.001466589     21174.04
        7862     1.003651     1.786022  -0.00217036     21181.39
        7864      1.00391     1.786393 -0.001559446     21183.63
        7866     1.003722     1.778979 -0.001142432     21186.19
        7868     1.003291      1.77969 -0.001647786     21189.17
        7870     1.003418     1.776882 -0.0001256449     21190.67
        7872     1.002808     1.773211 -0.001288957     21192.15
        7874      1.00276     1.777974 -0.001719876      21192.4
        7876     1.003644     1.769379 -0.001766345     21199.82
        7878     1.003794     1.763123 -0.002627087     21203.02
        7880     1.003397      1.75908 -0.001502954     21201.96
        7882     1.003758     1.756957 -0.001537721     21208.44
        7884     1.003931     1.757355 -0.0009325234     21212.35
        7886     1.003502     1.750821 -0.001653597     21209.94
        7888     1.003338      1.75162 -0.001686108     21217.72
        7890     1.002922     1.743728  -0.00117104     21220.88
        7892     1.003357     1.743866 -0.002037687     21223.46
        7894     1.003166     1.741453 -0.001291865     21221.66
        7896     1.003555     1.735318 -0.001838878     21228.16
        7898     1.003499     1.733393 -0.001833483      21230.7
        7900     1.003517     1.729155 -0.001940621     21239.85
        7902     1.003781     1.726785 -0.001530251     21239.82
        7904     1.003632     1.719793 -0.001348486     21243.16
        7906     1.003858     1.721151 -0.0004786569     21246.65
        7908     1.003915     1.718367 -0.001173325     21250.72
        7910     1.004326     1.722956 -0.001068303     21254.49
        7912     1.003939     1.710407 -0.001100753     21256.72
        7914     1.004852     1.712605 -0.002558056     21210.85
        7916     1.005224     1.709561 -0.001809385     20933.91
        7918     1.004967     1.702491 -0.002402004     20572.49
        7920      1.00421     1.695931 -0.001527319     20960.21
        7922     1.004031     1.693389 -0.0009083431     21193.14
        7924     1.004769     1.697343 -0.0008543902     21230.46
        7926     1.005004     1.695225 -0.0009882533     21243.47
        7928     1.004445     1.689096 -0.001954934     21253.26
        7930     1.004338     1.685483 -0.001730854     21257.69
        7932     1.004396     1.681703 -0.001337569     21263.22
        7934     1.004962     1.681378  -0.00106995     21262.84
        7936     1.004922     1.678396 -0.0008591222     21267.81
        7938     1.005393     1.676923 -0.001427245     21272.94
        7940     1.004902      1.67483 -0.001386466     21272.61
        7942     1.005194      1.66996 -0.001690308     21280.36
        7944      1.00486     1.667304 -0.001115074      21283.6
        7946     1.005153     1.663401 -0.001105827      21286.6
        7948     1.005408      1.66591 -0.001221466     21288.34
        7950     1.005025     1.661113 -0.001078913     21289.46
        7952     1.005229     1.657532 -0.001625088     21291.67
        7954     1.005417      1.65477 -0.0009962479     21294.21
        7956     1.005407     1.652909 -0.0009215213     21295.81
        7958     1.005566     1.653143 -0.001125432     21299.97
        7960     1.005726      1.65016 -0.0007403877     21304.29
        7962     1.005601     1.645766 -0.001183849     21305.57
        7964     1.005415     1.646986 -0.001381268     21307.01
        7966     1.005734     1.643673 -0.001444795     21308.62
        7968      1.00544      1.63911 -0.001578175     21313.15
        7970     1.005935     1.634208 -0.001002053     21315.27
        7972     1.005967      1.63436  -0.00106276     21316.17
        7974     1.005949     1.635656 -0.001141496     21321.32
        7976     1.006017     1.630608 -0.001544459     21320.86
        7978     1.005827     1.625076 -0.001680561     21325.07
        7980     1.005746     1.622005 -0.001950211     21326.82
        7982     1.005358     1.622212 -0.001122013      21325.6
        7984     1.005369     1.615006 -0.001198485     21333.64
        7986     1.005615       1.6161 -0.002201506     21336.29
        7988     1.005599     1.612417 -0.0007305098      21335.5
        7990     1.005771       1.6046 -0.0009581961     21337.72
        7992     1.005298     1.609162 -0.001457174     21340.19
        7994     1.005312     1.608434 -0.001026902     21340.07
        7996     1.005926      1.60076 -0.001386384     21341.41
        7998     1.005568     1.596384 -0.001967184     21346.48
        8000     1.005375     1.598071 -0.0009311331     21347.54
        8002     1.005543     1.592697 -0.0008125123     21351.95
        8004     1.005549      1.59331 -0.001483734     21351.05
        8006     1.005616     1.589884 -0.001281332     21355.37
        8008     1.005455     1.586201 -0.001715133     21357.01
        8010     1.005492     1.582446 -0.001626198     21359.38
        8012      1.00516     1.579589 -0.001706177     21357.21
        8014     1.005648     1.576875 -0.001293663     21361.69
        8016     1.005029     1.572552  -0.00124357     21367.89
        8018     1.005143     1.572097 -0.001288973     21370.02
        8020     1.005102     1.569641 -0.001334482      21372.4
        8022     1.005128     1.566563 -0.001414119      21369.4
        8024     1.005098     1.561876  -0.00153813     21371.88
        8026     1.005401     1.560784 -0.001152505     21373.51
        8028     1.005246     1.557336 -0.001473886     21377.48
        8030     1.005166     1.557343 -0.001286465     21379.79
        8032     1.004702     1.550085 -0.001530634     21382.53
        8034      1.00476     1.550492 -0.002037383     21381.67
        8036     1.005008     1.545091 -0.0009226476     21386.43
        8038     1.004585     1.541044 -0.001311548     21386.39
        8040     1.004611     1.542704  -0.00112381     21389.45
        8042     1.004763         1.54 -0.000627306     21391.23
        8044     1.004465       1.5361 -0.001241861     21397.26
        8046     1.004525     1.536025 -0.001707012     21396.37
        8048     1.004342     1.532769  -0.00193591     21400.09
        8050     1.004271     1.526344 -0.002285557     21399.85
        8052     1.004073     1.520613 -0.001530804     21401.34
        8054     1.004011     1.517741 -0.0006403812     21405.46
        8056     1.004028     1.520522 -0.0004765009     21406.13
        8058     1.003883     1.521221 -0.0004945309        21409
        8060      1.00359     1.516801  -0.00139171     21414.28
        8062     1.003598     1.513785   -0.0019191     21410.43
        8064     1.003442     1.509389 -0.001741272     21416.18
        8066     1.003253     1.505868 -0.001278847     21417.59
        8068     1.003314     1.502871 -0.001180022      21418.6
        8070     1.002926     1.503554 -0.001613346     21421.84
        8072     1.003187     1.499949 -0.001223377     21421.86
        8074     1.002728     1.492961 -0.001991654      21420.1
        8076     1.002511     1.493084 -0.001074875     21425.18
        8078     1.002836     1.487621 -0.0006322053     21425.62
        8080     1.002627      1.49135 -0.0008846424     21428.56
        8082     1.003025     1.487903 -0.0007304152     21433.36
        8084     1.002515     1.486007 -0.001923044     21432.44
        8086     1.002087     1.481777 -0.001471448     21427.34
        8088     1.002177     1.475965 -0.001697829     21430.11
        8090     1.002422     1.476132 -0.001312832     21436.58
        8092     1.001959     1.472424 -0.001458482     21437.59
        8094      1.00222     1.471275 -0.001335803     21438.89
        8096     1.001714     1.464297 -0.0009866929     21437.97
        8098      1.00216     1.465445  -0.00102745      21444.3
        8100     1.002129      1.46453 -0.0006917985     21445.38
        8102     1.001836     1.463055 -0.001333664     21445.95
        8104     1.001717     1.458763 -0.001508115     21444.28
        8106     1.001822     1.454776 -0.001287395     21449.95
        8108     1.001708     1.452466 -0.0009889994     21452.05
        8110     1.001638     1.452756 -0.001022885     21452.55
        8112     1.001106     1.450851 -0.001011898     21455.27
        8114     1.001649     1.446593 -0.001400133     21454.19
        8116     1.000996      1.44437 -0.001691205     21458.29
        8118     1.000846     1.441555 -0.001576948     21461.42
        8120     1.001062     1.437321 -0.001063856     21461.99
        8122     1.000681     1.433977 -0.001171242     21461.73
        8124      1.00057      1.43586 -0.0009408187     21464.14
        8126     1.000294     1.432185 -0.001342966      21463.2
        8128     1.000477     1.429795 -0.001565316     21467.15
        8130     1.000032     1.423234 -0.001395066     21460.15
        8132     1.000226     1.423337 -0.001886704     21465.42
        8134    0.9999078     1.421024 -0.000703657      21467.3
        8136    0.9999974     1.414701 -0.001380369     21470.05
        8138    0.9997529     1.417604 -0.001197005     21470.25
        8140     0.999674     1.412294 -0.001110915     21470.39
        8142    0.9997105     1.411448 -0.001428307     21473.76
        8144    0.9995874     1.405814 -0.0009275268      21471.9
        8146    0.9990932     1.406178 -0.001019004     21472.09
        8148    0.9990834     1.404874 -0.0009866984     21469.94
        8150    0.9988942     1.403296 -0.001194998     21472.87
        8152    0.9988321      1.39792  -0.00130066     21476.54
        8154    0.9983112     1.396618 -0.001332115      21478.6
        8156    0.9982862     1.394469 -0.0009954072     21478.15
        8158    0.9980651     1.392639  -0.00143276      21480.5
        8160    0.9983109     1.389957 -0.0009714187     21482.61
        8162    0.9980329     1.385156 -0.001153724     21479.55
        8164    0.9980045     1.386697 -0.001588142     21483.81
        8166    0.9976158      1.38341 -0.001406579     21484.09
        8168    0.9971315     1.377252 -0.001196889     21479.94
        8170    0.9970757     1.373903 -0.001462936      21486.1
        8172    0.9964965     1.377122 -0.001145362     21485.44
        8174    0.9965395     1.371706  -0.00134265     21482.93
        8176    0.9965889     1.368089 -0.001678789     21488.59
        8178    0.9962441     1.363162 -0.001143195     21486.68
        8180    0.9956841     1.363692 -0.000757845     21485.04
        8182    0.9959799     1.362561 -0.0007350925     21488.12
        8184    0.9958633     1.362026 -0.001306032     21492.58
        8186    0.9956772     1.357281 -0.001389116     21492.07
        8188    0.9955847     1.353244 -0.001603734     21494.25
        8190    0.9953355     1.351448 -0.001311557     21494.06
        8192    0.9951144     1.349196 -0.001448798     21494.49
        8194    0.9951051     1.346789 -0.001438697     21493.94
        8196     0.994885     1.341653 -0.001089107     21496.17
        8198    0.9951224     1.339938 -0.001028569     21496.23
        8200     0.994475     1.340483 -0.001056298     21495.45
        8202    0.9942401      1.33856 -0.001100057     21499.66
        8204    0.9941473     1.333203  -0.00147659     21498.66
        8206    0.9937208     1.331138 -0.001342218      21501.2
        8208      0.99354     1.328671 -0.001120355     21499.24
        8210    0.9933678     1.327822 -0.001344231      21499.6
        8212    0.9935438      1.32424 -0.001385367     21505.96
        8214    0.9928562     1.320384 -0.001257147     21500.56
        8216    0.9931376     1.317588 -0.001413808     21505.83
        8218    0.9929013     1.317765 -0.001201596     21508.84
        8220    0.9922693     1.312929 -0.001215327     21503.99
        8222    0.9919249     1.310771 -0.001356441      21506.1
        8224    0.9920599     1.307865 -0.001329581     21511.15
        8226    0.9918499     1.306914 -0.001424345     21511.61
        8228    0.9916404     1.302293 -0.0009581506     21510.79
        8230    0.9917422     1.299376 -0.0009895797     21513.62
        8232    0.9911007       1.3002 -0.0005846607     21514.44
        8234    0.9909367     1.298997 -0.0007073496     21514.88
        8236    0.9903472     1.297615 -0.001309522     21516.56
        8238    0.9899842     1.293717 -0.001353551     21510.77
        8240    0.9902028     1.289724  -0.00139308     21517.66
        8242    0.9896459     1.288169 -0.001295691     21510.48
        8244    0.9893897     1.286471 -0.0008294306     21512.73
        8246    0.9895465     1.283352 -0.001134731     21522.18
        8248    0.9892288     1.283088 -0.001117644     21519.39
        8250    0.9886781     1.279091 -0.001237583      21515.8
