# This file has been produced by extranormal (v 1.0.1 - February 23, 2017)
# O. Roudenko - Synchrotron SOLEIL. Covered by GPL licence.
#Data from HDF File: /nfs/ruche-rock/rock-soleil/com-rock/2021/Projets/20210209_Hilde/InSitu/10Ni-10Fe_50BN/10Ni-10Fe_50BN_RWGS750_CO2pulses_H2cst_ratio1/10Ni-10Fe_50BN_RWGS750_CO2pulses_H2cst_ratio1_00384.nxs to 10Ni-10Fe_50BN_RWGS750_CO2pulses_H2cst_ratio1_00385.nxs
#Time at start=2021-02-10 14:42:38.997
#Time from start (seconds)=1918.12184541
#Sample temperature (C)=24.8
# Normalization -------------
# pivot spectrum: Pivot_Fe_10Ni-10Fe_50BN_RT_air_av2000_00001.txt
# E0=7112.0   Eshift=1.78528024484
# E0_pivot = 7112.0
# pre-edge params: from E0_pivot-140.0 to E0_pivot-20.0
# pre-edge range: [6972.0, 7092.0]
# post-edge params: from E0_pivot+100.0 to E0_pivot+1140.0
# post-edge range: [7212.0, 8250.0]
# I jump at E0_pivot = 1.24425799725
# shifted energy	normalized	reference	ref.derivative	I0
        6970   0.00169254     1.679208 -0.0007947612     18809.17
        6972   0.00169254     1.679208 -0.0007947612     18809.17
        6974  0.001464634     1.677453 -0.001478037     18819.37
        6976  0.001397609     1.673301 -0.001515364     18826.01
        6978 0.0009717847      1.67179 -0.002180544     18832.53
        6980   0.00100519     1.667085 -0.001947125     18844.11
        6982  0.001075432     1.660008 -0.002079756     18854.23
        6984 0.0009935637     1.657724 -0.001243149     18860.85
        6986  0.000478099     1.655152  -0.00132762      18864.4
        6988 0.0005214189      1.65714 -0.0008312641     18870.78
        6990 -0.0001531907     1.649387 -0.001889564     18877.76
        6992  0.001189969     1.651074 -0.001864356     18889.11
        6994 0.0003330872     1.640036 -0.001526264     18893.71
        6996  2.63412e-05     1.642225 -0.002173923     18903.53
        6998 0.0003925155     1.637177 -0.001074983     18912.26
        7000 0.0003787752     1.633682 -0.001722094      18920.7
        7002 1.947344e-05     1.631436 -0.001386095     18925.61
        7004 -0.0001439266     1.628448 -0.001265635     18935.75
        7006 -0.0001562814     1.626088 -0.001640225     18946.86
        7008 -0.0008382681     1.623557 -0.001640826     18950.41
        7010 -0.0004704073     1.618314 -0.002725882        18957
        7012 9.519255e-05     1.615322 -0.001138247     18969.66
        7014 -0.0004886614     1.604281 -0.001635418     18977.61
        7016 -0.0002551001     1.614451 -0.002557651     18986.84
        7018 -0.0003040009     1.605231 -0.001383151     18991.62
        7020 -0.0008817667      1.59486 -0.001378098     19000.87
        7022 -0.0007418111     1.593216 -0.001670332     19006.78
        7024 -0.0009697019     1.603426 -0.0006913873     19017.77
        7026 -0.0007974964     1.591868 -0.001379053     19028.32
        7028 -0.0006817104     1.589329 -0.001823517     19037.45
        7030 -0.0005451626     1.582184 -0.0007726687     19044.06
        7032 -0.0008017565     1.588838  -0.00142477      19048.7
        7034 -0.001079434     1.585687 -0.0006749747     19056.06
        7036 -0.001026064     1.577931 -0.001841575     19063.13
        7038 -0.001062733     1.576784 -0.002707345      19070.8
        7040 -0.0009714635     1.574106 -0.001366636     19077.58
        7042 -0.001153558     1.564028 -0.0008731413      19090.3
        7044 -0.001634487     1.566998 -0.001924566     19097.04
        7046 -0.001229582     1.569799 -0.0006556468     19105.61
        7048 -0.0007028053     1.558709  -0.00141801     19114.61
        7050 -0.0008523264     1.558783 -0.002526691     19122.43
        7052 -0.000641987     1.555654 -0.0007737571     19135.64
        7054 -0.000548749     1.549585 -0.001714202     19142.91
        7056 -0.0005460773     1.552519 -0.001487296     19153.21
        7058 -0.0005143461     1.545069  -0.00184571     19159.26
        7060 -0.0004774712     1.543756 -0.002384465     19166.75
        7062 -0.0004738702      1.53482 -0.001477774     19173.27
        7064 -0.0004648654     1.533443 -0.001509793     19179.74
        7066 -0.0001252238     1.533247 -0.001234296     19187.31
        7068 -0.0001453713     1.531677 -0.001413952      19191.6
        7070 0.0001504198     1.524945  -0.00131278      19202.6
        7072 0.0004903674     1.522132 -0.001657013     19208.96
        7074 0.0001240257     1.522745 -0.001286429     19213.45
        7076 0.0001126155     1.518421 -0.001074417     19222.91
        7078  0.000111912     1.514654 -0.001848992     19232.93
        7080  0.000851482     1.513536 -0.001567742     19240.88
        7082  0.001163235     1.507953 -0.0008342215     19248.82
        7084  0.001376055     1.505879 -0.001177593     19256.03
        7086 0.0009254138      1.50798 -0.0004562811     19262.26
        7088  0.001559094     1.504116 -0.0007332818     19272.97
        7090  0.002100697     1.504302  -0.00113616     19281.32
        7092  0.002769193     1.500013 -0.0009788923     19288.13
        7094  0.003374029     1.498891  -0.00146844     19295.17
        7096  0.003993383     1.496284 -0.0006897587     19299.21
        7098    0.0048491     1.492555 -0.001086466     19309.04
        7100  0.005934239     1.494495 -0.001525637      19321.2
      7100.2  0.006005528     1.494095 -0.001474195     19321.95
      7100.4  0.006076817     1.493696 -0.001422753      19322.7
      7100.6  0.006148106     1.493297 -0.001371311     19323.45
      7100.8  0.006219395     1.492897 -0.001319869      19324.2
        7101  0.006290684     1.492498 -0.001268427     19324.95
      7101.2  0.006361973     1.492099 -0.001216985      19325.7
      7101.4  0.006433263     1.491699 -0.001165543     19326.45
      7101.6  0.006504552       1.4913 -0.001114101      19327.2
      7101.8  0.006623309     1.490638 -0.001093899     19328.08
        7102  0.007292041     1.487011 -0.001357182     19330.28
      7102.2  0.007354764     1.487843 0.0003078196     19329.45
      7102.4  0.007312649     1.491144  0.008164907      19328.6
      7102.6  0.007206235     1.490885  0.006936841      19327.2
      7102.8  0.007297495     1.493543  0.001404501     19325.71
        7103   0.00753243     1.493392 -0.002596935      19326.3
      7103.2   0.00809963     1.492267 -0.008062423     19329.71
      7103.4  0.008273332     1.488807 -0.005860205     19331.54
      7103.6  0.008308403     1.487093  0.001635148     19331.28
      7103.8  0.008777386     1.488704   0.00506046     19335.65
        7104  0.008722162     1.493575   0.01017908        19337
      7104.2  0.008619733     1.492855   0.01009142     19338.12
      7104.4    0.0088677     1.495236 0.0005492837     19336.68
      7104.6  0.009100193     1.496777  0.001765122     19336.82
      7104.8  0.009347878     1.494015  0.001273406      19337.9
        7105  0.009622602     1.494268 -0.003824126     19339.28
      7105.2   0.01003008     1.496255 -0.005626475     19341.84
      7105.4  0.009979277     1.493718 -0.003312872     19340.88
      7105.6   0.01024615     1.489514 -0.007689463     19343.69
      7105.8   0.01065088     1.491617 0.0003909672     19344.42
        7106   0.01108473     1.490103  0.006500084     19341.65
      7106.2   0.01155332     1.494031  0.002402501      19341.9
      7106.4    0.0120769     1.494714  0.003354704     19343.93
      7106.6   0.01209048     1.493539  -0.00254933     19343.77
      7106.8   0.01237111     1.492787 -0.002636168      19344.7
        7107   0.01280433     1.491991  0.005322931     19346.43
      7107.2   0.01322424     1.492605  0.009279873     19347.28
      7107.4   0.01371762     1.497798   0.01307951     19348.24
      7107.6   0.01409613     1.500211   0.01537241     19346.73
      7107.8   0.01447691     1.502455  0.007544536     19348.02
        7108   0.01514448     1.504903  0.008374362     19352.67
      7108.2   0.01572375     1.503833   0.01221193     19354.22
      7108.4   0.01614477      1.50691  0.009417209     19355.28
      7108.6   0.01659815     1.512224  0.005381028     19355.62
      7108.8   0.01732241     1.512436 0.0003305956      19353.4
        7109   0.01831962     1.508138  0.002247602     19352.66
      7109.2   0.01930264     1.507175   0.01180972     19354.02
      7109.4   0.02021028     1.514022   0.02345986     19353.21
      7109.6   0.02138721     1.521884   0.02968769     19352.01
      7109.8   0.02268388     1.526906   0.02792387     19352.84
        7110   0.02396247     1.530925   0.03054829     19352.92
      7110.2   0.02555241     1.536362   0.03793347     19351.22
      7110.4   0.02718768     1.546323   0.04884611     19347.18
      7110.6   0.02975986     1.557253   0.06941854     19346.54
      7110.8   0.03343973     1.570002   0.08686581     19348.71
        7111   0.03772878     1.591896    0.1042021     19349.77
      7111.2   0.04284634     1.615815     0.117896     19351.86
      7111.4   0.04887131     1.640614    0.1271521     19350.02
      7111.6   0.05602228     1.664319    0.1354875     19346.16
      7111.8   0.06429605     1.693618    0.1438914     19342.81
        7112   0.07334727     1.724205    0.1558255     19342.78
      7112.2   0.08273028     1.755727    0.1691353     19341.97
      7112.4   0.09202797     1.788979    0.1614843      19338.8
      7112.6     0.100971     1.828926    0.1465174      19337.1
      7112.8    0.1096071     1.853393    0.1318367     19335.82
        7113    0.1174437     1.872941    0.1039679     19334.75
      7113.2    0.1247225     1.894449   0.09851105     19335.18
      7113.4     0.131415     1.912101   0.09325304     19332.37
      7113.6     0.137106     1.932202   0.08570586     19329.79
      7113.8    0.1423213     1.947544    0.0791934     19330.72
        7114    0.1476929     1.963013   0.07106401     19333.88
      7114.2    0.1526618     1.975455   0.06825957     19333.04
      7114.4    0.1570195     1.989053   0.06114825      19334.1
      7114.6    0.1606632     2.002152     0.048367     19336.74
      7114.8    0.1634295     2.011932   0.04360271     19334.69
        7115    0.1662013     2.014149   0.03848518      19337.8
      7115.2    0.1684826     2.023935   0.03456481     19336.95
      7115.4      0.17051      2.03294   0.04305628      19336.6
      7115.6     0.172833     2.039584   0.04011462      19337.2
      7115.8    0.1756156     2.048594   0.03265628     19336.06
        7116    0.1789324     2.056027   0.02840294     19336.65
      7116.2    0.1827969     2.059065   0.02394313      19337.7
      7116.4    0.1876668     2.062306   0.03101103      19336.4
      7116.6    0.1934268     2.067748   0.03010523     19335.59
      7116.8    0.2002021     2.080836   0.02721285     19335.51
        7117    0.2075793     2.083149   0.03556953     19335.76
      7117.2    0.2160298     2.084076   0.03334019     19337.23
      7117.4     0.225254     2.096204   0.05216974     19338.15
      7117.6    0.2356473     2.107508   0.06446982     19339.81
      7117.8    0.2478307     2.124885   0.06486201      19339.7
        7118    0.2611406     2.135652   0.07514172     19340.36
      7118.2    0.2753021     2.148094    0.0753248     19342.81
      7118.4    0.2906953     2.167621   0.08464376     19341.51
      7118.6    0.3076816     2.185145   0.08527297     19337.34
      7118.8    0.3263831     2.203367   0.08889056     19335.04
        7119    0.3461563     2.216312    0.1153293     19335.88
      7119.2    0.3672661     2.238734    0.1309908     19336.03
      7119.4    0.3902367     2.277408    0.1501155     19335.78
      7119.6    0.4143944      2.30816    0.1588617     19336.75
      7119.8    0.4385725     2.336404    0.1329665     19336.01
        7120    0.4622737     2.365823    0.1248733     19336.31
      7120.2    0.4861954     2.383781    0.1254261     19338.76
      7120.4    0.5090246     2.408059    0.1381812     19338.54
      7120.6      0.53014     2.436745    0.1506923     19337.22
      7120.8    0.5499814     2.476368    0.1418452     19338.62
        7121    0.5681522     2.504335     0.149805     19338.43
      7121.2    0.5848729     2.521535     0.143286     19338.28
      7121.4    0.6002516     2.556589    0.1104908     19338.44
      7121.6    0.6151045     2.590997    0.1159129     19337.48
      7121.8    0.6295495     2.592728    0.1059087      19335.1
        7122    0.6438689     2.614265   0.04225912     19334.21
      7122.2    0.6592159     2.641316   0.04458629     19334.69
      7122.4    0.6750321     2.624804   0.06739234     19336.51
      7122.6    0.6910258     2.628397   0.06158926     19337.09
      7122.8    0.7077002     2.668179   0.09182833     19337.89
        7123    0.7243763     2.690588   0.09602949     19336.04
      7123.2    0.7417412     2.698267   0.07279854     19334.27
      7123.4     0.759524      2.70522   0.04345004     19331.78
      7123.6    0.7768171     2.726418   0.04866892     19326.76
      7123.8    0.7947812     2.725348   0.03822475     19326.67
        7124    0.8138287     2.737202   0.09404701      19326.2
      7124.2    0.8325891       2.7358    0.1215435     19330.77
      7124.4    0.8501315     2.801655    0.1003829     19334.32
      7124.6     0.867036     2.822582    0.1133846        19334
      7124.8    0.8834328     2.817508   0.02067637     19331.18
        7125    0.8979051     2.826508  -0.02103456     19326.95
      7125.2    0.9121691     2.818196   0.01863598     19326.94
      7125.4    0.9260654     2.805755   0.02091366     19329.35
      7125.6    0.9383913     2.832417   0.07328716     19327.62
      7125.8    0.9506787     2.843239    0.1292297     19326.23
        7126     0.963237     2.876826   0.09366231     19325.64
      7126.2    0.9751188     2.909139   0.07585949     19326.49
      7126.4     0.986239     2.907347   0.03607446     19324.11
      7126.6    0.9977246     2.903926  -0.01813322      19322.3
      7126.8     1.009976     2.905686  -0.01689636     19323.76
        7127     1.022435     2.894632  -0.01992056     19325.96
      7127.2      1.03491      2.89383  -0.02806619     19325.07
      7127.4     1.047989      2.88799  0.007171976     19323.02
      7127.6     1.061321     2.883233   0.05952746     19319.65
      7127.8     1.075188      2.90037    0.1618448     19318.05
        7128     1.090062     2.941452    0.1789326     19319.73
      7128.2      1.10509     3.017466    0.1018872     19318.39
      7128.4     1.119896     3.026379   0.07619086     19317.68
      7128.6     1.133431     2.981879   0.04607919     19318.25
      7128.8      1.14655     3.002404   0.05031438     19318.36
        7129       1.1601     3.054329   0.07770879     19319.49
      7129.2     1.171284      3.06663   0.08957489     19318.89
      7129.4     1.180628     3.044046 0.0001798815     19316.53
      7129.6      1.18911     3.074064   0.02330312     19317.26
      7129.8     1.196228     3.054473   0.03684225     19316.38
        7130     1.203067     3.085273  -0.04833882     19318.18
      7130.2     1.208049      3.07352  -0.01301973     19315.48
      7130.4     1.210657     3.035393  -0.07259943      19313.5
      7130.6     1.211975     3.044057 -0.002863556     19311.16
      7130.8       1.2126     3.027193    0.1399754     19309.22
        7131     1.213392     3.071229    0.2076893     19307.64
      7131.2     1.214196     3.147373    0.2601972      19306.6
      7131.4     1.214512     3.210209    0.1427776     19307.75
      7131.6     1.214607     3.235351   -0.0303308     19306.86
      7131.8     1.214915     3.185451   -0.0980511     19307.57
        7132     1.214533     3.123109   -0.1339844     19303.93
      7132.2     1.214055     3.131768  -0.09537621     19304.39
      7132.4     1.213289     3.128164  -0.01072503     19302.39
      7132.6     1.211705      3.10915  -0.05878126     19298.49
      7132.8     1.210155     3.114529   -0.1358526      19299.5
        7133     1.207336     3.084743   -0.1315857     19300.61
      7133.2     1.204251     3.019482   -0.1562314     19301.64
      7133.4     1.200378     3.003882   -0.1145968     19303.82
      7133.6     1.195684     2.989544   -0.0204988     19305.13
      7133.8       1.1898     2.993065   0.01007279     19305.39
        7134      1.18387     3.003082  -0.01049587     19303.84
      7134.2      1.17805      3.01194  -0.02855361     19304.34
      7134.4     1.171116     2.981147  -0.05438737      19306.5
      7134.6     1.163307     2.970222  -0.05903473     19308.57
      7134.8     1.155823     2.959573  -0.01927156     19309.58
        7135     1.148227     2.964712  -0.03738806     19310.27
      7135.2     1.141318      2.96573  -0.06355658      19312.3
      7135.4     1.134615     2.940312  -0.04607999     19312.68
      7135.6     1.127261     2.908727 -0.007982364     19312.74
      7135.8      1.12056     2.927848  -0.01416643     19313.51
        7136     1.114475     2.959344   0.01245754     19315.31
      7136.2     1.108512     2.928979  -0.03069834     19317.62
      7136.4     1.102739     2.918693   -0.1078932     19316.07
      7136.6     1.096883      2.90329  -0.07009298     19315.85
      7136.8     1.091243     2.873029  -0.00324114     19313.92
        7137     1.086312     2.872904  -0.01390627     19303.74
      7137.2     1.081714       2.9161  -0.01872048     19288.55
      7137.4     1.077823     2.892165   0.03647662     19262.87
      7137.6     1.073989     2.858053   0.01388794     19229.64
      7137.8     1.070201     2.902086   0.02085627     19191.61
        7138     1.066642     2.927211   0.06654875     19150.05
      7138.2     1.063649      2.90885   0.02406161     19116.07
      7138.4     1.060574     2.911292  -0.01367235     19094.56
      7138.6     1.058042     2.921335    0.0178196     19086.83
      7138.8     1.054564     2.916273   0.04764342     19091.03
        7139     1.051673     2.923105   0.02847141     19107.46
      7139.2     1.049934     2.949407   0.02781324     19129.74
      7139.4     1.047996     2.944112   0.04782702     19157.52
      7139.6     1.045816     2.938523   0.02150918     19186.03
      7139.8     1.044544     2.961367   0.02981092     19215.65
        7140     1.043456     2.966614   0.05069569     19243.03
      7140.2      1.04259     2.967961   0.02970705     19267.12
      7140.4     1.041577      2.97908  -0.03373703        19289
      7140.6     1.041389     2.985133  -0.04542143        19303
      7140.8     1.041528     2.939624 -0.002151464     19311.65
        7141     1.040891     2.931624   -0.0243632     19315.91
      7141.2     1.039515     2.977359   0.01894828     19314.84
      7141.4     1.038395     2.965642   0.05412557      19311.4
      7141.6     1.037538     2.954783 -0.009489475     19300.88
      7141.8     1.036747     2.974924  -0.02325543      19281.9
        7142     1.036016     2.969767  0.006773884     19254.81
      7142.2      1.03521     2.947038  -0.01463624     19217.01
      7142.4     1.034231     2.960202  -0.03090672     19175.12
      7142.6     1.032672     2.963215  -0.01617671     19136.91
      7142.8     1.031215     2.945042  -0.01245664     19101.59
        7143     1.030382     2.934096 -0.0008943052      19080.2
      7143.2     1.029478     2.950237  0.001778274     19075.84
      7143.4     1.028603       2.9625    0.0290138     19085.95
      7143.6     1.028024     2.946465 -0.003592732      19112.8
      7143.8     1.027479     2.957307  0.002816482     19148.14
        7144     1.026797     2.947363   0.04039766      19192.1
      7144.2     1.026115     2.964753   -0.0352988     19233.72
      7144.4     1.025393     2.978783  -0.01357904     19266.78
      7144.6     1.024123     2.929068  0.007926207     19293.35
      7144.8     1.022725     2.936499  -0.02852437     19311.57
        7145     1.021893     2.971094   0.03289338     19323.37
      7145.2     1.020591     2.955963    0.0471579     19330.77
      7145.4     1.018829     2.955383  0.004871958     19332.29
      7145.6     1.017351     2.974226  -0.03635944     19335.63
      7145.8     1.015897     2.974992  -0.02135421     19340.34
        7146     1.014835     2.926876  -0.03284408      19341.9
      7146.2     1.013334       2.9383  -0.01613612     19343.96
      7146.4     1.011526      2.94795   0.04933315     19346.65
      7146.6      1.00896     2.962083   0.04918778     19350.25
      7146.8      1.00654     2.966342   0.07653247     19354.74
        7147     1.004388      2.97765   0.04058311     19357.57
      7147.2     1.001693     3.009176   0.01115681     19356.74
      7147.4    0.9993758     2.994549   0.03148919     19359.88
      7147.6    0.9964614     2.975268   0.00588077      19360.7
      7147.8    0.9936556     3.002841   0.06345137     19363.52
        7148    0.9908963     3.013881   0.04972412     19367.09
      7148.2    0.9875132      3.04531  0.009235861     19370.19
      7148.4    0.9842638     3.015047 -0.007122663     19370.47
      7148.6    0.9816963      3.01023  -0.04199354     19371.99
      7148.8    0.9784623     3.008183   0.04279597     19372.48
        7149    0.9750386     3.011715   0.03824069     19373.02
      7149.2    0.9718471     3.049284  0.006963146     19375.72
      7149.4    0.9687914     3.040823   0.00752071     19378.24
      7149.6    0.9658518     3.013753  -0.02247692     19377.85
      7149.8    0.9626492     3.017732   0.01484712     19376.08
        7150    0.9597641     3.031302   0.05325857     19376.54
      7150.2    0.9570043       3.0527   0.02796935     19376.18
      7150.4    0.9543686      3.05636   0.03776357     19377.91
      7150.6    0.9518789     3.040107    0.0346173     19383.21
      7150.8    0.9488583     3.061513   0.04055959     19385.35
        7151    0.9464549     3.080394   0.06480461     19386.62
      7151.2    0.9440171     3.088808  -0.01758836     19386.58
      7151.4     0.941866     3.091951  0.004857268     19386.21
      7151.6    0.9403086     3.047442   0.04573542     19387.57
      7151.8    0.9387375      3.08428  0.007132667     19390.37
        7152    0.9377863     3.125396   0.04993809     19388.37
      7152.2    0.9372223     3.097657   0.06352866     19393.27
      7152.4    0.9360308     3.087393  -0.02051217     19392.93
      7152.6    0.9352781     3.135103   0.02794428     19394.02
      7152.8    0.9339082     3.108987   0.05321978     19396.78
        7153    0.9331098     3.120013  -0.03249643     19397.39
      7153.2    0.9323458     3.129969  0.002886203     19399.25
      7153.4     0.932129     3.109106  -0.04649012     19398.58
      7153.6    0.9316908     3.111295  -0.06178297     19399.02
      7153.8    0.9316151     3.082821  -0.02214632     19399.84
        7154    0.9317193     3.080542  -0.04746638     19399.41
      7154.2    0.9321088     3.091389  -0.01392838     19398.73
      7154.4    0.9327767     3.073322  -0.01065336     19402.29
      7154.6    0.9335292     3.071678   -0.0274975     19403.19
      7154.8    0.9340341      3.07202   0.01135434     19401.87
        7155    0.9348224     3.069391    0.0223936     19402.67
      7155.2    0.9357675     3.082406    0.0167496      19403.2
      7155.4     0.936713     3.089593 -0.002487096     19403.06
      7155.6    0.9375582     3.085419  -0.04078357     19404.01
      7155.8    0.9387366     3.067401  -0.04784784     19406.81
        7156    0.9399302     3.049779  0.009553947     19410.02
      7156.2    0.9407939     3.051314   0.07072863     19410.51
      7156.4    0.9418934     3.093062   0.07812234     19409.98
      7156.6    0.9429544     3.123984   0.09261083     19410.29
      7156.8    0.9444235     3.112277   0.03063519     19411.85
        7157    0.9459935     3.125403  -0.02854252      19413.2
      7157.2    0.9467993     3.117571  -0.03803152     19412.54
      7157.4    0.9478952      3.10115  -0.04503966      19415.5
      7157.6    0.9488839     3.081852  -0.02045819     19415.94
      7157.8    0.9503427     3.089371  -0.04758134     19415.43
        7158    0.9514512     3.101204   -0.0655542     19418.38
      7158.2    0.9520904     3.063085  -0.07305602     19417.39
      7158.4    0.9531255     3.029408   -0.1093728     19418.55
      7158.6    0.9543052     3.030927   -0.0571406     19417.01
      7158.8    0.9549096     3.013706   -0.0159273     19415.91
        7159    0.9560477     3.017372  0.004520706     19416.56
      7159.2    0.9568484     3.016666   0.05265757     19416.01
      7159.4    0.9578713     3.034543   0.09173286     19417.42
      7159.6    0.9591559     3.055832   0.09415965     19418.84
      7159.8    0.9600329     3.090759   0.02836915     19419.97
        7160       0.9606     3.091994   0.02637838     19422.76
      7160.2    0.9613473     3.057238  -0.03036769     19421.85
      7160.4    0.9620426     3.076934  -0.01803097     19422.23
      7160.6    0.9626168     3.066464  0.008802624     19424.77
      7160.8    0.9634149     3.077569   0.02750567     19425.43
        7161    0.9636696     3.064281   0.02327485     19424.69
      7161.2    0.9641905     3.098939 -0.002235537     19423.96
      7161.4    0.9649155     3.085084  0.006431169     19424.17
      7161.6    0.9653553     3.075781  -0.03375734     19424.88
      7161.8    0.9657945     3.069426 -0.002042819     19426.92
        7162    0.9663875     3.071933 -0.009370588     19428.05
      7162.2    0.9669804      3.08345   0.01724107     19430.02
      7162.4    0.9676431     3.068285 -0.009790073     19432.33
      7162.6    0.9686925     3.083218  -0.04816492     19432.92
      7162.8    0.9696735     3.064101  -0.03646068     19433.41
        7163    0.9699939     3.044918  -0.06601072     19430.62
      7163.2    0.9699318     3.039116  -0.07598289     19428.63
      7163.4    0.9703468      3.03041  -0.03675335     19428.31
      7163.6     0.971247     3.003315  -0.01968161     19428.22
      7163.8    0.9719474     3.015515  -0.03060421     19428.15
        7164    0.9724972     3.023371   0.01063652     19430.31
      7164.2    0.9727832     3.005926     0.028581     19432.13
      7164.4    0.9729538     3.011824      0.00322     19432.84
      7164.6    0.9726627      3.03838   0.05564944     19431.12
      7164.8    0.9730763     3.025947   0.06505161     19433.23
        7165    0.9737564     3.050446   0.01214213     19434.12
      7165.2     0.974958     3.063865   0.04366539     19434.81
      7165.4    0.9762024     3.048094  -0.02943226     19436.63
      7165.6    0.9763799     3.060879 -0.009196997     19438.06
      7165.8    0.9770702       3.0269  0.005704671     19437.68
        7166    0.9779867     3.056508  -0.02931873     19440.12
      7166.2    0.9787021     3.052658   0.01844742     19438.84
      7166.4    0.9791768     3.037424 -0.008249337     19436.48
      7166.6     0.979519     3.041658  -0.01650322     19436.68
      7166.8    0.9799909     3.049908  -0.04541925      19435.3
        7167    0.9812086     3.039455  -0.07160739     19435.23
      7167.2    0.9823553     3.001089  -0.05732254     19437.89
      7167.4    0.9833221     2.984372  -0.03841416     19439.86
      7167.6    0.9843423      3.00405  -0.02145348     19441.49
      7167.8    0.9848243     3.008724  -0.01123407     19440.12
        7168    0.9851755     2.983926  -0.01939316     19439.17
      7168.2    0.9855416     2.975385 -0.007086264     19441.27
      7168.4    0.9863698     2.988536   0.03416299     19440.61
      7168.6     0.987674     3.003055   0.02881463     19441.19
      7168.8    0.9882242     3.011256    0.0150483     19443.13
        7169    0.9889707     2.998437   0.03651541     19442.48
      7169.2    0.9897726     3.000574   0.05527773     19442.35
      7169.4    0.9903284     3.032267   0.03655942     19441.86
      7169.6    0.9908287     3.055478   0.08155503     19444.46
      7169.8    0.9915284     3.027684   0.02297345      19443.5
        7170    0.9925324     3.065818 -0.004820495     19442.59
      7170.2    0.9934228     3.050646   0.01922689     19448.49
      7170.4    0.9941115     3.051622  -0.05537883     19447.71
      7170.6    0.9951817     3.043066  -0.04868379     19448.16
      7170.8    0.9954778     3.021515  -0.05670858     19448.25
        7171    0.9962788     3.011699  -0.05693143     19448.83
      7171.2    0.9969286     3.006255  -0.06524426     19450.03
      7171.4    0.9971473     2.997521  -0.03140411     19451.57
      7171.6    0.9981743      2.96932   0.06118011     19451.85
      7171.8    0.9991306     2.986575   0.06286675      19451.6
        7172    0.9999631     3.055199   -0.0211259     19451.25
      7172.2     1.000879     3.047814  -0.07032218     19450.03
      7172.4     1.001022     2.952419   -0.1432629     19450.08
      7172.6     1.001497     2.930318   -0.1643105     19452.82
      7172.8     1.002466     2.940589  -0.03728318     19458.07
        7173     1.002704     2.916366   0.02812768     19459.14
      7173.2     1.003319     2.922593 0.0003493003     19459.76
      7173.4     1.003914      2.95282   0.02355016     19462.44
      7173.6     1.004186     2.940868    0.0582413     19461.88
      7173.8     1.005072     2.935206   0.03437574     19462.71
        7174     1.005795     2.969186   0.06349944     19464.62
      7174.2     1.006182      2.98032   0.08911546     19462.44
      7174.4     1.006145     2.991668   0.01757464     19460.73
      7174.6     1.006194     3.006498  -0.03535447     19461.73
      7174.8      1.00632     2.983245  -0.08074825     19461.74
        7175      1.00662     2.952037   -0.1258194        19461
      7175.2     1.006946     2.927069    -0.109752     19461.88
      7175.4     1.007461     2.905843  -0.07597895     19464.15
      7175.6     1.008247     2.895444   -0.0183129     19465.69
      7175.8     1.008685     2.891254   0.01538607     19465.94
        7176     1.008705     2.912419  -0.02139436     19465.95
      7176.2     1.009391     2.918151   0.00626099     19467.73
      7176.4     1.009416     2.878328  -0.02060635     19468.62
      7176.6     1.009107     2.896263  -0.01035244     19466.73
      7176.8     1.009371     2.895934   0.06078301     19468.35
        7177     1.009533     2.909869   0.07729575     19470.02
      7177.2     1.009514     2.926955   0.04646584      19470.1
      7177.4     1.009469     2.958099   -0.0341612     19471.17
      7177.6     1.009905     2.933107  -0.09736505     19471.69
      7177.8     1.009678      2.88254   -0.1397068     19471.66
        7178     1.009268     2.849063   -0.1123038     19473.43
      7178.2     1.008671     2.846334  -0.02835902     19475.21
      7178.4     1.008403     2.843264   0.05473548     19475.34
      7178.6     1.008457     2.859853   0.04084696     19474.76
      7178.8     1.008517     2.892851   0.03106558     19476.13
        7179     1.008765     2.879011   0.03003718     19477.56
      7179.2     1.008447     2.868116  -0.03572389     19477.72
      7179.4     1.008398     2.883883   -0.0338936     19478.37
      7179.6     1.008678     2.864272   0.03628238     19479.24
      7179.8     1.008314     2.851896   0.01770459     19481.81
        7180     1.008244     2.897142   0.04892717     19481.67
      7180.2     1.008346     2.898047  -0.02997252     19482.97
      7180.4     1.008631     2.903414   -0.1224801     19482.57
      7180.6     1.008894     2.827918  -0.07769327     19480.84
      7180.8      1.00895     2.799158  -0.08588048     19483.09
        7181     1.008571     2.835892  -0.01074414     19482.66
      7181.2     1.008457     2.834709   0.07849478     19483.55
      7181.4     1.008521     2.819323   0.02540289     19486.32
      7181.6     1.009119     2.861954    0.0391191     19488.21
      7181.8     1.009786     2.856214   0.09131087     19488.33
        7182     1.010015     2.866004    0.1029823     19489.36
      7182.2      1.00985     2.892372    0.0673526     19487.12
      7182.4     1.010238      2.94434 -0.0004980496     19486.61
      7182.6     1.010493     2.910096  -0.03549734      19487.6
      7182.8     1.010297     2.865606   -0.1017053     19490.01
        7183     1.009986     2.863974  -0.07552749     19489.33
      7183.2     1.009842     2.862975  -0.01176056     19488.17
      7183.4     1.009945     2.849674  0.006386153     19488.18
      7183.6     1.010161     2.856198  0.006262854     19491.22
      7183.8     1.010338     2.869083   0.01597764     19492.18
        7184     1.010723     2.867986  0.006752675     19492.69
      7184.2     1.011145     2.862457   0.01287105     19493.97
      7184.4     1.011762       2.8616  0.006420817     19491.38
      7184.6     1.012373      2.87938  -0.01248516     19493.51
      7184.8     1.011869     2.873122  -0.02515861     19496.03
        7185     1.011775     2.852468  -0.07047188     19498.86
      7185.2     1.012405     2.841473  -0.07940882     19499.94
      7185.4     1.013224     2.823002  -0.04409634     19503.11
      7185.6     1.012943     2.809595  -0.02637576        19501
      7185.8     1.012981     2.817191 -6.137258e-05     19500.64
        7186     1.013076     2.820372   0.04645541     19501.54
      7186.2     1.012659     2.822953   0.05679961     19500.32
      7186.4     1.012877      2.84676   0.06239622     19501.25
      7186.6     1.012677     2.862631   0.07391424     19502.49
      7186.8     1.012999     2.870289   0.06042048      19502.9
        7187     1.013717     2.882084   0.03456755     19504.73
      7187.2     1.013781     2.895096   0.05270863     19507.45
      7187.4     1.013802     2.890285   0.03555082     19510.21
      7187.6     1.014119     2.912456   0.01096934     19509.47
      7187.8     1.014183     2.910525   0.02071082     19509.25
        7188     1.014003     2.903871   0.02998402     19508.92
      7188.2     1.014004     2.906854    0.0568373     19508.07
      7188.4     1.014027     2.936443   0.07643361     19508.81
      7188.6     1.013785     2.955995   0.09314442     19510.66
      7188.8     1.013527     2.965018   0.01003611     19510.88
        7189     1.013731     2.981369  -0.04288496     19510.67
      7189.2     1.013969     2.944472  -0.02717716     19512.59
      7189.4     1.013743     2.921687  -0.04333717     19514.09
      7189.6     1.013676     2.943277  -0.00533525     19515.09
      7189.8      1.01376       2.9467   0.03430657     19515.53
        7190     1.013868     2.940204   0.01667491     19515.31
      7190.2     1.013959     2.949132  -0.02809069     19516.54
      7190.4     1.013846     2.956616   -0.0283217     19518.81
      7190.6      1.01417     2.924227  -0.02397086     19522.32
      7190.8     1.013679     2.917547 -0.009472405     19522.49
        7191     1.013645     2.929955   0.00671489     19523.41
      7191.2     1.013862     2.949039   0.03176078     19525.15
      7191.4     1.013562     2.929599 -0.001629216     19526.91
      7191.6     1.013391     2.942955   -0.0167325     19525.65
      7191.8     1.013853     2.928652   0.02474295     19527.66
        7192     1.013859     2.935653    0.0426831     19528.76
      7192.2     1.013495     2.949393    0.1089751     19528.23
      7192.4     1.013108     2.977102   0.08586158        19530
      7192.6      1.01347     3.015832   0.08541829     19534.31
      7192.8     1.013716     3.004342   0.07649665     19534.36
        7193     1.014092     3.017728   0.01366707     19534.89
      7193.2      1.01451     3.038299  -0.01953188     19537.21
      7193.4     1.014409     3.026766  -0.09254969     19536.93
      7193.6     1.014153     2.988716   -0.1116487     19536.57
      7193.8     1.013911     2.943688  -0.06360549     19537.12
        7194     1.013577      2.94898  -0.01341804     19536.61
      7194.2     1.013404     2.975881 0.0001488664     19534.83
      7194.4     1.014097     2.977982    0.0125223     19535.74
      7194.6     1.014848     2.943807   0.00252301     19539.69
      7194.8     1.015123     2.958998  0.007176092     19540.23
        7195     1.015234       2.9779   0.07242477     19541.01
      7195.2     1.014738     2.983723   0.01851058     19541.66
      7195.4     1.014564     3.001747    0.0280932     19541.78
      7195.6     1.014199     2.973806    0.0245763     19540.32
      7195.8     1.014743     3.000374   0.04304831     19543.17
        7196     1.015239     3.003384   0.04132207     19544.98
      7196.2     1.015092     3.036186  -0.03523373     19544.37
      7196.4     1.014938     3.006864  -0.07471344     19543.92
      7196.6     1.015105     2.972187   -0.1070232     19549.92
      7196.8     1.015033     2.943613  -0.03442944     19550.93
        7197     1.014949     2.950567  -0.02238256     19546.85
      7197.2     1.015307     2.979321 -0.007832731     19547.37
      7197.4     1.015913     2.954281  0.005422473     19548.79
      7197.6     1.016131     2.937347  -0.02583108     19548.92
      7197.8     1.016267     2.954905  0.003955841     19550.47
        7198     1.016253     2.958656   0.02702577     19552.08
      7198.2     1.016782     2.957446  0.009799066     19550.53
      7198.4     1.017292     2.958967   0.01392521     19549.55
      7198.6     1.017245     2.962744  0.009233546      19553.3
      7198.8     1.017484     2.969796 -0.006918142     19555.73
        7199     1.017204     2.964833   -0.0455751     19557.38
      7199.2     1.017837     2.953433  -0.07144256     19561.59
      7199.4        1.018     2.926284  -0.03265147     19562.01
      7199.6     1.018114     2.912642  -0.03432359     19563.73
      7199.8     1.018064     2.938712  -0.03926524     19564.74
        7200     1.018004     2.925974  -0.04354807     19562.75
      7200.2     1.017856     2.894872  -0.07128603     19560.93
      7200.4     1.017948     2.877803  -0.07317353     19563.93
      7200.6     1.017789     2.881683 -0.006276041     19565.31
      7200.8     1.017953     2.867435   0.00251842     19564.99
        7201     1.018406     2.889851   0.02639008     19567.61
      7201.2     1.018356     2.879818   0.05018395     19568.52
      7201.4     1.018138     2.902795   0.01081261     19569.08
      7201.6     1.018382     2.907582   0.02276305     19570.18
      7201.8     1.018593     2.898501  -0.00837695     19570.54
        7202     1.018306     2.898029  -0.04694072     19570.04
      7202.2     1.018348     2.896093  -0.03994133     19570.51
      7202.4     1.018808      2.87003 0.0005045083     19570.83
      7202.6     1.019207     2.866548  -0.01202486     19571.98
      7202.8     1.019249     2.898432 -0.004079583     19571.65
        7203     1.018985     2.886474   0.01866766     19571.25
      7203.2     1.019274     2.866766  -0.04977037     19574.95
      7203.4     1.019519     2.881482  -0.07910969     19575.62
      7203.6      1.01927     2.858616  -0.02738751     19577.66
      7203.8     1.019599     2.823186  -0.08500158     19580.87
        7204     1.019219     2.844856  -0.03964755     19578.47
      7204.2     1.019261     2.813481  -0.02012103     19578.94
      7204.4     1.019346     2.826898  -0.04350833     19582.64
      7204.6     1.019296     2.807089   0.01303682     19581.98
      7204.8     1.019111     2.810049  -0.01477529     19582.86
        7205     1.019602     2.823911  0.004275096     19582.07
      7205.2     1.019774     2.815078  0.001449904     19582.18
      7205.4     1.019734     2.810509  -0.01041739     19583.48
      7205.6     1.019912     2.811209   0.01990893     19583.75
      7205.8     1.019532     2.815577   0.01950887     19584.01
        7206     1.019337     2.831005  0.002936704     19583.35
      7206.2     1.019587     2.826116  0.009640181     19584.56
      7206.4     1.019852     2.813559 -0.0008175344     19588.18
      7206.6     1.020047     2.823289   0.01119885     19589.46
      7206.8     1.019852     2.830351   0.01997801     19588.92
        7207     1.019576     2.835075  -0.01218517     19590.14
      7207.2     1.019701     2.829541 -0.008414111     19590.19
      7207.4     1.019708     2.813541  -0.01698142     19590.53
      7207.6     1.019667     2.823619  -0.03239092     19592.59
      7207.8      1.01995      2.82149  -0.01353242     19590.06
        7208     1.020015     2.803628  -0.02869124     19587.73
      7208.2     1.020154     2.802715  -0.04322479     19587.89
      7208.4     1.020649     2.800666 -0.008263713     19591.01
      7208.6     1.021033      2.78691  -0.01240925     19595.95
      7208.8     1.020945     2.797017 -0.004335466     19596.08
        7209     1.020744     2.792787   0.00952974     19598.25
      7209.2     1.020278     2.797198 -0.008785847     19597.93
      7209.4     1.020438     2.794534 0.0003612582     19596.63
      7209.6     1.020103     2.789989  -0.01640413     19599.23
      7209.8     1.019527     2.793076   0.03768848     19598.74
        7210     1.019206     2.784075   0.04294656     19599.74
      7210.2     1.019427     2.824685   0.02764281     19601.74
      7210.4     1.019417     2.824346   0.04452032     19602.84
      7210.6      1.01983     2.815191 -0.008224143     19603.85
      7210.8     1.019523     2.819691   0.01764425        19603
        7211     1.018872     2.818106   0.05790584     19602.34
      7211.2     1.018622     2.838461   0.05386853     19602.44
      7211.4     1.018285     2.861515   0.06493614      19602.8
      7211.6     1.017987     2.862786   0.07167076     19603.23
      7211.8     1.017373     2.870054   0.05098613     19603.49
        7212     1.016958     2.895798   0.05219116     19606.05
      7212.2       1.0169     2.902304    0.0550187     19607.46
      7212.4      1.01675     2.904539  0.001623055     19608.38
      7212.6     1.016413     2.914069  0.002204068     19609.66
      7212.8     1.016336     2.897096   0.02719494     19610.19
        7213     1.016155     2.904067  0.004641069     19611.16
      7213.2     1.016139     2.926295   0.04160466     19612.92
      7213.4     1.016112     2.917782    0.0786809     19614.21
      7213.6     1.015938      2.93038   0.05520468     19612.59
      7213.8      1.01548     2.967012   0.06106503     19610.81
        7214     1.014905     2.970458   0.02176401      19613.5
      7214.2     1.014633     2.966634  0.002474856     19613.33
      7214.4      1.01421     2.947791   0.03153798     19613.54
      7214.6     1.014009     2.968992   0.05226405     19614.57
      7214.8     1.014038     2.995689    0.1047686     19615.86
        7215     1.013628     3.008445   0.07482036     19617.37
      7215.2     1.012891     3.031606   0.02484264     19617.84
      7215.4     1.012674     3.028848   0.02189437     19618.71
      7215.6     1.012402     3.015563  0.002535678     19618.72
      7215.8     1.011997     3.025961   0.01235715     19617.94
        7216     1.012347     3.033635   0.03981716     19619.63
      7216.2     1.012299     3.038734   0.02713214     19619.77
      7216.4      1.01182     3.047417   0.01767334     19617.39
      7216.6     1.011509     3.047667   0.02763075     19616.86
      7216.8     1.011329     3.047774  -0.01500357     19617.35
        7217     1.011036     3.060839  -0.03431048     19619.85
      7217.2     1.010875     3.035414 -0.0009109957     19618.39
      7217.4     1.010502     3.020218  -0.00947197     19619.82
      7217.6     1.010447     3.047045   0.06573148     19621.66
      7217.8     1.010063     3.053261     0.107044     19618.97
        7218     1.010142     3.087999    0.1000455     19621.73
      7218.2     1.010111     3.105854    0.0584252     19624.86
      7218.4     1.009673     3.127081    0.0222687     19625.03
      7218.6     1.009604     3.100001  0.005402141     19625.71
      7218.8     1.009635     3.105814  -0.04258347     19631.56
        7219     1.009072     3.110175   0.02383104     19630.35
      7219.2     1.008569     3.093014   0.04808917     19627.36
      7219.4     1.008409     3.119066   0.05099234     19629.11
      7219.6     1.008093     3.144285   0.06932865     19627.86
      7219.8     1.007849     3.150969 -0.002701734     19627.07
        7220     1.008083     3.148477  -0.03932127     19629.05
      7220.2     1.008218     3.116905  -0.01436145     19630.84
      7220.4      1.00764     3.112828  0.002918455     19630.79
      7220.6     1.007174      3.13948   0.02772111     19629.55
      7220.8     1.006661     3.150812  0.003100341     19631.93
        7221     1.006039     3.139082  -0.05394863     19630.92
      7221.2     1.006446     3.115309  -0.07047793     19633.97
      7221.4     1.006414     3.096321  0.002136122     19635.06
      7221.6       1.0065      3.09443   0.03070421     19637.29
      7221.8     1.006554     3.140791   0.07643097     19639.06
        7222     1.006297     3.139872   0.05984605     19640.01
      7222.2     1.005753     3.157466  -0.02778833      19638.9
      7222.4     1.005472     3.142306  -0.04278782     19638.93
      7222.6     1.005473      3.11856  -0.09912072     19641.34
      7222.8     1.005594     3.105642  -0.09523794     19643.02
        7223     1.005348     3.078169  -0.04694192     19644.48
      7223.2     1.004764     3.066116 -0.004406745     19644.62
      7223.4     1.004597     3.081006   0.05213169     19643.37
      7223.6     1.004249     3.102116   0.07364302     19641.76
      7223.8     1.003303     3.119875    0.0381559     19640.54
        7224     1.002875     3.125031  -0.02064055     19643.07
      7224.2     1.003125     3.111531  -0.05435896      19646.5
      7224.4     1.003606     3.085604  -0.06078503     19648.03
      7224.6     1.003676     3.076387   -0.0467493     19650.15
      7224.8     1.003209     3.076403  -0.01502718     19648.82
        7225     1.002585     3.074132 -0.005053042     19646.83
      7225.2     1.002431     3.073582   -0.0262955     19650.06
      7225.4     1.002616     3.072345  -0.07940423     19650.69
      7225.6     1.002386     3.055366  -0.09468528     19649.43
      7225.8     1.001867     3.010608  -0.07361693     19650.15
        7226     1.001606     2.997834  -0.06284851     19650.09
      7226.2     1.001776     3.013451 -0.002176225     19652.21
      7226.4      1.00158     3.005087   0.02059158     19656.26
      7226.6     1.001094     3.008867 -0.008703339     19654.82
      7226.8     1.000485     3.014307 -0.006571682     19654.67
        7227     1.000436     3.006489   -0.0335075     19657.59
      7227.2     1.000704      2.99983  -0.03997017      19657.9
      7227.4     1.000323     2.982061  -0.02237199     19656.75
      7227.6    0.9998564     2.982331  -0.04268853     19656.22
      7227.8    0.9997093     2.988591  -0.01758074     19656.59
        7228    0.9992379     2.965679  -0.04420956     19657.67
      7228.2    0.9986334     2.967997  -0.08188864     19659.44
      7228.4    0.9983328     2.946963  -0.02521974      19661.6
      7228.6    0.9980638      2.92308  -0.03944919     19662.03
      7228.8    0.9979369     2.945503  -0.03123424     19661.52
        7229    0.9980821     2.936437  -0.01378806     19662.92
      7229.2    0.9977135     2.921976  -0.03384175     19666.56
      7229.4    0.9976821      2.91205  -0.02899774     19664.51
      7229.6    0.9976728      2.91843  -0.07216277     19663.47
      7229.8    0.9975848     2.913239  -0.07479439     19665.31
        7230    0.9972892     2.864246  -0.05274466     19666.12
      7230.2    0.9971188     2.852214  -0.03179123     19666.25
      7230.4    0.9970995     2.876234   0.04464472     19666.81
      7230.6    0.9964601     2.887806   0.03429405      19667.6
      7230.8    0.9956053     2.899962  -0.02670942     19668.55
        7231     0.995418      2.87965  -0.03963783     19669.01
      7231.2    0.9957238     2.854867  -0.08095068      19670.4
      7231.4    0.9958593     2.856096  -0.07953196      19670.9
      7231.6     0.995525     2.835201  -0.05083346     19670.41
      7231.8    0.9947467     2.816024  -0.02195839      19672.8
        7232    0.9936276       2.8142   0.02281045     19672.93
      7232.2     0.992914     2.838529   0.04449325      19672.2
      7232.4    0.9928426     2.853449   0.03182177     19673.71
      7232.6    0.9926393     2.851619  -0.03069058     19673.86
      7232.8    0.9928101     2.839657  -0.06757015     19672.27
        7233    0.9927604     2.813977  -0.07887892     19671.92
      7233.2    0.9925974     2.799393  -0.07347358     19673.94
      7233.4    0.9921395     2.788515  -0.04647845     19675.97
      7233.6    0.9919688     2.780878  -0.04349434     19675.39
      7233.8    0.9914985     2.776794  -0.04517544        19677
        7234    0.9911391     2.764598  -0.04810354     19677.67
      7234.2    0.9910343     2.752375  -0.01679039     19675.64
      7234.4    0.9909213     2.742396   0.01697922      19673.8
      7234.6    0.9908885     2.763362 -0.009988273     19676.06
      7234.8     0.990569     2.778181 -0.0003145937     19678.62
        7235    0.9901842     2.744385 -0.001299734     19678.43
      7235.2    0.9902173     2.742144  -0.04534968     19681.17
      7235.4    0.9902291     2.762322  -0.01208954     19683.38
      7235.6    0.9904767     2.741901  -0.03756964      19683.5
      7235.8    0.9909855     2.734713  -0.05849362     19688.57
        7236    0.9908512     2.712088  -0.02664579     19688.36
      7236.2    0.9907424     2.715527  -0.01346425     19689.17
      7236.4    0.9907926     2.720585   0.00984481     19690.63
      7236.6    0.9908786     2.723941   0.01517169     19688.95
      7236.8    0.9908889     2.719964   0.03076919     19688.34
        7237    0.9908432     2.727664  0.007106596      19687.8
      7237.2    0.9911378       2.7452   0.02920103     19689.97
      7237.4    0.9909656     2.729627   0.02827335     19690.23
      7237.6    0.9908483     2.743325  0.008394541     19691.89
      7237.8    0.9904483     2.750283   0.03622076     19691.75
        7238    0.9904043     2.751916  -0.01254868     19692.56
      7238.2    0.9907578     2.758603  -0.05187374     19693.33
      7238.4    0.9910146     2.733286  -0.05035388     19691.63
      7238.6     0.991121     2.708784  -0.05117207      19691.3
      7238.8    0.9912717     2.711633  -0.01343192     19691.39
        7239    0.9913621     2.717666   0.01168799     19692.48
      7239.2    0.9911444      2.72254 -0.000448074     19695.48
      7239.4    0.9912755     2.718134  -0.01411775     19694.82
      7239.6     0.991323     2.711274  -0.00661889      19695.1
      7239.8    0.9914162     2.706372  0.006212561     19697.78
        7240    0.9914163     2.717245   0.01912121     19699.52
      7240.2    0.9916328     2.723104  0.001500816     19699.15
      7240.4    0.9913737     2.726571  -0.01717789     19701.74
      7240.6    0.9914499     2.707572  -0.03103463     19700.86
      7240.8    0.9913095     2.703503   -0.0332788     19701.15
        7241    0.9915135     2.698277 0.0004585778      19703.1
      7241.2    0.9917815     2.699948   0.01300253     19703.57
      7241.4    0.9918555     2.707939   0.02969227      19702.8
      7241.6     0.992053     2.713905   0.03432127     19703.96
      7241.8    0.9922869     2.722031   0.01971918     19706.23
        7242    0.9926233     2.727405    0.0116073     19707.14
      7242.2     0.992925     2.723714   0.01208384     19707.12
      7242.4    0.9933199     2.723191   0.02192322     19706.92
      7242.6    0.9937305     2.731698   0.03592622     19706.95
      7242.8    0.9936112     2.744944   0.01642773     19707.61
        7243    0.9937445     2.752455 -0.0002292333     19708.34
      7243.2    0.9939934     2.736333  -0.02583063     19709.94
      7243.4    0.9942648     2.731514  -0.03829524      19711.6
      7243.6    0.9944402     2.724279   0.03214846      19710.8
      7243.8    0.9945975     2.721819   0.04435493     19710.97
        7244    0.9944439     2.762052   0.02735188     19710.43
      7244.2     0.994812     2.766998   0.02329489     19711.93
      7244.4    0.9949816     2.746161  -0.02482211     19711.39
      7244.6    0.9955265     2.740455  -0.02706824     19712.67
      7244.8    0.9956483     2.742194  0.006836398      19714.2
        7245     0.995719     2.745344     0.019236     19712.61
      7245.2    0.9959573      2.75163   0.02972241     19714.49
      7245.4    0.9961866     2.755844   0.03793929     19717.13
      7245.6    0.9963394     2.765972   0.01243893     19718.75
      7245.8    0.9964651     2.775695  0.001994904     19721.69
        7246    0.9966638     2.761581   0.01237749     19721.78
      7246.2    0.9967731      2.75744   -0.0289221     19721.63
      7246.4    0.9967907     2.775874  -0.04617618     19723.17
      7246.6    0.9968871     2.752557  -0.04828516     19720.67
      7246.8    0.9973792      2.72464  -0.07362836     19720.56
        7247    0.9976239     2.718812   0.01379713     19724.35
      7247.2    0.9977765     2.716971   0.09675389     19724.91
      7247.4    0.9980588     2.763595    0.1074287     19725.11
      7247.6    0.9984371     2.802043    0.1164718     19724.38
      7247.8    0.9988335     2.804755   0.07312627     19724.57
        7248    0.9984978     2.810149 1.125449e-05     19724.44
      7248.2    0.9984752     2.822096 -0.006890384     19727.85
      7248.4    0.9988624     2.802052  -0.01913741     19730.24
      7248.6     0.999264     2.799242  -0.05242299     19731.45
      7248.8    0.9997266     2.794839 -9.159061e-05     19731.86
        7249     1.000003     2.780158   0.03067813     19730.78
      7249.2     1.000306     2.801979   0.02095653     19732.78
      7249.4     1.000522     2.823785   0.03368639     19735.92
      7249.6     1.000812     2.811604 -0.004356666     19735.38
      7249.8     1.001367     2.807107  -0.06196058     19735.44
        7250      1.00125     2.798494  -0.03608194     19737.13
        7252      1.00267     2.748729 -0.006500748     19740.51
        7254      1.00534     2.781022  -0.00734414     19749.27
        7256     1.007852     2.776971  0.004407834     19755.62
        7258     1.010723     2.732749 -0.003532014     19766.65
        7260     1.011931     2.783992 0.0005726791     19768.23
        7262     1.015113     2.752766  0.009207451     19776.56
        7264     1.016846     2.781553 -0.002123171     19787.41
        7266     1.017204     2.806409  0.006266078     19791.07
        7268     1.018633     2.767007   0.01137612     19797.36
        7270     1.019182     2.802895  0.003511643     19803.18
        7272     1.018885     2.872562  0.008023968     19811.02
        7274     1.018199     2.834502  0.008703065     19816.18
        7276     1.018343     2.831198 -0.004524925     19822.19
        7278     1.016927      2.87252  0.008681417     19826.11
        7280     1.015656     2.836362   0.00614549     19836.41
        7282     1.014449     2.903953 -0.002917833     19840.76
        7284     1.013476     2.880362  0.006359138     19848.39
        7286     1.011407     2.849177 -0.001558364     19854.72
        7288     1.010439     2.887235 -0.004294313     19862.52
        7290       1.0086     2.891486   0.00127122     19867.91
        7292       1.0063     2.846008   -0.0105756     19875.94
        7294     1.004941     2.859347  -0.01471412     19880.41
        7296     1.005028     2.802631  -0.01241391     19891.13
        7298     1.004676     2.773773  -0.01831652     19894.88
        7300     1.003542     2.746697  -0.01337096     19900.62
        7302     1.003496     2.712814  -0.01304884     19907.14
        7304     1.003583     2.695663   -0.0113755     19913.02
        7306     1.003121     2.669382 -0.008666063     19924.23
        7308     1.002843     2.655693 -0.005269812     19927.79
        7310     1.002522     2.643486 -0.0003005911      19938.9
        7312     1.002305     2.653504 -0.001298305     19943.04
        7314     1.002581     2.666978 0.0002533324     19946.95
        7316     1.002526     2.645306 -1.045871e-05     19958.49
        7318     1.001495     2.645513 -0.003213745     19965.04
        7320     1.002147     2.653421 -0.002972185     19969.16
        7322     1.002418     2.641268 -0.002333138     19976.06
        7324     1.001654     2.621529 3.113331e-05     19982.64
        7326     1.002033     2.626848 0.0007202645     19989.64
        7328     1.001457      2.65367 -0.0007122815     19992.09
        7330     1.001623      2.64703  -0.00240909      20000.5
        7332     1.001001      2.61583 -0.008512717     20007.51
        7334     1.000738     2.607575 -0.003607423     20012.51
        7336     1.000502     2.585568 -0.003755395     20018.93
        7338     1.000129      2.61817 -0.003386891     20024.26
        7340    0.9998271     2.585787  0.003663655     20030.49
        7342    0.9991188      2.58048 -0.001170421     20038.32
        7344    0.9999294     2.614877  0.007794643     20041.19
        7346     1.000163     2.608807  0.007653191     20049.78
        7348     1.000561     2.648144  0.005505369     20051.86
        7350    0.9997767     2.641705   0.01046814     20058.58
        7352    0.9999673      2.65892  0.003566286      20069.2
        7354     1.000339     2.692552  0.004012196     20075.26
        7356     1.000085     2.676675  0.007641502     20078.84
        7358    0.9997654     2.673803  0.003817568     20084.43
        7360    0.9996063     2.720052   0.00562111     20094.05
        7362    0.9989089     2.723093  0.006017016     20093.92
        7364    0.9995932     2.721644 -0.001829377     20100.66
        7366     1.000499     2.721939 -0.004013395     20111.02
        7368    0.9999884     2.705417  -0.00273993     20113.73
        7370     0.999827     2.690986 -0.006568333        20121
        7372     1.000323     2.699724 -0.007928627     20130.52
        7374     1.000737     2.669392  -0.00822294     20136.23
        7376     1.000282     2.641988  -0.01632887      20137.5
        7378     1.000713     2.625202  -0.01633347     20146.22
        7380    0.9995038     2.569093  -0.01275718     20155.31
        7382    0.9995438     2.538724  -0.01665046      20157.6
        7384    0.9991437     2.539931 -0.007986923        20163
        7386    0.9989818     2.491998 -0.003665095     20172.97
        7388    0.9990308     2.505198 -0.004615477     20179.13
        7390    0.9993733     2.509404  0.002223629     20186.09
        7392    0.9991174     2.503007 0.0007726913     20190.55
        7394    0.9989224     2.509787 0.0004689803     20197.04
        7396    0.9985557     2.511379 -8.417596e-05     20201.24
        7398    0.9983814     2.513156 0.0005131071     20207.76
        7400    0.9983939     2.502334 -0.002762231      20216.9
        7402    0.9986365     2.513892  -0.00100093     20215.85
        7404    0.9976088     2.489281 -0.0001015384     20224.86
        7406    0.9972045     2.505148 -0.002507351     20227.88
        7408    0.9971892     2.501521 -0.001452229      20233.7
        7410    0.9974577     2.493833 -0.002404336     20241.49
        7412    0.9979046     2.477664 -0.002922591     20251.16
        7414     0.996805     2.485913 -0.002707754     20253.28
        7416    0.9968841     2.478141 -0.0001443709     20256.69
        7418    0.9961418     2.472171 -0.0008713317     20263.85
        7420    0.9965864     2.476509 -0.002145947     20272.16
        7422    0.9966592     2.478943  0.000702658     20274.19
        7424     0.996348     2.460973 -0.001012153     20280.61
        7426    0.9966228     2.477793 -0.004795582     20289.24
        7428    0.9965017     2.468411 0.0001523917     20291.22
        7430    0.9963469     2.440578 -0.003861642     20297.53
        7432    0.9964693     2.462192 -0.004876527     20303.66
        7434    0.9967151     2.446899 0.0004133622     20310.26
        7436    0.9964815     2.429399  0.001412807     20316.71
        7438    0.9961606     2.443885  0.003418759     20326.29
        7440      0.99689     2.473495  0.003290188     20331.16
        7442    0.9965366      2.47425  0.004101282     20336.66
        7444     0.995852     2.455721  0.002283225     20343.14
        7446     0.996223     2.476695   0.00329055     20347.43
        7448    0.9955704      2.49176  0.001879791     20348.93
        7450    0.9958203     2.500574 0.0004527419     20358.12
        7452    0.9965712     2.470759 -0.001910172     20364.43
        7454    0.9965406     2.480317 -0.004772721     20368.54
        7456    0.9964132     2.476479 -5.569961e-05     20373.71
        7458    0.9964361     2.462392  -0.00175936     20382.16
        7460    0.9960111     2.470313 -0.001679705     20384.37
        7462    0.9962747     2.466242 -0.003110232     20393.97
        7464    0.9954128     2.463041 -0.003398121     20395.65
        7466    0.9957741      2.43751 -0.006360757     20403.24
        7468    0.9959873     2.443129  -0.00819659     20407.26
        7470    0.9955175     2.415356 -0.002785961     20410.18
        7472    0.9957176     2.397469 -0.006598837     20419.35
        7474    0.9949842     2.415223 -0.003271613     20423.63
        7476    0.9956933     2.390338 -0.0005795169     20430.99
        7478    0.9953415     2.389183 -0.005716018     20432.09
        7480    0.9947666     2.392832 -0.003438231      20440.2
        7482    0.9952177     2.369495 -0.004679239     20444.78
        7484     0.995134     2.362832  -0.00357715     20450.03
        7486    0.9959112     2.351749 -0.002944014     20453.42
        7488    0.9952541     2.364215 -0.002849558     20456.93
        7490    0.9955097     2.345942 -0.002966206     20462.48
        7492    0.9956412     2.340036 -0.004854578     20469.46
        7494    0.9949083      2.32802 -0.002303484     20473.85
        7496    0.9953698     2.325379 -0.0008482173      20479.4
        7498    0.9948332     2.327515  -0.00149628     20485.08
        7500    0.9952107      2.33325  -0.00105028     20488.95
        7502    0.9956165      2.31605 -0.001290397     20495.89
        7504    0.9955033     2.316976 -0.0004700819     20497.79
        7506    0.9955285     2.317191  0.001847082     20504.95
        7508    0.9959126     2.329489 -0.001948426     20510.26
        7510    0.9956122     2.330826 -0.0008678144      20514.6
        7512    0.9955199     2.301389 -0.0001635954     20519.46
        7514    0.9953154     2.310249 -0.004284357     20521.05
        7516    0.9954142      2.32818 -0.0004324358     20525.56
        7518    0.9953591     2.296551 5.743511e-05     20508.41
        7520    0.9950335     2.297929 -0.003692292     20495.11
        7522    0.9953552     2.310708 -0.001881101     20494.99
        7524    0.9956177     2.298642 -0.002635703     20440.68
        7526    0.9976182     2.281503 -0.004474156     20075.07
        7528    0.9948899     2.276844 -0.002718145      20327.1
        7530    0.9963364     2.274915 0.0007858497      20137.1
        7532    0.9948943     2.276897  0.001084791     20408.78
        7534    0.9960902     2.287789 5.080306e-05     20559.25
        7536    0.9956068     2.285522 -0.002225928     20547.03
        7538    0.9956692     2.275321 -0.001871578     20553.57
        7540    0.9958805     2.259089  0.001451187     20574.97
        7542    0.9959572     2.272817 -0.002494393     20593.43
        7544     0.995937     2.297132 -0.001168658      20600.1
        7546    0.9958322     2.255366 -0.001399619     20604.95
        7548    0.9953382      2.24974 -0.004979177     20613.99
        7550     0.995278      2.26162 -0.0004062042     20613.31
        7552    0.9952206     2.257298  0.003124359     20613.23
        7554    0.9958964     2.252117 0.0004771796     20619.26
        7556    0.9957235     2.274735 -0.000243642      20625.3
        7558    0.9955213     2.265437 -3.695979e-05     20630.91
        7560    0.9958367     2.255349 -0.001746994     20639.28
        7562    0.9957878     2.251821 -0.0004760463     20647.46
        7564    0.9946893     2.260759 -0.001001383     20644.35
        7566    0.9949494     2.261629 0.0002289047     20651.52
        7568     0.994538     2.247338 -0.000883365     20656.01
        7570    0.9950819     2.253652 -0.002601102     20664.39
        7572     0.995833     2.253692 -0.002331743        20664
        7574    0.9953043      2.24082 -0.004190943      20674.2
        7576    0.9948607     2.228684 -0.005206456     20675.15
        7578    0.9951616     2.220125 -0.004611806     20677.29
        7580    0.9957523     2.212041 -0.002821743      20686.2
        7582    0.9952202     2.203926 -0.002727922     20686.73
        7584    0.9951651      2.20611  -0.00424938     20688.92
        7586    0.9955782     2.198301 -0.002815013     20691.53
        7588     0.995637     2.178045 -0.003098777     20694.92
        7590    0.9951701     2.181405  -0.00224579     20699.61
        7592    0.9959508      2.18132 0.0001879557     20706.63
        7594    0.9955317     2.180335 -0.0009790514     20707.48
        7596    0.9956056     2.179549 -0.001460635     20708.19
        7598    0.9957573     2.173573 -0.001355054     20713.21
        7600    0.9960286     2.169635 -0.001912818     20720.99
        7602    0.9958813     2.169495 -0.001363964     20722.23
        7604    0.9958728     2.164247  -0.00131979     20724.76
        7606    0.9958987     2.162661 -0.001036065     20732.66
        7608    0.9956911     2.159077 -0.002605701     20732.78
        7610    0.9962521     2.161206 -0.003081843     20738.73
        7612     0.996131     2.143401 -0.001488122     20739.03
        7614    0.9960769     2.138007 -0.002289948     20745.76
        7616    0.9965281     2.147172 -0.001829182     20746.58
        7618    0.9966425     2.142887 0.0005631568      20750.6
        7620    0.9968292     2.128768 -0.001838718     20758.08
        7622    0.9966217     2.142512 -0.002417832      20762.4
        7624    0.9963719     2.132462 -0.0006350194     20764.24
        7626    0.9963953     2.123544 -0.001338874      20769.4
        7628    0.9964493     2.123687 -0.0004693013     20772.96
        7630    0.9969242     2.131801   -0.0008485     20779.46
        7632    0.9962044     2.128707 -0.002945417     20780.14
        7634    0.9967784     2.116756 -0.002090056     20784.86
        7636    0.9967049     2.100124 -0.003480613     20787.69
        7638    0.9970663      2.11508 -0.002827117     20793.91
        7640    0.9965404     2.100863 0.0004634028     20797.64
        7642    0.9963684     2.094139 -0.003163669     20800.87
        7644    0.9970895     2.103831  -0.00242534      20807.9
        7646      0.99692     2.089771 -0.001815364     20811.37
        7648    0.9966392      2.08146  -0.00235375     20812.26
        7650     0.996464     2.079616 -0.002937172      20814.8
        7652    0.9967274     2.085001 -0.001160645     20820.07
        7654    0.9969504     2.066274 -0.0001508806     20823.55
        7656    0.9968085     2.072175 -0.001893635     20825.82
        7658     0.997116     2.078409 -0.000227154     20831.13
        7660    0.9968363     2.069852 -0.0005938263     20837.38
        7662    0.9969205     2.064456 -0.001870847     20842.19
        7664     0.996908     2.067424 -0.001442728     20843.72
        7666    0.9971755     2.063442  0.000236868      20847.8
        7668    0.9973269      2.05831 -0.0008791232     20852.74
        7670    0.9977004     2.066351 -0.0008149747     20856.86
        7672    0.9969855     2.060391 -0.0008689257     20860.01
        7674    0.9972257     2.056922 -0.002194277     20864.71
        7676    0.9978698     2.051359 -0.001190442     20867.79
        7678    0.9977521     2.048797 -0.001566892     20872.02
        7680    0.9980391     2.050868 -0.001141714     20876.87
        7682    0.9978238     2.044387 -0.0005357127     20880.44
        7684    0.9980037     2.042225 -0.001979527     20889.67
        7686     0.997929     2.044512 -0.001821804     20890.11
        7688    0.9981017     2.035031 -0.001379989        20893
        7690    0.9984358     2.029813 -0.001714367     20896.27
        7692    0.9983876     2.031185 -0.001597897     20899.23
        7694    0.9985473     2.030797 -0.001004273     20905.79
        7696    0.9988571     2.022248 -0.001368803     20905.22
        7698     0.999208     2.021779 -0.001906578     20911.69
        7700    0.9988689     2.020235 -0.0009392171      20913.5
        7702    0.9986938     2.015544 -0.001945815     20919.43
        7704    0.9987738     2.014734 -0.001536692     20924.15
        7706    0.9988123     2.006212 -0.0008803824     20925.19
        7708    0.9992526     2.007941 -0.001147209      20928.3
        7710    0.9991117     2.008501 -0.001774832     20930.68
        7712    0.9990158     2.005557 -0.001445277     20938.91
        7714    0.9994387     1.992013 -0.002034224      20943.8
        7716    0.9994853     1.996379 -0.002091023     20947.64
        7718    0.9990989     1.992227 -0.0006556088     20953.19
        7720     0.999297     1.988829 -0.001034667     20950.43
        7722    0.9993765     1.986769 0.0002452054     20954.68
        7724    0.9990565     1.988102 -9.538415e-05     20958.88
        7726    0.9990491     1.994189  -0.00124139      20962.1
        7728    0.9995615     1.988065 -0.001117653     20965.69
        7730    0.9990383     1.976837 -0.002290748     20969.63
        7732    0.9985748     1.979161  -0.00158844     20969.69
        7734    0.9989082     1.975863 -0.001307256     20972.43
        7736    0.9987239     1.975358 -0.001129748      20971.7
        7738    0.9992359     1.966379  -0.00144915     20976.98
        7740    0.9991811     1.970123 -0.001644468     20979.89
        7742    0.9994516      1.96427 -0.001700172     20983.75
        7744    0.9991442     1.962202 -0.002104479      20988.8
        7746    0.9993261     1.952778 -0.001005273     20995.37
        7748    0.9990994     1.953287 -0.001885078     20996.24
        7750    0.9996292     1.956227 -0.001120205     20999.45
        7752     0.999671     1.947122 -0.001059326     21000.78
        7754     0.999534     1.943816 -0.001675033     21003.36
        7756    0.9998138     1.944812 -0.001528042     21009.38
        7758    0.9994071     1.942827 -0.001453989     21011.55
        7760    0.9990768     1.934897 -0.001278042     21012.16
        7762    0.9995931     1.932184 -0.001700999     21017.94
        7764     1.000297     1.934588 -0.001419303     21020.71
        7766     1.000455     1.929219 -0.002331046     21025.04
        7768     1.000535     1.923543 -0.002685369     21023.41
        7770     1.000495     1.913536  -0.00190327     21025.96
        7772      1.00095     1.913105 -0.001598062     21031.94
        7774     1.000716     1.913993  -0.00173475     21030.06
        7776     1.000913     1.910758 -0.001218172     21031.41
        7778     1.000604     1.899658 -0.001681883     21025.72
        7780     1.000807     1.903359 -0.001326223     21019.94
        7782     1.000901     1.900538 5.700656e-05     20987.94
        7784     1.002513     1.900149 -0.001418829     20795.99
        7786     1.005451     1.900114 -0.002606808     19941.18
        7788     1.000447     1.892009 -0.002360608     20103.08
        7790    0.9984113     1.879683 -0.003065755     20345.25
        7792     1.001668     1.881264 -0.001966632     21048.61
        7794     1.001631     1.875588 -0.0001173285     21076.63
        7796     1.001557     1.876276 -0.0005007387     21085.52
        7798     1.001166     1.878745 0.0001876857     21091.53
        7800     1.001431     1.877258 -0.0005692735     21099.77
        7802     1.002245      1.87709 -0.001406576     21101.62
        7804     1.002047     1.871722 -0.001355982     21100.11
        7806     1.002074     1.867492 -0.001739746     21105.79
        7808     1.002045      1.86641 -0.001020958     21107.15
        7810     1.001929     1.863172 -0.001365759     21109.28
        7812     1.002221     1.863554   -0.0011931     21113.58
        7814     1.001841     1.856566 -0.001503549     21110.74
        7816     1.001483     1.856865 -0.001822448     21118.83
        7818     1.001919     1.851143 -0.001372697     21123.74
        7820     1.002405     1.848974 -0.001815172     21124.35
        7822     1.002425     1.845585 -0.001266358     21127.25
        7824     1.002365     1.842344 -0.001602255     21126.45
        7826     1.001761     1.841012 -0.0008863959     21132.95
        7828     1.002015     1.836156 -0.001431151      21131.7
        7830     1.002615     1.838493 -0.001767202     21139.41
        7832     1.002613     1.830895  -0.00143906     21142.07
        7834     1.002577     1.826875 -0.002344729     21141.63
        7836     1.003031     1.824644 -0.001379639     21148.92
        7838     1.003025     1.819736 -0.001356776     21151.93
        7840     1.002434     1.819857 -0.001611478     21153.33
        7842     1.002903     1.816021 -0.0007589647     21158.11
        7844     1.002797     1.811752 -0.001600418     21158.12
        7846     1.003064     1.813664 -0.001936927      21161.3
        7848     1.003317     1.807054 -0.0004345047     21169.37
        7850     1.002712     1.800525  -0.00131459     21166.84
        7852     1.003221     1.808276 -0.001305018      21169.4
        7854     1.002944     1.803147 -0.0006810741     21168.23
        7856     1.003303     1.796614 -0.001614872     21172.74
        7858     1.003068     1.795077 -0.001464241     21177.25
        7860     1.002674     1.795357 -0.001150313     21176.92
        7862      1.00322     1.791433 -0.001737837     21185.67
        7864     1.003595     1.787411 -0.001582833     21187.53
        7866     1.003474     1.781174 -0.002127584      21188.2
        7868     1.004085     1.782694 -0.001390081      21191.8
        7870     1.004106     1.774413 -0.001624929     21195.59
        7872     1.003745     1.776291  -0.00154548     21197.83
        7874     1.003895     1.768174 -0.0006865933     21202.08
        7876     1.003556      1.77033 -0.002095741     21205.84
        7878     1.004447      1.76892  -0.00133511     21210.48
        7880     1.004122     1.759525 -0.002034668     21213.68
        7882     1.004318     1.757494 -0.002271635     21214.43
        7884     1.004492     1.754053 -0.001302563     21216.16
        7886     1.003743     1.750747 -0.001446571      21221.4
        7888     1.004589     1.749104 -0.001467016      21224.1
        7890     1.004506     1.745921 -0.001234958      21228.1
        7892     1.004592     1.742317 -0.001230648     21227.25
        7894     1.004603     1.740867 -0.001871897     21233.99
        7896     1.004567     1.739259 -0.001641871     21239.24
        7898     1.003876     1.730946 -0.001938083     21237.67
        7900     1.004518     1.729182 -0.002149447     21241.62
        7902     1.004345     1.725362 -0.001481849     21243.68
        7904      1.00417     1.722064 -0.001443136     21247.22
        7906     1.004309     1.719091 -0.001303005     21254.15
        7908     1.004342     1.717637  -0.00112346     21258.52
        7910     1.004612     1.714938 -0.001061124     21260.99
        7912     1.004565     1.713076 -0.001392559     21259.69
        7914     1.004625     1.710602 -0.001712548     21213.52
        7916     1.004891     1.706496 -0.002057226     20937.78
        7918     1.004438     1.701238 -0.001667697     20565.42
        7920     1.004086     1.696618 -0.0008550195      20970.9
        7922      1.00388      1.69726 -0.001570434     21201.71
        7924     1.004256     1.699656 -0.001592714     21239.22
        7926     1.004064     1.688674 -0.001327204     21248.54
        7928     1.004312     1.683876 -0.001437212     21257.33
        7930     1.003983     1.686643 -0.0007579737     21261.75
        7932      1.00394     1.688159 -0.001068325     21264.87
        7934     1.004653     1.682611 -0.001484454     21266.76
        7936     1.004191      1.67533 -0.001325424     21271.86
        7938     1.004619     1.674767 -0.001219186     21279.24
        7940     1.004915     1.677555 -0.0006673332     21279.36
        7942     1.004727     1.672857 -0.001106753     21285.51
        7944     1.004721     1.669991 -0.001079564      21287.1
        7946     1.004449     1.665913 -0.0009981359     21287.02
        7948     1.004873     1.668919 -0.001146492     21295.08
        7950     1.004897     1.664872 -0.001791682     21292.16
        7952     1.005038     1.660819 -0.002063694     21293.87
        7954     1.005293      1.65158 -0.001324534     21294.76
        7956     1.005221     1.652409 -0.001024513     21299.24
        7958     1.005161     1.654276 -0.0005704352     21303.47
        7960     1.005204     1.652623  -0.00132714     21305.84
        7962     1.004988     1.647016 -0.001448028     21305.82
        7964     1.004865     1.641792 -0.001435975     21308.95
        7966     1.004764     1.642692 -0.001120229     21309.16
        7968      1.00518     1.641135 -0.000705675     21313.58
        7970     1.005224     1.638054 -0.0008369698     21318.44
        7972     1.005529     1.636147 -0.001531686     21318.98
        7974     1.005563     1.635996 -0.001390805     21322.71
        7976      1.00518     1.628882 -0.001516477     21327.42
        7978     1.005614     1.626928 -0.002034165     21327.91
        7980     1.005147     1.624015 -0.001529286     21331.18
        7982     1.005258     1.619723 -0.001767878     21331.56
        7984     1.005601     1.616647 -0.001505515     21340.58
        7986     1.005873     1.612785 -0.001153772     21340.78
        7988     1.006115     1.611971 -0.0006933978     21341.19
        7990     1.005522     1.610492 -0.001323712      21343.8
        7992     1.005643       1.6111 -0.001187665      21343.6
        7994     1.005385     1.602195 -0.001460488     21344.75
        7996     1.005628     1.602469 -0.002999036     21348.94
        7998     1.004979     1.598808 -0.001819704     21350.38
        8000     1.005121     1.587108 -0.001785639     21346.41
        8002     1.005479     1.587638 -0.001214968     21354.94
        8004      1.00556     1.588184 -0.0001263237     21358.34
        8006     1.005564     1.589089 -0.0007150964     21355.61
        8008     1.005504     1.586097 -0.0006036778     21359.62
        8010     1.005385     1.581917 -0.001324864     21362.59
        8012     1.004994     1.583355 -0.001013053     21362.51
        8014     1.004898      1.57849 -0.001623038     21365.87
        8016     1.005232     1.577993 -0.001661443     21366.15
        8018     1.005097     1.568933 -0.001809334     21373.07
        8020      1.00466     1.570063 -0.001889677     21371.72
        8022     1.004844     1.564015 -0.0006295313     21373.72
        8024     1.005118     1.562876 -0.001545643     21376.15
        8026     1.004704     1.563896 -0.0009531055     21379.72
        8028     1.004955     1.557698 -0.001195972     21378.77
        8030      1.00458      1.55639 -0.001939054     21383.15
        8032     1.004644     1.553308  -0.00112775     21384.42
        8034     1.004393     1.548384 -0.001765412     21385.81
        8036     1.004859     1.548676 -0.001364671     21388.51
        8038       1.0044     1.542267 -0.001206619     21390.77
        8040     1.004707      1.54239 -0.001542084     21393.67
        8042     1.004904     1.538731 -0.001193838        21398
        8044     1.004363     1.536339 -0.001137946     21397.13
        8046      1.00481     1.532716 -0.001145654     21401.77
        8048       1.0048     1.533287 -0.0009573926     21403.66
        8050     1.004807     1.529566 -0.001147409      21408.7
        8052      1.00497      1.52868  -0.00153661      21409.9
        8054     1.004704     1.523537 -0.001608678      21410.1
        8056     1.004852     1.520994 -0.001598952     21411.32
        8058      1.00479     1.516696 -0.001602929     21418.21
        8060     1.004484     1.515889 -0.001480917     21417.14
        8062     1.004542     1.510714 -0.0008900657     21418.63
        8064     1.004083     1.509147 -0.001010205     21419.54
        8066     1.004222     1.509576 -0.001267531      21422.8
        8068     1.004411     1.507807 -0.001622443     21425.72
        8070     1.003597     1.500573 -0.001567853     21423.15
        8072     1.003967     1.496167 -0.002009567     21424.65
        8074     1.003691     1.497033 -0.001525419     21427.03
        8076     1.003887     1.491731 -0.0006472788     21425.81
        8078     1.003797      1.48837 -0.001247232     21433.12
        8080     1.003832     1.490989 -0.001377765     21432.72
        8082     1.003807     1.487055 -0.001199655     21436.86
        8084     1.003775     1.480708  -0.00196739     21435.05
        8086     1.002899     1.478773 -0.001843006     21432.82
        8088     1.003115      1.47525 -0.0008662024     21438.24
        8090     1.002965     1.472311 -0.0009480055     21441.79
        8092     1.002914     1.473779 -0.000880428     21441.89
        8094     1.002873     1.471189 -0.0006464576      21446.3
        8096      1.00246     1.468206 -0.001434087     21444.17
        8098     1.002662     1.467139 -0.001660006     21449.13
        8100     1.002194     1.462306 -0.001262981     21443.54
        8102     1.002155     1.457909 -0.001064463     21448.52
        8104     1.002062     1.458102 -0.001335236     21447.54
        8106     1.002052     1.458624 -0.001164651     21452.67
        8108     1.001641     1.451624 -0.001422087     21451.26
        8110     1.002064     1.448591 -0.001464251     21454.63
        8112     1.001763     1.446726 -0.0006661566     21459.23
        8114     1.001547      1.44691 -0.0001057042     21458.04
        8116     1.001537     1.446295 -0.0008616348     21460.78
        8118     1.001128     1.447746 -0.001100765      21458.7
        8120     1.000545     1.439833 -0.001739282     21459.67
        8122     1.000381     1.438103 -0.002063381      21459.6
        8124     1.000478     1.432381 -0.001564518     21466.75
        8126     1.000317     1.431239 -0.001362025     21466.26
        8128     1.000268     1.427317 -0.0006319886     21464.52
        8130     1.000219     1.427207 -0.000924636     21469.04
        8132     0.999839     1.427325  -0.00115352     21466.19
        8134    0.9996679     1.423842 -0.001511684     21465.41
        8136    0.9997161     1.418088  -0.00148709     21471.18
        8138    0.9993888     1.415114 -0.001548205     21470.14
        8140    0.9991949     1.415428 -0.000775915     21472.61
        8142    0.9987342     1.411456 -0.0009587546      21470.1
        8144    0.9990285     1.411881 -0.001686744     21472.29
        8146    0.9992578     1.407444 -0.001179496     21477.62
        8148    0.9990779     1.401934 -0.001641785     21475.65
        8150    0.9986657      1.40202 -0.001515346     21477.42
        8152    0.9983771     1.398747 -0.001138645     21476.38
        8154    0.9984716     1.395321  -0.00155186     21480.57
        8156    0.9980598     1.392825 -0.001602629     21482.77
        8158     0.998254     1.389605 -0.001263726     21483.55
        8160    0.9978331     1.385926 -0.001030932     21482.47
        8162    0.9978065     1.385211 -0.0009433715     21482.52
        8164    0.9975467     1.384578 -0.0007768537     21481.99
        8166    0.9975014     1.382058  -0.00122385     21485.84
        8168    0.9972939     1.379711 -0.001390425     21487.24
        8170    0.9972501      1.37542 -0.001565213     21488.85
        8172     0.997167     1.373454 -0.001298477        21492
        8174    0.9969873     1.369536 -0.001004458     21493.94
        8176     0.996871     1.369323 -0.001159486     21493.85
        8178    0.9964313     1.367385 -0.001178306     21491.03
        8180     0.996239     1.364178 -0.001422429     21493.43
        8182    0.9963379      1.36011 -0.001165929      21495.2
        8184    0.9963782     1.357944  -0.00152393     21497.76
        8186    0.9957831     1.358057  -0.00091874     21498.19
        8188    0.9958422     1.351987 -0.001011607     21501.24
        8190    0.9958132      1.35276 -0.001405362     21496.74
        8192    0.9954919     1.349851 -0.0008664085     21497.55
        8194    0.9954137     1.346814 -0.001525358     21501.71
        8196    0.9952802     1.345056  -0.00127846      21499.6
        8198     0.994823     1.340557 -0.001435394      21503.8
        8200    0.9941215     1.339623 -0.001431851     21505.79
        8202    0.9943092     1.335331 -0.001383451     21499.93
        8204     0.994227     1.333601  -0.00138554     21504.35
        8206    0.9940252      1.32949 -0.000838149     21508.75
        8208    0.9940098     1.328539 -0.001537662     21501.74
        8210    0.9937746     1.328626 -0.001017682      21509.2
        8212    0.9937368     1.321299  -0.00145937     21508.51
        8214    0.9928169     1.321348 -0.001316509     21505.76
        8216    0.9929146     1.316864 -0.0006257336     21510.04
        8218    0.9925335     1.318094  -0.00162001     21507.03
        8220    0.9919521     1.316294  -0.00120174     21512.92
        8222     0.991855     1.308388 -0.001326881     21511.31
        8224    0.9921505      1.30725 -0.001556277     21518.19
        8226    0.9914256     1.307479 -0.0008081407     21516.29
        8228    0.9913178     1.303843 -0.0009284836     21513.93
        8230    0.9912793     1.301923 -0.0006536156     21512.74
        8232    0.9908332     1.299822 -0.0009078826     21513.48
        8234    0.9907708      1.30225 -0.001181856     21518.47
        8236    0.9903362      1.29658 -0.001229785      21516.5
        8238    0.9897368     1.292468 -0.001786533     21515.73
        8240    0.9894493     1.289984 -0.001355211     21519.07
        8242    0.9895927     1.287958 -0.001271502     21518.93
        8244    0.9894394     1.285739 -0.001227968     21521.84
        8246     0.988492     1.282296 -0.001318051     21518.17
        8248    0.9885563      1.28016 -0.0009593007     21521.43
        8250    0.9882943     1.277413 -0.0004928718     21521.91
