# This file has been produced by extranormal (v 1.0.1 - February 23, 2017)
# O. Roudenko - Synchrotron SOLEIL. Covered by GPL licence.
#Data from HDF File: /nfs/ruche-rock/rock-soleil/com-rock/2021/Projets/20210209_Hilde/InSitu/10Ni-10Fe_50BN/10Ni-10Fe_50BN_RWGS750_CO2pulses_H2cst_ratio1/10Ni-10Fe_50BN_RWGS750_CO2pulses_H2cst_ratio1_01181.nxs to 10Ni-10Fe_50BN_RWGS750_CO2pulses_H2cst_ratio1_01182.nxs
#Time at start=2021-02-10 14:42:38.997
#Time from start (seconds)=5904.56541082
#Sample temperature (C)=24.8
# Normalization -------------
# pivot spectrum: Pivot_Fe_10Ni-10Fe_50BN_RT_air_av2000_00001.txt
# E0=7112.0   Eshift=1.52476551033
# E0_pivot = 7112.0
# pre-edge params: from E0_pivot-140.0 to E0_pivot-20.0
# pre-edge range: [6972.0, 7092.0]
# post-edge params: from E0_pivot+100.0 to E0_pivot+1140.0
# post-edge range: [7212.0, 8250.0]
# I jump at E0_pivot = 1.24834606372
# shifted energy	normalized	reference	ref.derivative	I0
        6970  0.001749191     1.680296 0.0008524192     18815.03
        6972  0.001749191     1.680296 0.0008524192     18815.03
        6974  0.001321362     1.680486 -0.001727774     18822.11
        6976  0.001494457     1.672923 -0.002241602     18830.67
        6978  0.001244492     1.669563  -0.00227075     18838.09
        6980  0.001181849     1.662363 -0.002180859     18848.71
        6982 0.0009090669      1.66232 -0.002262658     18856.87
        6984  0.001048044     1.655476 -0.001387261     18862.98
        6986 0.0006473855     1.651461  -0.00213561     18867.81
        6988 0.0005780533     1.651265 -0.001153125     18873.19
        6990 0.0003372592     1.645235 -0.001108335     18883.13
        6992 0.0005398166     1.646251  -0.00157657     18892.42
        6994 0.0001526793     1.642595 -0.001117886     18899.28
        6996 0.0002510805     1.638652 -0.001587817     18910.43
        6998 0.0002804211     1.636292 -0.001682029     18917.07
        7000 0.0005860611     1.633548 -0.001240023     18927.59
        7002 -0.0002003151     1.629138 -0.001001771      18934.7
        7004 9.106021e-05     1.628732  -0.00142757     18942.91
        7006 -0.0001412633     1.628278 -0.0009288638     18950.66
        7008 -0.0002312459     1.622128 -0.001585359     18956.31
        7010 -0.0006088104     1.621707 -0.001932265     18962.61
        7012 -0.0006063081     1.616049 -0.001674073     18972.96
        7014 -0.0004645777      1.61282 -0.002140489     18979.19
        7016 -0.0009048921     1.608735 -0.001741133     18986.08
        7018   -0.0010254     1.604584 -0.001786208     18993.82
        7020 -0.0006754945      1.60212 -0.001437601     19002.91
        7022 -0.000373769      1.59853 -0.001565014     19009.92
        7024 -0.0006329813     1.597234 -0.001208749     19016.79
        7026 -0.001069561     1.592063 -0.001417961      19027.3
        7028 -0.0009056811      1.59245 -0.001522641     19036.39
        7030 -0.0005088884     1.587186  -0.00112228     19047.18
        7032 -0.0007546755     1.585053 -0.001962504     19051.93
        7034 -0.0009858124     1.583085 -0.001556897     19055.74
        7036 -0.000708614      1.57675  -0.00152935     19065.98
        7038 -0.001033282     1.574731 -0.001490445     19074.86
        7040 -0.001208995     1.572818 -0.001335126     19082.43
        7042 -0.001091076     1.571162 -0.001679319     19090.35
        7044 -0.0009799116     1.566069 -0.001380767     19101.35
        7046 -0.0006530932     1.561296 -0.001264753     19110.88
        7048 -0.001154987     1.561772 -0.001515803     19114.71
        7050 -0.001158661     1.561044 -0.001049472     19125.25
        7052 -0.001177489     1.553943 -0.001385502     19131.57
        7054 -0.0004833231     1.552901 -0.002275679     19142.71
        7056 -0.000667679     1.550688 -0.001855081     19152.57
        7058 -0.0005457898     1.542838 -0.002201794      19160.4
        7060 -0.0007655927     1.539102 -0.001940486     19164.46
        7062 -0.0004455999     1.535286 -0.001348999     19173.65
        7064 -0.0004930377     1.535164 -0.0007541268     19181.49
        7066 -0.000104293     1.532046 -0.0001915995     19189.55
        7068 3.323876e-05     1.533069 -0.001126053     19198.38
        7070 7.715929e-05     1.533754 -0.001346138      19204.7
        7072 8.068522e-05     1.526156 -0.001447494     19208.68
        7074 6.080945e-05     1.521277 -0.001990879     19217.17
        7076 0.0002323161     1.521489 -0.001695545     19226.25
        7078 0.0001253148     1.517826 -0.001298808     19234.49
        7080 0.0009685578     1.512592 -0.002175388     19243.58
        7082  0.000787612     1.510887  -0.00169581     19249.31
        7084  0.001426495     1.504086 -0.001118254     19260.45
        7086  0.001745042      1.50426 -0.0009574579     19264.41
        7088  0.001917213     1.503645 -0.0004040201     19273.66
        7090  0.002457905     1.503227 -0.0009291112     19281.41
        7092  0.002669171     1.500854 -0.0007660202     19288.57
        7094  0.003450788     1.496827  -0.00132038     19297.29
        7096  0.004150121     1.497517 -0.0005461038     19304.27
        7098  0.004878256     1.492664 -0.0005188334     19308.58
        7100  0.006030761     1.496485 -0.0006289019     19319.29
      7100.2   0.00613945     1.495986 -0.0005322639     19320.07
      7100.4  0.006248139     1.495488 -0.0004356258     19320.84
      7100.6  0.006356828      1.49499 -0.0003389877     19321.62
      7100.8  0.006465517     1.494491 -0.0002423497      19322.4
        7101  0.006574206     1.493993 -0.0001457116     19323.18
      7101.2  0.006682895     1.493495 -4.907355e-05     19323.95
      7101.4  0.006791583     1.492996 4.756451e-05     19324.73
      7101.6  0.006931151     1.493253  -0.00107715     19325.52
      7101.8  0.007109055      1.49321 -0.002556431     19327.18
        7102  0.007378647     1.490894  -0.00292712     19329.07
      7102.2  0.007668074     1.490333 -0.001719117      19328.2
      7102.4  0.007878626     1.490911  0.004043602     19327.72
      7102.6  0.008237934     1.491834  0.003580915     19329.32
      7102.8   0.00836585     1.494129  0.002914782     19330.59
        7103  0.008498035     1.493198    0.0039111     19332.16
      7103.2  0.008452366     1.493243  0.001412593     19331.67
      7103.4  0.008595305     1.494963   0.00142595     19331.55
      7103.6  0.008877901     1.495259 -2.902598e-05     19330.74
      7103.8  0.008846435     1.494339 -0.002117923     19330.47
        7104  0.008792183      1.49322 -0.002013389     19333.03
      7104.2  0.009012504     1.493269 -0.0009814458     19333.96
      7104.4   0.00943625     1.493648 -0.0004962943     19336.12
      7104.6  0.009691894     1.493553 -0.001947366     19339.33
      7104.8  0.009835873     1.492822 -0.004025177     19341.93
        7105  0.009925727     1.491711 -0.006181885     19340.63
      7105.2   0.01013966     1.490428 -0.002322506     19339.82
      7105.4    0.0104922     1.488608  0.002645181     19338.77
      7105.6   0.01061748     1.490964  0.004599631      19338.7
      7105.8   0.01079419     1.493827  0.009742111     19340.38
        7106   0.01100104     1.494108   0.01099249     19341.42
      7106.2   0.01132171     1.496402  0.009927032     19342.34
      7106.4   0.01185777     1.499758  0.008406244     19344.75
      7106.6   0.01237251     1.501769  0.001575635     19346.43
      7106.8   0.01275307     1.500833 -0.004431783     19347.47
        7107   0.01314872     1.497662 -0.004250326     19348.13
      7107.2   0.01366097     1.496213 -0.001231839     19348.89
      7107.4   0.01398885     1.498369  0.003239129      19349.9
      7107.6   0.01433104     1.499847   0.00898933     19350.17
      7107.8   0.01488489     1.500253   0.01043297     19350.26
        7108   0.01544794     1.503404  0.008623664     19352.19
      7108.2   0.01600977     1.506715  0.008346269     19354.16
      7108.4     0.016569     1.506746  0.006103675     19355.49
      7108.6    0.0170953      1.50693   0.00389685      19355.7
      7108.8    0.0178463     1.508287  0.007122545     19355.92
        7109    0.0188055     1.509832  0.009293021     19357.65
      7109.2   0.01970594     1.512444   0.01043808     19359.64
      7109.4    0.0206204     1.514365   0.01419005     19359.55
      7109.6   0.02156053     1.516638   0.01810239     19357.24
      7109.8   0.02247578     1.521184   0.02819485     19355.74
        7110   0.02361587     1.526926   0.04131329     19354.06
      7110.2   0.02531755     1.536921   0.04864245     19353.19
      7110.4   0.02751584     1.549689    0.0573985     19352.13
      7110.6    0.0301197     1.560098   0.06983714     19350.12
      7110.8   0.03332635     1.572845   0.08474752     19351.11
        7111   0.03715338      1.59279    0.1012422     19350.77
      7111.2   0.04204342     1.617487    0.1171951     19349.15
      7111.4   0.04810576     1.641092    0.1301112     19347.56
      7111.6   0.05513433     1.666601    0.1384753     19346.75
      7111.8   0.06337373     1.696879    0.1488976     19345.12
        7112   0.07252429     1.728267    0.1545381     19344.45
      7112.2   0.08201156      1.76021    0.1523136     19343.91
      7112.4   0.09136023     1.790232    0.1461747     19341.49
      7112.6    0.1002631      1.81873    0.1354676     19341.46
      7112.8    0.1083329     1.845207    0.1249679     19339.46
        7113    0.1158411     1.868584    0.1132109     19336.97
      7113.2    0.1229098     1.890206   0.09785886     19336.57
      7113.4    0.1294636     1.909299   0.09185664     19336.26
      7113.6    0.1357121     1.923494   0.09015876     19336.95
      7113.8    0.1415971      1.94207   0.08422037     19338.33
        7114    0.1472581     1.962333   0.08606264     19338.87
      7114.2    0.1522387     1.976675   0.07696047     19339.06
      7114.4    0.1562724     1.992344   0.06421979     19338.73
      7114.6    0.1597995     2.003638    0.0591211     19338.58
      7114.8    0.1628162     2.013709   0.05265581     19339.41
        7115    0.1654277     2.023972   0.04854315     19340.59
      7115.2    0.1674582     2.034468   0.04096759      19340.2
      7115.4    0.1692345     2.042473   0.03399439     19337.92
      7115.6    0.1712306     2.046483   0.03306232      19335.5
      7115.8    0.1737403     2.051168   0.03314813     19335.57
        7116    0.1769714     2.060918   0.03695409     19336.11
      7116.2    0.1808679     2.068991   0.04378322     19336.85
      7116.4    0.1856261     2.076046   0.03800934     19339.55
      7116.6    0.1913835     2.086194    0.0236414     19340.22
      7116.8    0.1979339     2.091326   0.01798586     19338.91
        7117    0.2051373     2.087904   0.01593738     19337.31
      7117.2    0.2134234     2.090435  0.008572401      19336.2
      7117.4    0.2228577     2.098944  0.008564063     19335.72
      7117.6    0.2333072     2.098184   0.02267223     19335.76
      7117.8     0.245076     2.094755   0.03748565     19336.49
        7118    0.2583768     2.108573   0.06238375     19338.15
      7118.2    0.2728613     2.128933    0.0993066     19339.76
      7118.4    0.2887263     2.148091     0.113283      19340.1
      7118.6     0.306434     2.174201    0.1197607     19339.63
      7118.8     0.325482     2.199199    0.1307727     19338.82
        7119    0.3455758     2.224741     0.133803      19338.3
      7119.2    0.3677136     2.252709    0.1441607     19339.11
      7119.4    0.3918718     2.281243    0.1470022     19340.06
      7119.6    0.4166811     2.314528    0.1527741     19339.97
      7119.8    0.4420539     2.342343    0.1645878     19341.18
        7120    0.4676218     2.374928    0.1358379     19341.97
      7120.2    0.4920119     2.412913    0.1035503     19341.07
      7120.4    0.5145036     2.423198   0.08715008     19340.72
      7120.6    0.5352372     2.425183   0.07374322     19338.76
      7120.8     0.554988     2.444648    0.1165641     19338.25
        7121    0.5731108     2.471908    0.1511808     19338.66
      7121.2    0.5893298     2.516449    0.1610472     19336.55
      7121.4    0.6044686     2.546128    0.1690152     19335.12
      7121.6    0.6190177     2.573486    0.1162899     19336.09
      7121.8    0.6333619      2.60712   0.08792568     19336.74
        7122    0.6476146     2.609481   0.07095529     19337.79
      7122.2    0.6622861     2.616468    0.0350124     19336.48
      7122.4     0.677358      2.63025   0.06373562     19335.69
      7122.6    0.6931655      2.63513   0.07954276     19335.66
      7122.8    0.7098652      2.66047   0.07531255     19333.68
        7123    0.7273903     2.680103   0.08650664     19333.21
      7123.2    0.7445964       2.6905   0.04383591     19333.39
      7123.4    0.7621169     2.704335   0.02337672     19333.45
      7123.6    0.7803992     2.695538   0.03414462     19332.48
      7123.8    0.7990152     2.698804   0.02158216      19331.1
        7124    0.8175774     2.717816   0.03799566     19331.57
      7124.2    0.8358371     2.721601   0.04739388     19330.45
      7124.4    0.8534188     2.725935   0.02921377     19329.57
      7124.6    0.8698681     2.736719   0.03020195     19328.09
      7124.8    0.8853736     2.741187   0.05514974     19326.65
        7125    0.9001113     2.745763   0.08365627     19325.84
      7125.2     0.914024     2.770055   0.08509202     19326.42
      7125.4     0.927152     2.803644   0.08567696     19326.66
      7125.6    0.9399067     2.809261   0.09171275     19328.41
      7125.8    0.9524342     2.814304   0.06023515     19329.63
        7126    0.9639819     2.843425   0.06094282     19327.41
      7126.2    0.9753446     2.851832   0.05080046     19325.71
      7126.4    0.9868836     2.858015  0.001236312      19324.2
      7126.6    0.9985402     2.854945   0.01811201     19321.27
      7126.8      1.01062     2.844414   0.04537571     19320.73
        7127     1.022954     2.866322   0.04706311     19322.16
      7127.2     1.035766     2.894315   0.07370202     19323.08
      7127.4     1.049245     2.892595   0.09799483     19323.23
      7127.6     1.063078     2.903376   0.06911468     19321.96
      7127.8     1.077031     2.944718   0.03930709     19320.64
        7128     1.091134     2.949607   0.03711345     19319.19
      7128.2     1.105594     2.924041 -0.003844962      19317.5
      7128.4     1.120038     2.933066   -0.0170324      19315.8
      7128.6     1.133908     2.941642   0.05336801     19314.66
      7128.8      1.14736     2.935981   0.08723398     19314.98
        7129     1.160361     2.966735   0.09002511     19315.04
      7129.2     1.172281     3.002854   0.09683562        19316
      7129.4     1.182716     3.013662   0.04206712     19316.44
      7129.6     1.191713      3.01345    0.0301637     19315.17
      7129.8     1.199355     3.000389   0.09409212     19312.81
        7130     1.205608     3.026985   0.09802664     19312.15
      7130.2     1.210259     3.088935    0.1445149        19310
      7130.4     1.213098     3.091871    0.1256399     19307.91
      7130.6      1.21517     3.116001     0.092693     19307.31
      7130.8     1.216237     3.127496     0.126307     19306.15
        7131     1.216561      3.16309   0.07461351     19304.86
      7131.2      1.21682     3.192917   0.02244188     19306.29
      7131.4     1.216932     3.175691   0.02357595     19306.03
      7131.6     1.216718      3.14545  -0.00322422     19303.57
      7131.8     1.216445     3.181951  -0.05196114     19302.21
        7132     1.216239     3.190337  -0.07308147     19300.59
      7132.2     1.215825     3.134123   -0.1370632     19300.93
      7132.4     1.214998     3.086985   -0.1402889     19300.38
      7132.6     1.213711       3.0723  -0.08935805     19300.05
      7132.8     1.211609     3.078106  -0.03690478     19298.73
        7133     1.208773     3.062636  -0.03273389     19297.62
      7133.2     1.205338     3.057461   -0.1036248     19298.65
      7133.4     1.201703     3.046113   -0.1069269     19300.58
      7133.6     1.196912     2.995206  -0.09377414     19301.75
      7133.8     1.190988     2.977095  -0.08789257     19301.64
        7134     1.184838     2.982442  -0.00819716     19303.49
      7134.2     1.178369     2.975799 -0.001931249     19306.17
      7134.4      1.17133     2.988649  -0.04673243     19307.04
      7134.6     1.163989      2.97555  -0.03673584     19306.32
      7134.8     1.156387     2.945056  -0.02665532      19307.1
        7135     1.148588      2.94641  -0.01430756     19308.77
      7135.2     1.140935     2.967324  0.002387136     19310.48
      7135.4     1.133752     2.964104  -0.02479128     19312.69
      7135.6     1.126967     2.946965  -0.05930567      19313.5
      7135.8     1.120449     2.926577  -0.04808467     19313.84
        7136     1.113988      2.91988  -0.02149231     19314.53
      7136.2     1.107329     2.925636   0.03249396     19315.83
      7136.4     1.100934     2.929772   0.04242283     19317.23
      7136.6      1.09522     2.952572   0.01186559      19317.3
      7136.8     1.090152     2.953818  -0.01865973     19315.12
        7137     1.085547     2.935128  -0.04288809     19306.06
      7137.2     1.081173     2.914844  -0.02843674     19290.23
      7137.4     1.077029     2.918262   0.01748835     19265.94
      7137.6     1.073089     2.931069   0.04946601     19230.28
      7137.8      1.06945     2.949119   0.06316514     19188.36
        7138     1.066338     2.954417    0.0530829     19147.34
      7138.2     1.063584     2.968794   0.03615793     19111.04
      7138.4     1.060698     2.973535   0.03305946      19086.6
      7138.6     1.057828     2.978045   0.00165673     19079.44
      7138.8     1.054586     2.980864 -0.009635162     19086.96
        7139     1.051707     2.970119   -0.0103439     19104.52
      7139.2     1.049417     2.965827   0.01682831     19129.61
      7139.4       1.0473      2.96977   0.02303807     19159.01
      7139.6     1.045804     2.994327   0.01525712     19189.57
      7139.8     1.044704      2.98855 -0.0008570876     19218.36
        7140     1.043522     2.978032  -0.03700247     19245.58
      7140.2     1.042561     2.969085   -0.0185266     19270.36
      7140.4     1.041602     2.964725 -0.007579651     19290.24
      7140.6     1.041037     2.973729 -0.004485274     19303.28
      7140.8     1.040625     2.971969   0.01490685     19312.14
        7141     1.040241     2.965496  -0.01848771     19314.54
      7141.2     1.039483      2.97665  -0.04256267     19313.58
      7141.4     1.038974     2.958938  -0.03671772     19310.59
      7141.6     1.038939     2.937919  -0.04297746     19301.56
      7141.8     1.038351     2.936122 -0.009079867     19284.88
        7142     1.037148     2.942268   0.01936931     19257.67
      7142.2      1.03614     2.951674   0.04587659      19221.1
      7142.4     1.035316     2.953414   0.05684783     19178.58
      7142.6     1.034692     2.972823   0.02902932     19135.94
      7142.8     1.033966     2.987747    0.0350435     19101.47
        7143     1.032882     2.974898   0.02186413      19079.8
      7143.2     1.032148     2.981449  -0.01509682     19074.27
      7143.4     1.031523     2.990315 -0.009888024     19086.59
      7143.6     1.030541     2.975669  -0.01698611     19114.37
      7143.8     1.029345     2.966988   -0.0114809     19152.18
        7144      1.02799      2.96786   0.02790799     19193.95
      7144.2     1.026832      2.98113  0.007659619     19234.47
      7144.4     1.025931     2.997995   -0.0252022     19268.72
      7144.6     1.025267     2.973115  -0.01349965     19294.85
      7144.8     1.024469     2.947698   -0.0345101     19312.23
        7145     1.023563      2.97033  -0.01146635     19322.38
      7145.2     1.022448     2.970387   0.04515831     19330.72
      7145.4     1.020882     2.963942  0.006354863     19336.67
      7145.6     1.019201     2.983825  -0.03627231     19340.23
      7145.8     1.017733     2.975414  -0.02726395     19343.19
        7146     1.016003      2.94137  -0.03831001     19347.67
      7146.2      1.01386     2.942131  -0.03090553     19349.59
      7146.4     1.012024     2.953177   0.04712778     19349.94
      7146.6      1.00992      2.95069   0.04579921        19353
      7146.8     1.007445     2.979072   0.02024009     19355.83
        7147     1.005108      2.97877   0.03198247     19358.76
      7147.2     1.002686     2.969369   0.01913555     19361.17
      7147.4     1.000136     2.976276   0.01061823     19361.25
      7147.6    0.9973878      2.99438   0.02252811     19361.32
      7147.8    0.9944715     2.987265    0.0444187     19362.97
        7148    0.9917695     2.987391   0.04112124     19363.85
      7148.2    0.9889061     3.011811   0.06019649     19364.41
      7148.4     0.985711     3.027277   0.06861763     19367.25
      7148.6    0.9823384     3.035422   0.05537451     19369.79
      7148.8    0.9789088     3.042286   0.03477129     19371.19
        7149    0.9754685      3.05611   0.01915622     19374.14
      7149.2    0.9723794     3.055094   0.03386651     19375.84
      7149.4    0.9693583     3.050747   0.02715287     19376.14
      7149.6    0.9663255     3.069379   0.01177782     19376.74
      7149.8    0.9635016     3.077833   0.02380284     19377.02
        7150    0.9605612     3.064516   0.01414815     19378.98
      7150.2    0.9575977     3.069789  -0.02309293     19380.45
      7150.4    0.9549717     3.080697  -0.03301314     19380.46
      7150.6    0.9524797     3.059358  -0.03957275     19381.26
      7150.8    0.9500128     3.038106  -0.03726806     19383.03
        7151    0.9478544     3.038131  -0.00692233     19386.54
      7151.2    0.9458567     3.050883     0.032266     19388.63
      7151.4    0.9441114      3.05382   0.05308083     19390.12
      7151.6    0.9421181     3.063919     0.031549     19390.48
      7151.8    0.9398108     3.080596   0.02664943     19390.09
        7152    0.9376755     3.076122  0.007343617     19391.08
      7152.2    0.9360712      3.07514  -0.01889889        19392
      7152.4    0.9348099     3.069794  0.002731239     19392.65
      7152.6    0.9336581     3.065477   0.02178539     19394.33
      7152.8    0.9330149     3.078307   0.05223849     19397.17
        7153    0.9324238     3.092568   0.06708659     19397.23
      7153.2    0.9316795     3.111584   0.06419923     19398.82
      7153.4    0.9311823     3.119146   0.04035727     19400.46
      7153.6    0.9308988     3.129666   0.01074652     19399.36
      7153.8    0.9308704     3.124854  -0.01832539     19398.57
        7154    0.9313002     3.120182  -0.07621982     19398.99
      7154.2    0.9316835     3.104486  -0.08586839     19400.14
      7154.4     0.931958     3.068691  -0.04807799     19401.49
      7154.6    0.9322501     3.056159  -0.03059104     19403.67
      7154.8    0.9325139     3.081719  -0.02070143     19405.04
        7155    0.9330485     3.080013   -0.0253394     19405.44
      7155.2    0.9340867     3.052129  -0.04934152     19406.16
      7155.4    0.9351586     3.035888  -0.06018016     19405.73
      7155.6    0.9360729     3.042246   -0.0548706     19405.05
      7155.8    0.9369676     3.031869  -0.03395178     19405.72
        7156    0.9380523     3.008233  -0.02296275     19407.75
      7156.2    0.9393374     3.008726  0.004943828     19409.88
      7156.4    0.9406151     3.023876   0.03875423     19409.82
      7156.6    0.9419839     3.035824   0.05108707     19409.74
      7156.8    0.9433959     3.039236     0.053323     19411.61
        7157    0.9448035     3.049596   0.05441943      19413.3
      7157.2    0.9461521     3.066534   0.05636973     19413.57
      7157.4    0.9471876     3.079359   0.06635615     19413.69
      7157.6    0.9483208     3.084332   0.06186506     19415.57
      7157.8    0.9497091     3.102681   0.01832759     19417.05
        7158    0.9507749     3.116026 -0.009111894      19417.5
      7158.2    0.9517391     3.094021  -0.04947173     19417.23
      7158.4    0.9530464     3.077043   -0.0880688     19418.13
      7158.6    0.9542559     3.063104  -0.09323422     19419.73
      7158.8    0.9552956     3.045571  -0.06348572     19419.12
        7159    0.9561206     3.019434  -0.03252507     19418.65
      7159.2    0.9567536     3.026254  -0.02371483     19419.36
      7159.4    0.9576691     3.037084  0.005821904     19420.41
      7159.6    0.9586192     3.026599 -0.0008874173     19419.95
      7159.8    0.9595179     3.024092 -0.001492128     19419.33
        7160    0.9607654     3.025544   0.03334909      19419.9
      7160.2    0.9619855      3.03589   0.03160601     19421.34
      7160.4    0.9623949     3.053279  0.008458024     19422.43
      7160.6    0.9624097     3.049376   0.01146518     19423.69
      7160.8    0.9628297      3.03231  0.007144897     19425.61
        7161    0.9637483     3.045062 -0.005940835     19427.32
      7161.2    0.9646414     3.058995   0.01849854     19428.07
      7161.4    0.9652432     3.044624  0.002793941     19428.21
      7161.6    0.9657636     3.047109  -0.03352844     19428.45
      7161.8    0.9662313     3.047297  -0.01842704     19428.59
        7162     0.966887     3.032172  -0.02491861     19429.04
      7162.2     0.967323     3.029882  -0.03268349     19429.24
      7162.4    0.9674813     3.027174  -0.01925365     19430.67
      7162.6    0.9678573      3.02115    -0.017355      19432.6
      7162.8    0.9681552     3.016769 0.0009784939     19431.19
        7163     0.968518     3.015998   0.01028089     19430.12
      7163.2    0.9689766     3.027957 -0.009583376     19429.91
      7163.4    0.9695003     3.029375   0.00143972     19428.42
      7163.6    0.9700542     3.009102   0.01028349     19428.53
      7163.8    0.9707203      3.01715  0.009733839      19431.3
        7164    0.9715396     3.036184   0.03811425     19434.91
      7164.2    0.9718898     3.037162   0.03482809     19434.69
      7164.4    0.9723314     3.039594   0.02155773     19435.23
      7164.6    0.9727455     3.045012  0.005951119     19435.93
      7164.8    0.9728921      3.05343  -0.01290092     19436.53
        7165    0.9732839     3.041923   -0.0331638     19437.63
      7165.2    0.9739408     3.029273  -0.03769997     19438.38
      7165.4    0.9745888     3.018481  -0.01834261     19437.46
      7165.6    0.9755115      3.02327  -0.02286182     19439.88
      7165.8    0.9762951     3.027249  -0.01725486     19440.78
        7166    0.9764729     3.010983  -0.02435857      19438.6
      7166.2     0.976998     3.004677  -0.02897016      19438.8
      7166.4    0.9778032     3.003783 -0.009343231        19438
      7166.6    0.9783628     3.004073  0.008563766     19436.37
      7166.8    0.9787809     3.003509   0.02904509     19435.44
        7167    0.9797213     3.011528   0.02289305     19437.12
      7167.2    0.9810688     3.027019 -0.009026663     19440.19
      7167.4    0.9819975     3.022387 -0.005320985     19439.99
      7167.6    0.9827323     2.996288   0.01460375     19439.79
      7167.8    0.9836245     3.007272   0.01278211     19440.79
        7168     0.984157     3.038702   0.01981133      19439.2
      7168.2    0.9846854     3.032613  -0.01567727     19438.39
      7168.4    0.9857533     3.012137  -0.06701202     19441.38
      7168.6    0.9867917      2.99473  -0.06010022     19442.26
      7168.8    0.9875525     2.985093  -0.03112854     19439.87
        7169    0.9880286     2.984533  0.008852406     19440.57
      7169.2    0.9883528     2.987234   0.01221207     19442.73
      7169.4    0.9890235     3.001812 -0.006694755     19443.83
      7169.6    0.9899368     2.994862     0.015683        19444
      7169.8    0.9904955     2.979177  0.003841252     19445.32
        7170    0.9906207      2.99978 -0.001649576     19447.09
      7170.2    0.9915711     3.004885   0.01994492     19446.48
      7170.4    0.9927574     2.993543  0.005733513     19445.67
      7170.6    0.9934006     2.995133  -0.01253243     19443.94
      7170.8    0.9942865     3.004367 -0.008319724      19443.8
        7171    0.9951051     2.994859  -0.01056888     19444.07
      7171.2    0.9955855     2.986887  -0.01286847     19445.44
      7171.4    0.9960276     2.986678  -0.01496181      19446.4
      7171.6    0.9967436     2.994072  -0.01958506     19447.23
      7171.8    0.9977573     2.982889  -0.03628095     19448.68
        7172    0.9984749     2.971219  -0.04299235     19449.49
      7172.2    0.9992451     2.957653  -0.04381119     19450.76
      7172.4    0.9999521     2.959678  -0.05858637     19451.43
      7172.6     1.000603      2.94784  -0.04628262     19452.12
      7172.8     1.001181      2.92435  -0.03491263     19452.56
        7173     1.001604     2.920627 -0.008903918      19452.3
      7173.2     1.001836     2.931748  0.004360746     19452.76
      7173.4      1.00223     2.940717   -0.0212395      19453.8
      7173.6     1.002936     2.927838  -0.05570461     19453.86
      7173.8     1.003657     2.903635  -0.05486394     19453.25
        7174       1.0045     2.887185   0.01051795     19454.99
      7174.2     1.005038     2.896826   0.06862769        19458
      7174.4     1.005351     2.936253   0.09023872     19458.12
      7174.6     1.005888     2.958537   0.06815642     19457.55
      7174.8     1.006194     2.959375  0.008593043     19457.92
        7175     1.006577     2.951351  -0.02263075     19458.67
      7175.2     1.006977     2.943127  -0.03090052      19459.6
      7175.4     1.007462     2.940433 -0.003576547     19459.18
      7175.6      1.00768     2.934655  0.002525177     19459.73
      7175.8     1.007629      2.94849 -0.004803437     19460.18
        7176     1.007568     2.945147  0.003083237     19462.79
      7176.2     1.007646      2.93659  -0.06576591      19462.8
      7176.4     1.008087     2.937122  -0.09686467        19464
      7176.6     1.008937     2.895877   -0.1010788     19465.67
      7176.8     1.009414     2.867656   -0.1258454     19465.84
        7177     1.009636     2.855727  -0.08812878     19465.68
      7177.2      1.00947     2.836445  -0.01945771     19466.42
      7177.4     1.008811     2.825374   0.03255938     19467.65
      7177.6     1.008203      2.85209   0.05750942     19468.59
      7177.8     1.008004     2.881775   0.04935804     19470.27
        7178      1.00794     2.882453 -0.005403812     19471.91
      7178.2     1.007705     2.864861  -0.05880824     19473.11
      7178.4     1.007253     2.847766  -0.06238343      19473.6
      7178.6     1.007247     2.834728    -0.045386     19473.42
      7178.8     1.007772     2.832546  -0.02810795     19473.03
        7179     1.008359     2.828552   0.02673453     19472.44
      7179.2     1.008753      2.82528   0.05367324     19473.54
      7179.4     1.008539     2.856116   0.03154886     19475.31
      7179.6     1.008102     2.875485   0.03120721     19476.36
      7179.8     1.007948     2.853791  -0.01215629     19478.95
        7180     1.008123     2.850246  -0.09531884     19480.59
      7180.2     1.008318     2.846391  -0.09875714     19479.94
      7180.4     1.008247      2.79923  -0.03702994     19479.68
      7180.6     1.008386     2.774785   0.06986433     19481.03
      7180.8     1.008761     2.820622    0.1614183     19482.15
        7181     1.009185     2.902282    0.1735608     19483.11
      7181.2     1.009328     2.928364   0.07023124     19483.79
      7181.4      1.00908     2.913634  -0.04308733     19482.48
      7181.6     1.008647     2.876807  -0.04926683     19482.01
      7181.8     1.008534     2.867812 9.186581e-06     19481.74
        7182     1.008611     2.888951   0.06843167     19483.09
      7182.2     1.009034     2.913641   0.07750935     19485.06
      7182.4     1.009366     2.931552   0.02135685     19485.54
      7182.6     1.009809      2.92982  -0.02626703     19486.25
      7182.8     1.010479     2.906036  -0.05427224     19488.14
        7183     1.010669     2.892628    -0.080571     19488.58
      7183.2     1.010859     2.888134  -0.06788301      19488.4
      7183.4     1.010896     2.865363  -0.05063437     19488.29
      7183.6     1.010613      2.85173   -0.0751467     19487.67
      7183.8     1.010529      2.85212  -0.06001115     19488.71
        7184     1.010874     2.828017   0.01335937     19492.76
      7184.2     1.011189     2.817354   0.06615167     19495.99
      7184.4     1.011106     2.862417    0.1083913      19495.8
      7184.6     1.011325     2.905041    0.1035193     19495.76
      7184.8     1.011831      2.91473  0.008085081     19496.58
        7185     1.012195     2.900169  -0.04711357     19496.08
      7185.2     1.012381     2.868885  -0.06449582     19496.56
      7185.4     1.012703     2.867351  -0.04446538     19498.49
      7185.6     1.013062     2.863133   0.01992286     19498.35
      7185.8      1.01322     2.864597   0.05516961     19498.29
        7186     1.013121     2.884824   0.04695288     19499.83
      7186.2     1.013143     2.911486   0.01438787     19501.47
      7186.4     1.013402     2.900696    -0.027829     19503.39
      7186.6     1.013564     2.876107   -0.0545513     19503.74
      7186.8     1.013496     2.862561  -0.02371447     19505.12
        7187      1.01318     2.867845   0.03795943      19507.7
      7187.2     1.012939     2.881724   0.07130868     19509.43
      7187.4      1.01288     2.906475    0.0996954     19509.37
      7187.6      1.01317     2.919607    0.1276149     19508.11
      7187.8     1.013482     2.947602   0.09064837     19507.35
        7188     1.013635     2.983816   0.05841009     19509.55
      7188.2     1.013941     2.978994   0.05666869     19511.58
      7188.4     1.014092     2.966336   0.02612902     19510.74
      7188.6      1.01426     2.992937   0.02345125     19511.46
      7188.8     1.014422     3.004719   0.06008836     19513.61
        7189     1.014054     2.997755   0.02856222     19513.93
      7189.2     1.013519     3.014406  -0.00948916     19513.53
      7189.4     1.012929     3.015786 -0.007468664     19513.63
      7189.6     1.012707     2.997128  -0.02586527     19515.27
      7189.8     1.013008      2.99178  -0.05747141     19516.94
        7190      1.01311     2.993714  -0.06205496     19518.36
      7190.2     1.013142     2.969809  -0.04322391     19520.36
      7190.4     1.012693     2.947484  -0.01785539     19520.02
      7190.6     1.012494     2.957201  0.009921087     19520.86
      7190.8     1.012523      2.97943  0.009960021     19522.87
        7191     1.012446     2.977746 -0.003085846     19522.18
      7191.2      1.01251     2.955452 -0.007864085     19521.96
      7191.4     1.012846     2.954732   0.01219568     19523.32
      7191.6     1.013131     2.973138   0.04565977     19523.47
      7191.8     1.013328     2.987503   0.03739981     19524.25
        7192     1.013516      2.99198   0.02800226     19525.38
      7192.2     1.013708     2.984652   0.02100463      19525.9
      7192.4     1.013674      2.99554    0.0215391     19526.52
      7192.6     1.013484     3.004306   0.02698074     19527.79
      7192.8     1.013637     3.009211  0.001067436     19529.17
        7193      1.01357     3.006236  0.001942632     19529.62
      7193.2     1.013154     2.996394 -0.0005140676     19528.58
      7193.4     1.013082      3.00586  -0.02514083     19529.53
      7193.6     1.013055       3.0088  -0.01699617      19532.6
      7193.8     1.013048     2.986124 -0.003697302      19535.1
        7194     1.013389     2.982797  -0.01547009      19536.4
      7194.2     1.013588     3.002903  -0.01428033     19535.79
      7194.4     1.013713     2.996424 -0.001847825      19534.9
      7194.6     1.013912     2.974699  -0.01102158     19534.94
      7194.8     1.014071     2.981319 0.0006335308     19535.56
        7195     1.014476     2.994085   0.03886523     19536.47
      7195.2      1.01486     2.996931   0.02603321     19539.14
      7195.4     1.014883     3.005792  -0.02751605     19539.56
      7195.6     1.014506     3.002146   -0.0367942     19540.89
      7195.8     1.014419     2.972072  -0.04915814     19543.52
        7196     1.014469     2.967495  -0.05056871     19543.93
      7196.2     1.015027     2.966465   0.01848006     19545.13
      7196.4     1.015696     2.961691   0.05001963     19549.72
      7196.6     1.016047     2.986856   0.04792138     19551.15
      7196.8     1.016383     3.007511   0.03444035     19551.44
        7197     1.016461     3.004802  -0.02660087     19551.96
      7197.2     1.016085     2.989243  -0.06895513     19550.13
      7197.4     1.015981     2.965576  -0.07012131     19549.41
      7197.6     1.016364     2.952347   -0.0403624     19550.64
      7197.8     1.016676     2.948705   0.01550564     19552.32
        7198     1.016745     2.956953   0.03823256     19554.01
      7198.2     1.016877      2.97798   0.02854286     19554.86
      7198.4     1.017242     2.982933  0.003642661     19555.94
      7198.6     1.017609     2.971539  -0.05136425     19557.66
      7198.8     1.017684     2.959867  -0.08406415     19558.26
        7199     1.017475     2.936889  -0.06408473     19557.83
      7199.2     1.017394     2.915682  -0.04265332     19559.02
      7199.4     1.017548     2.920272  -0.03046494     19560.01
      7199.6      1.01758     2.925744   -0.0112061     19558.21
      7199.8     1.017708     2.912517 -0.008137272     19558.39
        7200     1.017888     2.906717  -0.02765605     19559.69
      7200.2     1.018325     2.913762  -0.01820988     19561.59
      7200.4     1.018797      2.90362   -0.0062721     19563.64
      7200.6     1.018712     2.897949  -0.01407888     19565.56
      7200.8     1.018473     2.901699  -0.01686077     19565.73
        7201     1.018611     2.902499  -0.04053443     19565.19
      7201.2     1.018585     2.890131  -0.04621766     19565.69
      7201.4      1.01877     2.865522   -0.0203746     19567.78
      7201.6     1.019029     2.864725  0.004510768     19567.02
      7201.8     1.019231     2.886199   0.03656394     19566.13
        7202     1.019191      2.89374   0.02228188      19567.8
      7202.2     1.019204     2.894773  -0.04391994     19570.91
      7202.4     1.019142      2.88255  -0.07226948     19573.47
      7202.6     1.019137     2.851063  -0.05916198     19574.98
      7202.8     1.019487     2.835924  -0.03945884     19575.41
        7203     1.019657     2.847443  -0.02363438     19573.75
      7203.2     1.019603     2.850983  -0.00814821     19572.39
      7203.4     1.019488     2.832156  -0.01600894     19573.29
      7203.6     1.019325     2.829405  -0.03781517     19574.02
      7203.8     1.019305     2.834636   -0.0222694     19573.97
        7204     1.019662     2.820731  -0.01329303     19575.81
      7204.2     1.019817      2.81434  -0.02742565     19577.67
      7204.4     1.019597     2.818771  -0.01180924     19578.39
      7204.6     1.019524     2.812695   0.02636885     19579.37
      7204.8     1.019632     2.811284   0.01221129     19579.12
        7205     1.020149     2.835435  0.004962674     19580.76
      7205.2     1.020508      2.82854   0.01720652     19581.56
      7205.4     1.020584     2.816666  -0.02832023     19580.87
      7205.6     1.019966     2.825049  -0.03595346     19580.59
      7205.8     1.019303     2.812779  -0.04496573     19581.93
        7206     1.018948     2.799777  -0.07269215     19584.67
      7206.2     1.019106     2.780693  -0.05415063     19585.94
      7206.4     1.019699     2.766895   -0.0297975     19586.19
      7206.6     1.020333     2.769458 -0.001307874     19586.76
      7206.8     1.020308     2.775939   0.02431596     19586.82
        7207     1.019895     2.779647   0.02582437     19588.01
      7207.2     1.019517     2.786348 -0.005889164     19588.86
      7207.4     1.019038     2.790118  -0.02916089     19588.34
      7207.6     1.019047     2.771228  -0.03175597     19589.82
      7207.8     1.019365     2.756318  -0.02003762     19591.07
        7208     1.019513     2.760943   0.02437989     19591.43
      7208.2     1.019752     2.774088   0.05249177     19592.57
      7208.4     1.019889     2.790732   0.07723243     19593.82
      7208.6     1.019774     2.798311   0.07245345     19596.82
      7208.8     1.019695     2.822729   0.02799844     19599.01
        7209      1.01968     2.832051   0.01634191     19597.88
      7209.2     1.019498     2.813131  0.008095788     19596.36
      7209.4     1.019366     2.811385  -0.00219305     19596.53
      7209.6     1.019198     2.829206   0.02677671     19597.31
      7209.8      1.01877     2.830296   0.04118621     19596.72
        7210     1.018641     2.834552   0.01412438     19596.64
      7210.2     1.018974     2.844334  -0.00319316     19597.41
      7210.4     1.019055     2.840505 -0.003766293     19598.39
      7210.6      1.01906     2.827742 -0.009482081     19600.31
      7210.8     1.019081     2.831539   0.01243721     19602.23
        7211     1.018485     2.836748    0.0415543     19602.76
      7211.2     1.017775     2.850455   0.02877522     19603.15
      7211.4     1.017637     2.860985   0.01596232     19603.69
      7211.6     1.017546     2.854559  -0.01894826     19605.04
      7211.8     1.017463     2.849518  -0.02161809     19606.25
        7212      1.01747     2.835297   0.01301011     19606.48
      7212.2     1.017377     2.843691   0.02657009     19608.51
      7212.4     1.017293     2.864967    0.0402022     19609.44
      7212.6     1.016987     2.870774   0.06033739     19609.37
      7212.8     1.016954     2.867458   0.06603937     19609.05
        7213     1.016701      2.89196   0.06220024     19608.97
      7213.2     1.016424     2.917799   0.08604845     19610.23
      7213.4     1.016073     2.920534   0.08004954     19610.49
      7213.6     1.015768     2.936297   0.05934563     19610.33
      7213.8     1.015696        2.956   0.03352402     19609.42
        7214      1.01559     2.965275   0.02223657     19610.01
      7214.2     1.015396     2.947354   0.02119469     19613.31
      7214.4     1.015087     2.954086   0.03427021     19615.74
      7214.6     1.014578     2.972956   0.09118944     19614.72
      7214.8      1.01396     2.992691     0.102555     19614.31
        7215      1.01347     3.020305   0.06136167     19616.58
      7215.2     1.013131      3.03613   0.01729112     19618.58
      7215.4     1.012799     3.022045   -0.0285278     19618.76
      7215.6     1.012539     3.006524  -0.05000529      19618.3
      7215.8     1.012185     2.997483   -0.0166849     19618.45
        7216     1.011818     2.996126  -0.01079851     19618.59
      7216.2     1.011673     3.008697 -0.0005557591     19617.82
      7216.4     1.011502     2.997885  0.009630132     19618.26
      7216.6     1.011645     2.997038   0.02008359     19620.21
      7216.8     1.011627      3.00383   0.06527897     19620.01
        7217     1.011126     3.024764    0.1012385     19619.15
      7217.2     1.010678     3.050109    0.1140317     19619.66
      7217.4     1.010317     3.078029   0.08152913     19620.59
      7217.6      1.01007     3.095056   0.04572057     19620.38
      7217.8     1.009805     3.089987   0.03764665     19621.92
        7218      1.00966     3.086685   0.06494111     19624.39
      7218.2     1.009389     3.108146   0.05872316     19625.46
      7218.4     1.009168     3.147008   0.04173983     19626.31
      7218.6     1.008782     3.136966     0.010612     19626.38
      7218.8     1.008612     3.120077  -0.03070097     19628.12
        7219     1.008672     3.116636  -0.01589438     19630.08
      7219.2     1.008641     3.122448  0.004720509     19631.29
      7219.4     1.008486      3.12425    0.0139832     19632.99
      7219.6     1.008242     3.123853 -0.001988422     19633.31
      7219.8     1.007733     3.127822 -0.001791117     19633.11
        7220     1.007035     3.120857   -0.0151099     19632.58
      7220.2     1.006673     3.122818  -0.03520471     19631.54
      7220.4     1.006559     3.111765 -0.009808844     19632.19
      7220.6     1.006898     3.099659  0.002720832      19632.2
      7220.8     1.007398      3.11301 -0.002100347     19632.36
        7221     1.007261     3.124994   0.01454665     19633.92
      7221.2     1.006972     3.110085  0.002156327     19635.81
      7221.4     1.006843     3.111296  -0.03465846      19636.7
      7221.6     1.006625     3.114735  -0.03914783     19638.71
      7221.8      1.00604     3.097267    0.0080992     19641.79
        7222     1.006055     3.078767   0.04226444     19643.26
      7222.2     1.005866     3.117775   0.07184962     19643.46
      7222.4     1.005927     3.148546    0.1040392     19643.48
      7222.6     1.006057     3.154747   0.04504266     19642.49
      7222.8     1.005969     3.161998  -0.02347986     19642.23
        7223     1.005867      3.15381  -0.04402528     19642.43
      7223.2     1.005702     3.129763  -0.06434246     19642.88
      7223.4     1.005577     3.119527  -0.07855238     19644.48
      7223.6     1.005164     3.110524  -0.06877464     19645.89
      7223.8     1.004482     3.090968  -0.06210546     19646.04
        7224     1.004232     3.074743  -0.04334174     19645.68
      7224.2     1.004159     3.069843  -0.03838738      19646.8
      7224.4      1.00417     3.075851  -0.01723909     19648.98
      7224.6     1.004204     3.060258   0.00676961     19649.62
      7224.8     1.003849     3.060952 -0.007516339     19649.21
        7225     1.003601     3.075258  0.006389057     19649.82
      7225.2     1.003149     3.069838  -0.01016739     19652.45
      7225.4     1.002584     3.065369  -0.04216413      19653.6
      7225.6     1.002363     3.052818  -0.04692523     19652.47
      7225.8     1.002272     3.041527  -0.06127757     19651.77
        7226     1.002172     3.032298  -0.02361257     19650.65
      7226.2     1.002187     3.016347   0.01261846      19651.8
      7226.4     1.002047     3.033928 -0.003953221     19651.93
      7226.6     1.001771     3.051622 -0.006950536     19650.68
      7226.8     1.001479     3.029135  -0.01943628     19653.75
        7227     1.001133     3.010786  -0.03511579     19656.42
      7227.2     1.000445     3.018379  -0.01721789     19655.68
      7227.4    0.9998763     3.023529  0.002875404     19655.81
      7227.6    0.9998625     3.015361  -0.01506285     19656.42
      7227.8    0.9999253     3.013087  -0.04609043     19657.38
        7228    0.9997204     3.006328  -0.03848874      19657.5
      7228.2    0.9990193     2.986657  -0.03292639     19658.06
      7228.4    0.9981494      2.98457  -0.01309388     19661.36
      7228.6    0.9977014     2.986746 -0.002429511     19661.25
      7228.8    0.9976012     2.995853  -0.01511604     19662.15
        7229    0.9975201     2.984713  -0.02370945     19663.85
      7229.2     0.997644     2.972477  -0.09346681     19664.24
      7229.4    0.9974271     2.967778   -0.1265568     19663.33
      7229.6    0.9974948      2.92108   -0.1196975     19663.17
      7229.8    0.9974085     2.883468   -0.1075702     19665.35
        7230    0.9970589     2.876719  -0.05404183     19665.18
      7230.2    0.9964147     2.881722  -0.03165458      19663.4
      7230.4    0.9960528     2.877846   -0.0496849     19664.66
      7230.6    0.9957064     2.858144  -0.05812993     19665.17
      7230.8    0.9951928     2.836971  -0.04899081     19665.79
        7231    0.9948867     2.835218  -0.02554437     19668.51
      7231.2    0.9948552     2.838654 0.0006527905     19669.19
      7231.4    0.9947464     2.837709  0.008072645     19669.38
      7231.6    0.9945377     2.837493   0.02417236     19671.03
      7231.8    0.9942799     2.841676   0.03695005     19672.12
        7232    0.9937248     2.857992   0.04742788     19674.58
      7232.2    0.9933564     2.867269   0.03193962     19676.63
      7232.4    0.9931873     2.875436  -0.01782793     19674.83
      7232.6    0.9931491     2.867228   -0.0418371     19672.82
      7232.8     0.993035     2.843729  -0.04494442     19672.45
        7233    0.9931382     2.833799  -0.04433218     19672.55
      7233.2     0.993349      2.83948  -0.02544927     19674.07
      7233.4    0.9931258     2.831762  -0.03255991     19675.15
      7233.6    0.9922884      2.82337  -0.06131136     19675.25
      7233.8    0.9918512     2.807751  -0.03830941     19675.98
        7234    0.9916521     2.790431  -0.03794109     19677.04
      7234.2    0.9912857     2.801115  -0.05182382     19677.86
      7234.4    0.9908266     2.793017  -0.02568176     19678.19
      7234.6    0.9905173     2.766292  -0.02351507     19678.67
      7234.8    0.9905755     2.769886  -0.02731105     19678.18
        7235    0.9906971     2.782303  -0.02981824     19676.43
      7235.2    0.9908271     2.771168  -0.05419375     19676.63
      7235.4    0.9910751     2.742437  -0.05575933     19679.42
      7235.6    0.9910798     2.726531   -0.0390276     19681.41
      7235.8    0.9909086     2.737695  -0.02585053     19682.13
        7236    0.9908056     2.739946  -0.01106798     19683.76
      7236.2      0.99084     2.721757   -0.0168403     19684.51
      7236.4    0.9909561     2.717676  -0.02691355     19685.27
      7236.6    0.9912015     2.724223  0.002178605     19686.57
      7236.8    0.9912074     2.718415   0.01567495     19687.39
        7237    0.9909411       2.7235 -0.002678424     19688.34
      7237.2    0.9903193     2.730216   0.01217022     19687.45
      7237.4    0.9900182      2.72208   0.03617349     19686.93
      7237.6    0.9903268     2.728151   0.03749872     19689.41
      7237.8    0.9905152     2.752439   0.03599957     19690.18
        7238    0.9904371     2.760215   0.02367057     19690.77
      7238.2    0.9903053      2.75088 -0.006574618      19692.2
      7238.4    0.9901633     2.747088 -0.009133517     19690.97
      7238.6    0.9900963     2.747179  0.009716912     19691.08
      7238.8    0.9904661     2.752908   0.01387273     19693.15
        7239    0.9909674     2.758653   0.01422147     19692.76
      7239.2    0.9911506     2.758186  -0.01197538     19693.32
      7239.4    0.9913003     2.758556  -0.03152618     19696.11
      7239.6    0.9913566     2.743328  -0.03894161     19698.04
      7239.8    0.9914822     2.733432  -0.06352777     19698.73
        7240    0.9911173     2.727033  -0.05749596     19699.23
      7240.2    0.9910293     2.707734  -0.05580664     19698.35
      7240.4    0.9915052     2.697331  -0.04865364     19696.25
      7240.6    0.9917072     2.688787  -0.01536958     19696.21
      7240.8     0.991706      2.68811  -0.01051071     19698.15
        7241    0.9916463     2.695438  -0.01533156     19696.67
      7241.2    0.9917016     2.688923  -0.01611816     19697.16
      7241.4    0.9916503     2.676522  0.005836246      19698.7
      7241.6    0.9916482     2.675215   0.03667783     19700.71
      7241.8    0.9921034     2.700107   0.05639798     19702.86
        7242    0.9926344     2.718265   0.07467825     19704.69
      7242.2    0.9929688      2.72164   0.04692959     19705.91
      7242.4    0.9933254     2.734958   0.02494254     19705.43
      7242.6    0.9935978     2.737651    0.0408233     19704.54
      7242.8     0.993689     2.738219   0.03894854     19703.99
        7243    0.9937366     2.754299   0.04475305     19704.69
      7243.2    0.9937532     2.766117    0.0713495     19706.72
      7243.4    0.9936281     2.773453   0.07355725     19709.02
      7243.6    0.9937344     2.795299   0.05251666     19710.34
      7243.8    0.9941635     2.813145   0.03710423     19710.72
        7244     0.994133      2.80813  0.001083861      19710.7
      7244.2    0.9943174     2.803137  -0.03778178     19710.43
      7244.4     0.994942     2.796166  -0.05434657      19710.1
      7244.6     0.995263     2.782919  -0.05088945     19710.79
      7244.8    0.9954383     2.764653   -0.0301828     19712.34
        7245    0.9956832     2.762425  0.002750551     19712.56
      7245.2    0.9958413     2.772019   0.02394094      19713.2
      7245.4    0.9959591      2.78512  0.003518173     19715.37
      7245.6    0.9960745     2.783805  -0.03751927     19716.29
      7245.8    0.9961925      2.76524   -0.0764589     19716.85
        7246    0.9963553     2.742004  -0.07226789     19719.41
      7246.2    0.9967058     2.723952  -0.04027872     19720.72
      7246.4    0.9973365     2.725991  -0.01379072      19719.5
      7246.6     0.997616     2.733017 -0.002202036     19718.38
      7246.8    0.9973324     2.730971   0.01905262     19718.33
        7247    0.9970907     2.722191   0.03561413      19719.7
      7247.2    0.9968263     2.741233   0.05387631     19720.59
      7247.4     0.996692     2.761508   0.08186917     19722.59
      7247.6    0.9971588     2.774072   0.06858759     19722.72
      7247.8    0.9980958     2.787686    0.0594738      19723.7
        7248    0.9986233     2.796103    0.0497617      19725.7
      7248.2    0.9988862     2.809087   0.05511867     19727.64
      7248.4    0.9989786     2.813882   0.06985262     19727.68
      7248.6    0.9991043     2.831781   0.02383927      19726.6
      7248.8    0.9993297     2.851985  -0.02723452     19725.64
        7249    0.9993044     2.828158  -0.06394778      19726.1
      7249.2    0.9990242     2.792094  -0.08358623     19727.82
      7249.4     0.999062     2.780623   -0.0430745     19727.12
      7249.6    0.9995898     2.785116 -0.004695416     19726.74
      7249.8      1.00002     2.793699   0.02298277     19729.95
        7250     1.000221     2.788338   0.04835796     19731.86
        7252      1.00275     2.752942 -0.004161476      19738.3
        7254     1.004572     2.761077 -0.001650881     19743.63
        7256     1.007469     2.739623 -0.002177956     19748.56
        7258     1.009838     2.749946 -0.006096926     19760.01
        7260     1.011999     2.735519  0.002602392     19765.96
        7262     1.014217     2.712302  0.001832435     19771.42
        7264     1.015661     2.760442   0.00747549     19781.06
        7266     1.017615     2.764605   0.01106985     19788.05
        7268     1.018715     2.795323  0.006331734     19796.57
        7270      1.01893      2.80086  0.009874893     19803.99
        7272     1.018393     2.811096  0.003297206     19807.65
        7274      1.01773     2.843605  0.006640193     19813.97
        7276     1.017877       2.8217  0.008892673     19821.51
        7278     1.017388     2.853982  0.008221918     19829.39
        7280     1.016961     2.882237   0.01012913     19835.48
        7282     1.015322      2.90938  0.004625939     19841.01
        7284     1.013332     2.902733  0.003525234     19848.19
        7286     1.011762     2.890989 -0.001083607     19852.53
        7288     1.010473     2.910439 -0.001836964     19860.34
        7290     1.009041     2.900711 -0.005159463     19870.35
        7292     1.007124     2.888038   -0.0154497     19874.83
        7294     1.005934     2.849714  -0.01705253      19880.7
        7296     1.005365     2.786841  -0.02008999     19889.95
        7298     1.004089     2.764291  -0.02010107     19893.87
        7300     1.004133     2.727318  -0.01309017     19901.72
        7302     1.004287     2.688905  -0.01116298     19909.55
        7304     1.003732      2.68212 -0.009609735      19912.9
        7306     1.003059     2.674987 -0.004816024     19918.15
        7308     1.002694      2.65044 -0.005067599     19924.74
        7310     1.002256     2.650377 -0.003153051     19929.97
        7312     1.002093     2.641579  0.002190213     19936.42
        7314     1.002317     2.649763 -0.001733496     19947.33
        7316     1.002119     2.667962 -0.003176653     19952.32
        7318     1.002421     2.636509 -9.642359e-05     19962.72
        7320     1.002697     2.616166 -0.003441274     19969.56
        7322     1.002951     2.648991 -0.001557066     19976.09
        7324     1.002083     2.640431  0.002331954     19981.85
        7326     1.002012     2.624052 -0.0005670209     19989.67
        7328     1.001885     2.634822 -0.001834628     19992.06
        7330     1.001505     2.644455 -0.002389371     19998.04
        7332     1.001211     2.625754 -0.008322093     20006.06
        7334     1.000871     2.604937 -0.005635974      20010.1
        7336     1.000661     2.568245 -0.001886597     20016.13
        7338     1.000455     2.599367  -0.00160312     20025.42
        7340     1.000329     2.610662  0.006425005      20029.8
        7342    0.9997887     2.592113  0.004323608     20036.24
        7344     1.000416     2.619645  0.006828713      20040.4
        7346     1.000503     2.633956  0.008393563     20047.81
        7348     1.000819     2.665291  0.005165037     20053.89
        7350     1.000743     2.659261  0.008824967     20060.48
        7352     1.000449     2.660965  0.002919621      20065.8
        7354     1.000257     2.704556  0.002621814     20072.43
        7356     1.000217     2.688648   0.00426367     20074.28
        7358     1.000283     2.680236 6.008579e-06     20083.75
        7360     0.999774     2.695075   0.00311561     20090.12
        7362     1.000754     2.704604  0.003868128     20094.99
        7364      1.00056     2.713573 -0.0002355875     20101.47
        7366     1.000756     2.711181 -0.002103597     20107.88
        7368     1.000428      2.69319 -0.004232254      20112.6
        7370      1.00001     2.687775 -0.006593679     20118.58
        7372    0.9998512     2.679715 -0.006702679     20122.95
        7374     1.000256     2.658431 -0.009479849     20128.94
        7376     1.000212     2.639569  -0.01322355     20133.64
        7378    0.9997785     2.611936  -0.01442663     20145.25
        7380    0.9996414     2.573927  -0.01390039     20150.51
        7382    0.9997513     2.543018  -0.01254591     20156.58
        7384    0.9994496     2.528365  -0.01019578     20162.83
        7386    0.9987839     2.511569 -0.005544703      20166.6
        7388    0.9988552     2.492361 -0.004198761     20171.73
        7390    0.9991115      2.49866 -0.000318125     20177.83
        7392    0.9992621     2.494775  0.002637572     20184.58
        7394    0.9987359     2.509024 9.787919e-05     20191.07
        7396    0.9986341     2.513461  0.001380517     20197.46
        7398    0.9984097     2.499443 -0.001388763     20201.07
        7400    0.9982995     2.505819 -0.001837203     20209.42
        7402    0.9982072     2.497914 0.0003289552     20211.71
        7404    0.9978337     2.498764 -0.002012449     20218.21
        7406     0.997703     2.502075 0.0004290131     20225.11
        7408    0.9970687      2.48972 -0.0009712427     20229.69
        7410    0.9974458     2.501346  -0.00130416     20236.88
        7412    0.9971466     2.490994  0.002709429     20241.65
        7414    0.9970511     2.491642 -0.0001049297     20252.56
        7416    0.9972518     2.511395 -0.001664821     20258.75
        7418    0.9966879     2.500507 -0.003912933      20259.8
        7420    0.9963218     2.477675 -0.006927621     20265.99
        7422    0.9963756     2.460338 -0.007123796     20272.19
        7424    0.9959832     2.455974  -0.00503476     20274.29
        7426    0.9961315     2.443516 -0.002914363     20277.59
        7428    0.9963188     2.437397 -0.001406345     20285.48
        7430    0.9953604     2.437023 -0.0006841382     20294.03
        7432     0.995204     2.444724 -0.0006115636     20297.75
        7434    0.9951206     2.438043 -0.0006654632     20306.53
        7436    0.9951818     2.432504 -0.0005246365      20310.7
        7438     0.994852       2.4317  0.002814715     20319.51
        7440    0.9946644     2.440526  0.004560989     20324.49
        7442    0.9952314     2.460561  0.005483399     20330.24
        7444    0.9947575     2.468992  0.004757975     20336.12
        7446    0.9942952     2.475567  0.003109044     20337.68
        7448    0.9948841      2.47859 0.0006157457     20346.63
        7450    0.9950946     2.485433 -0.0005837512     20354.52
        7452    0.9954626     2.473918 -0.000401277     20357.73
        7454    0.9950776     2.470897 -0.001628544      20358.6
        7456    0.9950485      2.47538 0.0002186699     20366.24
        7458    0.9950034     2.472405 -0.001260766      20374.3
        7460    0.9948583     2.475668 -0.003186547     20380.76
        7462    0.9955198     2.460811 -0.002911663     20384.57
        7464    0.9957195     2.449888 -0.002876023     20389.68
        7466    0.9955213     2.449112 -0.003049984     20398.88
        7468    0.9953571      2.45266 -0.004797259     20402.92
        7470    0.9954007     2.436411 -0.003591239     20405.43
        7472    0.9954161      2.41151 -0.005894741     20413.53
        7474    0.9956955     2.420382 -0.005928275     20418.41
        7476    0.9956671     2.405502 -0.002854981     20424.43
        7478    0.9955521     2.388985 -0.003965806      20428.9
        7480    0.9955613      2.38867 -0.005309813      20434.3
        7482    0.9955323     2.388655 -0.004550976     20440.17
        7484    0.9951738     2.363023 -0.004187843     20444.05
        7486    0.9954623     2.352577 -0.005729438     20446.36
        7488    0.9959087     2.355167 -0.004611944     20454.57
        7490    0.9954384      2.34282 -0.003014687     20457.15
        7492    0.9952981     2.326128 -0.004092332     20462.28
        7494    0.9950409     2.328459 -0.003270157     20469.39
        7496    0.9952278     2.322428 -0.0002699718     20474.48
        7498    0.9954102     2.316658  -0.00100588      20477.4
        7500    0.9955563     2.323968 -0.0005207712     20487.08
        7502    0.9953598     2.320412 -0.0002587831     20490.14
        7504    0.9950005     2.318262 -0.0002497822     20490.83
        7506    0.9944355     2.314588 0.0003731905     20498.77
        7508     0.995104      2.32197  -0.00111374     20508.28
        7510    0.9946747     2.323398 -0.001319194     20509.52
        7512    0.9944137     2.309352 -0.001275155     20511.53
        7514    0.9947802     2.304035 -0.002629453     20514.39
        7516    0.9944288     2.311768 -0.002284645     20518.28
        7518    0.9943926     2.302362 0.0005219979     20505.25
        7520    0.9944725     2.291075 -0.002534031     20491.76
        7522    0.9943551     2.308211 -0.001437555     20489.23
        7524    0.9952088     2.291496 -0.0008102986     20401.98
        7526    0.9966574     2.290862 -0.002180347     20172.96
        7528    0.9934698     2.284593 -1.831721e-08     20258.31
        7530    0.9948761     2.290768  0.001370862     20226.71
        7532    0.9932519     2.291496  0.001118622     20347.28
        7534    0.9945587     2.301829 -0.001358476     20551.48
        7536    0.9947964     2.293542 -0.001707411     20539.55
        7538    0.9946309       2.2799 -0.003598235     20545.37
        7540    0.9949078     2.277837 -0.002789879     20567.76
        7542    0.9949822     2.273043 -0.001972613     20586.27
        7544    0.9945478     2.271223 -0.002579355     20589.94
        7546    0.9947515     2.264119 -0.001965333     20594.53
        7548    0.9950698     2.257202 -0.001948296     20602.47
        7550    0.9947252      2.25732  -0.00169203     20608.52
        7552    0.9946627     2.255636 -0.0002804281     20613.17
        7554    0.9952516     2.250583 0.0002320195     20615.42
        7556    0.9949116     2.254958  -0.00052355     20621.76
        7558    0.9948168     2.259176 0.0001081518     20630.25
        7560    0.9947946     2.251448 -0.000959481     20634.59
        7562    0.9946737     2.251448 -0.0003100525     20639.33
        7564     0.995489     2.247282 0.0001223793      20646.9
        7566    0.9955016     2.256696 -0.0001415234     20650.21
        7568    0.9953895     2.252427 4.927508e-05     20653.88
        7570    0.9952809     2.250316  -0.00333709     20657.47
        7572    0.9951512     2.247677 -0.003350386     20662.06
        7574    0.9950179     2.229999 -0.003593304     20663.47
        7576    0.9951646     2.225624 -0.003664027     20668.82
        7578    0.9953958      2.22157 -0.002728889     20672.72
        7580    0.9956681     2.218364 -0.003338618     20676.98
        7582    0.9953311     2.208168 -0.003057938     20682.19
        7584    0.9955703     2.198915 -0.003050978     20686.29
        7586    0.9959935     2.197106 -0.001658147     20689.76
        7588    0.9960569     2.193957 -0.002352915     20689.86
        7590    0.9957764     2.194903 -0.002011894      20695.9
        7592    0.9954734     2.180092 -0.001972912     20697.64
        7594    0.9953425     2.181011  -0.00190391     20697.44
        7596    0.9960114     2.178173 -0.0008794627     20704.25
        7598    0.9959755     2.179672 -0.001821263      20709.6
        7600    0.9957495     2.173056 -0.001375433     20708.93
        7602    0.9960877     2.166441 -0.002602413     20714.84
        7604    0.9960055      2.16717 -0.002023272     20719.08
        7606    0.9960942     2.158852 -0.001863778     20726.36
        7608    0.9960039      2.15687 -0.002516443     20728.87
        7610    0.9961207     2.151531 -0.002125693     20729.91
        7612    0.9963008     2.147038 -0.001902638     20736.24
        7614     0.996365     2.141847 -0.0009941771     20738.53
        7616    0.9962365     2.141649 -0.0001804228     20742.99
        7618    0.9963697     2.143577 -0.0003651452     20747.35
        7620    0.9960268     2.145595 -0.0008447889     20749.67
        7622    0.9958555     2.138926 -0.001757302     20752.38
        7624    0.9961833      2.13489 -0.002515061     20757.74
        7626    0.9963292     2.129519 -0.001490813     20762.77
        7628    0.9963746     2.125474 -0.002031491     20768.36
        7630      0.99651     2.126999 -0.001206117      20769.5
        7632    0.9967989     2.118638 -0.001756113     20775.23
        7634    0.9967396      2.11987 -0.003899048     20777.14
        7636    0.9967331     2.111426 -0.003923427     20780.37
        7638    0.9963448     2.095807 -0.003503379     20786.58
        7640    0.9965063     2.087251 -0.002831194     20790.08
        7642    0.9959667     2.091843 -0.001193732     20796.53
        7644     0.996198     2.088776 -0.000678328     20797.28
        7646    0.9965751     2.086257 -0.001050365     20799.94
        7648    0.9972332     2.081824 -0.0009575978     20808.74
        7650    0.9967771      2.08344 -0.001677932     20813.52
        7652     0.996553     2.081115 -0.001391431     20813.95
        7654    0.9968509     2.072833 -0.001975562     20819.47
        7656    0.9970721     2.070693 -0.001560192     20824.84
        7658    0.9972769     2.067635 -0.0008844756     20830.82
        7660    0.9971262     2.068634 -0.0005262112     20832.87
        7662    0.9974221     2.065758 -0.0004349022     20837.74
        7664     0.997303     2.066483 -0.0008244414      20841.2
        7666    0.9969167     2.064156 -0.0006944615     20846.52
        7668    0.9963382     2.062038 -0.0009150505     20850.07
        7670    0.9967089     2.060202 -0.001373487     20852.86
        7672    0.9971773     2.059163 -0.0004370599     20854.91
        7674    0.9971019     2.053168 -0.000747944     20858.95
        7676    0.9967501     2.058542  -0.00118846     20861.56
        7678    0.9972301     2.054218 -0.0005821643     20867.64
        7680    0.9976049     2.049655 -0.001687613     20875.12
        7682    0.9980176     2.048511 -0.001372347     20878.46
        7684    0.9980196     2.045041 -0.001577614     20883.91
        7686    0.9976519      2.04324 -0.002349567     20883.52
        7688    0.9980031     2.037034 -0.001694326     20888.82
        7690    0.9978972     2.029714 -0.002072163     20892.36
        7692    0.9982315     2.031486 -0.002571475     20896.38
        7694    0.9981768     2.026662 -0.001313633     20900.02
        7696    0.9983425     2.016462 -0.001794144     20903.65
        7698    0.9987613     2.019205 -0.002245268     20908.64
        7700    0.9991296     2.017133 -0.001935677      20913.6
        7702    0.9989961       2.0087 -0.001342675     20917.87
        7704    0.9993936     2.000977 -0.001391804     20922.39
        7706    0.9997742     2.008464   -0.0017067     20927.94
        7708    0.9990847     2.005999 0.0001477585     20930.02
        7710    0.9992114     1.995047   -0.0013958     20934.68
        7712    0.9994928     2.002159 -0.001819504     20939.11
        7714    0.9999888     1.997298 -0.001047674     20942.95
        7716     1.000045     1.991443 -0.001265622     20941.93
        7718     1.000017     1.986665 -0.0006347934     20948.78
        7720    0.9998458     1.992034 -0.0006070337     20951.94
        7722     1.000164     1.992219 -0.0003807982     20956.48
        7724     1.000105     1.986586 -0.001210749     20957.16
        7726     1.000478     1.983619 -0.001194419     20958.76
        7728     1.000264     1.982348  -0.00180958     20964.34
        7730     1.000378     1.982664 -0.001592993     20967.35
        7732      1.00031      1.97211 -0.001701296        20968
        7734     1.000721     1.970875 -0.001168339     20968.95
        7736     1.000863     1.968738  -0.00188417     20973.42
        7738     1.000458     1.973317 -0.001741141     20980.33
        7740     1.000744     1.957036  -0.00110358     20983.41
        7742     1.000979     1.956946 -0.001966762     20982.64
        7744     1.000801     1.959909 -0.0005864251     20985.37
        7746     1.000478     1.957583 -0.0009121494     20992.55
        7748     1.000537     1.952345  0.000104361     20996.66
        7750     1.000888     1.949649 -0.001131555     20998.86
        7752     1.000973     1.960744 -0.001001486     21001.05
        7754     1.000779     1.948531 -0.001009895     21001.06
        7756     1.000828     1.944333 -0.002045679     21005.39
        7758     1.000904     1.941569 -0.001280255     21012.37
        7760     1.001233     1.944378 -0.001394945     21015.57
        7762     1.001196     1.938289 -0.001934582     21017.09
        7764     1.001043     1.933173 -0.002352535     21022.06
        7766     1.000854     1.926093 -0.002538547     21020.93
        7768     1.000712     1.925558 -0.003604206     21022.74
        7770     1.001116      1.91798  -0.00166349     21021.83
        7772     1.001566      1.90434 -0.002395471      21027.3
        7774     1.001438     1.912785 -0.002074705      21029.5
        7776     1.001301     1.906394 -0.0009789477     21025.88
        7778     1.001249     1.901383 -0.002196252     21023.44
        7780     1.001481     1.896508 -0.0007944333     21014.37
        7782     1.001495     1.895215 3.828508e-05     20982.16
        7784     1.002831     1.900039 -0.0006644449     20744.91
        7786      1.00445     1.901689 -0.001944062     20142.04
        7788    0.9991579     1.891193 -0.002272768     20053.73
        7790     0.999028     1.879662 -0.002581023     20223.17
        7792     1.001931     1.881857 -0.001176224     21036.78
        7794     1.002236     1.881041 -0.0002086924     21071.85
        7796     1.002377     1.881783 -0.0001978747     21081.98
        7798     1.002334     1.877993 -0.0009215417     21088.61
        7800     1.002042     1.880274 -0.001069355     21093.48
        7802     1.002556     1.873668 -0.001209523     21097.29
        7804     1.002667     1.873228 -0.001546203     21100.25
        7806     1.002771     1.868317 -0.0009408344     21102.79
        7808     1.003056     1.867904 -0.001362641     21107.37
        7810     1.003554     1.866142 -0.001158261     21110.39
        7812     1.003591     1.862327 -0.0009956408     21113.26
        7814     1.003484     1.859051 -0.001794805     21116.61
        7816     1.003412     1.859939 -0.001758276     21116.54
        7818     1.003199     1.851783 -0.001701852      21117.6
        7820     1.003513     1.848261 -0.002501296     21120.32
        7822     1.003738     1.845436 -0.001389855     21124.78
        7824     1.003771     1.839929 -0.001156684     21127.57
        7826     1.003836     1.840664 -0.001545401        21131
        7828     1.004036     1.839007 -0.001183917     21132.62
        7830     1.004033     1.833072 -0.001615023     21134.48
        7832     1.004165     1.830457 -0.001705314     21136.36
        7834     1.003906     1.827744 -0.001438604     21140.47
        7836     1.003778     1.825365  -0.00130939     21142.71
        7838     1.003603     1.821564 -0.0007423533     21148.77
        7840     1.003986     1.819982 -0.001471228     21149.63
        7842     1.004061     1.821805 -0.001632977     21154.54
        7844     1.003874     1.813595 -0.001498175     21156.47
        7846     1.003804       1.8085  -0.00211575     21157.95
        7848      1.00373     1.807997 -0.001393113     21157.53
        7850     1.003484     1.804879 -0.0009766713     21163.76
        7852     1.003301      1.80245 -0.0009321928      21166.4
        7854     1.003289     1.800686 -0.001563341     21168.13
        7856     1.003271     1.800539 -0.001560625     21171.73
        7858     1.003462     1.792373 -0.002214431     21175.04
        7860     1.003217     1.789965 -0.001986706     21178.66
        7862     1.003069     1.782971 -0.0009436579     21182.26
        7864     1.002881     1.784646 -0.0007853217     21182.68
        7866     1.003345     1.784823 -0.0006899701     21185.37
        7868     1.003436     1.783682 -0.001822989     21190.03
        7870     1.003192     1.777451  -0.00170342     21188.86
        7872      1.00291     1.770062  -0.00227981     21193.59
        7874     1.002854     1.771196 -0.001915935     21196.78
        7876     1.002534     1.765444 -0.001553609     21199.01
        7878     1.002699     1.762124 -0.001247972     21203.92
        7880     1.003026     1.757633 -0.000798617     21206.86
        7882     1.002699     1.761212 -0.001187196     21211.35
        7884     1.002805     1.759055  -0.00112459     21212.53
        7886     1.003111     1.752626 -0.002030612     21216.66
        7888     1.003155     1.748636 -0.002102279     21220.09
        7890     1.002968     1.744967 -0.002007481     21221.49
        7892     1.003253     1.742237 -0.002029989      21227.6
        7894     1.003275     1.736566 -0.001627012     21224.37
        7896     1.003392     1.732396 -0.0009804869     21230.17
        7898     1.003419     1.731951 -0.001265893      21233.5
        7900     1.003654     1.734393 -0.000842695     21237.71
        7902     1.004278     1.726439 -0.001114256     21239.92
        7904      1.00409     1.725655  -0.00163982     21242.39
        7906     1.004349     1.723037 -0.001449408     21244.38
        7908     1.004315     1.721274 -0.001450317     21248.06
        7910     1.004296     1.714844 -0.001166195     21252.73
        7912     1.004626     1.714052 -0.001247189     21255.28
        7914     1.005005     1.713708 -0.001549001     21199.86
        7916      1.00558     1.711297 -0.002055183     20930.52
        7918     1.005626     1.702452 -0.001872406      20641.8
        7920     1.004628     1.697611 -0.001740036     20956.24
        7922     1.004991     1.698728 -0.0009469493     21185.05
        7924     1.005283     1.697377 -0.0009902067     21233.12
        7926     1.004857     1.694876 -0.001518608     21245.96
        7928     1.004378     1.689689 -0.001479458      21247.8
        7930     1.005083     1.686579 -0.001667997     21254.78
        7932     1.004918     1.685541 -0.001753945     21260.55
        7934     1.004803     1.681532 -0.001104773     21265.98
        7936     1.005257     1.675657 -0.0009984737      21273.9
        7938     1.005032     1.677741 -0.0008495314     21271.41
        7940     1.005482     1.677553 -0.0005042979      21276.8
        7942     1.005721     1.674736 -0.001189332     21279.32
        7944     1.005589     1.671623 -0.001395363     21282.74
        7946     1.005585     1.668227 -0.001696033     21285.26
        7948     1.005301      1.66639 -0.001440593     21285.93
        7950     1.004947     1.661168   -0.0010645     21285.94
        7952     1.004887     1.660098 -0.001357559     21290.78
        7954     1.005216     1.659711 -0.001138751     21292.07
        7956     1.005395      1.65553  -0.00109485     21294.72
        7958     1.005607     1.652058 -0.001353174     21298.99
        7960     1.005612      1.65134 -0.001677322     21299.25
        7962     1.005591     1.648885 -0.001431751     21303.34
        7964     1.005691     1.642111 -0.001651208     21307.03
        7966     1.005584     1.640604 -0.001681532     21306.09
        7968      1.00504      1.63813 -0.001496518     21310.81
        7970     1.005019     1.635433 -0.0009476596     21313.36
        7972     1.005136     1.630139 -0.0008124033     21317.82
        7974     1.005346     1.633023 -0.001319689     21323.04
        7976     1.005261     1.631631 -0.001268807     21319.43
        7978     1.005076     1.624875 -0.001487594     21322.68
        7980     1.005106     1.619989 -0.001371921     21329.55
        7982     1.004925     1.621122 -0.001036579     21331.77
        7984     1.004724     1.620655 -0.001483616     21333.41
        7986     1.004834     1.616583 -0.001966977        21335
        7988     1.004975      1.60812 -0.001989074     21338.25
        7990     1.005061     1.605386 -0.001407253     21338.87
        7992     1.004531     1.604743 -0.0006135185     21334.96
        7994     1.004773     1.605325 -0.000801827     21343.44
        7996     1.005085     1.603211 -0.000582274     21344.64
        7998     1.005041     1.598971 -0.001299591     21348.73
        8000     1.004376     1.600084  -0.00172126     21350.99
        8002     1.004161     1.594928 -0.001262189     21352.46
        8004      1.00435     1.589441 -0.001653622     21356.26
        8006     1.004534     1.588874 -0.001694933     21359.86
        8008      1.00434     1.586856 -0.001195054     21360.15
        8010     1.004494     1.581369 -0.001415587     21359.08
        8012     1.004634     1.579881 -0.001790868     21362.51
        8014     1.004333     1.577549 -0.001668944     21367.49
        8016     1.004584     1.572529 -0.001537665     21371.56
        8018     1.004475     1.568017 -0.001412063     21371.58
        8020     1.004575      1.56758 -0.001225389     21371.39
        8022     1.004187     1.566253 -0.0007610004     21374.99
        8024     1.004473     1.562725 -0.001098787     21376.09
        8026     1.004796     1.561929   -0.0015303      21378.8
        8028     1.004746     1.558789 -0.001642395     21381.57
        8030     1.004682      1.55401 -0.001530172     21381.34
        8032     1.004646     1.549586 -0.001457571     21383.97
        8034     1.004388     1.549688 -0.001311473     21385.62
        8036      1.00467     1.547129 -0.001074987     21387.83
        8038     1.004446     1.543518  -0.00131171     21387.12
        8040     1.004245     1.540986 -0.001164064     21393.26
        8042     1.004187     1.539194 -0.001300979      21395.7
        8044     1.004081     1.537816 -0.0009608373     21395.47
        8046     1.004225     1.533111  -0.00127957      21398.4
        8048     1.004288       1.5333 -0.001376784     21400.63
        8050     1.004012     1.528957 -0.001381699     21400.83
        8052      1.00422     1.526802 -0.001907655     21405.63
        8054     1.004086     1.522057 -0.001862302     21405.39
        8056     1.003781     1.518038 -0.001360472      21408.2
        8058     1.004011     1.514059 -0.0008690182     21411.17
        8060     1.003949     1.515918 -0.001166979     21411.22
        8062     1.003505     1.515105 -0.001118412     21411.19
        8064     1.003622     1.508703 -0.001330835     21416.32
        8066     1.003837     1.505112 -0.001583021     21418.06
        8068     1.004099     1.505272 -0.001175106     21419.06
        8070     1.003843     1.502441 -0.0009864228     21419.81
        8072     1.003424     1.499302 -0.001478989     21419.01
        8074     1.003621      1.49722 -0.001202042     21422.15
        8076     1.003825      1.49344 -0.001388586     21428.83
        8078     1.003717     1.492824 -0.001574026     21428.93
        8080     1.003248     1.488193 -0.001184661     21425.76
        8082     1.003071     1.484628 -0.001338714     21430.39
        8084     1.003096     1.483962  -0.00112723     21428.71
        8086     1.003027     1.482115 -0.001001437     21430.58
        8088     1.002896     1.479175 -0.001528807      21431.2
        8090     1.002378     1.476617 -0.001652711     21433.11
        8092     1.002554     1.471732 -0.001396133     21440.07
        8094     1.002349     1.468893  -0.00128641     21441.32
        8096     1.002247     1.468006 -0.0008604983     21441.07
        8098     1.002439     1.466325 -0.001112114     21443.92
        8100     1.002382     1.464848 -0.001147501     21445.94
        8102     1.002397     1.459996 -0.001277464     21447.78
        8104     1.002191     1.458826 -0.001503327     21448.07
        8106       1.0016     1.456106 -0.0009177621     21446.55
        8108     1.001854     1.452821 -0.001237793     21451.58
        8110      1.00139     1.452654 -0.001767374     21454.24
        8112     1.000882     1.448924 -0.001329534     21454.07
        8114     1.001101     1.441967 -0.001316582      21456.9
        8116     1.001145     1.442185 -0.001413788      21461.6
        8118     1.000722     1.442121 -0.0009315459     21459.89
        8120     1.000622     1.437614 -0.001263223     21461.85
        8122     1.000678     1.434514 -0.001430481     21460.51
        8124     1.000186     1.432079 -0.000899509     21459.33
        8126     1.000406     1.430678 -0.0007116682     21464.96
        8128     1.000211     1.430417 -0.001408749     21468.12
        8130    0.9997933     1.428821 -0.001632166     21469.06
        8132    0.9995352     1.420809 -0.001449584     21464.85
        8134     0.999153      1.41762 -0.001427047     21465.65
        8136    0.9990329     1.418821 -0.0007027345     21468.47
        8138    0.9989354     1.417405 -0.0009563202     21471.55
        8140    0.9990557     1.415187 -0.001695348     21476.31
        8142    0.9989199      1.40997 -0.001482653     21474.39
        8144    0.9990106     1.405258 -0.001311472     21475.36
        8146    0.9982649     1.405543 -0.001167136     21473.62
        8148    0.9979254     1.404696 -0.0009199917      21474.5
        8150     0.998022     1.400633  -0.00129275     21477.21
        8152    0.9973256     1.397898 -0.001153081     21477.67
        8154    0.9976642     1.395201 -0.001041123     21479.17
        8156    0.9973661     1.395471 -0.001206581     21480.82
        8158    0.9974743     1.392304 -0.001044385     21480.36
        8160    0.9974297     1.388245 -0.001517289     21482.62
        8162    0.9973224     1.386846 -0.001284757     21482.66
        8164    0.9970446     1.383333 -0.0009279878     21482.33
        8166    0.9966074     1.382025 -0.001440835     21483.48
        8168    0.9964792     1.380822 -0.001457936     21486.31
        8170    0.9961435      1.37532 -0.001424739     21484.75
        8172    0.9963812     1.371669 -0.001555472     21486.07
        8174     0.996259     1.370628 -0.0008460113     21489.41
        8176    0.9961826     1.368378 -0.0008399103      21490.3
        8178    0.9959091     1.368552 -0.001083272     21491.28
        8180    0.9958483      1.36495 -0.001265913     21493.54
        8182    0.9956935     1.361961 -0.001310611     21492.72
        8184    0.9953486      1.35825  -0.00117971     21495.06
        8186    0.9951563     1.358067  -0.00135117     21497.65
        8188     0.995481     1.355512 -0.001181548      21498.1
        8190    0.9955124     1.351152 -0.001283273     21501.99
        8192    0.9953728     1.348798 -0.001430742     21503.74
        8194    0.9952896       1.3478 -0.001533323     21501.95
        8196    0.9950221     1.344066 -0.001340773     21504.62
        8198    0.9947633     1.338885 -0.001099288     21505.83
        8200    0.9949084     1.338072 -0.001037377     21506.63
        8202    0.9943985     1.339006  -0.00112999        21506
        8204    0.9943938     1.335767 -0.0009065224     21504.64
        8206    0.9943799     1.329846 -0.001385946     21506.67
        8208    0.9941384      1.33082  -0.00144347     21507.74
        8210    0.9938376     1.327919 -0.001055332     21504.52
        8212    0.9937787     1.324219 -0.001532132     21506.67
        8214    0.9935039     1.321403 -0.001645437     21507.67
        8216     0.993395     1.318563  -0.00130595     21508.44
        8218    0.9933597     1.314755 -0.001066452        21512
        8220    0.9931209     1.313772 -0.001063143     21511.28
        8222     0.992797     1.312871 -0.001077973     21510.12
        8224    0.9924437     1.310058 -0.001195318     21512.02
        8226    0.9925833     1.306131 -0.001369962     21515.68
        8228    0.9920129     1.304209 -0.001554868     21513.51
        8230    0.9917502     1.301912 -0.001469647     21513.23
        8232    0.9917479     1.297619 -0.001305908     21513.67
        8234    0.9914049     1.294374 -0.0009217462     21513.87
        8236    0.9912796     1.293762 -0.0009455946      21515.5
        8238    0.9911565     1.294538 -0.000760389     21517.94
        8240    0.9909151     1.290054 -0.000798682     21516.98
        8242    0.9908586     1.288291 -0.001195497     21516.64
        8244    0.9903163     1.287373 -0.0009353767     21516.81
        8246    0.9899888     1.284974 -0.001163036      21518.6
        8248    0.9897968     1.282571 -0.001634876     21517.91
        8250    0.9895851     1.278987 -0.001997206     21519.21
